-12.757 127.191
-12.7182 127.155
-12.3338 126.367
-12.2953 126.332
-12.2571 126.3
-12.2189 126.268
-12.1803 126.231
-12.1385 126.151
-12.1003 126.12
-12.0623 126.09
-12.022 126.029
-11.9835 125.991
-11.9456 125.962
-11.9045 125.889
-11.8678 125.876
-11.7878 125.76
-11.75 125.73
-11.7104 125.677
-11.6723 125.643
-11.6346 125.616
-11.597 125.588
-11.5585 125.549
-11.5193 125.499
-11.4814 125.468
-11.4436 125.437
-11.4056 125.404
-11.3666 125.356
-11.3287 125.323
-11.2913 125.297
-11.2551 125.288
-11.219 125.28
-11.1804 125.238
-11.1424 125.203
-11.1048 125.174
-11.0686 125.164
-11.0312 125.137
-10.9938 125.109
-10.9565 125.084
-10.9188 125.052
-10.88 125.005
-10.844 124.997
-10.8081 124.992
-10.7695 124.946
-10.7334 124.937
-10.6973 124.928
-10.659 124.885
-10.6226 124.873
-10.5844 124.832
-10.5481 124.82
-10.5122 124.812
-10.4755 124.794
-10.4393 124.783
-10.4008 124.737
-10.3647 124.726
-10.3288 124.719
-10.2915 124.691
-10.2553 124.679
-10.2188 124.662
-10.1811 124.627
-10.1452 124.62
-10.1093 124.613
-10.0734 124.605
-10.0357 124.569
-9.99944 124.556
-9.96461 124.565
-9.92942 124.569
-9.89332 124.558
-9.85597 124.527
-9.81886 124.5
-9.78187 124.474
-9.74512 124.452
-9.70951 124.448
-9.67412 124.448
-9.63851 124.445
-9.60245 124.434
-9.56684 124.43
-9.53057 124.416
-9.49442 124.403
-9.45882 124.399
-9.42377 124.405
-9.38774 124.394
-9.35116 124.374
-9.31493 124.359
-9.27945 124.357
-9.24407 124.357
-9.20828 124.35
-9.17248 124.342
-9.13669 124.335
-9.10047 124.321
-9.06448 124.31
-9.0287 124.302
-8.99323 124.3
-8.95787 124.3
-8.92219 124.295
-8.88632 124.286
-8.85044 124.277
-8.81488 124.273
-8.77851 124.255
-8.74275 124.247
-8.7078 124.255
-8.67285 124.262
-8.63719 124.256
-8.60204 124.26
-8.56688 124.264
-8.53132 124.26
-8.49587 124.258
-8.46051 124.258
-8.42467 124.249
-8.38853 124.234
-8.35318 124.234
-8.31783 124.234
-8.28218 124.229
-8.24712 124.234
-8.21186 124.236
-8.17622 124.23
-8.14011 124.216
-8.10476 124.216
-8.07072 124.241
-8.03696 124.272
-8.00132 124.266
-7.96577 124.263
-7.93068 124.268
-7.89541 124.27
-7.86004 124.27
-7.82459 124.268
-7.78968 124.277
-7.75386 124.268
-7.71813 124.261
-7.68268 124.259
-7.64758 124.264
-7.61248 124.27
-7.57711 124.27
-7.54175 124.269
-7.50655 124.273
-7.47179 124.286
-7.43677 124.293
-7.40174 124.3
-7.36654 124.304
-7.33099 124.3
-7.29544 124.296
-7.26057 124.307
-7.22553 124.314
-7.1904 124.32
-7.15585 124.338
-7.1208 124.345
-7.08549 124.347
-7.05035 124.352
-7.01578 124.37
-6.98071 124.378
-6.94491 124.369
-6.90967 124.372
-6.87443 124.376
-6.83936 124.383
-6.80451 124.396
-6.76951 124.405
-6.73449 124.414
-6.69979 124.43
-6.66492 124.443
-6.63052 124.466
-6.59556 124.477
-6.56052 124.486
-6.52532 124.492
-6.49088 124.515
-6.45613 124.532
-6.42122 124.544
-6.38593 124.548
-6.35071 124.553
-6.31556 124.56
-6.28078 124.577
-6.24628 124.6
-6.21163 124.62
-6.17646 124.628
-6.14136 124.637
-6.10682 124.66
-6.072 124.677
-6.03673 124.682
-6.00232 124.71
-5.96733 124.722
-5.93219 124.731
-5.89753 124.753
-5.86287 124.775
-5.82792 124.79
-5.7933 124.813
-5.75894 124.844
-5.72437 124.87
-5.68952 124.888
-5.65439 124.899
-5.61933 124.912
-5.58465 124.936
-5.5499 124.957
-5.5154 124.987
-5.4801 124.994
-5.44539 125.018
-5.41091 125.049
-5.37624 125.074
-5.34142 125.096
-5.30616 125.105
-5.27139 125.129
-5.23705 125.166
-5.20231 125.192
-5.16714 125.204
-5.13227 125.226
-5.09811 125.27
-5.06291 125.283
-5.02753 125.29
-4.99256 125.311
-4.95775 125.336
-4.92329 125.373
-4.88932 125.426
-4.85448 125.452
-4.81922 125.465
-4.78446 125.494
-4.75026 125.542
-4.71564 125.577
-4.6809 125.609
-4.64614 125.64
-4.61187 125.688
-4.57664 125.704
-4.54217 125.747
-4.50741 125.78
-4.47258 125.812
-4.43779 125.845
-4.40293 125.876
-4.36817 125.911
-4.334 125.969
-4.30013 126.037
-4.26469 126.05
-4.22925 126.063
-4.19475 126.111
-4.16059 126.173
-4.12615 126.225
-4.09178 126.28
-4.05691 126.318
-4.02202 126.355
-3.98816 126.433
-3.95314 126.467
-3.91819 126.504
-3.88365 126.558
-3.8494 126.625
-3.81486 126.681
-3.78024 126.735
