-18.8151 140.709
-18.7687 140.644
-17.8497 139.372
-17.8093 139.362
-17.7229 139.282
-17.4609 139.014
-17.4218 139.014
-17.2479 138.839
-17.2083 138.835
-17.1697 138.839
-17.1298 138.831
-17.0874 138.798
-17.0449 138.763
-17.0046 138.75
-16.9627 138.722
-16.833 138.593
-16.7937 138.591
-16.7542 138.587
-16.7125 138.558
-16.6701 138.523
-16.5459 138.45
-16.5067 138.448
-16.4651 138.422
-16.4257 138.418
-16.3834 138.383
-16.3415 138.352
-16.2994 138.32
-16.2598 138.313
-16.2204 138.309
-16.179 138.283
-16.1394 138.277
-16.0996 138.268
-16.058 138.24
-16.0157 138.205
-15.9747 138.184
-15.9342 138.167
-15.8956 138.171
-15.8564 138.169
-15.8161 138.154
-15.7769 138.153
-15.7377 138.151
-15.6984 138.147
-15.6566 138.116
-15.6163 138.101
-15.5767 138.095
-15.5356 138.071
-15.4959 138.063
-15.4565 138.059
-15.4178 138.061
-15.3772 138.044
-15.3379 138.04
-15.2982 138.031
-15.2577 138.014
-15.2181 138.008
-15.1784 137.999
-15.1389 137.993
-15.1003 137.998
-15.0614 137.998
-15.0222 137.996
-14.9818 137.979
-14.9417 137.966
-14.9022 137.96
-14.8632 137.96
-14.8248 137.967
-14.786 137.97
-14.7465 137.963
-14.7063 137.948
-14.6673 137.949
-14.6284 137.949
-14.5887 137.941
-14.5492 137.934
-14.51 137.932
-14.4703 137.924
-14.4321 137.933
-14.3937 137.94
-14.3549 137.942
-14.3156 137.938
-14.2761 137.932
-14.2368 137.928
-14.1973 137.922
-14.1581 137.92
-14.12 137.931
-14.0814 137.936
-14.0407 137.914
-14.0012 137.908
-13.9617 137.902
-13.9238 137.915
-13.8841 137.906
-13.8439 137.891
-13.8039 137.879
-13.7639 137.866
-13.7268 137.89
-13.69 137.917
-13.652 137.93
-13.6123 137.922
-13.5722 137.907
-13.5337 137.913
-13.494 137.905
-13.4562 137.921
-13.4203 137.96
-13.3822 137.972
-13.3444 137.987
-13.3077 138.018
-13.2699 138.034
-13.2315 138.043
-13.1935 138.056
-13.1558 138.074
-13.1176 138.085
-13.0793 138.094
-13.0402 138.095
-13.0014 138.097
-12.9632 138.109
-12.9243 138.111
-12.8854 138.113
-12.8475 138.129
-12.8109 138.162
-12.7735 138.185
-12.7351 138.194
-12.696 138.194
-12.6576 138.203
-12.6198 138.221
-12.5829 138.252
-12.5458 138.279
-12.5081 138.299
-12.4689 138.297
-12.4288 138.284
-12.3899 138.286
-12.3524 138.309
-12.3153 138.338
-12.2778 138.36
-12.2388 138.362
-12.202 138.396
-12.1643 138.416
-12.1267 138.438
-12.0879 138.443
-12.0492 138.45
-12.0121 138.479
-11.9752 138.512
-11.9369 138.525
-11.8996 138.552
-11.8611 138.561
-11.8222 138.566
-11.7863 138.615
-11.7494 138.648
-11.7111 138.662
-11.6741 138.695
-11.6352 138.7
-11.5608 138.76
-11.5236 138.791
-11.4856 138.809
-11.4481 138.836
-11.4092 138.841
-11.3718 138.87
-11.3349 138.906
-11.2963 138.917
-11.2607 138.973
-11.222 138.982
-11.0743 139.132
-10.8868 139.277
-10.8509 139.333
-10.8124 139.347
-10.7766 139.405
-10.7379 139.417
-10.6672 139.549
-10.6297 139.58
-10.5907 139.587
-10.5536 139.625
-10.5181 139.691
-10.479 139.697
-10.4068 139.81
-10.371 139.873
-10.3324 139.887
-10.2948 139.92
-10.2592 139.986
-10.2233 140.049
-10.1853 140.076
-10.1525 140.191
-10.1134 140.2
-9.15119 141.494
-9.11308 141.528
-9.07213 141.508
