13.8227 144.785
13.8623 144.773
13.9034 144.78
13.9446 144.79
13.9853 144.792
13.9792 141.564
14.0145 141.505
14.0505 141.457
14.0827 141.36
14.1188 141.313
14.1548 141.265
14.2805 140.845
14.3148 140.778
14.3515 140.742
14.3875 140.697
14.5935 140.307
14.6306 140.278
14.6663 140.231
14.7025 140.191
14.7366 140.126
14.7713 140.068
14.8095 140.052
14.8462 140.019
14.8805 139.956
14.9143 139.89
14.9521 139.869
14.9863 139.807
15.0221 139.765
15.0589 139.734
15.0953 139.698
15.1311 139.656
15.1651 139.594
15.2019 139.563
15.2399 139.547
15.2783 139.536
15.314 139.494
15.3489 139.443
15.3831 139.383
15.4195 139.35
15.4567 139.326
15.4948 139.312
15.5312 139.279
15.5672 139.242
15.6039 139.213
15.6416 139.195
15.6766 139.147
15.7143 139.129
15.7504 139.094
15.7873 139.067
15.8238 139.036
15.8612 139.016
15.8963 138.97
15.9333 138.946
15.9709 138.928
16.0093 138.919
16.0459 138.891
16.0817 138.853
16.1185 138.827
16.1564 138.814
16.1932 138.787
16.2303 138.765
16.2678 138.748
16.3058 138.735
16.3429 138.713
16.3798 138.688
16.4177 138.675
16.4552 138.658
16.4908 138.62
16.5283 138.603
16.5649 138.576
16.602 138.554
16.6398 138.541
16.6781 138.533
16.7147 138.506
16.7517 138.484
16.7899 138.476
16.8282 138.467
16.8649 138.443
16.9025 138.427
16.9397 138.408
16.9775 138.394
17.0151 138.379
17.0526 138.364
17.0902 138.348
17.1277 138.333
17.1659 138.324
17.203 138.305
17.241 138.294
17.2789 138.283
17.3171 138.274
17.3537 138.25
17.3923 138.246
17.4333 138.265
17.4721 138.263
17.5085 138.237
17.5462 138.224
17.5836 138.208
17.62 138.182
17.6575 138.167
17.6945 138.147
17.733 138.143
17.7722 138.145
17.8108 138.141
17.8484 138.127
17.8827 138.082
17.9175 138.04
17.9564 138.04
17.9969 138.055
18.0354 138.051
18.0724 138.031
18.1086 138.005
18.1485 138.014
18.1883 138.023
18.2306 138.055
18.273 138.088
18.3163 138.129
18.3573 138.149
18.3997 138.182
18.438 138.175
18.4739 138.147
18.5108 138.127
18.548 138.11
18.5851 138.092
18.6222 138.075
18.6602 138.066
18.7003 138.077
18.7385 138.07
18.7765 138.061
18.8148 138.055
18.853 138.048
18.8917 138.046
18.9306 138.046
18.9712 138.061
19.0113 138.072
19.0505 138.074
19.0897 138.076
19.1298 138.087
19.1692 138.092
19.2089 138.098
19.2476 138.096
19.2865 138.096
19.3259 138.1
19.3653 138.105
19.4047 138.109
19.4442 138.113
19.4848 138.128
19.5237 138.128
19.5607 138.111
19.5997 138.111
19.6393 138.117
19.6809 138.141
19.7201 138.144
19.7588 138.141
19.7982 138.146
19.8396 138.167
19.8808 138.187
19.9202 138.191
19.9584 138.185
19.9969 138.18
20.0368 138.189
20.0775 138.204
20.1215 138.248
20.1619 138.261
20.2019 138.27
20.2408 138.27
20.279 138.263
20.3205 138.285
20.3607 138.296
20.4002 138.3
20.4417 138.322
20.4837 138.348
20.5237 138.357
20.5632 138.361
20.6052 138.387
20.6462 138.405
20.687 138.42
20.7262 138.422
20.7663 138.431
20.8089 138.461
20.8515 138.492
20.8913 138.499
20.9331 138.523
20.9737 138.536
21.0163 138.566
21.0556 138.569
21.098 138.597
21.1404 138.625
21.1808 138.636
21.2235 138.667
21.2638 138.678
21.3039 138.687
21.3499 138.744
21.3892 138.746
21.4322 138.779
21.4755 138.814
21.5183 138.845
21.5614 138.877
21.6027 138.895
21.6444 138.917
21.6851 138.93
21.7315 138.99
21.7717 138.998
21.9048 139.126
21.9455 139.139
21.989 139.174
22.0323 139.207
22.0755 139.24
22.1196 139.28
22.1663 139.34
22.211 139.384
22.2549 139.421
22.3004 139.472
22.3421 139.492
22.3864 139.532
22.4348 139.605
22.4782 139.638
22.5259 139.705
22.5753 139.785
22.6171 139.805
22.6603 139.836
22.7015 139.851
