1.64813 138.846
1.68673 138.842
1.7255 138.857
2.08771 136.787
2.12578 136.779
2.16382 136.768
2.46037 136.134
2.4975 136.071
2.53503 136.037
2.57243 135.995
2.60913 135.907
2.64697 135.899
2.6845 135.869
2.8322 135.61
2.86956 135.577
2.90732 135.568
2.94469 135.537
2.98145 135.47
3.01865 135.431
3.056 135.401
3.09375 135.395
3.20391 135.208
3.24107 135.172
3.27868 135.162
3.31597 135.135
3.35325 135.108
3.39088 135.099
3.42798 135.064
3.46502 135.027
3.50164 134.969
3.53877 134.937
3.57589 134.906
3.6129 134.871
3.65029 134.854
3.68763 134.836
3.72509 134.823
3.7622 134.794
3.79888 134.747
3.83618 134.728
3.87283 134.68
3.9102 134.666
3.94728 134.639
3.98473 134.628
4.02174 134.599
4.05879 134.572
4.09621 134.562
4.13319 134.533
4.16967 134.484
4.20702 134.471
4.24436 134.459
4.28179 134.45
4.31897 134.432
4.35594 134.405
4.39315 134.388
4.42951 134.339
4.46686 134.328
4.50442 134.326
4.54202 134.326
4.57941 134.318
4.61566 134.266
4.65232 134.231
4.68963 134.221
4.72715 134.219
4.76378 134.184
4.8009 134.167
4.83824 134.159
4.87535 134.142
4.91181 134.103
4.94907 134.093
4.98627 134.08
5.0237 134.076
5.06095 134.066
5.09867 134.072
5.13627 134.074
5.17358 134.065
5.21038 134.041
5.24705 134.012
5.28458 134.012
5.32205 134.01
5.35939 134.003
5.39679 133.999
5.43412 133.993
5.47145 133.986
5.50839 133.968
5.54551 133.956
5.58257 133.941
5.61955 133.925
5.65679 133.916
5.69422 133.914
5.73146 133.906
5.76835 133.887
5.80584 133.887
5.84341 133.889
5.88111 133.895
5.91854 133.893
5.95554 133.878
5.99247 133.862
6.02975 133.855
6.06716 133.853
6.10429 133.843
6.14163 133.839
6.17911 133.839
6.21666 133.84
6.25385 133.832
6.29081 133.818
6.32776 133.803
6.36583 133.819
6.40361 133.827
6.44131 133.833
6.47971 133.858
6.51642 133.837
6.55366 133.831
6.5906 133.816
6.62815 133.818
6.66554 133.816
6.70301 133.816
6.7404 133.814
6.77779 133.812
6.81501 133.805
6.85256 133.807
6.89052 133.819
6.92847 133.831
6.96627 133.839
7.00366 133.837
7.04089 133.831
7.07844 133.833
7.11591 133.833
7.15354 133.836
7.19169 133.853
7.22891 133.846
7.26526 133.82
7.30247 133.813
7.34028 133.821
7.37757 133.817
7.41468 133.809
7.45258 133.819
7.49146 133.851
7.52928 133.859
7.56702 133.865
7.60476 133.871
7.64268 133.881
7.68098 133.899
7.71854 133.901
7.75611 133.903
7.79387 133.909
7.83181 133.919
7.86975 133.929
7.90808 133.947
7.94613 133.96
7.98428 133.974
8.02196 133.978
8.06002 133.99
8.0978 133.996
8.1352 133.993
8.17308 134.001
8.21174 134.026
8.24983 134.038
8.28753 134.042
8.32522 134.046
8.36312 134.054
8.40202 134.082
8.44014 134.094
8.47805 134.102
8.51647 134.12
8.5548 134.137
8.59273 134.145
8.63097 134.159
8.66994 134.187
8.7086 134.21
8.74645 134.216
8.7843 134.222
8.82246 134.234
8.86063 134.246
8.89976 134.276
8.93795 134.288
8.97678 134.313
9.01605 134.346
9.05459 134.364
9.09291 134.378
9.13178 134.402
9.1699 134.412
9.20813 134.425
9.24814 134.47
9.28628 134.48
9.32487 134.498
9.36324 134.512
9.40308 134.553
9.4426 134.588
9.48145 134.61
9.51929 134.614
9.55725 134.62
9.59762 134.669
9.63709 134.702
9.67553 134.716
9.7148 134.745
9.75419 134.776
9.79371 134.809
9.83313 134.839
9.8728 134.874
9.91249 134.909
9.95184 134.938
9.99035 134.952
10.0315 135.012
10.0721 135.061
10.1106 135.073
10.1501 135.104
10.1899 135.139
10.2312 135.199
10.2711 135.236
10.3106 135.265
10.349 135.275
10.4719 135.434
10.5103 135.444
10.5531 135.525
10.5947 135.587
10.6351 135.629
10.6752 135.666
10.7153 135.701
10.9249 136.024
10.9652 136.061
11.0076 136.132
11.0495 136.195
11.09 136.234
