5.30251 156.568
5.34506 156.547
5.62741 155.865
5.66826 155.792
5.70885 155.71
5.75025 155.658
5.79101 155.584
5.83291 155.55
5.87519 155.529
5.91579 155.453
5.95725 155.406
5.99804 155.338
6.03936 155.289
6.08075 155.242
6.1222 155.197
6.16298 155.132
6.20505 155.109
6.24652 155.067
6.28807 155.028
6.3285 154.955
6.36983 154.911
6.41132 154.872
6.4527 154.83
6.49406 154.788
6.53628 154.773
6.57683 154.708
6.61876 154.684
6.65927 154.62
6.70054 154.578
6.74234 154.552
6.78404 154.524
6.8259 154.5
6.86721 154.462
6.90905 154.438
6.94959 154.379
6.99085 154.34
7.03275 154.319
7.0736 154.27
7.11576 154.257
7.15762 154.237
7.19824 154.182
7.23998 154.159
7.28055 154.105
7.32276 154.095
7.36495 154.084
7.40636 154.054
7.44785 154.025
7.49003 154.015
7.5321 154.002
7.57427 153.992
7.61593 153.969
7.65788 153.953
7.6984 153.902
7.74002 153.879
7.78215 153.869
7.82396 153.851
7.86577 153.833
7.90746 153.812
7.94925 153.794
7.99061 153.766
8.03238 153.748
8.07457 153.74
8.11676 153.733
8.1583 153.71
8.19896 153.666
8.24058 153.645
8.28252 153.633
8.32479 153.628
8.36705 153.623
8.40875 153.605
8.44978 153.571
8.49203 153.566
8.5345 153.566
8.57675 153.561
8.61808 153.536
8.65905 153.502
8.7014 153.5
8.74362 153.495
8.78561 153.485
8.82783 153.48
8.86993 153.472
8.91203 153.464
8.954 153.454
8.99574 153.439
9.03734 153.421
9.07906 153.406
9.12089 153.393
9.16284 153.383
9.20466 153.37
9.24599 153.347
9.28804 153.339
9.32985 153.327
9.37165 153.314
9.41394 153.311
9.4561 153.306
9.49751 153.286
9.53979 153.283
9.58081 153.255
9.62372 153.266
9.66586 153.261
9.70839 153.263
9.75093 153.266
9.79307 153.261
9.83508 153.253
9.87827 153.269
9.92119 153.279
9.9632 153.272
10.0056 153.272
10.0477 153.267
10.0916 153.295
10.1351 153.316
10.1776 153.318
10.2198 153.313
10.2621 153.311
10.3045 153.311
10.3472 153.316
10.3897 153.319
10.4325 153.327
10.4758 153.342
10.5185 153.347
10.5613 153.355
10.604 153.36
10.647 153.371
10.6897 153.376
10.7321 153.376
10.775 153.384
10.8183 153.399
10.861 153.405
10.903 153.397
10.9453 153.394
10.9881 153.402
11.0311 153.413
11.074 153.42
11.1167 153.426
11.1593 153.428
11.2031 153.452
11.2466 153.47
11.2908 153.501
11.3343 153.519
11.3771 153.524
11.4209 153.547
11.4635 153.55
11.5064 153.558
11.5495 153.568
11.5936 153.596
11.6366 153.604
11.6807 153.633
11.7237 153.64
11.7666 153.648
11.811 153.679
11.8536 153.682
11.8968 153.692
11.941 153.721
11.9838 153.726
12.028 153.754
12.0709 153.76
12.1139 153.767
12.1583 153.798
12.2032 153.837
12.2467 153.853
12.291 153.881
12.3342 153.892
12.3794 153.933
12.4239 153.964
12.4671 153.975
12.512 154.011
12.5557 154.029
12.5998 154.052
12.643 154.063
12.6874 154.091
12.7321 154.123
12.7757 154.138
12.8228 154.208
12.8665 154.224
12.9096 154.232
12.9543 154.263
12.9977 154.276
13.0443 154.336
13.0901 154.382
13.134 154.401
13.2243 154.476
13.4085 154.674
13.4541 154.716
13.5008 154.773
13.5464 154.815
13.5915 154.849
13.6351 154.862
13.6824 154.927
13.7255 154.933
13.7709 154.969
