-10.0011 126.957
-9.67455 125.813
-9.63287 125.726
-9.59286 125.666
-9.5539 125.622
-9.34719 125.2
-9.30897 125.167
-9.26776 125.082
-9.22781 125.018
-9.18966 124.985
-9.14845 124.899
-9.10903 124.843
-9.06844 124.766
-9.03135 124.749
-8.99309 124.712
-8.95248 124.634
-8.91319 124.578
-8.87542 124.548
-8.83745 124.515
-8.60347 124.197
-8.56819 124.21
-8.53056 124.181
-8.49204 124.134
-8.45424 124.101
-8.41776 124.092
-8.37899 124.04
-8.34044 123.992
-8.3039 123.981
-8.26608 123.946
-8.22759 123.898
-8.19126 123.891
-8.15397 123.865
-8.11631 123.832
-8.07885 123.802
-8.04131 123.771
-8.00397 123.743
-7.96675 123.718
-7.93057 123.712
-7.89252 123.67
-7.85598 123.657
-7.81758 123.607
-7.78088 123.591
-7.74271 123.545
-7.7063 123.534
-7.66826 123.49
-7.63214 123.485
-7.59611 123.481
-7.55883 123.452
-7.52156 123.422
-7.48448 123.397
-7.44724 123.367
-7.4108 123.355
-7.37279 123.309
-7.33567 123.281
-7.29952 123.274
-7.26346 123.269
-7.22646 123.243
-7.18921 123.212
-7.15282 123.199
-7.11568 123.17
-7.07973 123.167
-7.04378 123.163
-7.00808 123.165
-6.97172 123.152
-6.9338 123.105
-6.89738 123.09
-6.86112 123.079
-6.82528 123.078
-6.78927 123.072
-6.75254 123.05
-6.71662 123.047
-6.68047 123.038
-6.64353 123.01
-6.60731 123
-6.57117 122.991
-6.53596 123.004
-6.49936 122.984
-6.46261 122.96
-6.42649 122.951
-6.39044 122.944
-6.35395 122.925
-6.31754 122.909
-6.28173 122.907
-6.24607 122.909
-6.21033 122.909
-6.17445 122.906
-6.13842 122.899
-6.10225 122.888
-6.06573 122.868
-6.02943 122.853
-5.99342 122.846
-5.95735 122.837
-5.92099 122.821
-5.88478 122.808
-5.8483 122.788
-5.81232 122.781
-5.77695 122.79
-5.74191 122.809
-5.70619 122.809
-5.6704 122.807
-5.63462 122.805
-5.59876 122.802
-5.56258 122.789
-5.5266 122.782
-5.4903 122.766
-5.45427 122.757
-5.41843 122.753
-5.38304 122.762
-5.34758 122.77
-5.31167 122.764
-5.27571 122.757
-5.24018 122.763
-5.20453 122.765
-5.16869 122.761
-5.13303 122.763
-5.09714 122.758
-5.06142 122.758
-5.02558 122.754
-4.99028 122.767
-4.95433 122.76
-4.91814 122.746
-4.88249 122.748
-4.84746 122.77
-4.8118 122.772
-4.77596 122.768
-4.74007 122.763
-4.70485 122.779
-4.66913 122.779
-4.63324 122.774
-4.59762 122.778
-4.56179 122.774
-4.5259 122.769
-4.49055 122.782
-4.45472 122.778
-4.41889 122.775
-4.38337 122.782
-4.34821 122.802
-4.31253 122.804
-4.27695 122.81
-4.24156 122.823
-4.20607 122.832
-4.17028 122.83
-4.13464 122.834
-4.09909 122.841
-4.06349 122.847
-4.02799 122.856
-3.99252 122.867
-3.95682 122.869
-3.92097 122.866
-3.88545 122.875
-3.85006 122.89
-3.81458 122.901
-3.779 122.908
-3.74346 122.917
-3.70801 122.93
-3.67254 122.943
-3.63699 122.952
-3.60165 122.971
-3.56613 122.982
-3.53034 122.982
-3.49465 122.986
-3.45936 123.008
-3.42407 123.03
-3.38864 123.047
-3.35332 123.069
-3.31768 123.076
-3.28196 123.08
-3.24627 123.086
-3.21077 123.1
-3.17507 123.106
-3.13953 123.119
-3.1039 123.128
-3.06841 123.145
-3.03303 123.167
-2.99746 123.18
-2.96195 123.196
-2.92618 123.2
-2.89049 123.208
-2.85548 123.252
-2.82015 123.279
-2.78456 123.294
-2.74917 123.32
-2.7136 123.337
-2.67783 123.342
-2.64235 123.365
-2.6066 123.372
-2.57085 123.38
-2.53541 123.405
-2.49989 123.428
-2.46418 123.439
-2.42865 123.461
-2.39313 123.485
-2.35743 123.498
-2.32221 123.542
-2.28643 123.552
-2.25065 123.561
-2.21539 123.605
-2.17986 123.633
-2.14408 123.644
-2.10851 123.67
-2.07294 123.698
-2.0374 123.728
-1.78762 123.889
-1.75222 123.939
-1.71656 123.969
