-24.87 83.9017
-24.8434 83.8995
-16.5514 143.132
-16.5066 143.075
-16.4666 143.071
-16.4246 143.044
-16.3811 143.001
-16.3353 142.932
-16.2922 142.894
-16.2515 142.88
-15.9521 142.627
-15.5323 142.341
-15.49 142.307
-15.4478 142.275
-15.4075 142.264
-15.3655 142.235
-15.3236 142.206
-15.2834 142.197
-15.2415 142.168
-15.1993 142.134
-15.1591 142.125
-15.1175 142.098
-15.0756 142.069
-15.0353 142.058
-14.994 142.036
-14.9535 142.023
-14.9144 142.025
-14.8746 142.021
-14.8326 141.989
-14.7907 141.958
-14.7509 141.954
-14.7107 141.943
-14.6691 141.916
-14.6273 141.887
-14.5876 141.883
-14.5485 141.885
-14.5088 141.881
-14.4689 141.874
-14.425 141.818
-14.3848 141.807
-14.3454 141.807
-14.3043 141.785
-14.2648 141.783
-14.2255 141.783
-14.1831 141.745
-14.1429 141.734
-14.1034 141.732
-14.0644 141.737
-14.0237 141.719
-13.9835 141.708
-13.944 141.706
-13.9042 141.7
-13.8643 141.693
-13.8249 141.691
-13.7836 141.667
-13.7429 141.649
-13.7033 141.645
-13.6643 141.65
-13.6254 141.654
-13.5849 141.639
-13.5454 141.637
-13.5062 141.639
-13.4669 141.64
-13.427 141.631
-13.387 141.622
-13.3468 141.611
-13.3072 141.607
-13.2679 141.607
-13.2286 141.608
-13.1899 141.617
-13.1505 141.615
-13.1108 141.611
-13.0708 141.602
-13.0322 141.611
-12.9927 141.609
-12.9532 141.607
-12.9141 141.61
-12.8753 141.617
-12.8361 141.619
-12.797 141.622
-12.7583 141.631
-12.7198 141.643
-12.8639 144.216
-12.6421 141.657
-12.6034 141.666
-12.5674 141.714
-12.5292 141.73
-12.489 141.719
-12.4486 141.703
-12.4066 141.665
-12.3668 141.659
-12.3279 141.666
-12.2907 141.698
-12.2498 141.675
-12.2089 141.653
-12.1687 141.64
-12.1292 141.638
-12.0898 141.638
-12.0505 141.638
-12.0118 141.648
-11.9723 141.646
-11.9332 141.65
-11.8944 141.657
-11.8555 141.664
-11.8175 141.685
-11.7789 141.697
-11.7398 141.701
-11.7009 141.708
-11.6633 141.736
-11.6253 141.756
-11.5874 141.779
-11.5484 141.786
-11.5099 141.8
-11.4711 141.809
-11.4325 141.821
-11.3939 141.835
-11.3553 141.846
-11.3159 141.847
-11.2763 141.845
-11.2376 141.856
-11.2001 141.886
-11.1615 141.9
-11.1227 141.909
-11.0835 141.914
-11.0444 141.919
-11.0053 141.923
-10.9665 141.935
-10.9286 141.96
-10.8905 141.981
-10.8532 142.017
-10.8156 142.047
-10.7794 142.102
-10.7412 142.123
-10.7017 142.123
-10.6624 142.125
-10.624 142.144
-10.5846 142.146
-10.5456 142.153
-10.5073 142.174
-10.471 142.229
-10.4323 142.243
-10.3933 142.252
-10.3549 142.27
-10.3168 142.296
-10.2781 142.31
-10.2401 142.337
-10.2026 142.372
-10.1652 142.411
-10.1279 142.45
-10.089 142.461
-10.0495 142.464
-10.0104 142.471
-9.97322 142.514
-9.93466 142.533
-9.89711 142.57
-9.85916 142.599
-9.82019 142.611
-9.78335 142.662
-9.74461 142.678
-9.70525 142.683
-9.66848 142.735
-9.62984 142.754
-9.59217 142.791
-9.5562 142.86
-9.51886 142.904
-9.48102 142.938
-9.44291 142.968
-9.40359 142.975
-9.36559 143.008
-9.32781 143.045
-9.29037 143.088
-9.25363 143.146
-9.21438 143.155
-9.17641 143.19
-9.14032 143.262
-9.10372 143.324
-9.06453 143.336
-9.02557 143.352
-8.98857 143.408
-8.95097 143.452
-8.91495 143.528
-8.87696 143.565
-8.83907 143.605
-8.80377 143.697
-8.76527 143.725
-8.72776 143.774
-8.69013 143.821
-8.65392 143.897
-8.61746 143.969
-8.57931 144.007
-8.54126 144.046
-8.46815 144.191
-8.43134 144.259
-8.39352 144.305
-8.35676 144.375
-8.28669 144.593
-8.24886 144.642
-8.21198 144.712
-8.17421 144.764
-7.89873 146.746
-7.86497 146.904
-7.82459 146.909
