-23.3369 146.486
-23.2868 146.412
-23.2371 146.34
-23.1944 146.324
-23.1454 146.257
-23.1006 146.224
-23.0471 146.122
-23.0008 146.077
-22.9585 146.063
-22.8637 145.954
-22.8221 145.945
-22.3211 145.498
-22.2307 145.42
-22.1903 145.421
-22.1462 145.39
-22.1047 145.381
-22.06 145.346
-21.9703 145.274
-21.9291 145.267
-21.8387 145.187
-21.7943 145.155
-21.7534 145.15
-21.7094 145.12
-21.6654 145.09
-21.6237 145.078
-21.5763 145.02
-21.5349 145.011
-21.4909 144.98
-21.45 144.976
-21.4086 144.967
-21.3624 144.918
-21.3205 144.904
-21.2788 144.893
-21.2354 144.868
-21.1946 144.863
-21.1543 144.864
-21.1142 144.867
-21.0731 144.86
-21.026 144.801
-20.9849 144.795
-20.9438 144.788
-20.9024 144.779
-20.858 144.744
-20.8145 144.716
-20.7739 144.715
-20.7334 144.713
-20.6928 144.711
-20.6525 144.711
-20.6115 144.705
-20.5696 144.691
-20.525 144.654
-20.4839 144.647
-20.4439 144.65
-20.4034 144.648
-20.3592 144.613
-20.3178 144.604
-20.277 144.6
-20.2349 144.584
-20.1944 144.582
-20.1531 144.573
-20.1128 144.573
-20.0733 144.581
-20.0325 144.577
-19.9912 144.568
-19.9491 144.552
-19.9086 144.55
-19.8675 144.543
-19.8273 144.544
-19.7878 144.551
-19.7475 144.552
-19.7065 144.545
-19.6647 144.531
-19.6218 144.508
-19.578 144.476
-19.536 144.46
-19.4965 144.467
-19.4585 144.489
-19.4197 144.503
-19.3799 144.509
-19.3389 144.502
-19.2981 144.498
-19.2581 144.5
-19.2183 144.506
-19.1783 144.508
-19.138 144.509
-19.0975 144.507
-19.0569 144.505
-19.0169 144.508
-18.9769 144.511
-18.9366 144.511
-18.8924 144.474
-18.8535 144.488
-18.8145 144.501
-18.7739 144.499
-18.731 144.473
-18.6938 144.504
-18.6567 144.535
-18.6188 144.559
-18.5768 144.543
-18.5346 144.525
-18.4935 144.518
-18.4523 144.509
-18.4108 144.498
-18.3678 144.472
-18.3311 144.508
-18.2958 144.558
-18.2621 144.624
-18.2211 144.618
-18.1815 144.625
-18.1421 144.635
-18.1027 144.645
-18.0621 144.643
-18.0213 144.639
-17.9844 144.675
-17.9464 144.699
-17.9063 144.701
-17.8655 144.697
-17.8253 144.7
-17.7884 144.736
-17.7508 144.764
-17.7142 144.803
-17.6726 144.791
-17.6327 144.796
-17.595 144.825
-17.5558 144.837
-17.5181 144.866
-17.4804 144.895
-17.4414 144.91
-17.4019 144.919
-17.3635 144.941
-17.3258 144.97
-17.2864 144.982
-17.2469 144.992
-17.2073 145.002
-17.1649 144.981
-17.128 145.019
-17.0907 145.053
-17.0509 145.061
-17.0115 145.073
-16.9744 145.109
-16.9363 145.135
-16.8976 145.155
-16.8586 145.172
-16.8197 145.189
-16.7838 145.239
-16.7446 145.254
-16.7069 145.285
-16.6672 145.295
-16.6284 145.314
-16.5892 145.329
-16.5506 145.351
-16.5148 145.403
-16.4773 145.437
-16.438 145.452
-16.4026 145.509
-16.3628 145.519
-16.3227 145.525
-16.2851 145.558
-16.2459 145.575
-16.2098 145.626
-16.1734 145.674
-16.1336 145.684
-16.0953 145.711
-16.0576 145.744
-16.0188 145.766
-15.9834 145.826
-15.944 145.841
-15.9087 145.904
-15.8716 145.945
-15.8338 145.979
-15.7939 145.989
-15.7557 146.018
-15.7185 146.059
-15.679 146.074
-15.6432 146.132
-15.6059 146.173
-15.4229 146.423
-15.3857 146.466
-15.3479 146.503
-15.3097 146.534
-15.2749 146.607
-15.2392 146.67
-15.1993 146.683
-15.1638 146.748
-15.1245 146.768
-15.09 146.846
-15.0552 146.921
-15.02 146.992
-14.9824 147.033
-14.1879 147.906
-14.1473 147.914
-14.1358 148.304
-14.1182 148.616
-14.0802 148.661
