-18.6903 121.045
-18.6552 121.039
-18.6164 121.003
-18.5697 120.902
-18.5309 120.865
-18.4904 120.815
-18.4529 120.789
-18.4149 120.76
-18.3797 120.753
-18.3417 120.723
-18.2987 120.65
-18.1329 120.412
-18.0979 120.407
-18.0632 120.403
-18.0254 120.374
-17.9874 120.343
-17.831 120.179
-17.7915 120.134
-17.7562 120.125
-17.7185 120.096
-17.6814 120.072
-17.6468 120.069
-17.6113 120.058
-17.5725 120.019
-17.5372 120.01
-17.4998 119.983
-17.4597 119.931
-17.4199 119.883
-17.3853 119.88
-17.3501 119.871
-17.3104 119.823
-17.2735 119.799
-17.2387 119.794
-17.2015 119.768
-17.1635 119.734
-17.1266 119.71
-17.0901 119.689
-17.0547 119.679
-17.018 119.657
-16.9815 119.636
-16.9458 119.622
-16.9059 119.571
-16.8695 119.551
-16.8366 119.562
-16.8002 119.542
-16.7632 119.516
-16.7268 119.496
-16.6913 119.484
-16.6551 119.465
-16.6205 119.461
-16.586 119.458
-16.5494 119.436
-16.5129 119.414
-16.478 119.407
-16.4424 119.393
-16.4075 119.386
-16.372 119.374
-16.3335 119.333
-16.2975 119.316
-16.2629 119.311
-16.2271 119.296
-16.1915 119.282
-16.1574 119.282
-16.1234 119.284
-16.0893 119.284
-16.0541 119.273
-16.0173 119.248
-15.9816 119.232
-15.9458 119.217
-15.9105 119.205
-15.8758 119.2
-15.8413 119.196
-15.8063 119.188
-15.7715 119.181
-15.7358 119.166
-15.701 119.159
-15.6664 119.154
-15.6312 119.144
-15.5966 119.138
-15.5618 119.132
-15.5263 119.118
-15.4903 119.099
-15.4552 119.089
-15.4211 119.089
-15.3877 119.096
-15.3544 119.104
-15.3201 119.102
-15.2852 119.094
-15.2504 119.087
-15.216 119.083
-15.182 119.085
-15.1476 119.082
-15.1127 119.073
-15.0779 119.066
-15.0438 119.066
-15.0093 119.063
-14.9751 119.061
-14.9408 119.059
-14.9061 119.052
-14.872 119.052
-14.8375 119.049
-14.8023 119.037
-14.7687 119.042
-14.7356 119.052
-14.702 119.057
-14.6679 119.057
-14.6336 119.055
-14.5993 119.054
-14.5652 119.053
-14.5306 119.048
-14.4962 119.045
-14.4619 119.043
-14.428 119.045
-14.3949 119.055
-14.3612 119.06
-14.3271 119.06
-14.2937 119.067
-14.2605 119.077
-14.228 119.094
-14.1915 119.068
-14.1596 119.092
-14.1255 119.092
-14.0923 119.102
-14.059 119.11
-14.0248 119.11
-13.9907 119.11
-13.9566 119.11
-13.9229 119.115
-13.8891 119.118
-13.8555 119.124
-13.8216 119.127
-13.7873 119.125
-13.754 119.134
-13.7208 119.144
-13.6877 119.156
-13.6533 119.152
-13.6199 119.16
-13.5868 119.172
-13.5522 119.167
-13.5187 119.174
-13.4847 119.176
-13.451 119.181
-13.4176 119.189
-13.3837 119.192
-13.3499 119.196
-13.3169 119.209
-13.2853 119.238
-13.252 119.248
-13.2183 119.253
-13.1844 119.257
-13.151 119.265
-13.1182 119.282
-13.0845 119.287
-13.0509 119.294
-13.0173 119.3
-12.9841 119.312
-12.9523 119.34
-12.9189 119.35
-12.8845 119.346
-12.85 119.343
-12.8173 119.361
-12.7862 119.397
-12.7531 119.411
-12.7207 119.433
-12.6876 119.446
-12.6534 119.446
-12.6195 119.45
-12.5862 119.462
-12.5538 119.484
-12.521 119.501
-12.4879 119.514
-12.4555 119.536
-12.4222 119.548
-12.3895 119.567
-12.3567 119.586
-12.323 119.592
-12.2894 119.601
-12.2579 119.635
-12.2249 119.65
-12.1916 119.662
-12.1586 119.679
-12.1263 119.703
-12.0943 119.732
-12.0619 119.756
-12.0284 119.766
-11.9954 119.783
-11.9629 119.806
-11.9297 119.821
-11.8984 119.859
-11.8648 119.869
-11.8322 119.891
-11.7996 119.913
-11.7663 119.927
-11.7335 119.947
-11.701 119.971
-11.668 119.989
-11.6364 120.025
-11.6032 120.04
-11.5715 120.076
-11.5395 120.107
-11.5061 120.121
-11.4726 120.133
-11.4402 120.158
-11.4084 120.194
-11.3762 120.224
-11.3436 120.248
-11.3116 120.28
-11.2792 120.308
-11.2466 120.334
-11.2143 120.363
-11.1831 120.408
-11.1501 120.427
-11.1183 120.465
-11.0852 120.484
-11.0531 120.516
-11.0212 120.553
-10.9891 120.586
-10.9577 120.629
-10.9259 120.667
-10.8948 120.715
-10.8625 120.746
-10.8298 120.772
-10.7956 120.778
-10.763 120.805
-10.732 120.857
-10.7013 120.913
-10.6706 120.968
-10.6379 120.996
-10.6054 121.026
-10.5742 121.076
-10.4801 121.219
-10.4477 121.252
-10.4179 121.324
-10.3857 121.36
-10.3532 121.394
-10.3219 121.444
-10.2907 121.497
-10.2597 121.553
-10.1666 121.721
