18.8134 138.407
18.859 138.468
18.8189 137.731
18.855 137.704
18.7721 135.162
18.8018 135.084
18.8301 134.994
19.3051 133.786
19.3393 133.753
19.3768 133.748
19.4109 133.715
19.4693 133.562
19.5056 133.547
19.5363 133.485
19.5676 133.427
19.6024 133.401
19.639 133.39
19.6702 133.332
19.6978 133.244
19.7337 133.227
19.7677 133.194
19.8007 133.153
19.8316 133.093
19.8658 133.062
19.9028 133.056
19.9365 133.021
19.9673 132.962
19.9983 132.904
20.0334 132.882
20.0658 132.836
20.1016 132.82
20.1347 132.781
20.1663 132.73
20.2006 132.701
20.2368 132.689
20.2711 132.66
20.3051 132.629
20.3389 132.597
20.3709 132.549
20.4064 132.531
20.4403 132.5
20.4748 132.474
20.5104 132.457
20.5434 132.419
20.5788 132.4
20.6122 132.366
20.6438 132.317
20.6795 132.3
20.7163 132.294
20.7522 132.28
20.7883 132.268
20.8229 132.243
20.8552 132.2
20.8893 132.172
20.9218 132.131
20.9578 132.119
20.9944 132.111
21.0305 132.099
21.0634 132.062
21.0987 132.044
21.1332 132.019
21.1682 131.999
21.2037 131.983
21.2374 131.952
21.2721 131.93
21.3081 131.918
21.3435 131.901
21.379 131.885
21.4124 131.853
21.4478 131.836
21.483 131.818
21.5192 131.808
21.5556 131.8
21.5905 131.78
21.6256 131.761
21.6621 131.753
21.698 131.741
21.7318 131.713
21.7677 131.701
21.8041 131.692
21.8402 131.682
21.8753 131.664
21.9104 131.646
21.9462 131.634
21.9813 131.616
22.0155 131.591
22.0527 131.589
22.0891 131.581
22.1241 131.563
22.1599 131.551
22.1941 131.526
22.2296 131.512
22.2662 131.506
22.3018 131.492
22.3386 131.488
22.376 131.488
22.4131 131.486
22.447 131.46
22.4793 131.421
22.5172 131.425
22.5573 131.446
22.5952 131.45
22.6328 131.452
22.6694 131.445
22.7035 131.421
22.7387 131.405
22.7771 131.413
22.8115 131.391
22.8541 131.429
22.906 131.536
22.9539 131.613
22.965 131.421
23.0016 131.415
23.0345 131.383
23.071 131.377
23.1075 131.371
23.1466 131.383
23.1825 131.373
23.2198 131.373
23.2538 131.348
23.2898 131.338
23.3271 131.338
23.365 131.342
23.4018 131.338
23.4385 131.334
23.4756 131.332
23.5132 131.334
23.5508 131.336
23.5884 131.338
23.6257 131.338
23.6628 131.336
23.7006 131.34
23.74 131.354
23.7781 131.36
23.816 131.364
23.8528 131.36
23.8892 131.354
23.9257 131.348
23.965 131.362
24.0035 131.37
24.0405 131.368
24.0773 131.364
24.1152 131.368
24.153 131.372
24.1907 131.374
24.2283 131.376
24.2659 131.378
24.3067 131.402
24.346 131.416
24.3836 131.418
24.4207 131.416
24.4586 131.42
24.4962 131.422
24.5347 131.43
24.5732 131.438
24.6096 131.432
24.6472 131.434
24.6866 131.448
24.7242 131.45
24.763 131.46
24.8039 131.484
24.8424 131.492
24.88 131.494
24.9177 131.496
24.9562 131.505
24.9968 131.527
25.0377 131.551
25.0754 131.553
25.1136 131.559
25.1515 131.563
25.1931 131.591
25.2313 131.597
25.272 131.619
25.3109 131.629
25.3488 131.633
25.3868 131.637
25.4284 131.666
25.4703 131.696
25.5117 131.722
25.5487 131.72
25.5904 131.749
25.6296 131.761
25.6682 131.769
25.7055 131.769
25.7457 131.787
25.7846 131.797
26.4513 132.237
26.4901 132.245
26.5288 132.253
26.5714 132.286
26.6149 132.324
26.654 132.334
26.6937 132.349
26.7382 132.393
26.7786 132.412
26.8213 132.444
26.8669 132.495
26.9144 132.558
26.9585 132.599
26.9979 132.611
27.041 132.646
27.0923 132.732
27.1321 132.746
27.1739 132.773
27.2213 132.834
27.2688 132.896
27.3117 132.928
27.3542 132.959
27.3981 132.998
27.4447 133.054
27.4883 133.09
