-24.8704 83.9037
-24.8437 83.9005
4.58275 158.043
5.20661 157.188
5.24917 157.174
5.37358 157.017
5.4152 156.972
5.45769 156.958
5.49943 156.918
5.54009 156.841
5.58179 156.801
5.62408 156.783
5.66505 156.719
5.70739 156.703
5.74925 156.671
5.79086 156.631
5.83238 156.589
5.87468 156.573
5.91616 156.53
5.95674 156.459
5.99932 156.453
6.04091 156.416
6.08257 156.382
6.1258 156.397
6.16702 156.35
6.20898 156.326
6.25042 156.286
6.2921 156.254
6.33471 156.252
6.37689 156.236
6.41827 156.196
6.4599 156.164
6.50116 156.122
6.54303 156.098
6.58506 156.08
6.62754 156.074
6.66901 156.04
6.71111 156.024
6.75266 155.992
6.79492 155.982
6.83644 155.95
6.87794 155.918
6.92047 155.916
6.96308 155.915
7.00551 155.91
7.04764 155.897
7.09006 155.891
7.13064 155.836
7.17275 155.823
7.21514 155.818
7.25774 155.817
7.29993 155.807
7.34322 155.825
7.38501 155.804
7.42709 155.791
7.46866 155.764
7.50971 155.725
7.55145 155.704
7.59371 155.696
7.63565 155.68
7.67706 155.651
7.71919 155.64
7.76111 155.624
7.80386 155.63
7.84641 155.63
7.88841 155.616
7.93063 155.608
7.97295 155.603
8.01495 155.59
8.05682 155.574
8.09847 155.553
8.14089 155.55
8.18297 155.539
8.22605 155.552
8.26846 155.55
8.30996 155.526
8.35146 155.502
8.39352 155.492
8.43511 155.471
8.47692 155.455
8.51826 155.428
8.56111 155.436
8.6029 155.42
8.6448 155.407
8.68729 155.407
8.72327 155.263
8.76632 155.276
8.81714 155.459
8.86072 155.483
8.90382 155.495
8.94657 155.501
8.98846 155.487
9.03084 155.485
9.07371 155.492
9.11683 155.505
9.15983 155.516
9.20183 155.505
9.24496 155.518
9.28759 155.521
9.32997 155.518
9.37273 155.523
9.416 155.539
9.45863 155.541
9.50101 155.538
9.54339 155.536
9.58654 155.548
9.63009 155.569
9.67313 155.58
9.71525 155.572
9.7571 155.558
9.79921 155.55
9.84198 155.556
9.88596 155.584
9.92914 155.597
9.97396 155.642
10.0174 155.66
10.06 155.66
10.1032 155.673
10.146 155.678
10.1889 155.686
10.2319 155.693
10.2743 155.691
10.3164 155.683
10.3592 155.688
10.4035 155.722
10.4464 155.727
10.4902 155.75
10.5333 155.761
10.5764 155.771
10.6194 155.779
10.6629 155.797
10.7052 155.792
10.7507 155.844
10.794 155.857
10.8367 155.859
10.8795 155.865
10.9237 155.893
10.9667 155.901
11.0093 155.901
11.0523 155.909
11.0979 155.961
11.1414 155.977
11.1864 156.019
11.2299 156.034
11.2748 156.074
11.3208 156.132
11.364 156.142
11.4071 156.15
11.4505 156.163
11.4964 156.218
11.5394 156.223
11.582 156.223
11.6256 156.239
11.6706 156.278
11.7175 156.349
11.7626 156.389
11.8056 156.394
11.85 156.423
11.8935 156.436
11.937 156.449
11.9803 156.459
12.0269 156.523
12.0721 156.562
12.2982 156.76
12.3416 156.771
12.3875 156.821
12.4354 156.901
12.479 156.914
12.5261 156.98
12.5695 156.991
12.6175 157.07
12.6615 157.089
12.7578 157.251
12.8053 157.323
12.9885 157.498
13.0325 157.514
13.181 157.808
13.2289 157.881
13.275 157.926
13.3721 158.09
13.4166 158.111
13.4708 158.272
13.5198 158.358
