2.81893 148.956
2.8595 148.897
2.89922 148.784
2.93931 148.699
3.09827 148.294
3.13869 148.24
3.17937 148.204
3.2204 148.19
3.26047 148.119
3.29984 148.01
3.33967 147.93
3.37959 147.857
3.4205 147.84
3.46037 147.768
3.50031 147.7
3.54117 147.683
3.58101 147.613
3.62087 147.546
3.66131 147.51
3.70164 147.469
3.78162 147.355
3.82194 147.317
3.86224 147.279
3.90243 147.235
3.9426 147.192
3.98239 147.132
4.02324 147.123
4.06294 147.06
4.10357 147.041
4.14317 146.976
4.18382 146.96
4.22354 146.902
4.26427 146.89
4.30495 146.876
4.3445 146.814
4.38515 146.799
4.42478 146.742
4.46507 146.713
4.50557 146.694
4.54613 146.678
4.58586 146.628
4.62627 146.606
4.66596 146.556
4.70653 146.542
4.74716 146.53
4.78686 146.482
4.82741 146.468
4.86751 146.437
4.90748 146.401
4.94806 146.39
4.98852 146.373
5.02812 146.325
5.06875 146.316
5.10937 146.307
5.14992 146.295
5.1896 146.252
5.23014 146.24
5.27019 146.212
5.31058 146.195
5.35075 146.171
5.39125 146.16
5.43106 146.124
5.47106 146.096
5.51126 146.074
5.55181 146.065
5.59235 146.056
5.63289 146.046
5.6735 146.039
5.71366 146.018
5.75382 145.997
5.79411 145.98
5.83462 145.971
5.87475 145.949
5.91518 145.938
5.95545 145.921
5.99601 145.914
6.03627 145.898
6.07652 145.881
6.11707 145.874
6.15754 145.865
6.19785 145.851
6.23815 145.837
6.27853 145.825
6.31858 145.804
6.35903 145.794
6.39955 145.787
6.44024 145.785
6.48067 145.776
6.52069 145.754
6.56103 145.743
6.60136 145.731
6.64186 145.724
6.68253 145.722
6.72302 145.715
6.76343 145.705
6.80409 145.703
6.84493 145.705
6.88533 145.696
6.92527 145.675
6.96602 145.675
7.00703 145.682
7.0475 145.675
7.08752 145.656
7.12753 145.638
7.16817 145.635
7.20936 145.647
7.24991 145.643
7.2899 145.624
7.3312 145.638
7.37297 145.664
7.41285 145.643
7.45349 145.641
7.49403 145.636
7.53342 145.603
7.57356 145.589
7.61399 145.582
7.65599 145.613
7.6973 145.627
7.73843 145.637
7.77906 145.635
7.8198 145.635
7.86093 145.644
7.90207 145.654
7.9428 145.654
7.98364 145.656
8.02489 145.668
8.06666 145.692
8.10751 145.695
8.14825 145.695
8.1891 145.697
8.23006 145.702
8.2707 145.7
8.31134 145.698
8.35229 145.702
8.39358 145.714
8.43508 145.731
8.4767 145.75
8.51767 145.755
8.55887 145.765
8.59984 145.77
8.64082 145.774
8.68236 145.791
8.72424 145.815
8.76523 145.82
8.80589 145.818
8.84689 145.822
8.88823 145.834
8.92945 145.844
8.97057 145.851
9.0125 145.875
9.05433 145.897
9.09534 145.901
9.13636 145.906
9.17774 145.918
9.22006 145.949
9.26086 145.949
9.30201 145.957
9.34413 145.983
9.38589 146.002
9.42923 146.052
9.47066 146.064
9.51184 146.071
9.55401 146.098
9.59509 146.102
9.63616 146.107
9.67749 146.117
9.72019 146.153
9.76265 146.184
9.80375 146.189
9.84459 146.189
9.88683 146.215
9.92934 146.246
9.9716 146.273
10.0148 146.316
10.056 146.323
10.0977 146.337
10.1418 146.397
10.1839 146.419
10.2262 146.445
10.2686 146.471
10.3099 146.479
10.3529 146.517
10.396 146.555
10.4376 146.567
10.4802 146.599
10.5226 146.625
10.5644 146.64
10.6072 146.673
10.6492 146.69
10.6935 146.75
10.7355 146.767
10.7798 146.825
10.8231 146.866
10.8665 146.907
10.9096 146.943
10.9514 146.957
10.9943 146.988
11.0378 147.032
11.0826 147.095
11.1262 147.138
11.1684 147.157
11.2132 147.22
11.2586 147.292
11.3007 147.309
11.3443 147.351
11.3896 147.421
11.4349 147.488
11.4763 147.493
11.5217 147.564
11.5673 147.636
11.6115 147.685
11.6573 147.76
11.7012 147.804
11.7471 147.879
11.793 147.954
11.8388 148.027
11.8814 148.049
11.9313 148.186
11.9771 148.257
12.0212 148.301
12.0661 148.357
