-24.8702 83.9027
-24.8432 83.8985
-9.32343 141.449
-9.28255 141.42
-9.2425 141.407
-9.20106 141.366
-8.8222 140.869
-8.77997 140.809
-8.74032 140.8
-8.69924 140.762
-8.65686 140.698
-8.61691 140.682
-8.57501 140.627
-8.534 140.589
-8.49322 140.556
-8.45342 140.542
-8.41139 140.482
-8.37056 140.447
-8.32963 140.409
-8.28977 140.394
-8.24835 140.345
-8.20872 140.334
-8.16682 140.274
-8.12587 140.234
-8.08617 140.221
-8.04494 140.174
-8.00506 140.157
-7.96558 140.148
-7.9253 140.122
-7.88504 140.095
-7.84449 140.062
-7.80376 140.024
-7.76402 140.009
-7.7239 139.985
-7.68322 139.947
-7.64274 139.914
-7.60313 139.901
-7.56297 139.875
-7.52357 139.866
-7.48436 139.862
-7.4445 139.842
-7.40437 139.815
-7.3648 139.802
-7.32524 139.789
-7.28514 139.763
-7.24431 139.719
-7.20496 139.71
-7.16561 139.701
-7.126 139.686
-7.08675 139.68
-7.04662 139.651
-7.0072 139.64
-6.96752 139.623
-6.92759 139.598
-6.88776 139.577
-6.84828 139.563
-6.80881 139.55
-6.76909 139.531
-6.72971 139.52
-6.69017 139.505
-6.65106 139.5
-6.61178 139.492
-6.57259 139.485
-6.5334 139.479
-6.49388 139.463
-6.4547 139.457
-6.41584 139.459
-6.37594 139.433
-6.33645 139.418
-6.29704 139.405
-6.25788 139.398
-6.21895 139.398
-6.1801 139.401
-6.14109 139.399
-6.10093 139.363
-6.06178 139.357
-6.02271 139.353
-5.98357 139.346
-5.9442 139.333
-5.90513 139.329
-5.86622 139.329
-5.82701 139.32
-5.78787 139.314
-5.7486 139.303
-5.70933 139.292
-5.67042 139.292
-5.63137 139.288
-5.5926 139.293
-5.55362 139.291
-5.51429 139.278
-5.47538 139.278
-5.43668 139.284
-5.39804 139.293
-5.35906 139.291
-5.32001 139.287
-5.28157 139.303
-5.24298 139.314
-5.204 139.312
-5.16488 139.305
-5.12642 139.321
-5.08846 139.354
-5.04978 139.363
-5.01079 139.361
-4.97092 139.328
-4.93174 139.319
-4.89233 139.302
-4.85316 139.293
-4.81424 139.293
-4.7752 139.289
-4.73599 139.278
-4.69689 139.272
-4.65792 139.269
-4.61924 139.278
-4.58061 139.29
-4.5422 139.309
-4.50345 139.316
-4.46464 139.321
-4.42593 139.33
-4.38739 139.345
-4.34851 139.348
-4.30957 139.348
-4.27069 139.35
-4.23181 139.352
-4.19308 139.361
-4.15462 139.381
-4.11578 139.386
-4.07688 139.388
-4.03793 139.388
-3.99929 139.402
-3.96054 139.41
-3.92194 139.426
-3.88327 139.439
-3.84465 139.455
-3.80579 139.459
-3.76706 139.471
-3.72823 139.477
-3.68954 139.491
-3.6508 139.502
-3.61196 139.509
-3.57307 139.513
-3.53441 139.529
-3.49565 139.54
-3.4571 139.562
-3.41828 139.571
-3.37971 139.593
-3.34088 139.602
-3.30209 139.613
-3.26329 139.624
-3.22466 139.644
-3.18613 139.671
-3.14735 139.684
-3.10845 139.691
-3.06989 139.718
-3.03136 139.747
-2.99236 139.749
-2.9534 139.754
-2.91488 139.785
-2.87638 139.818
-2.83776 139.845
-2.79888 139.856
-2.76017 139.878
-2.72137 139.896
-2.68288 139.934
-2.64393 139.943
-2.60515 139.963
-2.56625 139.976
-2.52755 140.003
-2.48889 140.034
-2.44997 140.048
-2.41123 140.074
-2.37251 140.103
-2.33377 140.132
-2.29476 140.141
-2.25603 140.172
-2.21731 140.206
-2.17833 140.219
-2.13962 140.255
-2.10086 140.289
-2.06177 140.295
-2.02296 140.327
-1.98457 140.396
-1.94578 140.432
-1.90685 140.456
-1.86792 140.483
-1.82885 140.497
-1.79002 140.535
-1.71234 140.613
-1.67365 140.671
-1.63471 140.705
-1.59558 140.721
-1.55683 140.779
-1.51767 140.792
-1.47882 140.844
-1.43963 140.857
-1.40063 140.896
-1.32306 141.035
-1.28395 141.066
-1.24471 141.082
-1.20586 141.154
-1.16687 141.213
-1.12758 141.226
-1.08841 141.263
-0.697004 141.907
-0.579288 142.185
-0.50064 142.383
-0.461163 142.449
-0.421602 142.492
