-7.58166 134.144
-7.54311 134.138
-7.45807 133.948
-7.4205 133.963
-7.28535 133.496
-7.24369 133.415
-6.20048 132.035
-6.16152 132.005
-6.12265 131.976
-6.0844 131.964
-6.04464 131.911
-6.00536 131.87
-5.96707 131.856
-5.92722 131.799
-5.46294 131.469
-5.42498 131.461
-5.38635 131.433
-5.34807 131.415
-5.31019 131.409
-5.27146 131.376
-5.23254 131.338
-5.19384 131.306
-5.15561 131.288
-5.11712 131.261
-5.07884 131.241
-5.04094 131.233
-5.00249 131.207
-4.96405 131.181
-4.92481 131.128
-4.88609 131.092
-4.84836 131.088
-4.81075 131.088
-4.77302 131.084
-4.73469 131.06
-4.69679 131.05
-4.65896 131.042
-4.62077 131.022
-4.58295 131.014
-4.54478 130.994
-4.50668 130.976
-4.46881 130.966
-4.43094 130.956
-4.39319 130.95
-4.35522 130.936
-4.31753 130.932
-4.27968 130.923
-4.24141 130.896
-4.2031 130.868
-4.16527 130.858
-4.12754 130.852
-4.08946 130.832
-4.05134 130.81
-4.01363 130.804
-3.97578 130.792
-3.93778 130.774
-3.90037 130.781
-3.86287 130.783
-3.82493 130.767
-3.7871 130.755
-3.7496 130.757
-3.7121 130.759
-3.67445 130.755
-3.63649 130.737
-3.59858 130.721
-3.56091 130.715
-3.52319 130.707
-3.48547 130.699
-3.44789 130.698
-3.41048 130.704
-3.37294 130.704
-3.33506 130.688
-3.29724 130.674
-3.25958 130.668
-3.222 130.666
-3.18443 130.664
-3.14682 130.66
-3.10889 130.64
-3.07121 130.633
-3.03349 130.623
-2.99627 130.639
-2.95866 130.635
-2.92076 130.615
-2.88335 130.621
-2.84582 130.621
-2.80998 130.716
-2.76659 130.384
-2.73296 130.606
-2.69578 130.626
-2.65859 130.646
-2.62106 130.646
-2.58342 130.64
-2.54573 130.63
-2.50829 130.636
-2.47076 130.637
-2.43335 130.645
-2.39563 130.633
-2.35834 130.649
-2.32092 130.657
-2.28341 130.659
-2.24598 130.668
-2.20844 130.668
-2.1709 130.668
-2.13346 130.676
-2.09611 130.69
-2.05864 130.696
-2.02124 130.709
-1.98377 130.715
-1.94629 130.721
-1.90878 130.725
-1.87124 130.727
-1.83366 130.725
-1.79607 130.723
-1.75856 130.728
-1.72136 130.76
-1.68397 130.776
-1.6464 130.776
-1.60882 130.777
-1.57133 130.785
-1.53394 130.803
-1.49648 130.815
-1.45909 130.836
-1.4215 130.836
-1.38397 130.842
-1.34647 130.852
-1.30893 130.858
-1.27152 130.881
-1.2341 130.903
-1.19654 130.909
-1.15905 130.923
-1.12148 130.93
-1.08388 130.932
-1.04627 130.932
-1.00867 130.934
-0.971259 130.964
-0.933845 130.997
-0.896391 131.025
-0.858792 131.031
-0.821154 131.032
-0.78355 131.038
-0.745943 131.044
-0.708506 131.085
-0.670923 131.099
-0.63339 131.125
-0.595765 131.134
-0.558136 131.142
-0.520559 131.164
-0.482911 131.17
-0.445261 131.177
-0.407724 131.219
-0.370072 131.23
-0.332414 131.24
-0.294798 131.268
-0.257159 131.293
-0.219513 131.319
-0.181821 131.328
-0.144135 131.342
-0.106493 131.393
-0.068802 131.421
-0.0310995 131.452
0.00662835 131.466
0.0443582 131.491
0.0820979 131.521
0.119852 131.55
0.157615 131.56
0.195392 131.591
0.233169 131.601
0.270945 131.605
0.308779 131.659
0.346579 131.669
0.384494 131.749
0.422316 131.757
0.460188 131.788
0.498078 131.82
1.10695 132.445
1.14496 132.452
1.18325 132.503
1.25997 132.615
1.29839 132.673
1.33664 132.706
1.37478 132.72
1.41332 132.786
1.45189 132.853
1.49042 132.911
1.52882 132.95
