-5.52325 138.393
-5.48363 138.359
-5.44389 138.32
-5.28159 138.051
-5.11978 137.784
-5.08108 137.773
-4.96133 137.615
-4.92193 137.579
-4.88261 137.545
-4.84307 137.502
-4.803 137.44
-4.76284 137.374
-4.72348 137.336
-4.68425 137.302
-4.64499 137.266
-4.60591 137.236
-4.56719 137.219
-4.52739 137.162
-4.48746 137.098
-4.44839 137.066
-4.40944 137.039
-4.37084 137.024
-4.33186 136.994
-4.29284 136.962
-4.25379 136.928
-4.21527 136.916
-4.17582 136.865
-4.13686 136.833
-4.09786 136.799
-4.05939 136.787
-4.02057 136.759
-3.98161 136.725
-3.94271 136.694
-3.90393 136.666
-3.8654 136.649
-3.82674 136.626
-3.78827 136.611
-3.74949 136.582
-3.71108 136.569
-3.67218 136.533
-3.63375 136.518
-3.5951 136.493
-3.55633 136.461
-3.51783 136.442
-3.47904 136.409
-3.44039 136.381
-3.40214 136.373
-3.36389 136.364
-3.32544 136.345
-3.2872 136.337
-3.24864 136.312
-3.21029 136.297
-3.1716 136.263
-3.1333 136.251
-3.09509 136.242
-3.05681 136.229
-3.01838 136.208
-2.98 136.189
-2.94163 136.171
-2.90323 136.15
-2.86494 136.135
-2.82656 136.114
-2.78839 136.105
-2.75016 136.093
-2.712 136.084
-2.67381 136.074
-2.63566 136.065
-2.59742 136.051
-2.55918 136.036
-2.52085 136.015
-2.48275 136.008
-2.44472 136.006
-2.40659 135.998
-2.36838 135.983
-2.33003 135.958
-2.29186 135.945
-2.25387 135.945
-2.2159 135.947
-2.17785 135.943
-2.13975 135.935
-2.10163 135.924
-2.06359 135.92
-2.02557 135.918
-1.98736 135.899
-1.94932 135.895
-1.91129 135.89
-1.87324 135.884
-1.83516 135.876
-1.79714 135.871
-1.75911 135.867
-1.72113 135.867
-1.68311 135.863
-1.64505 135.854
-1.60695 135.842
-1.56893 135.837
-1.53098 135.839
-1.49306 135.846
-1.4551 135.848
-1.41709 135.843
-1.37908 135.839
-1.34102 135.829
-1.30306 135.831
-1.265 135.82
-1.2271 135.828
-1.18914 135.83
-1.15116 135.83
-1.11316 135.826
-1.0752 135.828
-1.03722 135.828
-0.999237 135.826
-0.961301 135.832
-0.923411 135.846
-0.885491 135.857
-0.847633 135.88
-0.809625 135.875
-0.77165 135.877
-0.733703 135.886
-0.695734 135.89
-0.657709 135.881
-0.619696 135.875
-0.581702 135.873
-0.543739 135.879
-0.505759 135.881
-0.467758 135.877
-0.429765 135.874
-0.391791 135.879
-0.35383 135.889
-0.315864 135.899
-0.27789 135.908
-0.239912 135.916
-0.201937 135.928
-0.163942 135.93
-0.125941 135.928
-0.087937 135.922
-0.0499559 135.942
-0.0119623 135.957
0.0260407 135.961
0.0640458 135.961
0.102052 135.971
0.140065 135.986
0.178088 136.007
0.216106 136.011
0.254124 136.013
0.292159 136.027
0.330196 136.04
0.368208 136.033
0.406224 136.031
0.444266 136.042
0.482337 136.062
0.520418 136.083
0.558513 136.106
0.596574 136.114
0.634687 136.137
0.672773 136.15
0.71098 136.194
0.749059 136.2
0.78715 136.208
0.825234 136.214
0.863398 136.237
0.901491 136.244
0.939608 136.254
0.977829 136.283
1.01602 136.304
1.05412 136.308
1.09234 136.333
1.13054 136.352
1.1688 136.379
1.20692 136.383
1.24507 136.392
1.28355 136.446
1.32187 136.476
1.36014 136.497
1.39852 136.53
1.43671 136.538
1.47494 136.551
1.51327 136.576
1.55144 136.58
1.58984 136.61
1.62828 136.643
1.66674 136.677
1.70515 136.704
1.74343 136.717
1.78191 136.748
1.8204 136.78
1.8589 136.811
1.89737 136.839
1.93592 136.872
1.97451 136.908
2.01297 136.931
2.0513 136.942
2.08988 136.973
2.12852 137.009
2.16718 137.045
2.20583 137.079
2.28316 137.146
2.36062 137.218
2.39974 137.282
2.43848 137.316
2.47715 137.343
2.59419 137.492
2.63298 137.523
3.66546 139.279
3.70502 139.32
3.92648 140.6
