-24.8698 83.9006
-24.8434 83.8995
8.39074 121.159
8.42446 121.138
8.45913 121.135
8.49284 121.113
9.05983 119.493
9.09371 119.482
9.12492 119.427
9.15487 119.351
9.18613 119.297
9.31022 119.072
9.53077 118.747
9.56316 118.716
9.59682 118.706
9.62822 118.66
9.65798 118.588
9.68998 118.552
9.7212 118.505
9.75491 118.496
9.78742 118.469
9.81871 118.423
9.8832 118.361
9.91543 118.331
9.94654 118.283
9.97996 118.271
10.0125 118.246
10.1067 118.12
10.1388 118.089
10.1723 118.079
10.2051 118.059
10.2362 118.013
10.2699 118.006
10.3034 117.998
10.3344 117.952
10.3653 117.904
10.3986 117.893
10.4311 117.869
10.4623 117.827
10.4959 117.82
10.5282 117.795
10.5603 117.766
10.5924 117.737
10.6243 117.707
10.6564 117.678
10.6902 117.675
10.7227 117.653
10.7547 117.624
10.7871 117.6
10.8207 117.595
10.8521 117.558
10.8836 117.523
10.9165 117.508
10.9493 117.491
10.9821 117.474
11.016 117.472
11.0494 117.464
11.0809 117.43
11.1133 117.409
11.1446 117.372
11.1782 117.367
11.2112 117.353
11.2436 117.333
11.2772 117.328
11.3111 117.326
11.3431 117.301
11.3753 117.278
11.4081 117.262
11.4413 117.252
11.474 117.236
11.5058 117.207
11.5389 117.197
11.5722 117.189
11.6051 117.175
11.6385 117.169
11.6712 117.152
11.7029 117.123
11.736 117.113
11.7698 117.112
11.8034 117.108
11.8368 117.102
11.8698 117.09
11.902 117.068
11.9346 117.052
11.9674 117.038
12.0008 117.031
12.0343 117.026
12.0682 117.026
12.1011 117.015
12.132 116.978
12.164 116.955
12.1972 116.946
12.2312 116.948
12.2652 116.95
12.2987 116.945
12.3315 116.931
12.3645 116.921
12.3978 116.915
12.4311 116.908
12.4644 116.901
12.4973 116.89
12.5302 116.878
12.5641 116.878
12.5985 116.885
12.6329 116.891
12.6672 116.896
12.7007 116.893
12.7329 116.873
12.7655 116.858
12.799 116.855
12.8323 116.848
12.8659 116.845
12.8997 116.845
12.9335 116.845
12.9682 116.855
13.0032 116.868
13.0387 116.887
13.0728 116.89
13.1054 116.875
13.1379 116.86
13.1709 116.85
13.2018 116.817
13.234 116.798
13.2671 116.79
13.3012 116.793
13.3358 116.802
13.37 116.807
13.4039 116.807
13.4375 116.805
13.4705 116.795
13.5031 116.782
13.5366 116.778
13.5707 116.782
13.6047 116.783
13.6387 116.785
13.6728 116.789
13.7066 116.789
13.7407 116.792
13.7746 116.792
13.8084 116.792
13.8422 116.792
13.876 116.792
13.9098 116.792
13.9438 116.794
13.9781 116.799
14.0122 116.802
14.046 116.802
14.0802 116.805
14.1149 116.816
14.1495 116.824
14.1835 116.826
14.2178 116.831
14.252 116.834
14.2863 116.839
14.3201 116.839
14.3541 116.841
14.3889 116.851
14.4236 116.861
14.4578 116.864
14.4929 116.878
14.5274 116.884
14.5615 116.888
14.5968 116.903
14.6313 116.909
14.6663 116.921
14.7003 116.923
14.7346 116.928
14.7689 116.933
14.8031 116.936
14.8371 116.938
14.8711 116.94
14.9078 116.968
14.9428 116.98
14.9776 116.99
15.013 117.005
15.046 116.997
15.0807 117.005
15.1149 117.008
15.1496 117.017
15.1841 117.023
15.2212 117.055
15.2589 117.094
15.2929 117.096
15.3273 117.101
15.3636 117.124
15.3981 117.131
15.432 117.131
15.4695 117.166
15.5046 117.178
15.539 117.183
15.5734 117.188
15.6113 117.227
15.6476 117.25
15.6827 117.262
15.7185 117.28
15.7546 117.3
15.7897 117.312
15.8278 117.353
15.863 117.364
15.8976 117.371
15.9335 117.39
15.9685 117.4
16.0045 117.42
16.0411 117.445
16.0792 117.484
16.1135 117.487
16.1482 117.494
16.1848 117.519
16.2215 117.545
16.2572 117.562
16.2939 117.587
16.3315 117.621
16.3671 117.636
16.4033 117.656
16.4397 117.678
16.4755 117.695
16.5135 117.732
16.549 117.746
16.588 117.791
16.6251 117.82
16.6623 117.849
16.6997 117.879
16.7367 117.906
16.7735 117.932
16.8124 117.976
16.8495 118.003
16.8848 118.015
16.9266 118.085
16.9641 118.115
17.002 118.149
17.0412 118.195
17.0785 118.224
17.1159 118.253
17.1534 118.283
17.1931 118.333
17.2332 118.386
17.2708 118.416
17.3106 118.466
17.3468 118.485
17.3863 118.531
17.4245 118.567
17.4692 118.659
17.5079 118.698
17.548 118.75
17.5905 118.821
17.6319 118.883
17.6728 118.942
17.7127 118.99
17.7507 119.022
17.7896 119.062
