-19.6542 129.599
-19.6122 129.554
-19.5648 129.464
-19.5215 129.407
-19.484 129.399
-19.4464 129.391
-19.4064 129.362
-18.8064 128.603
-18.7691 128.596
-18.6886 128.53
-18.648 128.493
-18.6058 128.443
-18.5683 128.433
-18.5308 128.424
-18.4455 128.314
-18.4054 128.281
-18.366 128.254
-18.3292 128.25
-18.2922 128.244
-18.2523 128.213
-18.2097 128.157
-18.1697 128.125
-18.1301 128.096
-18.0905 128.067
-18.0533 128.059
-18.0166 128.055
-17.9756 128.013
-17.9382 128.004
-17.901 127.996
-17.8594 127.948
-17.8224 127.942
-17.7827 127.911
-17.7435 127.884
-17.7055 127.869
-17.6665 127.844
-17.6277 127.821
-17.591 127.817
-17.5543 127.814
-17.5151 127.787
-17.4736 127.739
-17.4367 127.733
-17.3996 127.725
-17.3615 127.708
-17.3242 127.699
-17.2865 127.685
-17.248 127.664
-17.2115 127.662
-17.1728 127.639
-17.1351 127.626
-17.0966 127.605
-17.0594 127.595
-17.0205 127.571
-16.9834 127.563
-16.9466 127.557
-16.9087 127.542
-16.8701 127.519
-16.833 127.511
-16.7968 127.511
-16.7596 127.502
-16.7207 127.477
-16.6841 127.473
-16.6481 127.475
-16.6113 127.469
-16.5727 127.447
-16.5351 127.433
-16.4986 127.431
-16.4616 127.424
-16.4246 127.416
-16.3882 127.414
-16.3523 127.418
-16.3163 127.42
-16.2791 127.411
-16.2406 127.388
-16.2028 127.372
-16.166 127.367
-16.1294 127.363
-16.0926 127.357
-16.0562 127.355
-16.02 127.355
-15.9828 127.346
-15.9462 127.342
-15.9103 127.346
-15.8741 127.346
-15.8373 127.34
-15.8011 127.34
-15.7652 127.344
-15.7286 127.34
-15.6922 127.338
-15.6562 127.34
-15.6188 127.329
-15.5815 127.318
-15.5447 127.312
-15.5081 127.308
-15.4715 127.304
-15.4358 127.31
-15.4003 127.318
-15.3641 127.318
-15.3271 127.31
-15.2909 127.31
-15.2547 127.31
-15.2184 127.31
-15.1824 127.312
-15.1465 127.316
-15.1104 127.318
-15.0745 127.322
-15.0383 127.322
-15.0028 127.33
-14.9672 127.337
-14.9315 127.343
-14.8954 127.345
-14.8587 127.339
-14.5092 123.947
-14.4709 123.916
-14.43 123.857
-14.7133 127.336
-14.6781 127.347
-14.6427 127.357
-14.6078 127.372
-14.5719 127.376
-14.2161 123.846
-14.4997 127.38
-14.4639 127.386
-14.4282 127.392
-14.3929 127.403
-14.3575 127.413
-14.3223 127.424
-14.2868 127.434
-14.2509 127.438
-14.2149 127.441
-14.1795 127.451
-14.1435 127.455
-14.1085 127.47
-14.0732 127.482
-14.0378 127.491
-14.002 127.497
-13.9672 127.515
-13.932 127.528
-13.8963 127.536
-13.8604 127.54
-13.8249 127.549
-13.7907 127.574
-13.7558 127.591
-13.7196 127.593
-13.6833 127.593
-13.6492 127.62
-13.6147 127.642
-13.5799 127.661
-13.5442 127.669
-13.5093 127.686
-13.4736 127.694
-13.4393 127.719
-13.4034 127.724
-13.3672 127.726
-13.3327 127.749
-13.2981 127.771
-13.2644 127.803
-13.2289 127.815
-13.1936 127.828
-13.1588 127.848
-13.1228 127.854
-13.0872 127.863
-13.0527 127.886
-13.0184 127.913
-12.9837 127.935
-12.9482 127.946
-12.9124 127.954
-12.8778 127.977
-12.8455 128.029
-12.8098 128.039
-12.7751 128.062
-12.7393 128.07
-12.7052 128.101
-12.6707 128.126
-12.6367 128.157
-12.6008 128.165
-12.5664 128.192
-12.5321 128.221
-12.4967 128.234
-12.4616 128.254
-12.4254 128.258
-12.3911 128.287
-12.3571 128.32
-12.3209 128.324
-12.2864 128.351
-12.2542 128.409
-12.2221 128.467
-12.1865 128.481
-12.1518 128.506
-12.1177 128.539
-12.0833 128.568
-12.0476 128.58
-12.0124 128.6
-11.9765 128.609
-11.9419 128.637
-11.8778 128.761
-11.8449 128.812
-11.8089 128.822
-11.7734 128.837
-11.7377 128.851
-11.703 128.878
-11.669 128.915
-11.6378 128.992
-11.6038 129.031
-11.1041 129.781
-11.0698 129.821
-11.034 129.837
-10.9975 129.843
-10.9622 129.866
-10.9292 129.926
-10.8389 130.234
-10.8039 130.266
-10.771 130.328
