-25.4714 161.161
-25.0899 160.2
-25.0446 160.181
-24.9972 160.147
-24.9511 160.123
-24.5693 159.475
-24.5201 159.424
-24.473 159.39
-24.4292 159.382
-24.377 159.307
-24.3249 159.232
-24.2802 159.216
-24.2292 159.15
-24.0835 159.009
-24.0365 158.974
-23.9889 158.934
-23.7446 158.682
-23.701 158.675
-23.6573 158.667
-23.6108 158.635
-23.5627 158.59
-23.5149 158.548
-23.4675 158.508
-23.4239 158.501
-23.3769 158.464
-23.3323 158.448
-23.2888 158.44
-23.2389 158.379
-23.1915 158.34
-23.1483 158.335
-23.1048 158.327
-23.0581 158.293
-23.0108 158.253
-22.967 158.243
-22.9204 158.209
-22.8769 158.201
-22.8337 158.196
-22.7837 158.133
-22.7402 158.125
-22.693 158.085
-22.6489 158.072
-22.606 158.07
-22.5626 158.062
-22.5166 158.034
-22.4735 158.029
-22.43 158.021
-22.3823 157.976
-22.3386 157.966
-22.2951 157.958
-22.2511 157.945
-22.2067 157.93
-22.1597 157.89
-22.116 157.88
-22.0728 157.875
-22.0303 157.875
-21.9878 157.876
-21.9444 157.868
-21.9012 157.863
-21.8584 157.861
-21.8153 157.855
-21.7672 157.805
-21.7229 157.79
-21.6801 157.788
-21.6367 157.78
-21.5915 157.756
-21.5487 157.754
-21.5062 157.754
-21.4625 157.744
-21.4189 157.734
-21.3763 157.734
-21.335 157.745
-21.2933 157.753
-21.2511 157.756
-21.2066 157.738
-21.1623 157.722
-21.1198 157.722
-21.0779 157.728
-21.0353 157.728
-20.9928 157.729
-20.9489 157.716
-20.9058 157.711
-20.8624 157.703
-20.8193 157.698
-20.7768 157.698
-20.7323 157.68
-20.6912 157.693
-20.6515 157.72
-20.6078 157.71
-20.565 157.707
-20.5219 157.702
-20.4794 157.703
-20.4383 157.716
-20.4004 157.761
-20.3612 157.793
-20.3184 157.791
-20.2731 157.765
-20.2239 157.702
-20.1811 157.699
-20.1413 157.726
-20.1037 157.774
-20.0589 157.753
-20.0156 157.745
-19.9741 157.756
-19.9353 157.793
-19.8925 157.791
-19.8483 157.775
-19.8049 157.768
-19.7613 157.757
-19.7187 157.758
-19.6818 157.813
-19.6381 157.803
-19.5916 157.764
-19.5487 157.761
-19.5096 157.796
-19.4683 157.809
-19.4279 157.831
-19.3868 157.847
-19.3461 157.866
-19.3053 157.885
-19.2653 157.911
-19.2246 157.93
-19.183 157.941
-19.1409 157.946
-19.0983 157.947
-19.0562 157.952
-19.0143 157.96
-18.9735 157.979
-18.9339 158.011
-18.8931 158.03
-18.852 158.046
-18.8104 158.057
-18.7687 158.068
-18.7268 158.076
-18.689 158.127
-18.6476 158.14
-18.6057 158.149
-18.5645 158.165
-18.5231 158.178
-18.4844 158.221
-18.4425 158.229
-18.4008 158.24
-18.3606 158.267
-18.3194 158.283
-18.2814 158.334
-18.2406 158.356
-18.1994 158.372
-18.1562 158.367
-18.1142 158.375
-18.0746 158.41
-18.0356 158.45
-17.9963 158.487
-17.954 158.493
-17.9122 158.504
-17.8726 158.539
-17.8364 158.611
-17.797 158.649
-17.7549 158.657
-16.8405 159.483
-16.8014 159.529
-16.7597 159.545
-16.7261 159.656
-16.6879 159.713
-16.6496 159.769
-16.6074 159.781
-16.5653 159.792
-16.5249 159.824
-16.4889 159.908
-16.4141 160.047
-16.3748 160.093
-16.3382 160.172
-16.3031 160.27
-16.2653 160.335
-16.2259 160.381
-16.1878 160.444
-16.1501 160.512
-16.1115 160.57
-16.0762 160.668
-16.0416 160.774
-16.002 160.821
-15.8214 164.039
-15.78 164.073
-15.7364 164.079
-15.6926 164.082
