6.1733 110.612
6.20384 110.571
6.23143 110.463
6.26165 110.416
6.30588 109.952
6.33742 109.938
6.38477 109.557
6.41554 109.529
6.44704 109.517
6.47773 109.487
6.55399 109.053
6.5855 109.044
6.67314 108.869
6.70398 108.847
6.7353 108.835
6.99415 108.264
7.02538 108.254
7.05516 108.215
7.2027 107.995
7.37866 107.724
7.49605 107.553
7.52647 107.531
7.58782 107.498
7.61782 107.469
7.64726 107.43
7.67833 107.421
7.70766 107.38
7.73753 107.35
7.76715 107.315
7.79827 107.308
7.8285 107.285
7.85768 107.243
7.88781 107.219
7.91769 107.19
7.94763 107.162
7.97683 107.122
8.00691 107.097
8.03591 107.054
8.06522 107.017
8.09642 107.013
8.12753 107.007
8.15739 106.979
8.18666 106.942
8.21674 106.919
8.24581 106.879
8.2768 106.872
8.30601 106.834
8.3369 106.826
8.36804 106.821
8.3985 106.806
8.42946 106.798
8.45965 106.778
8.48887 106.742
8.5186 106.715
8.54849 106.691
8.57942 106.684
8.60991 106.669
8.6403 106.654
8.6683 106.599
8.69814 106.575
8.72823 106.555
8.75894 106.545
8.78992 106.539
8.82053 106.528
8.85095 106.514
8.88074 106.489
8.91042 106.464
8.94137 106.458
8.97222 106.451
9.00206 106.428
9.03281 106.419
9.06356 106.411
9.09486 106.411
9.12578 106.405
9.15391 106.357
9.18482 106.351
9.21591 106.348
9.24635 106.335
9.27706 106.327
9.30587 106.29
9.33619 106.275
9.36545 106.246
9.39622 106.238
9.42738 106.237
9.45806 106.228
9.48776 106.206
9.51843 106.197
9.5487 106.183
9.57896 106.169
9.60961 106.16
9.64055 106.156
9.67159 106.153
9.70282 106.153
9.73385 106.15
9.76369 106.13
9.79422 106.12
9.82384 106.098
9.85335 106.074
9.88395 106.065
9.91547 106.069
9.94698 106.074
9.97717 106.059
10.0073 106.044
10.0375 106.031
10.0678 106.018
10.0989 106.017
10.1304 106.021
10.161 106.013
10.1918 106.007
10.2228 106.005
10.2537 106.001
10.284 105.988
10.3147 105.983
10.3453 105.974
10.3757 105.964
10.4064 105.957
10.4374 105.956
10.4685 105.954
10.4995 105.952
10.5302 105.946
10.5606 105.936
10.5918 105.936
10.6234 105.942
10.6538 105.932
10.6829 105.905
10.7132 105.894
10.7449 105.901
10.7765 105.906
10.8085 105.918
10.8411 105.936
10.8718 105.93
10.901 105.905
10.9318 105.901
10.9633 105.905
10.9941 105.901
11.025 105.896
11.0554 105.888
11.086 105.881
11.1176 105.886
11.1497 105.898
11.1803 105.891
11.2108 105.884
11.2416 105.879
11.2727 105.878
11.3039 105.879
11.3348 105.877
11.3657 105.874
11.397 105.875
11.4287 105.882
11.4603 105.888
11.4918 105.892
11.5232 105.895
11.5545 105.896
11.5858 105.899
11.6175 105.905
11.649 105.909
11.6803 105.912
11.7116 105.913
11.743 105.916
11.774 105.915
11.8045 105.908
11.8358 105.909
11.8674 105.915
11.8997 105.928
11.9318 105.939
11.9633 105.943
11.9947 105.946
12.0263 105.952
12.058 105.957
12.0898 105.966
12.1209 105.964
12.1524 105.969
12.1838 105.971
12.2154 105.977
12.2472 105.984
12.2795 105.997
12.311 106.001
12.3428 106.008
12.3744 106.014
12.4052 106.01
12.4364 106.01
12.4683 106.018
12.5015 106.041
12.5329 106.044
12.5646 106.049
12.5966 106.059
12.6293 106.076
12.6608 106.079
12.6918 106.078
12.7218 106.065
12.7541 106.078
12.7871 106.098
12.8188 106.103
12.8497 106.1
12.8822 106.115
12.9144 106.126
12.9469 106.14
12.9787 106.147
13.0131 106.181
13.0463 106.203
13.0795 106.224
13.1111 106.228
13.144 106.247
13.1759 106.254
13.2088 106.272
13.2411 106.284
13.2743 106.305
13.3074 106.325
13.3389 106.328
13.3708 106.335
13.4035 106.35
13.4365 106.369
13.4695 106.387
13.5013 106.393
13.5361 106.43
13.5682 106.439
13.5998 106.443
13.6345 106.479
13.668 106.501
13.7014 106.523
13.7349 106.546
13.7667 106.551
13.7999 106.571
13.8334 106.594
13.8667 106.614
13.8986 106.621
13.9318 106.64
13.9653 106.663
13.9977 106.674
14.0325 106.709
14.0643 106.714
14.0975 106.733
14.1319 106.764
14.1672 106.803
14.2011 106.829
14.236 106.865
14.2682 106.873
14.4726 107.033
14.5439 107.116
14.576 107.123
15.357 107.96
15.5107 108.21
15.545 108.235
15.5814 108.279
