-24.8698 83.9006
-24.8439 83.9015
-19.5804 170.699
-19.534 170.69
-19.1345 170.316
-19.0857 170.28
-19.0391 170.269
-18.9897 170.227
-18.7979 170.121
-18.7497 170.091
-18.704 170.089
-18.6574 170.077
-18.6085 170.039
-18.5625 170.033
-18.5162 170.025
-18.4651 169.962
-18.4189 169.954
-18.3727 169.945
-18.3232 169.901
-18.2738 169.856
-18.2278 169.851
-18.1819 169.845
-18.1354 169.834
-18.085 169.777
-18.0386 169.766
-17.9926 169.76
-17.947 169.758
-17.8984 169.722
-17.8517 169.708
-17.805 169.694
-17.7589 169.685
-17.7117 169.665
-17.6655 169.656
-17.6183 169.636
-17.5722 169.627
-17.5265 169.625
-17.4799 169.611
-17.4332 169.596
-17.3866 169.582
-17.3415 169.585
-17.2948 169.571
-17.2474 169.547
-17.2013 169.539
-17.1559 169.54
-17.1096 169.528
-17.0612 169.493
-17.0154 169.487
-16.9705 169.494
-16.9251 169.494
-16.88 169.498
-16.8353 169.508
-16.7902 169.511
-16.7443 169.506
-16.6982 169.497
-16.6514 169.48
-16.6051 169.469
-16.5594 169.466
-16.5143 169.47
-16.4694 169.476
-16.4247 169.486
-16.3801 169.495
-16.3352 169.502
-16.2893 169.497
-16.2437 169.494
-16.1976 169.486
-16.151 169.471
-16.1063 169.481
-16.0647 169.53
-16.0218 169.563
-15.9739 169.531
-15.9296 169.546
-15.8849 169.556
-15.8377 169.532
-15.7906 169.512
-15.7448 169.506
-15.7008 169.525
-15.6556 169.529
-15.6104 169.532
-15.5654 169.539
-15.52 169.539
-15.4742 169.534
-15.4296 169.546
-15.3849 169.556
-15.3406 169.572
-15.2967 169.593
-15.2526 169.612
-15.208 169.624
-15.1635 169.637
-15.1187 169.647
-15.0733 169.647
-15.0269 169.636
-14.9815 169.636
-14.9369 169.649
-14.8934 169.676
-14.8492 169.695
-14.8044 169.705
-14.76 169.72
-14.7152 169.73
-14.6699 169.733
-14.627 169.77
-14.5836 169.801
-14.5388 169.81
-14.4933 169.811
-14.4492 169.832
-14.405 169.851
-14.3614 169.879
-14.3163 169.885
-14.2714 169.895
-14.2267 169.908
-14.1834 169.941
-14.1389 169.957
-14.0948 169.979
-14.0495 169.982
-14.0052 170.001
-13.9629 170.05
-13.9197 170.086
-13.8746 170.093
-13.829 170.094
-13.7844 170.109
-13.7416 170.152
-13.6982 170.186
-13.6538 170.205
-13.611 170.247
-13.5668 170.269
-13.5231 170.3
-13.4797 170.334
-13.435 170.349
-13.3923 170.395
-13.349 170.432
-13.3043 170.448
-13.2633 170.521
-13.2188 170.54
-13.1738 170.553
-13.1303 170.587
-13.0855 170.602
-13.0423 170.642
-12.9992 170.686
-12.9547 170.704
-12.9136 170.781
-12.8692 170.803
-12.8278 170.873
-12.7839 170.904
-12.7422 170.972
-12.6973 170.988
-12.6549 171.043
-12.612 171.092
-12.5686 171.132
-12.5255 171.179
-12.4826 171.228
-12.4397 171.278
-12.3947 171.293
-12.3537 171.377
-12.3109 171.429
-12.2677 171.476
-12.1442 171.723
-12.1009 171.769
-12.0576 171.816
-12.0144 171.865
-11.3847 174.724
-11.3409 174.778
-11.2978 174.845
-11.2523 174.868
-11.1916 174.603
-11.1442 174.587
