33.5719 164.664
33.615 164.655
33.6623 164.672
33.7144 164.717
33.7707 164.789
33.8186 164.809
33.8512 164.737
33.8705 164.584
33.8517 164.203
33.8652 164.017
33.9063 163.996
33.546 159.487
33.5875 159.476
33.6225 159.426
33.6469 159.314
33.6754 159.227
33.7132 159.194
33.744 159.12
33.7971 158.924
33.8264 158.842
33.8678 158.831
33.9082 158.814
33.943 158.765
33.9778 158.716
34.0191 158.705
34.0581 158.68
34.0882 158.604
34.1839 158.408
34.2242 158.392
34.2528 158.308
34.2883 158.264
34.3234 158.218
34.3529 158.139
34.3926 158.12
34.4244 158.055
34.4659 158.047
34.4958 157.971
34.5355 157.952
34.5714 157.912
34.6101 157.887
34.646 157.846
34.6842 157.819
34.7252 157.808
34.7611 157.768
34.7983 157.735
34.8336 157.692
34.8747 157.681
34.9123 157.651
34.9481 157.611
34.98 157.549
35.0177 157.519
35.0591 157.51
35.101 157.505
35.1424 157.497
35.1772 157.451
35.2167 157.432
35.2557 157.41
35.2899 157.362
35.3269 157.329
35.3611 157.281
35.4025 157.272
35.4448 157.269
35.4852 157.256
35.5164 157.191
35.5529 157.156
35.5952 157.153
35.6375 157.15
35.6749 157.121
35.7119 157.089
35.7536 157.083
35.7944 157.072
35.8309 157.037
35.8663 156.997
35.9071 156.986
35.9503 156.988
35.9891 156.966
36.026 156.934
36.0608 156.891
36.1021 156.883
36.1443 156.88
36.1845 156.866
36.2198 156.826
36.2591 156.807
36.2993 156.794
36.3351 156.756
36.3738 156.735
36.4164 156.734
36.4571 156.723
36.4909 156.675
36.5271 156.641
36.5633 156.606
36.6059 156.605
36.648 156.602
36.6906 156.602
36.7302 156.586
36.7679 156.559
36.807 156.54
36.8456 156.519
36.8792 156.471
36.9108 156.412
36.9504 156.396
36.9964 156.414
37.0435 156.438
37.0895 156.456
37.1471 156.535
37.1932 156.553
37.2288 156.516
37.2673 156.494
37.3109 156.499
37.3504 156.483
37.3894 156.464
37.4295 156.451
37.473 156.456
37.5166 156.461
37.5576 156.453
37.5991 156.447
37.6412 156.444
37.6832 156.441
37.7242 156.433
37.7652 156.425
37.8093 156.432
37.8543 156.445
37.8953 156.437
37.9358 156.426
37.9778 156.423
38.0203 156.423
38.0629 156.422
38.0982 156.385
38.1381 156.371
38.1883 156.411
38.234 156.426
38.2775 156.431
38.3185 156.423
38.3584 156.41
38.4045 156.428
38.4496 156.441
38.4942 156.451
38.5409 156.472
38.5828 156.469
38.6248 156.466
38.6668 156.463
38.7083 156.457
38.7487 156.446
38.7859 156.42
38.8331 156.443
38.8777 156.453
38.9218 156.461
38.9643 156.461
39.0015 156.434
39.0472 156.449
39.0939 156.47
39.1395 156.486
39.1809 156.48
39.2224 156.475
39.2675 156.488
39.3211 156.543
39.3668 156.558
39.4109 156.566
39.4636 156.616
39.5087 156.629
39.5534 156.639
39.6018 156.668
39.6464 156.678
39.6911 156.689
39.7347 156.694
39.7761 156.688
39.8186 156.688
39.8671 156.717
39.9188 156.761
39.9678 156.793
40.0125 156.803
40.0621 156.837
40.1133 156.88
40.1624 156.911
40.2076 156.924
40.2496 156.921
40.2927 156.924
40.338 156.936
40.3877 156.971
40.4302 156.97
40.4673 156.943
40.5186 156.986
40.5744 157.049
40.6136 157.033
40.6617 157.059
40.7065 157.07
40.7568 157.107
40.8066 157.141
40.9045 157.201
40.9521 157.225
40.9969 157.235
41.0535 157.302
41.1045 157.342
