5.96576 149.603
6.00517 149.554
6.28864 148.243
6.43937 147.898
6.89392 147.022
6.93316 146.991
6.97221 146.955
7.04819 146.83
7.08826 146.822
7.1276 146.796
7.16757 146.787
7.27995 146.567
7.31865 146.526
7.35836 146.512
7.39722 146.476
7.43512 146.417
7.55001 146.273
7.58974 146.261
7.6284 146.224
7.66588 146.158
7.70548 146.143
7.74321 146.084
7.78289 146.073
7.82167 146.039
7.86033 146.004
7.90008 145.995
7.93912 145.969
7.97886 145.959
8.01646 145.9
8.05577 145.881
8.09446 145.848
8.13303 145.813
8.17158 145.778
8.21022 145.745
8.25 145.738
8.28872 145.707
8.32827 145.695
8.3656 145.634
8.40523 145.625
8.4439 145.594
8.48331 145.58
8.52304 145.573
8.56179 145.544
8.60128 145.532
8.63979 145.5
8.67927 145.488
8.71808 145.462
8.75711 145.441
8.7969 145.436
8.83624 145.422
8.87569 145.41
8.91423 145.379
8.95174 145.328
8.99195 145.332
9.0308 145.309
9.06895 145.271
9.10765 145.245
9.14762 145.245
9.18759 145.245
9.22708 145.235
9.26599 145.214
9.3056 145.207
9.34437 145.184
9.38325 145.162
9.42236 145.146
9.46159 145.132
9.50128 145.127
9.54073 145.117
9.57933 145.092
9.61792 145.066
9.65747 145.059
9.69739 145.058
9.73718 145.056
9.77673 145.048
9.81639 145.044
9.85642 145.046
9.89583 145.036
9.93524 145.027
9.97502 145.024
10.0143 145.012
10.0533 144.996
10.0922 144.977
10.1312 144.96
10.1708 144.955
10.2103 144.948
10.2495 144.936
10.2895 144.938
10.3298 144.945
10.3686 144.926
10.4076 144.91
10.4464 144.891
10.4869 144.902
10.526 144.888
10.5663 144.895
10.6063 144.897
10.6465 144.904
10.685 144.88
10.7234 144.854
10.7649 144.882
10.8065 144.912
10.8454 144.895
10.8845 144.881
10.9247 144.888
10.9654 144.901
11.0065 144.922
11.0467 144.926
11.0854 144.907
11.1247 144.898
11.1644 144.895
11.2043 144.895
11.244 144.892
11.2835 144.887
11.3235 144.889
11.3638 144.896
11.4042 144.905
11.4451 144.921
11.4851 144.923
11.5245 144.916
11.5642 144.913
11.6045 144.92
11.6454 144.936
11.6863 144.952
11.7266 144.958
11.7663 144.956
11.8063 144.958
11.8466 144.964
11.8864 144.964
11.9263 144.964
11.9663 144.966
12.0067 144.975
12.0472 144.984
12.0877 144.993
12.1281 145.001
12.1688 145.013
12.2097 145.029
12.2513 145.054
12.2914 145.058
12.3315 145.06
12.372 145.069
12.4126 145.08
12.4529 145.087
12.4939 145.103
12.5355 145.128
12.5764 145.142
12.6164 145.144
12.6569 145.153
12.6984 145.176
12.7389 145.184
12.7795 145.193
12.8208 145.214
12.8628 145.244
12.9032 145.25
12.9434 145.255
12.9837 145.259
13.0255 145.287
13.0661 145.296
13.108 145.323
13.1502 145.355
13.191 145.367
13.2309 145.366
13.2727 145.392
13.3131 145.398
13.3559 145.437
13.3982 145.47
13.4386 145.476
13.4808 145.506
13.5218 145.52
13.5641 145.552
13.6051 145.566
13.6487 145.614
13.6911 145.646
13.7321 145.66
13.7728 145.669
13.8169 145.725
13.8578 145.736
13.9003 145.768
13.9427 145.801
13.984 145.817
14.0284 145.875
14.0711 145.909
14.1131 145.935
14.1544 145.951
14.1975 145.99
14.2402 146.025
14.283 146.06
14.326 146.097
14.3689 146.134
14.4138 146.194
14.4548 146.206
14.4959 146.219
14.5386 146.252
14.582 146.294
14.6273 146.359
14.6732 146.432
14.7167 146.474
14.758 146.487
14.803 146.548
14.8485 146.614
