-24.8719 83.9108
-24.8434 83.8995
-21.2526 132.204
-21.2146 132.197
-21.1769 132.191
-20.7976 131.82
-20.5147 131.623
-20.4749 131.599
-20.4373 131.593
-20.3965 131.561
-20.3533 131.51
-20.3152 131.5
-20.2335 131.434
-20.1932 131.406
-20.1554 131.399
-20.1186 131.399
-20.0786 131.373
-20.0348 131.315
-19.9937 131.28
-19.9562 131.274
-19.9172 131.256
-19.8794 131.248
-19.8419 131.243
-19.8046 131.239
-19.765 131.215
-19.7244 131.183
-19.681 131.128
-19.6432 131.12
-19.6027 131.088
-19.5652 131.083
-19.5282 131.081
-19.4891 131.061
-19.4511 131.051
-19.4127 131.038
-19.3739 131.02
-19.3357 131.008
-19.2975 130.997
-19.2594 130.985
-19.2226 130.985
-19.1824 130.955
-19.1443 130.944
-19.1059 130.93
-19.0687 130.926
-19.0312 130.921
-18.9931 130.909
-18.9557 130.903
-18.9185 130.899
-18.8815 130.898
-18.8416 130.87
-18.8016 130.842
-18.7642 130.837
-18.7277 130.839
-18.6907 130.837
-18.6506 130.807
-18.6114 130.786
-18.5742 130.782
-18.5377 130.784
-18.5021 130.794
-18.4656 130.797
-18.4273 130.783
-18.3896 130.775
-18.3529 130.775
-18.3163 130.778
-18.2792 130.774
-18.2411 130.762
-18.2033 130.753
-18.1663 130.751
-18.13 130.755
-18.0919 130.743
-18.055 130.742
-18.0176 130.736
-17.9802 130.73
-17.9426 130.722
-17.9052 130.717
-17.8684 130.717
-17.8319 130.719
-17.7953 130.721
-17.7592 130.727
-17.7229 130.732
-17.6842 130.714
-17.6464 130.704
-17.6103 130.71
-17.5742 130.717
-17.538 130.723
-17.5017 130.727
-17.4651 130.729
-17.4284 130.729
-17.3918 130.732
-17.355 130.732
-17.3185 130.734
-17.2829 130.746
-17.2478 130.762
-17.2119 130.771
-17.1767 130.787
-17.1408 130.795
-17.1066 130.821
-17.0698 130.821
-17.0334 130.825
-16.9956 130.816
-16.9607 130.834
-16.9234 130.83
-16.8862 130.826
-16.8496 130.828
-16.8126 130.827
-16.7756 130.825
-16.739 130.827
-16.7026 130.831
-16.6662 130.836
-16.6294 130.836
-16.5913 130.824
-16.5545 130.824
-16.5191 130.838
-16.4829 130.845
-16.4457 130.841
-16.4088 130.841
-16.373 130.851
-16.3377 130.867
-16.3025 130.884
-16.2664 130.892
-16.2302 130.898
-16.1943 130.908
-16.158 130.914
-16.1224 130.926
-16.0873 130.945
-16.0521 130.963
-16.0172 130.983
-15.9809 130.989
-15.9448 130.997
-15.9091 131.009
-15.8743 131.032
-15.8388 131.046
-15.8028 131.056
-15.7667 131.064
-15.7308 131.074
-15.6948 131.085
-15.6598 131.105
-15.6242 131.119
-15.5877 131.123
-15.5521 131.137
-15.5178 131.166
-15.4824 131.182
-15.4475 131.204
-15.4115 131.214
-15.377 131.24
-15.3426 131.269
-15.306 131.273
-15.2695 131.277
-15.2347 131.301
-15.2005 131.332
-15.1646 131.344
-15.1302 131.372
-15.0936 131.376
-15.0588 131.401
-15.0249 131.435
-14.9907 131.465
-14.9555 131.485
-14.9192 131.494
-14.8845 131.52
-14.8493 131.54
-14.8146 131.567
-14.7799 131.593
-14.7441 131.607
-14.7105 131.646
-14.6743 131.656
-14.6383 131.668
-14.6037 131.697
-14.5711 131.747
-14.5347 131.755
-14.5006 131.79
-14.4663 131.822
-14.4301 131.833
-14.3976 131.885
-14.3617 131.899
-14.3315 131.98
-14.2952 131.991
-14.2585 131.995
-14.2248 132.036
-14.1918 132.084
-14.1567 132.109
-14.1204 132.119
-14.0858 132.15
-14.0491 132.156
-14.0186 132.235
-13.9865 132.296
-13.9504 132.311
-13.9163 132.347
-13.8817 132.38
-13.8469 132.409
-13.812 132.437
-13.7773 132.468
-13.7428 132.503
-13.7111 132.57
-13.679 132.633
-13.6423 132.642
-13.2434 133.261
-13.2093 133.304
-13.1769 133.368
-12.7663 134.388
