-4.64338 159.939
-4.59834 159.885
-4.55358 159.842
-4.28469 159.548
-4.24013 159.508
-4.19558 159.467
-4.15157 159.451
-4.10711 159.413
-4.06266 159.375
-4.01796 159.324
-3.9735 159.283
-3.929 159.24
-3.88435 159.189
-3.83995 159.148
-3.79582 159.121
-3.75212 159.116
-3.70832 159.106
-3.66336 159.033
-3.61948 159.017
-3.57471 158.952
-3.53106 158.947
-3.48696 158.917
-3.44326 158.909
-3.39915 158.877
-3.35532 158.861
-3.31159 158.851
-3.26755 158.821
-3.22339 158.784
-3.17964 158.77
-3.13507 158.706
-3.09134 158.692
-3.04766 158.682
-3.00386 158.663
-2.9601 158.647
-2.91615 158.618
-2.87242 158.602
-2.82869 158.586
-2.7845 158.538
-2.74102 158.538
-2.6975 158.536
-2.6539 158.528
-2.61021 158.512
-2.56651 158.496
-2.52297 158.491
-2.47935 158.481
-2.43558 158.457
-2.39194 158.444
-2.34844 158.441
-2.30478 158.425
-2.26122 158.418
-2.21757 158.402
-2.17396 158.389
-2.13036 158.375
-2.08664 158.351
-2.04299 158.333
-1.99949 158.328
-1.95596 158.32
-1.91246 158.315
-1.86901 158.315
-1.82547 158.305
-1.78187 158.289
-1.73829 158.273
-1.69466 158.252
-1.65115 158.244
-1.60777 158.25
-1.56442 158.261
-1.52087 158.248
-1.47729 158.229
-1.43376 158.216
-1.39021 158.2
-1.34673 158.192
-1.30325 158.185
-1.25977 158.177
-1.21638 158.183
-1.17296 158.183
-1.12948 158.175
-1.08598 158.162
-1.04244 158.141
-0.999035 158.144
-0.955778 158.176
-0.912246 158.155
-0.868786 158.147
-0.806032 153.763
-0.763399 153.722
-0.720938 153.72
-0.678341 153.681
-0.65164 158.141
-0.608207 158.139
-0.564701 158.112
-0.521413 158.158
-0.477991 158.161
-0.434587 158.172
-0.391178 158.183
-0.347784 158.205
-0.304357 158.214
-0.260921 158.219
-0.217486 158.228
-0.174041 158.231
-0.130597 158.236
-0.0871511 158.245
-0.0437013 158.253
-0.000245515 158.254
0.0432108 158.257
0.0866708 158.268
0.130135 158.276
0.173614 158.301
0.217094 158.314
0.260579 158.326
0.304068 158.337
0.347567 158.351
0.391068 158.362
0.434563 158.367
0.47805 158.368
0.521556 158.376
0.565082 158.39
0.608636 158.412
0.65216 158.42
0.695749 158.448
0.739285 158.456
0.782815 158.462
0.826433 158.489
0.869996 158.5
0.913576 158.514
0.957212 158.539
1.00078 158.547
1.04433 158.55
1.08789 158.556
1.13146 158.562
1.17501 158.564
1.21892 158.627
1.26285 158.69
1.30663 158.723
1.35034 158.745
1.39381 158.729
1.43741 158.732
1.48144 158.794
1.52513 158.808
1.569 158.844
1.61267 158.852
1.65656 158.888
1.70033 158.907
1.74423 158.94
1.78819 158.978
1.8319 158.987
1.87587 159.022
1.91962 159.034
1.96335 159.042
2.00767 159.11
2.05142 159.119
2.09551 159.16
2.13931 159.171
2.1834 159.21
2.36001 159.369
2.4039 159.383
2.44852 159.457
2.49281 159.501
2.5366 159.504
2.58043 159.51
2.89142 159.838
2.93633 159.912
2.98083 159.956
3.0258 160.031
3.0703 160.072
