-12.153 136.757
-11.9484 136.58
-11.9078 136.548
-11.8675 136.521
-11.8268 136.487
-11.7453 136.419
-11.7049 136.389
-11.6658 136.379
-11.6269 136.37
-11.585 136.319
-11.5461 136.311
-11.5039 136.254
-11.4646 136.239
-11.4247 136.216
-11.386 136.211
-11.3473 136.205
-11.3072 136.18
-11.2671 136.152
-11.2279 136.14
-11.1872 136.104
-11.1473 136.079
-11.1088 136.077
-11.0684 136.045
-11.0279 136.011
-10.9877 135.981
-10.9492 135.977
-10.9107 135.975
-10.872 135.969
-10.8321 135.944
-10.7931 135.933
-10.7522 135.891
-10.7135 135.885
-10.6747 135.877
-10.636 135.87
-10.596 135.843
-10.5562 135.818
-10.5174 135.81
-10.4787 135.803
-10.4392 135.782
-10.4005 135.776
-10.3617 135.768
-10.3217 135.738
-10.283 135.732
-10.2446 135.73
-10.2059 135.722
-10.1669 135.709
-10.1282 135.703
-10.0893 135.693
-10.0498 135.672
-10.011 135.661
-9.97222 135.653
-9.93372 135.649
-9.89535 135.647
-9.85661 135.639
-9.81775 135.628
-9.77926 135.624
-9.74041 135.614
-9.70181 135.607
-9.6632 135.601
-9.62448 135.593
-9.58564 135.583
-9.54728 135.581
-9.50904 135.581
-9.47091 135.583
-9.43219 135.575
-9.39325 135.562
-9.35478 135.558
-9.31665 135.56
-9.27794 135.552
-9.23924 135.544
-9.20123 135.548
-9.16298 135.548
-9.1244 135.542
-9.08593 135.538
-9.04768 135.538
-9.00966 135.543
-8.9713 135.541
-8.93294 135.539
-8.89469 135.539
-8.85644 135.539
-8.81819 135.539
-8.78005 135.541
-8.74169 135.539
-8.70376 135.546
-8.66647 135.565
-8.62842 135.569
-8.39453 131.699
-8.35784 131.713
-8.32156 131.735
-8.47431 135.549
-8.43542 135.536
-8.39664 135.526
-8.35921 135.543
-8.32157 135.556
-8.2833 135.556
-8.24473 135.55
-8.20646 135.55
-8.16819 135.55
-8.13052 135.563
-8.09315 135.582
-8.05527 135.591
-8.01719 135.595
-7.97911 135.6
-7.94121 135.608
-7.90322 135.615
-7.86503 135.617
-7.82693 135.621
-7.7896 135.643
-7.75178 135.653
-7.71367 135.658
-7.67603 135.673
-7.63877 135.696
-7.60083 135.705
-7.5626 135.707
-7.52447 135.711
-7.48671 135.724
-7.44995 135.76
-7.4119 135.767
-7.37383 135.773
-7.33577 135.78
-7.2977 135.786
-7.25963 135.793
-7.22218 135.814
-7.18436 135.827
-7.14698 135.851
-7.10888 135.857
-7.07087 135.866
-7.03338 135.887
-6.99535 135.896
-6.95733 135.904
-6.91998 135.93
-6.88245 135.951
-6.84423 135.956
-6.80626 135.967
-6.76887 135.992
-6.73156 136.02
-6.69373 136.035
-6.65548 136.039
-6.61855 136.078
-6.58069 136.093
-6.54332 136.121
-6.50497 136.123
-6.46645 136.121
-6.42825 136.128
-6.39219 136.192
-6.355 136.226
-6.31677 136.232
-6.27854 136.239
-6.20399 136.305
-6.1675 136.361
-6.12923 136.368
-6.09103 136.376
-6.05343 136.402
-6.01612 136.436
-5.97879 136.471
-5.94048 136.477
-5.90291 136.505
-5.86459 136.512
-5.82808 136.572
-5.79068 136.606
-5.75226 136.611
-5.71476 136.643
-5.67739 136.68
-5.64 136.716
-5.6028 136.759
-5.56517 136.789
-5.52725 136.811
-5.48898 136.822
-5.45117 136.848
-5.41356 136.88
-5.26453 137.061
-5.22669 137.09
-5.18833 137.1
-5.15074 137.137
-5.11395 137.202
-5.07606 137.23
-5.03822 137.261
-4.4789 138.106
-4.44086 138.141
-4.40423 138.233
-4.36707 138.305
-4.32917 138.349
-4.29249 138.443
-4.03416 139.088
-3.8927 141.584
-3.8542 141.641
-3.81887 141.848
