-16.3195 153.896
-16.2651 153.749
-16.2197 153.706
-16.1777 153.703
-16.1327 153.666
-16.0852 153.597
-16.0396 153.552
-15.8011 153.194
-15.7584 153.181
-15.7167 153.181
-15.6722 153.146
-15.6241 153.068
-15.5763 152.993
-15.5309 152.947
-15.4834 152.875
-15.4412 152.867
-15.399 152.86
-15.2623 152.712
-15.2197 152.7
-15.1758 152.67
-15.1312 152.632
-15.0887 152.62
-15.0426 152.562
-14.9998 152.547
-14.9553 152.51
-14.9111 152.475
-14.8682 152.457
-14.8243 152.428
-14.7821 152.418
-14.7384 152.39
-14.6942 152.355
-14.6494 152.313
-14.6052 152.278
-14.5626 152.263
-14.5187 152.231
-14.4764 152.221
-14.4327 152.191
-14.3907 152.184
-14.3471 152.156
-14.3049 152.147
-14.2607 152.109
-14.2189 152.104
-14.1748 152.07
-14.131 152.037
-14.089 152.03
-14.0468 152.02
-14.0032 151.99
-13.9599 151.966
-13.9178 151.956
-13.8764 151.956
-13.8352 151.958
-13.7927 151.944
-13.7482 151.901
-13.7059 151.889
-13.6647 151.892
-13.622 151.874
-13.5779 151.837
-13.5356 151.825
-13.4946 151.83
-13.4527 151.823
-13.4106 151.813
-13.3675 151.788
-13.3256 151.781
-13.283 151.763
-13.2411 151.756
-13.1992 151.749
-13.158 151.751
-13.1168 151.754
-13.0752 151.751
-13.033 151.739
-12.9894 151.707
-12.9472 151.695
-12.9058 151.695
-12.8643 151.692
-12.8218 151.675
-12.7799 151.668
-12.738 151.66
-12.6965 151.658
-12.6553 151.661
-12.6138 151.658
-12.5714 151.643
-12.5309 151.656
-12.4897 151.658
-12.4483 151.659
-12.4067 151.654
-12.366 151.664
-12.3246 151.664
-12.2835 151.669
-12.242 151.667
-12.2005 151.664
-12.1591 151.664
-12.1179 151.667
-12.0766 151.667
-12.0349 151.662
-11.9927 151.65
-11.9501 151.63
-11.9087 151.63
-11.8683 151.645
-11.8268 151.643
-11.7871 151.67
-11.7461 151.675
-11.7068 151.71
-11.6652 151.705
-11.6241 151.71
-11.5819 151.698
-11.5401 151.691
-11.4978 151.676
-11.4554 151.658
-11.4139 151.656
-11.374 151.681
-11.333 151.689
-11.2921 151.696
-11.2513 151.706
-11.2102 151.711
-11.1687 151.709
-11.1276 151.714
-11.0872 151.731
-11.0479 151.766
-11.0071 151.776
-10.9656 151.776
-10.9245 151.781
-10.8837 151.792
-10.8429 151.802
-10.8014 151.802
-10.7605 151.809
-10.7199 151.824
-10.6792 151.837
-10.6393 151.864
-10.599 151.884
-10.5583 151.897
-10.5176 151.912
-10.4769 151.924
-10.436 151.934
-10.3957 151.954
-10.3543 151.957
-10.3136 151.97
-10.2732 151.99
-10.232 151.995
-10.1922 152.025
-10.1516 152.042
-10.1116 152.07
-10.0707 152.08
-10.0304 152.102
-9.98891 152.102
-9.94768 152.107
-9.90685 152.12
-9.86862 152.183
-9.82789 152.198
-9.7869 152.208
-9.74667 152.233
-9.70657 152.26
-9.66581 152.275
-9.62491 152.288
-9.58529 152.326
-9.54412 152.333
-9.50422 152.366
-9.46417 152.396
-9.42324 152.409
-9.38329 152.441
-9.34358 152.479
-9.30385 152.517
-9.26386 152.549
-9.22264 152.557
-9.18153 152.567
-9.14151 152.6
-9.10075 152.617
-9.06202 152.678
-9.02112 152.693
-8.9808 152.72
-8.94083 152.756
-8.90037 152.781
-8.86096 152.829
-8.82012 152.846
-8.78032 152.887
-8.74167 152.952
-8.70091 152.973
-8.66187 153.031
-8.62062 153.041
-8.5796 153.056
-8.54073 153.119
-8.50092 153.162
-8.46223 153.23
-8.4216 153.256
-8.38141 153.291
-8.34008 153.301
-8.3013 153.37
-8.26272 153.443
-8.223 153.491
-8.18261 153.524
-8.14122 153.534
-8.10102 153.572
-8.06242 153.649
