-24.8707 83.9047
-24.8439 83.9015
0.628127 126.098
0.699473 125.927
0.735361 125.907
0.771091 125.852
0.806544 125.743
0.842186 125.683
0.877896 125.642
0.913499 125.584
0.949087 125.528
1.09113 125.295
1.12659 125.239
1.16228 125.22
1.19766 125.159
1.23307 125.105
1.26861 125.071
1.30382 124.997
1.33914 124.941
1.37477 124.927
1.41024 124.893
1.44556 124.845
1.48119 124.834
1.51667 124.806
1.55191 124.754
1.58727 124.717
1.62264 124.684
1.65782 124.632
1.69324 124.606
1.7288 124.595
1.76389 124.54
1.79901 124.49
1.83449 124.475
1.86962 124.429
1.90489 124.398
1.94017 124.368
1.97527 124.324
2.0107 124.31
2.04587 124.275
2.08091 124.23
2.11624 124.21
2.1514 124.177
2.18678 124.163
2.22216 124.148
2.25745 124.128
2.29273 124.107
2.32819 124.1
2.36338 124.074
2.39823 124.027
2.43356 124.012
2.46843 123.968
2.50348 123.937
2.53884 123.926
2.57392 123.899
2.60894 123.867
2.64403 123.842
2.67913 123.818
2.71448 123.809
2.74969 123.793
2.78506 123.785
2.82039 123.776
2.85577 123.771
2.89057 123.732
2.92592 123.725
2.96116 123.712
2.99578 123.667
3.03107 123.657
3.06646 123.654
3.10128 123.621
3.13659 123.614
3.1719 123.606
3.2072 123.599
3.24176 123.555
3.27693 123.543
3.31221 123.535
3.34692 123.501
3.38215 123.492
3.41715 123.472
3.45236 123.463
3.48762 123.455
3.52295 123.452
3.55804 123.437
3.59324 123.428
3.62864 123.428
3.66396 123.424
3.6989 123.404
3.73392 123.388
3.7688 123.366
3.80389 123.354
3.83892 123.339
3.87378 123.317
3.90907 123.314
3.94445 123.314
3.97941 123.297
4.01447 123.285
4.04979 123.283
4.08553 123.297
4.121 123.301
4.15614 123.292
4.19146 123.29
4.22649 123.277
4.26162 123.268
4.29635 123.245
4.33141 123.234
4.36672 123.232
4.40197 123.228
4.43718 123.223
4.47218 123.21
4.50732 123.203
4.54246 123.196
4.57765 123.19
4.61295 123.189
4.64835 123.19
4.68364 123.189
4.71904 123.191
4.75444 123.192
4.78979 123.192
4.82497 123.187
4.86009 123.18
4.89532 123.176
4.93038 123.167
4.96641 123.189
5.0037 123.251
5.03975 123.272
5.075 123.269
5.11019 123.263
5.14454 123.232
5.17948 123.22
5.21394 123.193
5.24898 123.183
5.2842 123.18
5.31942 123.176
5.35483 123.178
5.39035 123.184
5.42538 123.174
5.46072 123.174
5.49644 123.185
5.53216 123.196
5.56783 123.205
5.60318 123.205
5.63813 123.195
5.67315 123.185
5.70862 123.189
5.7443 123.198
5.78011 123.211
5.81585 123.222
5.8514 123.227
5.88689 123.231
5.92245 123.236
5.9578 123.236
5.99315 123.236
6.02871 123.242
6.06441 123.251
6.09963 123.247
6.13526 123.255
6.17104 123.266
6.20647 123.267
6.24162 123.262
6.27712 123.266
6.3132 123.284
6.34878 123.289
6.38415 123.289
6.41951 123.289
6.45494 123.291
6.49091 123.306
6.52687 123.32
6.56337 123.347
6.59921 123.358
6.63481 123.364
6.67111 123.386
6.70673 123.391
6.74227 123.395
6.77797 123.402
6.81437 123.426
6.85008 123.433
6.88563 123.437
6.92206 123.46
6.95843 123.482
6.99407 123.488
7.0298 123.495
7.06545 123.5
7.10201 123.526
7.1375 123.528
7.17391 123.55
7.21024 123.57
7.24625 123.583
7.28378 123.628
7.31963 123.637
7.35635 123.665
7.39205 123.67
7.42766 123.674
7.46345 123.681
7.50002 123.705
7.53774 123.752
7.57373 123.763
7.60937 123.767
7.64651 123.802
7.68279 123.818
7.71924 123.838
7.75535 123.851
7.79282 123.892
7.82868 123.899
7.86435 123.903
7.90094 123.925
7.9381 123.958
7.97517 123.989
8.01217 124.018
8.04909 124.046
8.08621 124.077
8.12325 124.106
8.1602 124.134
8.19622 124.143
8.23282 124.163
8.26885 124.172
8.3069 124.22
8.34528 124.273
8.38134 124.283
8.41828 124.308
8.45583 124.345
8.49299 124.375
8.52968 124.395
8.56598 124.408
8.60588 124.487
8.68106 124.559
8.71933 124.607
8.75548 124.616
8.83274 124.724
8.86913 124.737
8.90761 124.787
8.94631 124.84
8.98515 124.896
9.02286 124.931
9.06016 124.959
9.2557 125.251
9.29333 125.283
9.32988 125.296
9.36775 125.331
9.41246 125.482
9.45039 125.518
9.48701 125.531
9.60735 125.744
9.90106 126.435
9.93908 126.467
9.97571 126.476
