2.36659 133.971
2.47679 133.678
2.51419 133.633
2.55144 133.579
2.58883 133.536
2.62555 133.449
2.66254 133.383
2.69957 133.321
2.73693 133.282
2.77427 133.243
2.8112 133.179
2.84806 133.113
2.88531 133.072
2.92209 133.004
2.95894 132.943
2.99591 132.889
3.03322 132.856
3.07051 132.824
3.10724 132.76
3.14479 132.744
3.18159 132.687
3.21836 132.629
3.25533 132.584
3.29217 132.533
3.32974 132.521
3.36663 132.474
3.40393 132.45
3.44066 132.397
3.47773 132.362
3.51484 132.329
3.55197 132.299
3.58946 132.287
3.62606 132.232
3.66349 132.218
3.70009 132.165
3.7375 132.151
3.77397 132.094
3.811 132.063
3.84807 132.035
3.88516 132.008
3.92262 131.998
3.96003 131.986
3.99648 131.933
4.03301 131.885
4.07029 131.869
4.10732 131.842
4.14473 131.832
4.18149 131.796
4.21873 131.78
4.25622 131.774
4.2932 131.747
4.33043 131.731
4.36687 131.685
4.40412 131.671
4.44042 131.62
4.4776 131.604
4.51456 131.58
4.55157 131.558
4.58867 131.54
4.62555 131.513
4.66291 131.505
4.70027 131.497
4.73729 131.477
4.7743 131.457
4.81159 131.447
4.84858 131.427
4.88586 131.417
4.92278 131.395
4.95987 131.379
4.99629 131.34
5.0333 131.322
5.07055 131.312
5.10809 131.312
5.14557 131.31
5.18237 131.286
5.21922 131.264
5.25644 131.254
5.29322 131.23
5.33011 131.21
5.36744 131.204
5.40476 131.198
5.44183 131.184
5.47882 131.168
5.51627 131.166
5.55371 131.164
5.59055 131.144
5.62746 131.126
5.66469 131.118
5.70205 131.114
5.73921 131.104
5.77644 131.096
5.81338 131.08
5.85038 131.066
5.88759 131.058
5.92465 131.046
5.96186 131.038
5.99927 131.036
6.03661 131.032
6.07387 131.026
6.11062 131.006
6.14744 130.988
6.18491 130.988
6.22291 131.003
6.26031 131.001
6.29711 130.983
6.33428 130.975
6.3716 130.971
6.40922 130.975
6.44654 130.971
6.4837 130.963
6.52046 130.945
6.55777 130.941
6.59531 130.943
6.63254 130.937
6.67008 130.939
6.7081 130.953
6.74565 130.955
6.78303 130.953
6.82026 130.947
6.85715 130.933
6.89461 130.933
6.9324 130.942
6.96878 130.916
7.00616 130.914
7.04378 130.918
7.08141 130.922
7.11938 130.934
7.15684 130.934
7.1943 130.934
7.23185 130.936
7.26958 130.942
7.30721 130.946
7.34468 130.946
7.38223 130.948
7.41996 130.954
7.4577 130.961
7.49526 130.963
7.53272 130.963
7.5701 130.961
7.60784 130.967
7.64614 130.985
7.68398 130.993
7.72164 130.997
7.75958 131.007
7.79762 131.019
7.83557 131.029
7.87268 131.022
7.90978 131.014
7.94745 131.018
7.9856 131.032
8.02356 131.042
8.06173 131.056
8.09941 131.06
8.1371 131.064
8.17498 131.072
8.21296 131.082
8.25135 131.101
8.28955 131.115
8.32725 131.119
8.36515 131.127
8.40346 131.143
8.44128 131.149
8.4794 131.161
8.51722 131.167
8.55524 131.178
8.59369 131.196
8.63183 131.208
8.6705 131.23
8.70855 131.24
8.74724 131.262
8.7853 131.273
8.82326 131.281
8.86155 131.295
8.89952 131.303
8.93771 131.315
8.9773 131.354
9.0154 131.364
9.0535 131.374
9.09238 131.398
9.13104 131.418
9.16905 131.426
9.20729 131.439
9.24542 131.449
9.28489 131.483
9.32349 131.501
9.36333 131.542
9.40184 131.558
9.44114 131.589
9.47955 131.603
9.51796 131.617
9.55581 131.621
9.59435 131.637
9.63417 131.676
9.67285 131.694
9.71212 131.723
9.75117 131.747
9.78952 131.759
9.83037 131.814
9.86862 131.824
9.90772 131.849
9.94743 131.883
9.98703 131.916
10.0253 131.926
10.066 131.977
10.1057 132.009
10.1451 132.038
10.1836 132.05
10.2244 132.101
10.2631 132.117
10.3042 132.172
10.3441 132.209
10.3855 132.268
10.4241 132.28
10.4621 132.285
10.5011 132.305
10.5407 132.334
10.5807 132.37
10.6207 132.405
10.6606 132.438
10.9524 132.858
10.9924 132.891
11.0343 132.953
11.0734 132.971
11.117 133.058
11.1597 133.13
11.2019 133.194
11.2441 133.258
11.2866 133.326
11.3288 133.388
11.3708 133.448
11.4114 133.487
11.4525 133.533
11.6396 134.044
11.6808 134.088
11.7215 134.125
