29.7892 156.774
29.8006 156.567
29.818 156.399
29.8402 156.264
29.851 156.055
30.09 151.076
30.1249 151.033
30.1605 150.995
30.1957 150.955
30.2257 150.882
30.2585 150.827
30.2869 150.744
30.3185 150.681
30.3584 150.671
30.3943 150.636
30.4338 150.623
30.4637 150.551
30.5003 150.521
30.5394 150.505
30.5696 150.435
30.6086 150.42
30.6505 150.423
30.71 150.278
30.7449 150.238
30.7803 150.2
30.8184 150.18
30.8501 150.12
30.885 150.08
30.9223 150.055
30.9547 150.001
30.994 149.988
31.0297 149.953
31.0649 149.916
31.1038 149.901
31.1439 149.893
31.1774 149.846
31.215 149.823
31.2526 149.801
31.2927 149.793
31.3311 149.776
31.3634 149.721
31.4017 149.704
31.4401 149.686
31.4789 149.671
31.5148 149.639
31.5536 149.624
31.5899 149.594
31.6241 149.552
31.6591 149.515
31.6945 149.48
31.7336 149.467
31.7727 149.455
31.806 149.408
31.8426 149.381
31.8817 149.368
31.9237 149.373
31.9586 149.336
31.9944 149.304
32.0351 149.301
32.0754 149.296
32.1082 149.246
32.1439 149.214
32.1812 149.192
32.2223 149.192
32.2605 149.174
32.2987 149.157
32.3385 149.149
32.3784 149.142
32.4165 149.124
32.45 149.08
32.4885 149.065
32.5292 149.062
32.569 149.055
32.6075 149.04
32.6397 148.988
32.676 148.961
32.7133 148.939
32.756 148.949
32.7975 148.951
32.8381 148.948
32.8766 148.933
32.9142 148.913
32.9523 148.896
32.9911 148.884
33.0292 148.866
33.0676 148.851
33.1073 148.844
33.1458 148.829
33.1859 148.824
33.2287 148.834
33.2753 148.865
33.3211 148.892
33.3565 148.86
33.3892 148.813
33.4254 148.786
33.4717 148.815
33.5157 148.832
33.5624 148.864
33.5982 148.834
33.6348 148.81
33.6745 148.802
33.7133 148.79
33.7538 148.787
33.7966 148.797
33.8371 148.794
33.8763 148.784
33.9182 148.789
33.9601 148.793
33.9997 148.786
34.0394 148.778
34.0799 148.776
34.1182 148.761
34.1601 148.766
34.2019 148.77
34.2429 148.77
34.2848 148.775
34.3248 148.77
34.3645 148.762
34.405 148.759
34.4441 148.75
34.4828 148.737
34.5242 148.739
34.5697 148.764
34.6156 148.79
34.6575 148.795
34.6971 148.787
34.7412 148.804
34.783 148.809
34.824 148.809
34.864 148.804
34.9032 148.794
34.9432 148.789
34.985 148.793
35.0319 148.825
35.0752 148.837
35.1161 148.837
35.1543 148.822
35.1989 148.841
35.2449 148.868
35.2877 148.878
35.3295 148.882
35.3746 148.904
35.4156 148.904
35.457 148.906
35.4975 148.903
35.5384 148.903
35.5817 148.915
35.6286 148.947
35.6696 148.947
35.7091 148.939
35.751 148.944
35.7887 148.926
35.8347 148.953
35.878 148.965
35.9316 149.031
35.9786 149.063
36.0191 149.06
36.0549 149.033
36.0968 149.038
36.1443 149.072
36.1867 149.079
36.2385 149.135
36.2823 149.15
36.3232 149.149
36.3632 149.144
36.4104 149.176
36.4599 149.22
36.5089 149.261
36.5513 149.269
36.599 149.303
36.64 149.302
36.6862 149.329
36.7296 149.341
36.7782 149.38
36.8269 149.42
36.8804 149.483
36.9233 149.493
36.9711 149.527
37.0135 149.534
37.0598 149.561
37.1028 149.571
37.1477 149.59
37.1998 149.647
37.2491 149.689
37.3033 149.755
37.3473 149.769
37.3942 149.799
37.534 149.882
37.5888 149.951
37.6407 150.005
37.6945 150.069
37.7386 150.084
