-24.8722 83.9118
-24.8432 83.8985
-12.8865 168.148
-12.8404 168.134
-12.7389 167.954
-12.6929 167.939
-12.6434 167.869
-12.5949 167.813
-12.5438 167.716
-12.0601 167.157
-12.0144 167.145
-11.9669 167.102
-11.917 167.017
-11.8695 166.973
-11.8226 166.938
-11.7768 166.924
-11.7294 166.881
-11.6323 166.752
-11.5869 166.744
-11.5416 166.736
-11.4939 166.686
-11.4469 166.649
-11.4019 166.646
-11.3567 166.641
-11.3091 166.591
-11.2603 166.519
-11.2151 166.513
-11.1698 166.505
-11.1229 166.467
-11.0757 166.424
-11.0287 166.383
-10.9834 166.375
-10.938 166.364
-10.8909 166.32
-10.8458 166.315
-10.7993 166.283
-10.7525 166.246
-10.7071 166.235
-10.6614 166.217
-10.6148 166.183
-10.5696 166.175
-10.5232 166.143
-10.4767 166.108
-10.4304 166.08
-10.3837 166.042
-10.339 166.043
-10.2941 166.04
-10.2492 166.037
-10.2035 166.017
-10.1584 166.012
-10.1134 166.007
-10.0681 165.995
-10.0228 165.984
-9.97777 165.979
-9.9319 165.956
-9.88675 165.947
-9.8416 165.939
-9.79575 165.916
-9.75061 165.908
-9.70465 165.882
-9.65924 165.868
-9.61452 165.868
-9.57022 165.877
-9.52509 165.869
-9.47983 165.858
-9.43471 165.849
-9.38959 165.841
-9.34488 165.841
-9.30029 165.845
-9.25544 165.842
-9.20954 165.816
-9.16457 165.811
-9.11998 165.814
-9.07514 165.811
-9.03004 165.803
-8.98494 165.795
-8.93985 165.786
-8.89488 165.781
-8.84992 165.775
-8.80496 165.77
-8.76 165.765
-8.71441 165.745
-8.66934 165.736
-8.62414 165.725
-8.57931 165.722
-8.53534 165.74
-8.49039 165.735
-8.44676 165.761
-8.40169 165.753
-8.35721 165.759
-8.31321 165.777
-8.26884 165.786
-8.22482 165.803
-8.18032 165.809
-8.13536 165.804
-8.09098 165.813
-8.04647 165.819
-8.00071 165.793
-7.95564 165.785
-7.91125 165.794
-7.86652 165.794
-7.82201 165.8
-7.7776 165.809
-7.73408 165.842
-7.68988 165.857
-7.64579 165.874
-7.60147 165.886
-7.55682 165.889
-7.51206 165.89
-7.4674 165.893
-7.42264 165.893
-7.37788 165.894
-7.33406 165.92
-7.29043 165.952
-7.24607 165.964
-7.20149 165.97
-7.15732 165.988
-7.11365 166.02
-7.06926 166.032
-7.02456 166.036
-6.97986 166.039
-6.93506 166.039
-6.89085 166.057
-6.84653 166.072
-6.80279 166.104
-6.75835 166.116
-6.71392 166.128
-6.67023 166.163
-6.62568 166.172
-6.58113 166.181
-6.53666 166.193
-6.49266 166.22
-6.44882 166.252
-6.40424 166.261
-6.35956 166.267
-6.31488 166.273
-6.27037 166.285
-6.22747 166.35
-6.18294 166.362
-6.13823 166.368
-6.09422 166.397
-6.05054 166.438
-6.00615 166.456
-5.96167 166.471
-5.91769 166.503
-5.87361 166.533
-5.82894 166.542
-5.78434 166.554
-5.74056 166.595
-5.69717 166.651
-5.56686 166.819
-5.52226 166.834
-5.47828 166.872
-5.43359 166.884
-5.38873 166.89
-5.30168 167.005
-5.25793 167.056
-5.21416 167.106
-5.16961 167.127
-5.12543 167.162
-5.0805 167.168
-5.03652 167.213
-4.99344 167.295
-4.94869 167.31
-4.90549 167.39
-4.86071 167.405
-4.68444 167.592
-4.63953 167.604
-4.59728 167.735
-4.55424 167.833
-4.50999 167.877
-4.46559 167.916
-4.42053 167.925
-4.37642 167.979
-4.07146 168.581
-4.02711 168.635
