-12.724 152.543
-12.6787 152.497
-12.1984 151.607
-12.1537 151.566
-12.1089 151.524
-11.7883 151.108
-11.6526 150.95
-11.4287 150.717
-11.3862 150.708
-11.3418 150.668
-11.2975 150.628
-11.2554 150.623
-11.2115 150.591
-11.1656 150.523
-11.1211 150.478
-11.0775 150.449
-11.0349 150.436
-10.9904 150.392
-10.9467 150.359
-10.904 150.345
-10.8601 150.31
-10.8167 150.283
-10.7741 150.268
-10.7282 150.198
-10.6846 150.166
-10.6431 150.171
-10.6007 150.162
-10.5567 150.122
-10.5141 150.107
-10.4705 150.075
-10.4284 150.07
-10.3854 150.048
-10.3431 150.039
-10.2994 150.004
-10.2553 149.962
-10.2116 149.927
-10.1693 149.918
-10.1272 149.91
-10.084 149.883
-10.0417 149.874
-9.9981 149.839
-9.95583 149.829
-9.91278 149.805
-9.87079 149.8
-9.82919 149.803
-9.78707 149.796
-9.74443 149.779
-9.70103 149.747
-9.65803 149.722
-9.61363 149.67
-9.57116 149.655
-9.5287 149.641
-9.48675 149.636
-9.44442 149.624
-9.4026 149.622
-9.36077 149.62
-9.3187 149.613
-9.27565 149.586
-9.23371 149.581
-9.19165 149.574
-9.14935 149.562
-9.10669 149.542
-9.06464 149.535
-9.022 149.515
-8.97972 149.503
-8.9378 149.499
-8.89671 149.512
-8.8542 149.494
-8.81135 149.47
-8.76979 149.473
-8.72822 149.476
-8.68654 149.476
-8.64509 149.481
-8.6034 149.482
-8.56229 149.494
-8.52037 149.49
-8.47767 149.468
-8.43532 149.453
-8.39352 149.451
-8.35173 149.449
-8.30972 149.442
-8.26738 149.427
-8.22505 149.412
-8.18304 149.405
-8.1418 149.415
-8.10066 149.428
-8.05855 149.419
-8.01548 149.387
-7.97339 149.377
-7.93192 149.382
-7.88972 149.37
-7.84628 149.328
-7.80358 149.304
-7.76316 149.334
-7.72077 149.317
-7.6785 149.302
-7.63673 149.3
-7.59698 149.347
-7.55561 149.355
-7.51403 149.358
-7.47454 149.413
-7.43315 149.421
-7.39135 149.419
-7.34995 149.426
-7.30942 149.457
-7.2683 149.472
-7.22736 149.492
-7.18708 149.53
-7.14536 149.53
-7.10383 149.535
-7.06257 149.548
-7.02122 149.558
-6.97968 149.563
-6.93813 149.569
-6.89686 149.582
-6.85603 149.607
-6.81474 149.619
-6.77336 149.63
-6.73161 149.63
-6.68994 149.633
-6.6497 149.675
-6.60838 149.688
-6.5667 149.691
-6.52502 149.694
-6.48343 149.699
-6.44149 149.694
-6.39955 149.69
-6.35854 149.712
-6.31727 149.728
-6.27659 149.76
-6.23588 149.793
-6.19483 149.816
-6.15361 149.834
-6.11279 149.864
-6.07114 149.869
-6.02965 149.879
-5.98952 149.932
-5.94793 149.94
-5.90649 149.953
-5.86576 149.988
-5.82439 150.003
-5.78278 150.011
-5.74108 150.016
-5.69992 150.039
-5.65883 150.065
-5.61787 150.095
-5.5766 150.115
-5.53584 150.153
-5.49433 150.166
-5.4534 150.199
-5.41173 150.207
-5.37048 150.229
-5.3298 150.272
-5.28903 150.313
-5.24746 150.326
-5.20708 150.381
-5.16557 150.396
-5.12398 150.409
-5.08375 150.472
-5.04213 150.485
-5.00112 150.521
-4.96009 150.556
-4.91838 150.566
-4.87739 150.605
-4.8356 150.612
-4.79523 150.676
-4.75439 150.721
-4.71276 150.737
-4.67156 150.77
-4.62973 150.777
-4.58938 150.846
-4.46713 151.008
-4.42524 151.016
-4.05662 151.482
-4.01548 151.531
-3.97421 151.574
-3.68711 151.997
-3.64611 152.064
-2.99193 153.49
-2.94975 153.518
-2.90654 153.482
