-24.261 132.854
-24.2223 132.842
-24.1784 132.794
-24.1317 132.726
-24.0219 132.476
-23.9836 132.466
-23.6118 131.924
-23.5691 131.882
-23.5239 131.823
-23.4844 131.803
-23.4465 131.795
-23.4025 131.743
-23.356 131.674
-23.3104 131.611
-23.1413 131.451
-23.0148 131.332
-22.9771 131.324
-22.6459 131.047
-22.6082 131.039
-22.5705 131.031
-22.5262 130.974
-22.4853 130.943
-22.4485 130.941
-22.4084 130.916
-22.3652 130.867
-22.3263 130.849
-22.2868 130.827
-22.2484 130.814
-22.2063 130.773
-22.1679 130.759
-22.1277 130.731
-22.0872 130.702
-22.0496 130.694
-22.0121 130.686
-21.9732 130.669
-21.9356 130.661
-21.8988 130.659
-21.8607 130.647
-21.8193 130.61
-21.7807 130.595
-21.7406 130.567
-21.701 130.544
-21.6611 130.519
-21.6236 130.511
-21.5858 130.501
-21.5465 130.48
-21.5066 130.454
-21.4684 130.441
-21.4288 130.417
-21.3908 130.405
-21.352 130.388
-21.315 130.384
-21.2786 130.384
-21.2411 130.376
-21.2028 130.363
-21.1653 130.355
-21.1263 130.335
-21.0861 130.306
-21.0486 130.298
-21.0112 130.291
-20.9739 130.285
-20.937 130.281
-20.8993 130.271
-20.8608 130.256
-20.8246 130.258
-20.7883 130.26
-20.7506 130.25
-20.7117 130.23
-20.674 130.221
-20.6373 130.219
-20.6011 130.221
-20.5641 130.217
-20.5267 130.209
-20.489 130.199
-20.452 130.196
-20.4156 130.196
-20.3791 130.196
-20.3424 130.194
-20.3054 130.19
-20.268 130.182
-20.2303 130.172
-20.1929 130.165
-20.1555 130.157
-20.1192 130.159
-20.0821 130.153
-20.0446 130.145
-20.0075 130.139
-19.9712 130.141
-19.9352 130.145
-19.8992 130.149
-19.8632 130.153
-19.8274 130.159
-19.7907 130.157
-19.7536 130.151
-19.7173 130.153
-19.6808 130.153
-19.6432 130.144
-19.6067 130.144
-19.5716 130.155
-19.5363 130.165
-19.4993 130.161
-19.4617 130.151
-19.4241 130.142
-19.3883 130.148
-19.3538 130.165
-19.3174 130.165
-19.2799 130.157
-19.2446 130.167
-19.209 130.175
-19.1714 130.165
-19.1369 130.183
-19.1038 130.212
-19.0657 130.199
-19.029 130.197
-18.9938 130.208
-18.9589 130.222
-18.921 130.21
-18.8841 130.206
-18.8482 130.212
-18.8124 130.218
-18.777 130.228
-18.7409 130.232
-18.7048 130.236
-18.6701 130.251
-18.6347 130.261
-18.5992 130.271
-18.5647 130.289
-18.5288 130.294
-18.4923 130.294
-18.4575 130.31
-18.4227 130.326
-18.3874 130.337
-18.3511 130.339
-18.3154 130.347
-18.2795 130.353
-18.2451 130.373
-18.2103 130.388
-18.1742 130.392
-18.1378 130.394
-18.1021 130.402
-18.0683 130.428
-18.0332 130.441
-17.9981 130.455
-17.963 130.469
-17.9279 130.482
-17.8926 130.494
-17.8573 130.506
-17.8217 130.516
-17.7856 130.52
-17.7498 130.528
-17.7155 130.549
-17.6814 130.573
-17.6473 130.596
-17.6119 130.608
-17.5766 130.62
-17.5418 130.637
-17.5077 130.661
-17.4727 130.677
-17.4381 130.696
-17.404 130.72
-17.3694 130.74
-17.3354 130.765
-17.3008 130.785
-17.2651 130.795
-17.2309 130.818
-17.1953 130.828
-17.161 130.852
-17.1272 130.879
-17.0915 130.889
-17.0568 130.909
-17.0216 130.923
-16.9879 130.952
-16.9542 130.982
-16.9199 131.005
-16.884 131.013
-16.8484 131.025
-16.8163 131.07
-16.7814 131.088
-16.7504 131.145
-16.716 131.169
-16.6793 131.169
-16.6427 131.171
-16.6081 131.193
-16.5751 131.23
-16.5442 131.29
-16.5086 131.301
-16.4726 131.309
-16.4411 131.363
-16.4098 131.418
-16.3741 131.43
-16.3404 131.462
-16.3065 131.492
-16.2736 131.531
-16.2402 131.567
-16.2068 131.603
-16.1711 131.615
-16.1371 131.644
-16.1055 131.698
-16.0707 131.72
-16.0392 131.776
-16.0047 131.801
-15.969 131.813
-15.9357 131.851
-15.9041 131.907
-15.8704 131.941
-15.8385 131.995
-15.8052 132.033
-15.7743 132.097
-15.7395 132.12
-15.7042 132.139
-15.6723 132.192
-15.6408 132.25
-15.6079 132.294
-15.5765 132.355
-15.5426 132.389
-15.5113 132.451
-15.4798 132.511
-15.4459 132.545
-15.414 132.601
-15.3804 132.639
-15.3466 132.676
-15.3197 132.786
-15.2858 132.823
-15.2524 132.863
-14.6932 135.42
