7.39578 130.408
7.43232 130.39
7.46761 130.344
7.50377 130.319
7.63297 129.882
7.66745 129.822
7.70181 129.761
7.93781 129.255
7.97327 129.221
8.00739 129.16
8.04291 129.129
8.07842 129.098
8.17874 128.88
8.21397 128.845
8.24831 128.792
8.28361 128.759
8.31909 128.73
8.35526 128.714
8.38932 128.658
8.42205 128.576
8.45717 128.541
8.49267 128.513
8.52867 128.496
8.56303 128.447
8.59809 128.412
8.63292 128.374
8.66722 128.325
8.70306 128.306
8.73733 128.257
8.7723 128.222
8.80779 128.197
8.8441 128.187
8.87872 128.147
8.91332 128.106
8.94823 128.071
8.98312 128.036
9.01853 128.011
9.05457 127.998
9.0891 127.957
9.1249 127.94
9.15918 127.895
9.19497 127.878
9.23009 127.849
9.26542 127.824
9.30052 127.795
9.33527 127.76
9.37068 127.737
9.40652 127.722
9.44179 127.697
9.47671 127.666
9.51174 127.637
9.54731 127.618
9.58334 127.606
9.61867 127.583
9.65376 127.556
9.68942 127.539
9.72461 127.514
9.75978 127.489
9.79541 127.472
9.83057 127.447
9.86665 127.437
9.90249 127.424
9.93797 127.405
9.97285 127.376
10.0089 127.366
10.0448 127.355
10.08 127.332
10.1151 127.307
10.1509 127.294
10.1863 127.274
10.2215 127.251
10.2576 127.244
10.2938 127.236
10.3298 127.227
10.3653 127.209
10.4008 127.192
10.4365 127.179
10.4724 127.167
10.5082 127.156
10.5432 127.131
10.5789 127.118
10.6151 127.112
10.6509 127.1
10.6869 127.091
10.7228 127.081
10.7592 127.078
10.7948 127.064
10.8301 127.045
10.8655 127.028
10.9015 127.018
10.9378 127.015
10.9737 127.005
11.0097 126.998
11.0454 126.984
11.0814 126.977
11.1173 126.967
11.1528 126.952
11.188 126.933
11.2241 126.927
11.2604 126.923
11.2967 126.92
11.3327 126.912
11.3687 126.904
11.4048 126.899
11.4409 126.893
11.4774 126.893
11.5137 126.889
11.5498 126.884
11.5858 126.876
11.6218 126.868
11.6579 126.863
11.6932 126.846
11.7284 126.828
11.7641 126.817
11.8014 126.828
11.8392 126.846
11.8742 126.825
11.9113 126.832
11.9452 126.798
11.9816 126.796
12.0185 126.802
12.0557 126.812
12.0937 126.831
12.1313 126.846
12.1686 126.856
12.2051 126.856
12.2413 126.852
12.2774 126.846
12.3136 126.842
12.3498 126.839
12.3856 126.829
12.422 126.827
12.4589 126.833
12.496 126.841
12.5332 126.85
12.5706 126.862
12.607 126.86
12.6425 126.847
12.6796 126.854
12.7164 126.858
12.7531 126.86
12.7896 126.86
12.8262 126.862
12.8635 126.872
12.9009 126.883
12.9379 126.889
12.9743 126.887
13.0108 126.887
13.0477 126.893
13.0846 126.897
13.1217 126.904
13.1582 126.905
13.1966 126.927
13.2336 126.933
13.2703 126.935
13.3074 126.943
13.3446 126.951
13.3816 126.956
13.4192 126.97
13.4562 126.976
13.4944 126.995
13.5312 126.999
13.5682 127.004
13.6064 127.024
13.6437 127.033
13.6809 127.041
13.7178 127.045
13.7559 127.064
13.7939 127.081
13.831 127.087
13.8684 127.097
13.9064 127.114
13.9441 127.127
13.9821 127.145
14.0194 127.152
14.0566 127.16
14.0968 127.202
14.1339 127.208
14.1712 127.216
14.2103 127.244
14.2487 127.266
14.2861 127.275
14.3234 127.283
14.3603 127.287
14.399 127.31
14.4384 127.343
14.4761 127.354
14.5146 127.375
14.5519 127.383
14.5897 127.397
14.6273 127.408
14.6683 127.456
14.7056 127.464
14.7464 127.51
14.7834 127.514
14.8206 127.52
14.8583 127.531
14.8999 127.585
14.9388 127.611
14.9778 127.636
15.0162 127.655
15.0557 127.686
15.0944 127.707
15.1319 127.717
15.1711 127.744
15.2105 127.773
15.2519 127.823
15.2899 127.837
15.3293 127.866
15.3691 127.899
15.4115 127.959
15.4508 127.986
15.4881 127.992
15.5272 128.017
15.6917 128.199
15.7315 128.23
15.7697 128.246
15.8125 128.308
15.8542 128.359
15.8929 128.378
15.9309 128.39
15.9692 128.405
16.0129 128.475
16.0536 128.514
16.0963 128.575
16.1388 128.632
16.1768 128.643
16.3488 128.89
16.3922 128.954
16.479 129.084
16.5247 129.17
16.565 129.204
16.6111 129.294
16.6575 129.387
