-7.26484 150.783
-7.22027 150.708
-7.17706 150.668
-7.13359 150.621
-7.09052 150.584
-7.04615 150.512
-7.00387 150.495
-6.96075 150.456
-6.91766 150.416
-6.87458 150.376
-6.83152 150.337
-6.78766 150.275
-6.74554 150.261
-6.70164 150.196
-6.65945 150.179
-6.61559 150.115
-6.5736 150.103
-6.53074 150.066
-6.48877 150.054
-6.44602 150.019
-6.40355 149.992
-6.361 149.963
-6.31889 149.946
-6.27695 149.934
-6.23385 149.887
-6.19152 149.863
-6.14903 149.833
-6.10728 149.826
-6.06393 149.77
-6.0218 149.75
-5.97944 149.723
-5.93765 149.714
-5.89515 149.682
-5.85274 149.653
-5.81089 149.64
-5.76911 149.631
-5.72666 149.599
-5.68415 149.565
-5.64232 149.553
-5.60065 149.546
-5.5578 149.499
-5.51592 149.485
-5.47419 149.475
-5.43239 149.463
-5.38981 149.424
-5.3481 149.414
-5.30647 149.407
-5.26476 149.398
-5.22313 149.391
-5.18109 149.369
-5.13906 149.347
-5.09737 149.337
-5.05576 149.33
-5.01428 149.328
-4.9728 149.326
-4.93099 149.311
-4.889 149.29
-4.84695 149.265
-4.80536 149.258
-4.76377 149.251
-4.7218 149.229
-4.68016 149.22
-4.63876 149.22
-4.59737 149.22
-4.55573 149.211
-4.51398 149.196
-4.4724 149.189
-4.43095 149.187
-4.38904 149.165
-4.34736 149.153
-4.30592 149.151
-4.26425 149.139
-4.22264 149.129
-4.18115 149.125
-4.13971 149.123
-4.09833 149.123
-4.05689 149.121
-4.01513 149.104
-3.97338 149.087
-3.9318 149.077
-3.89047 149.08
-3.8493 149.09
-3.80787 149.088
-3.76634 149.081
-3.72471 149.069
-3.68318 149.062
-3.64186 149.065
-3.60062 149.072
-3.5591 149.065
-3.51739 149.048
-3.47602 149.049
-3.43464 149.049
-3.39321 149.047
-3.3517 149.04
-3.31024 149.035
-3.26864 149.023
-3.22731 149.026
-3.18568 149.011
-3.14477 149.039
-3.10351 149.046
-3.06225 149.054
-3.02103 149.064
-2.97988 149.079
-2.93888 149.104
-2.89767 149.116
-2.85642 149.127
-2.8151 149.132
-2.77376 149.137
-2.73243 149.142
-2.69116 149.152
-2.64982 149.157
-2.60848 149.163
-2.5673 149.18
-2.52609 149.195
-2.48483 149.208
-2.44356 149.22
-2.40217 149.223
-2.3608 149.228
-2.31946 149.236
-2.2783 149.258
-2.23697 149.268
-2.19562 149.276
-2.1542 149.279
-2.11278 149.282
-2.0715 149.297
-2.03046 149.334
-1.9891 149.344
-1.94766 149.347
-1.90622 149.349
-1.86483 149.357
-1.82341 149.362
-1.78201 149.37
-1.74052 149.368
-1.69904 149.368
-1.65799 149.415
-1.61695 149.465
-1.57562 149.485
-1.53452 149.532
-1.49306 149.54
-1.45159 149.545
-1.41011 149.55
-1.36863 149.555
-1.32733 149.585
-1.2859 149.6
-1.24459 149.633
-1.20325 149.663
-1.16175 149.67
-1.12039 149.7
-1.07906 149.738
-1.03769 149.773
-0.99619 149.785
-0.954654 149.793
-0.9131 149.798
-0.871726 149.84
-0.830298 149.875
-0.788711 149.878
-0.747132 149.883
-0.70575 149.938
-0.66422 149.961
-0.62284 150.028
-0.581321 150.063
-0.539716 150.076
-0.498156 150.106
-0.456602 150.143
-0.415037 150.183
-0.37346 150.226
-0.331787 150.231
-0.290193 150.281
-0.248556 150.319
-0.206882 150.341
-0.165183 150.352
-0.123509 150.394
-0.0818167 150.439
-0.040102 150.48
0.00162311 150.55
0.0433806 150.597
0.0851584 150.638
0.126953 150.675
0.168764 150.711
0.21057 150.721
0.252455 150.801
0.294367 150.874
0.336217 150.884
0.378111 150.917
1.48532 153.474
1.52782 153.484
