-2.30902 149.127
-2.26764 149.089
-2.22588 149.018
-2.18444 148.972
-2.05968 148.784
-2.0184 148.743
-1.97748 148.733
-1.93625 148.694
-1.89471 148.624
-1.85387 148.619
-1.81277 148.588
-1.72971 148.434
-1.68857 148.393
-1.64759 148.366
-1.60673 148.352
-1.56594 148.344
-1.52493 148.311
-1.48367 148.246
-1.44263 148.205
-1.40188 148.198
-1.36083 148.152
-1.3197 148.092
-1.27893 148.078
-1.23806 148.049
-1.1973 148.034
-1.15622 147.97
-1.11534 147.934
-1.07467 147.926
-1.03398 147.917
-0.99303 147.862
-0.952347 147.85
-0.911528 147.811
-0.870727 147.773
-0.830071 147.761
-0.789353 147.735
-0.748647 147.708
-0.708014 147.696
-0.667338 147.672
-0.626718 147.66
-0.586034 147.629
-0.545437 147.62
-0.504784 147.591
-0.464157 147.567
-0.423548 147.545
-0.38299 147.54
-0.342396 147.519
-0.301821 147.502
-0.261227 147.471
-0.220643 147.438
-0.180108 147.428
-0.139587 147.428
-0.0990648 147.425
-0.058508 147.375
-0.0179945 147.366
0.0225096 147.373
0.0630182 147.363
0.10352 147.332
0.144016 147.325
0.184506 147.313
0.224982 147.289
0.265445 147.263
0.305925 147.26
0.346383 147.244
0.386835 147.227
0.427256 147.198
0.467715 147.193
0.508188 147.196
0.548674 147.203
0.589124 147.195
0.629556 147.183
0.669998 147.176
0.710445 147.171
0.75083 147.15
0.791205 147.128
0.831648 147.126
0.87211 147.128
0.912562 147.128
0.953014 147.128
0.993419 147.118
1.03382 147.109
1.07431 147.116
1.11477 147.118
1.15513 147.103
1.19551 147.091
1.23595 147.091
1.27633 147.082
1.31674 147.077
1.35723 147.084
1.39762 147.077
1.43815 147.088
1.47865 147.095
1.51944 147.14
1.5597 147.116
1.59996 147.092
1.64048 147.102
1.6808 147.087
1.72105 147.066
1.7616 147.078
1.80221 147.096
1.84252 147.082
1.88293 147.08
1.9234 147.082
1.96388 147.086
2.00435 147.089
2.04492 147.1
2.08538 147.102
2.12575 147.095
2.16627 147.102
2.20674 147.104
2.24721 147.107
2.28766 147.106
2.32804 147.102
2.36854 147.106
2.40908 147.113
2.44955 147.115
2.49003 147.117
2.5305 147.12
2.57101 147.124
2.61156 147.131
2.65224 147.148
2.69275 147.152
2.73338 147.164
2.77394 147.171
2.81446 147.175
2.85503 147.182
2.8957 147.196
2.93653 147.22
2.97726 147.236
3.01773 147.236
3.05827 147.241
3.09886 147.248
3.13949 147.257
3.18016 147.269
3.22092 147.285
3.26156 147.295
3.30225 147.306
3.3429 147.316
3.38351 147.323
3.42439 147.344
3.46501 147.351
3.50634 147.396
3.54694 147.4
3.58744 147.4
3.62812 147.409
3.66891 147.423
3.71007 147.457
3.7512 147.487
3.79196 147.499
3.83268 147.508
3.87374 147.534
3.91472 147.556
3.9555 147.567
3.9967 147.598
4.03791 147.629
4.07861 147.636
4.11943 147.647
4.1603 147.662
4.20192 147.709
4.24324 147.742
4.28431 147.764
4.32522 147.778
4.36624 147.797
4.4075 147.825
4.4486 147.846
4.49028 147.891
4.53124 147.906
4.57214 147.917
4.61357 147.951
4.65436 147.958
4.6963 148.01
4.73796 148.05
4.77897 148.065
4.82053 148.1
4.86211 148.136
4.90352 148.165
4.94456 148.179
4.98695 148.243
5.02808 148.26
5.07045 148.322
5.11134 148.329
5.28036 148.549
5.32056 148.53
5.36323 148.597
5.40495 148.63
5.4469 148.671
5.48894 148.714
5.53171 148.782
5.57373 148.822
5.61568 148.861
5.65766 148.899
5.70009 148.952
5.74299 149.02
5.78503 149.058
5.82708 149.096
5.91376 149.253
5.95573 149.287
5.99787 149.326
6.13058 149.631
6.17291 149.672
6.2155 149.721
6.25892 149.794
