3.36826 131.596
3.40567 131.578
4.05034 130.112
4.08646 130.058
4.12276 130.013
4.15854 129.947
4.30105 129.672
4.33745 129.636
4.37389 129.603
4.41021 129.565
4.44593 129.505
4.48162 129.446
4.51793 129.41
4.55352 129.349
4.59001 129.321
4.62621 129.284
4.66195 129.231
4.69879 129.217
4.87706 128.951
4.91375 128.935
4.94932 128.882
4.98557 128.852
5.02169 128.819
5.05786 128.787
5.09407 128.758
5.13076 128.744
5.16695 128.715
5.20325 128.689
5.23953 128.664
5.27556 128.631
5.3115 128.595
5.34775 128.57
5.38386 128.541
5.41976 128.505
5.45649 128.496
5.49191 128.447
5.52764 128.408
5.56354 128.374
5.59976 128.351
5.63665 128.347
5.67353 128.343
5.70898 128.298
5.74544 128.283
5.78134 128.252
5.81812 128.246
5.85351 128.201
5.89 128.187
5.92663 128.178
5.96197 128.133
5.99858 128.123
6.03468 128.1
6.0712 128.088
6.10642 128.042
6.14307 128.034
6.18045 128.046
6.21739 128.046
6.25396 128.036
6.28985 128.009
6.32536 127.972
6.36107 127.941
6.39761 127.931
6.43376 127.912
6.46982 127.89
6.50618 127.877
6.54277 127.869
6.5796 127.867
6.61579 127.85
6.65165 127.825
6.68791 127.809
6.72391 127.788
6.76047 127.78
6.79622 127.753
6.83236 127.736
6.86816 127.71
6.90461 127.701
6.94065 127.681
6.97725 127.676
7.01435 127.682
7.0507 127.67
7.08654 127.647
7.12262 127.629
7.15921 127.624
7.19553 127.612
7.23194 127.603
7.2686 127.599
7.30534 127.597
7.34182 127.589
7.37821 127.58
7.4146 127.57
7.45107 127.562
7.48727 127.549
7.52409 127.549
7.56117 127.555
7.59808 127.557
7.63445 127.547
7.67081 127.538
7.70716 127.528
7.74351 127.518
7.77977 127.507
7.81602 127.495
7.85319 127.503
7.88972 127.497
7.92624 127.492
7.96256 127.482
7.99917 127.478
8.03625 127.484
8.07372 127.498
8.11091 127.505
8.14848 127.521
8.1848 127.511
8.22072 127.494
8.25683 127.481
8.29343 127.477
8.32983 127.469
8.36682 127.473
8.40331 127.467
8.4396 127.458
8.47719 127.473
8.51449 127.483
8.55128 127.483
8.58797 127.481
8.62455 127.477
8.66124 127.476
8.69844 127.483
8.73554 127.489
8.77233 127.489
8.80923 127.491
8.84644 127.499
8.88354 127.505
8.91991 127.497
8.95649 127.494
8.99392 127.505
9.03114 127.513
9.06836 127.521
9.10526 127.523
9.14206 127.523
9.17928 127.531
9.21619 127.533
9.25276 127.529
9.29 127.537
9.32834 127.564
9.36558 127.572
9.40272 127.578
9.43974 127.582
9.47655 127.582
9.51346 127.584
9.55151 127.605
9.58877 127.613
9.62615 127.623
9.66319 127.627
9.70034 127.632
9.73761 127.64
9.77454 127.642
9.81193 127.652
9.8498 127.67
9.88685 127.673
9.92402 127.679
9.96308 127.716
10 127.718
10.0372 127.724
10.0748 127.736
10.1118 127.74
10.1499 127.759
10.187 127.765
10.2236 127.761
10.261 127.769
10.2996 127.798
10.3384 127.83
10.3767 127.853
10.4142 127.863
10.4516 127.871
10.4895 127.888
10.5268 127.894
10.5653 127.919
10.6036 127.943
10.6414 127.957
10.6798 127.98
10.7183 128.005
10.7562 128.021
10.7937 128.031
10.8329 128.066
10.8702 128.072
10.9076 128.08
10.9466 128.111
10.9854 128.14
11.024 128.166
11.0616 128.175
11.1005 128.205
11.1391 128.23
11.1767 128.24
11.2175 128.297
11.2566 128.328
11.2954 128.356
11.3346 128.389
11.3723 128.399
11.4111 128.426
11.4486 128.434
11.4878 128.465
11.5676 128.55
11.6052 128.558
11.6444 128.589
11.6853 128.644
11.7245 128.676
11.7632 128.699
11.802 128.725
11.8417 128.762
11.8812 128.796
11.9205 128.827
11.9601 128.863
11.9974 128.867
12.2017 129.125
12.2407 129.151
12.2802 129.182
12.3198 129.216
13.0844 130.445
13.1263 130.503
