30.9189 135.575
30.9443 135.505
30.9479 135.314
30.9431 135.078
30.9437 134.871
30.9476 134.684
30.9568 134.526
30.9706 134.394
31.5872 133.651
31.6178 133.614
31.8617 133.117
31.8878 133.057
32.0997 132.795
32.2488 132.599
32.4843 132.275
32.5195 132.265
32.5499 132.23
32.5759 132.173
32.6115 132.165
32.6423 132.132
32.6743 132.106
32.7038 132.067
32.7346 132.034
32.7657 132.004
32.7972 131.975
32.8335 131.971
32.865 131.942
32.8985 131.924
32.9308 131.899
32.9627 131.873
32.9925 131.836
33.0239 131.808
33.059 131.797
33.0844 131.738
33.1146 131.704
33.1455 131.673
33.1757 131.639
33.2115 131.633
33.2481 131.63
33.2782 131.596
33.3067 131.553
33.3421 131.545
33.3786 131.543
33.4148 131.539
33.4477 131.518
33.4749 131.47
33.509 131.456
33.5403 131.427
33.5752 131.417
33.6089 131.401
33.6376 131.36
33.6668 131.322
33.6964 131.285
33.7271 131.255
33.7612 131.241
33.798 131.241
33.8341 131.236
33.8689 131.226
33.8972 131.184
33.9345 131.186
33.9709 131.184
33.9979 131.135
34.0253 131.089
34.056 131.059
34.0693 130.944
34.1057 130.942
34.1483 130.97
34.1872 130.98
34.2215 130.968
34.2591 130.971
34.298 130.981
34.3389 131.001
34.3749 130.997
34.4096 130.987
34.4464 130.987
34.4799 130.97
34.5059 130.918
34.5401 130.906
34.5765 130.904
34.6078 130.878
34.6446 130.877
34.6743 130.843
34.7081 130.829
34.7402 130.807
34.7757 130.801
34.8146 130.811
34.8509 130.808
34.8822 130.782
34.9168 130.772
34.9628 130.816
35.005 130.842
35.0375 130.821
35.0654 130.779
35.0966 130.753
35.1372 130.771
35.1794 130.797
35.2144 130.789
35.2406 130.738
35.2764 130.734
35.311 130.724
35.3439 130.706
35.381 130.708
35.4228 130.732
35.4587 130.727
35.4924 130.713
35.5278 130.707
35.5654 130.711
35.6025 130.713
35.6379 130.706
35.6746 130.706
35.7122 130.71
35.7489 130.71
35.7838 130.702
35.8158 130.68
35.8533 130.683
35.8922 130.693
35.9302 130.699
35.9669 130.699
36.0027 130.695
36.0376 130.686
36.0721 130.676
36.1093 130.678
36.1451 130.674
36.1822 130.676
36.2232 130.696
36.256 130.677
36.2909 130.669
36.3276 130.669
36.3677 130.685
36.4044 130.685
36.4411 130.684
36.4839 130.712
36.5219 130.718
36.5542 130.698
36.5913 130.7
36.6337 130.725
36.669 130.719
36.7004 130.695
36.7362 130.691
36.7733 130.693
36.8109 130.696
36.8533 130.722
36.8917 130.73
36.9342 130.756
36.9717 130.759
37.008 130.757
37.0442 130.755
37.0809 130.755
37.1185 130.759
37.156 130.762
37.1927 130.762
37.2339 130.782
37.2719 130.788
37.3135 130.81
37.3466 130.793
37.3837 130.795
