-33.8782 147.474
-33.8321 147.441
-33.7907 147.434
-33.7498 147.43
-33.6989 147.37
-33.6558 147.354
-33.0891 147.102
-33.0479 147.095
-33.0023 147.065
-32.9606 147.056
-32.9156 147.027
-32.8747 147.023
-32.8331 147.014
-32.788 146.986
-32.7429 146.958
-32.7009 146.946
-32.6605 146.944
-32.6222 146.954
-32.581 146.947
-32.5338 146.907
-32.4888 146.879
-32.448 146.875
-32.4118 146.897
-32.3685 146.878
-32.324 146.852
-32.2828 146.846
-32.247 146.87
-32.2024 146.844
-32.16 146.83
-32.1188 146.824
-32.0759 146.807
-32.0364 146.81
-31.9951 146.803
-31.9502 146.775
-31.9099 146.773
-31.8703 146.776
-31.8299 146.774
-31.7887 146.768
-31.7443 146.742
-31.7027 146.733
-31.6635 146.738
-31.6236 146.738
-31.584 146.741
-31.5441 146.742
-31.5037 146.74
-31.4645 146.745
-31.4246 146.745
-31.383 146.736
-31.343 146.736
-31.3038 146.742
-31.2634 146.74
-31.2222 146.733
-31.1799 146.719
-31.1391 146.715
-31.1007 146.725
-31.0619 146.732
-31.0219 146.733
-30.9816 146.731
-30.942 146.733
-30.9028 146.739
-30.8632 146.741
-30.8232 146.742
-30.7848 146.752
-30.746 146.759
-30.7052 146.755
-30.664 146.748
-30.6236 146.746
-30.5848 146.754
-30.5471 146.768
-30.5079 146.773
-30.4683 146.776
-30.4286 146.779
-30.3898 146.787
-30.3506 146.792
-30.3121 146.802
-30.2713 146.797
-30.2309 146.795
-30.1897 146.789
-30.1555 146.825
-30.1162 146.83
-30.0812 146.861
-30.0404 146.857
-30.0003 146.857
-29.961 146.862
-29.9221 146.87
-29.884 146.882
-29.8455 146.892
-29.8073 146.904
-29.7684 146.912
-29.7283 146.912
-29.6898 146.922
-29.6516 146.935
-29.6142 146.952
-29.5749 146.957
-29.5371 146.972
-29.5004 146.993
-29.4653 147.025
-29.4263 147.032
-29.3881 147.045
-29.3506 147.062
-29.3135 147.081
-29.2737 147.084
-29.2363 147.101
-29.1984 147.116
-29.1597 147.126
-29.1207 147.133
-29.0821 147.143
-29.0453 147.165
-29.0081 147.185
-28.971 147.204
-28.9364 147.241
-28.8977 147.251
-28.862 147.28
-28.8255 147.304
-28.7909 147.34
-28.7537 147.36
-28.7164 147.379
-28.6796 147.401
-28.6412 147.414
-28.6087 147.464
-28.5707 147.479
-28.5316 147.487
-28.4931 147.499
-28.4573 147.528
-28.4193 147.543
-28.3874 147.599
-28.3483 147.606
-28.3094 147.616
-28.2743 147.65
-28.238 147.677
-28.2035 147.716
-28.1698 147.76
-28.1338 147.789
-28.0953 147.802
-28.0564 147.812
-28.0172 147.819
-27.9852 147.875
-27.9517 147.921
-27.9164 147.955
-27.8785 147.973
-27.8447 148.016
-27.8068 148.034
-27.7714 148.068
-27.7375 148.112
-27.7032 148.153
-27.6678 148.188
-27.6288 148.198
-27.5923 148.225
-27.4927 148.373
-27.4285 148.488
-27.3894 148.498
-27.3535 148.53
-27.3144 148.54
-27.2752 148.55
-26.3958 150.391
-26.3593 150.423
-26.3197 150.434
-26.4806 151.882
-26.4568 152.008
-26.4358 152.154
-26.4115 152.278
-26.3919 152.436
-26.3806 152.654
-26.3647 152.84
-26.3473 153.015
-26.3212 153.128
-26.2856 153.172
