-6.7271 177.752
-6.1759 176.632
-6.12763 176.585
-6.07937 176.537
-5.98025 176.347
-5.93404 176.369
-5.88587 176.322
-5.83686 176.242
-5.78841 176.182
-5.73912 176.091
-5.45184 175.835
-5.40375 175.781
-5.356 175.74
-5.30905 175.731
-5.26196 175.715
-5.21433 175.677
-5.16556 175.592
-5.11744 175.533
-5.06928 175.47
-5.02166 175.429
-4.97487 175.423
-4.92728 175.382
-4.88036 175.369
-4.83273 175.325
-4.78519 175.284
-4.73844 175.278
-4.69163 175.269
-4.64399 175.222
-4.59638 175.175
-4.54885 175.131
-4.50201 175.118
-4.45458 175.077
-4.40782 175.068
-4.36048 175.03
-4.31367 175.018
-4.26706 175.015
-4.22045 175.011
-4.17316 174.974
-4.12582 174.933
-4.07899 174.917
-4.03162 174.874
-3.98493 174.864
-3.93835 174.861
-3.89166 174.852
-3.84418 174.798
-3.79751 174.789
-3.75101 174.789
-3.7044 174.783
-3.65774 174.773
-3.61087 174.751
-3.56401 174.729
-3.51747 174.726
-3.47062 174.704
-3.42328 174.651
-3.37661 174.639
-3.3299 174.623
-3.28309 174.601
-3.23639 174.585
-3.19017 174.601
-3.14385 174.61
-3.09712 174.591
-3.05035 174.569
-3.00367 174.554
-2.95701 174.538
-2.91043 174.529
-2.8639 174.522
-2.81734 174.513
-2.77086 174.51
-2.72458 174.522
-2.6783 174.534
-2.63174 174.525
-2.58507 174.506
-2.53856 174.5
-2.49208 174.497
-2.44543 174.478
-2.39893 174.472
-2.35268 174.487
-2.306 174.465
-2.25951 174.459
-2.21309 174.459
-2.16634 174.427
-2.11954 174.39
-2.0735 174.427
-2.02769 174.489
-1.98132 174.495
-1.93488 174.495
-1.88823 174.47
-1.84174 174.464
-1.79556 174.492
-1.74937 174.52
-1.7029 174.516
-1.65627 174.491
-1.60994 174.504
-1.56355 174.51
-1.51705 174.5
-1.47053 174.488
-1.42414 174.494
-1.3779 174.522
-1.3315 174.528
-1.28509 174.531
-1.23872 174.543
-1.19241 174.565
-1.14597 174.565
-1.09949 174.558
-1.05306 174.561
-1.00671 174.58
-0.960338 174.595
-0.91393 174.604
-0.867505 174.61
-0.821051 174.61
-0.774635 174.619
-0.728214 174.629
-0.681736 174.622
-0.63527 174.619
-0.588863 174.634
-0.542502 174.669
-0.496054 174.675
-0.449618 174.687
-0.403279 174.746
-0.356828 174.761
-0.310361 174.771
-0.263928 174.805
-0.217488 174.845
-0.171004 174.861
-0.124507 174.87
-0.0780219 174.901
-0.0315143 174.913
0.0149984 174.926
0.0615136 174.991
0.108048 175
0.154586 175.009
0.201128 175.019
0.247676 175.031
0.294252 175.065
0.340846 175.102
0.387347 175.065
0.433848 175.036
0.480554 175.124
0.527284 175.205
0.573876 175.211
0.620471 175.217
0.760508 175.311
0.807128 175.317
0.853876 175.357
0.900533 175.37
1.08767 175.516
1.13437 175.529
2.3163 177.06
2.36308 177.041
2.41084 177.114
2.45905 177.225
2.5072 177.327
2.55526 177.417
2.60309 177.483
