-24.87 83.9017
-24.8437 83.9005
-9.1553 101.999
-9.12344 101.979
-8.86491 101.759
-8.83296 101.736
-8.80075 101.709
-8.76927 101.692
-8.73879 101.691
-8.70822 101.688
-8.67631 101.665
-8.57597 101.526
-8.54412 101.503
-8.51342 101.497
-8.48202 101.481
-8.45255 101.494
-8.29269 101.367
-8.2622 101.364
-7.94849 101.192
-7.91731 101.178
-7.88565 101.155
-7.85311 101.118
-7.82195 101.103
-7.79224 101.112
-7.76182 101.109
-7.73043 101.091
-7.69938 101.077
-7.66832 101.064
-7.63814 101.065
-7.60734 101.056
-7.57645 101.045
-7.54589 101.04
-7.51493 101.028
-7.48445 101.024
-7.4532 101.006
-7.42242 100.997
-7.39019 100.962
-7.35965 100.957
-7.32926 100.954
-7.29827 100.941
-7.26774 100.935
-7.23676 100.922
-7.20608 100.914
-7.17481 100.895
-7.1437 100.879
-7.11326 100.875
-7.08275 100.87
-7.0518 100.857
-7.02129 100.851
-6.99121 100.854
-6.96099 100.854
-6.93056 100.85
-6.90034 100.85
-6.87005 100.848
-6.83941 100.84
-6.80821 100.822
-6.77757 100.814
-6.74708 100.808
-6.71666 100.804
-6.68611 100.798
-6.65569 100.794
-6.62473 100.779
-6.59432 100.775
-6.56418 100.776
-6.53417 100.78
-6.50417 100.784
-6.47296 100.764
-6.44209 100.751
-6.41103 100.734
-6.3805 100.727
-6.34997 100.72
-6.31958 100.716
-6.28938 100.716
-6.25925 100.717
-6.22937 100.724
-6.19956 100.732
-6.16942 100.733
-6.13909 100.73
-6.10889 100.73
-6.0785 100.726
-6.04805 100.721
-6.01784 100.721
-5.98746 100.717
-5.95683 100.708
-5.9265 100.705
-5.89625 100.704
-5.86592 100.701
-5.83573 100.701
-5.80553 100.701
-5.77545 100.704
-5.74519 100.702
-5.71481 100.698
-5.68472 100.701
-5.65499 100.711
-5.62548 100.727
-5.59556 100.734
-5.56535 100.734
-5.53491 100.728
-5.50419 100.716
-5.47387 100.714
-5.44389 100.719
-5.41357 100.716
-5.38331 100.715
-5.35354 100.726
-5.3236 100.732
-5.29306 100.724
-5.26285 100.724
-5.2328 100.728
-5.20307 100.74
-5.17291 100.741
-5.14242 100.735
-5.11247 100.741
-5.08273 100.753
-5.05282 100.761
-5.02254 100.76
-4.99232 100.76
-4.96215 100.761
-4.93218 100.768
-4.90215 100.773
-4.87208 100.777
-4.8421 100.784
-4.81216 100.791
-4.78223 100.799
-4.75204 100.801
-4.72185 100.802
-4.69186 100.809
-4.6621 100.822
-4.63229 100.834
-4.60262 100.85
-4.57299 100.867
-4.54278 100.868
-4.51243 100.866
-4.48236 100.871
-4.45248 100.882
-4.42245 100.888
-4.39269 100.903
-4.36292 100.917
-4.33274 100.92
-4.30256 100.923
-4.2726 100.932
-4.24264 100.941
-4.21276 100.953
-4.18283 100.964
-4.15277 100.971
-4.12291 100.984
-4.09356 101.013
-4.06365 101.025
-4.03352 101.031
-4.00331 101.033
-3.97342 101.047
-3.94316 101.048
-3.91286 101.048
-3.88296 101.061
-3.85362 101.093
-3.82367 101.105
-3.79351 101.111
-3.76362 101.125
-3.73373 101.14
-3.70356 101.145
-3.67358 101.157
-3.64401 101.184
-3.61401 101.196
-3.5842 101.215
-3.55423 101.228
-3.52406 101.235
-3.49412 101.249
-3.46402 101.259
-3.43417 101.278
-3.40441 101.3
-3.37455 101.319
-3.34453 101.332
-3.31436 101.34
-3.2845 101.361
-3.2543 101.367
-3.22429 101.382
-3.19457 101.409
-3.16478 101.433
-3.13481 101.45
-3.10458 101.457
-3.07446 101.469
-3.04444 101.485
-3.01457 101.508
-2.98472 101.532
-2.9548 101.554
-2.92487 101.575
-2.89496 101.598
-2.86501 101.62
-2.83502 101.64
-2.80513 101.665
-2.77521 101.69
-2.74536 101.718
-2.71507 101.726
-2.68515 101.752
-2.65543 101.788
-2.62543 101.811
-2.59535 101.831
-2.56505 101.841
-2.53526 101.876
-2.50497 101.887
-2.47486 101.907
-2.44508 101.945
-2.41508 101.972
-2.38494 101.992
-2.35476 102.011
-2.3249 102.048
-2.2951 102.088
-2.26476 102.101
-2.23468 102.128
-2.20481 102.167
-2.17494 102.208
-2.14478 102.232
-2.11458 102.255
-2.08437 102.278
-2.05439 102.317
-2.02453 102.363
-1.9948 102.419
-1.96456 102.443
-1.93453 102.483
-1.90434 102.513
-1.87426 102.551
-1.84373 102.561
-1.63323 102.877
-1.60302 102.918
-1.57239 102.928
-0.967111 104.151
