-24.87 83.9017
-24.8434 83.8995
-6.17856 177.227
-6.13102 177.218
-6.0823 177.166
-6.03281 177.086
-5.9853 177.076
-5.9378 177.067
-5.64927 176.872
-5.60191 176.866
-5.55455 176.859
-5.50728 176.857
-5.45903 176.815
-5.40953 176.722
-5.36213 176.712
-5.31395 176.671
-5.26586 176.632
-5.21848 176.623
-5.17104 176.61
-5.12321 176.582
-5.07571 176.566
-5.02835 176.557
-4.98056 176.528
-4.93315 176.515
-4.88581 176.506
-4.83855 176.5
-4.79072 176.468
-4.7434 176.459
-4.69622 176.456
-4.64856 176.43
-4.60159 176.437
-4.55469 176.447
-4.50725 176.431
-4.45955 176.402
-4.41161 176.361
-4.36394 176.332
-4.31667 176.323
-4.2694 176.313
-4.22225 176.31
-4.17517 176.311
-4.12797 176.304
-4.08083 176.301
-4.03304 176.263
-3.98544 176.235
-3.93826 176.228
-3.89114 176.225
-3.84391 176.216
-3.79668 176.207
-3.74934 176.191
-3.70261 176.21
-3.65608 176.243
-3.60912 176.249
-3.56189 176.24
-3.51441 176.214
-3.46699 176.192
-3.41989 176.189
-3.37278 176.186
-3.32582 176.193
-3.27885 176.199
-3.23179 176.2
-3.18459 176.19
-3.1373 176.174
-3.09056 176.197
-3.04412 176.242
-2.99521 176.108
-2.94946 176.204
-2.90244 176.208
-2.85542 176.211
-2.80811 176.192
-2.76092 176.182
-2.71374 176.173
-2.66676 176.18
-2.61982 176.189
-2.57287 176.199
-2.52588 176.206
-2.47881 176.206
-2.43185 176.216
-2.38482 176.219
-2.33768 176.213
-2.29068 176.22
-2.24371 176.229
-2.19677 176.242
-2.14979 176.252
-2.1028 176.262
-2.05584 176.275
-2.00899 176.301
-1.96204 176.317
-1.91523 176.349
-1.86826 176.365
-1.82129 176.382
-1.77421 176.385
-1.72711 176.385
-1.68014 176.405
-1.63324 176.434
-1.58612 176.434
-1.53903 176.437
-1.4921 176.466
-1.44491 176.457
-1.39793 176.479
-1.35103 176.518
-1.30399 176.534
-1.25686 176.538
-1.20974 176.541
-1.16273 176.567
-1.11569 176.59
-1.06867 176.619
-1.02155 176.629
-0.974543 176.664
-0.927398 176.671
-0.880263 176.68
-0.833135 176.693
-0.786077 176.729
-0.738984 176.758
-0.691954 176.813
-0.644759 176.816
-0.597497 176.794
-0.550303 176.797
-0.503183 176.836
-0.456063 176.885
-0.408869 176.901
-0.361714 176.949
-0.314576 177.03
-0.267339 177.046
-0.220092 177.059
-0.172854 177.098
-0.125602 177.15
-0.0783277 177.202
-0.0310352 177.215
0.0162732 177.257
0.0636003 177.299
0.110954 177.351
0.158334 177.406
0.205742 177.465
0.253157 177.51
0.300549 177.53
0.348005 177.579
0.395469 177.621
0.442876 177.631
0.490278 177.637
0.537883 177.715
0.585464 177.774
0.63304 177.823
0.728292 177.931
1.06291 178.398
1.11079 178.457
