-38.7273 132.257
-38.6928 132.267
-38.6611 132.29
-38.6285 132.309
-38.5824 132.268
-38.5418 132.252
-38.5059 132.257
-38.4756 132.286
-38.4439 132.308
-38.4084 132.315
-38.3749 132.329
-38.3394 132.336
-38.3053 132.348
-38.2685 132.349
-38.2298 132.341
-38.1999 132.372
-38.1672 132.39
-38.135 132.411
-38.0958 132.401
-38.0355 132.298
-37.9821 132.225
-37.9462 132.23
-37.9263 132.305
-37.9354 132.509
-37.8981 132.507
-37.8685 132.54
-37.8358 132.559
-37.8035 132.58
-37.7666 132.58
-37.7338 132.599
-37.707 132.644
-37.6723 132.655
-37.6382 132.667
-37.6058 132.688
-37.5689 132.688
-37.5393 132.721
-37.5128 132.769
-37.4827 132.8
-37.4453 132.798
-37.4097 132.805
-37.3787 132.832
-37.3477 132.859
-37.318 132.892
-37.2873 132.921
-37.2517 132.927
-37.2161 132.934
-37.1846 132.959
-37.1535 132.986
-37.1237 133.019
-37.0894 133.032
-37.0583 133.059
-37.0281 133.09
-36.9983 133.123
-36.968 133.154
-36.9386 133.189
-36.9106 133.231
-36.8794 133.258
-36.8437 133.265
-36.8075 133.269
-36.7745 133.288
-36.7397 133.299
-36.7148 133.355
-36.6817 133.373
-36.6558 133.425
-36.621 133.436
-36.5901 133.465
-36.5606 133.501
-36.5298 133.53
-36.4985 133.557
-36.4685 133.591
-36.4349 133.608
-36.4103 133.666
-36.3794 133.695
-36.3444 133.706
-36.3193 133.762
-36.2888 133.794
-36.2551 133.81
-36.2282 133.859
-36.1941 133.873
-36.1689 133.93
-36.1432 133.984
-36.1086 133.997
-36.0794 134.035
-36.0536 134.089
-36.0252 134.131
-35.9968 134.173
-35.9715 134.23
-35.9404 134.259
-35.8207 134.4
-35.7141 134.605
-35.6899 134.668
-35.6595 134.702
-35.6256 134.719
-35.5485 134.888
-35.5229 134.945
-35.487 135.133
-35.4574 135.171
-35.4229 135.186
-35.3968 135.241
-34.511 134.222
-34.4953 134.329
-34.4933 134.502
-34.4814 134.628
-34.4729 134.771
-34.478 134.982
-34.5136 135.342
-34.4922 135.423
-34.4841 135.569
