-6.63808 102.518
-6.60802 102.526
-6.57681 102.511
-6.52216 102.022
-6.49181 102.022
-6.46145 102.022
-5.99227 101.059
-5.96008 101.014
-5.73508 100.694
-5.70272 100.642
-5.67091 100.601
-5.63893 100.556
-5.60693 100.511
-5.57483 100.462
-5.54265 100.411
-5.51243 100.406
-5.41808 100.301
-5.38632 100.258
-5.35334 100.185
-5.32238 100.161
-5.29218 100.154
-5.2615 100.136
-5.2302 100.102
-5.1999 100.093
-5.07459 99.9497
-5.04399 99.9315
-5.01329 99.9107
-4.98251 99.8873
-4.95094 99.8432
-4.92018 99.8198
-4.88953 99.7991
-4.85884 99.777
-4.82846 99.7627
-4.79837 99.7562
-4.73586 99.6798
-4.70461 99.6411
-4.67409 99.6216
-4.64418 99.619
-4.61362 99.5983
-4.58242 99.5595
-4.55189 99.5388
-4.52145 99.5208
-4.43051 99.4755
-4.40002 99.4548
-4.36949 99.4329
-4.33898 99.4109
-4.3089 99.4019
-4.27793 99.3658
-4.24719 99.3362
-4.21723 99.3297
-4.18676 99.3078
-4.15651 99.2924
-4.12664 99.2884
-4.09636 99.2717
-4.06634 99.2626
-4.03539 99.2241
-4.00506 99.2048
-3.97529 99.2035
-3.94545 99.1995
-3.91518 99.1815
-3.88483 99.161
-3.85465 99.1456
-3.82479 99.1404
-3.79451 99.1211
-3.76378 99.0865
-3.73382 99.0775
-3.70379 99.0659
-3.67384 99.0569
-3.64375 99.0427
-3.61363 99.0273
-3.58387 99.0247
-3.55408 99.0208
-3.52425 99.0156
-3.49429 99.0053
-3.4644 98.9976
-3.43414 98.9758
-3.40395 98.9566
-3.37445 98.9629
-3.34481 98.9641
-3.31494 98.9564
-3.28484 98.9397
-3.2543 98.9052
-3.22435 98.8937
-3.19456 98.8885
-3.16472 98.8808
-3.135 98.8782
-3.10495 98.8615
-3.07499 98.8487
-3.04507 98.8372
-3.0154 98.8359
-2.98587 98.8409
-2.95605 98.8332
-2.92611 98.8204
-2.89618 98.8076
-2.8664 98.8011
-2.83665 98.796
-2.80693 98.7921
-2.77727 98.7908
-2.74747 98.7831
-2.71735 98.7601
-2.68748 98.7486
-2.65786 98.7485
-2.62818 98.7459
-2.59835 98.7357
-2.5685 98.7242
-2.5387 98.7152
-2.50901 98.7113
-2.47929 98.7062
-2.44963 98.7036
-2.42013 98.7099
-2.39061 98.7149
-2.36095 98.7123
-2.33121 98.7059
-2.30146 98.6982
-2.27178 98.6943
-2.24214 98.693
-2.21246 98.6891
-2.18268 98.6789
-2.15298 98.6737
-2.12318 98.6622
-2.09338 98.6507
-2.06374 98.6481
-2.03422 98.6532
-2.00473 98.6607
-1.9753 98.6721
-1.94568 98.6708
-1.91587 98.658
-1.88625 98.6567
-1.8567 98.6604
-1.82715 98.6642
-1.79743 98.6565
-1.76768 98.6463
-1.73808 98.6462
-1.7087 98.6627
-1.67919 98.6703
-1.64963 98.674
-1.61999 98.6714
-1.5903 98.665
-1.56058 98.6561
-1.53095 98.6535
-1.50138 98.6572
-1.47176 98.6559
-1.44223 98.6622
-1.41268 98.6673
-1.38308 98.6685
-1.35342 98.6633
-1.32378 98.6608
-1.29421 98.6645
-1.26473 98.6772
-1.23518 98.6835
-1.20557 98.6834
-1.176 98.6885
-1.14645 98.6948
-1.11686 98.6985
-1.08726 98.6997
-1.05767 98.7035
-1.02802 98.6997
-0.998435 98.7034
-0.968866 98.7097
-0.939255 98.711
-0.909626 98.7096
-0.880042 98.7147
-0.850499 98.7261
-0.820943 98.7362
-0.79139 98.7476
-0.761832 98.759
-0.732215 98.7615
-0.70262 98.7678
-0.673014 98.7729
-0.643406 98.7779
-0.613802 98.7842
-0.584177 98.7867
-0.554533 98.7854
-0.524878 98.7816
-0.495262 98.7866
-0.465684 98.8018
-0.436155 98.8324
-0.406546 98.8438
-0.376878 98.8386
-0.347274 98.8539
-0.317645 98.8628
-0.288022 98.8755
-0.258382 98.8831
-0.228751 98.8971
-0.199119 98.9136
-0.169477 98.9289
-0.139817 98.9365
-0.110151 98.9415
-0.0804784 98.9428
-0.0508085 98.9478
-0.0211453 98.9708
0.00853407 98.9733
0.0382147 98.972
0.0678957 98.9758
0.0975793 98.9821
0.12727 98.9948
0.15696 98.9999
0.186677 99.028
0.216384 99.0394
0.24609 99.0458
0.275813 99.0611
0.305549 99.0789
0.335299 99.0994
0.365033 99.1096
0.39474 99.1083
0.424484 99.1197
0.454286 99.1478
0.484031 99.1555
0.513784 99.1644
0.543571 99.181
0.573349 99.1938
0.603112 99.2014
0.632918 99.2181
0.662617 99.2103
0.692439 99.2282
0.722328 99.2577
0.752168 99.2756
0.78206 99.3012
0.812038 99.3397
0.841909 99.3576
0.871724 99.3653
0.901601 99.382
0.931416 99.3884
0.961519 99.4359
0.991414 99.4513
1.02122 99.4538
1.05123 99.4833
1.08134 99.5232
1.11132 99.5451
1.14127 99.5618
1.17115 99.5695
1.20112 99.5875
1.23111 99.6068
1.26109 99.6248
1.29127 99.6621
1.32133 99.6853
1.3514 99.7085
1.38144 99.7279
1.41145 99.7433
1.44141 99.7536
1.4717 99.7936
1.50213 99.8453
1.5321 99.8544
1.5622 99.8737
1.59234 99.8957
1.62237 99.9073
1.65262 99.9371
1.68281 99.9617
1.71322 100.002
1.74341 100.024
1.77363 100.047
1.80402 100.082
1.83424 100.104
