-20.7472 142.055
-20.6933 141.928
-20.6389 141.796
-20.5888 141.701
-20.5348 141.572
-20.4828 141.458
-19.9808 140.47
-19.9375 140.43
-19.8946 140.393
-19.8015 140.255
-19.7566 140.2
-19.7165 140.187
-19.6741 140.155
-19.6307 140.113
-19.3602 139.767
-19.3175 139.73
-19.2727 139.673
-19.2322 139.656
-19.1902 139.625
-19.1457 139.571
-19.1057 139.558
-19.0662 139.55
-19.0207 139.487
-18.9758 139.428
-18.9361 139.417
-18.8945 139.389
-18.8519 139.352
-18.8066 139.29
-18.7644 139.255
-18.7252 139.249
-18.6834 139.218
-18.6437 139.208
-18.602 139.177
-18.5603 139.147
-18.5186 139.117
-18.4769 139.087
-18.437 139.074
-18.3953 139.044
-18.3557 139.033
-18.312 138.983
-18.2724 138.973
-18.2333 138.966
-18.1917 138.936
-18.1492 138.897
-18.1082 138.874
-18.07 138.876
-18.0311 138.872
-17.9914 138.859
-17.9476 138.807
-17.908 138.796
-17.8687 138.788
-17.8274 138.76
-17.7866 138.736
-17.7473 138.728
-17.7084 138.724
-17.6696 138.719
-17.629 138.698
-17.5877 138.67
-17.5467 138.644
-17.507 138.631
-17.4673 138.618
-17.4263 138.593
-17.3866 138.58
-17.348 138.578
-17.3098 138.58
-17.271 138.576
-17.2313 138.563
-17.1917 138.55
-17.1507 138.525
-17.1111 138.512
-17.0712 138.497
-17.0318 138.486
-16.993 138.482
-16.9552 138.488
-16.9162 138.482
-16.8764 138.467
-16.837 138.456
-16.798 138.45
-16.759 138.444
-16.7198 138.435
-16.6804 138.424
-16.6422 138.427
-16.6038 138.427
-16.5644 138.416
-16.5242 138.397
-16.4853 138.39
-16.4467 138.388
-16.4087 138.393
-16.3704 138.393
-16.3322 138.395
-16.2936 138.393
-16.2548 138.389
-16.2171 138.395
-16.1789 138.398
-16.1399 138.391
-16.1005 138.381
-16.062 138.378
-16.0232 138.374
-15.9844 138.37
-15.9461 138.37
-15.9081 138.374
-15.8703 138.381
-15.8327 138.39
-15.7935 138.381
-15.7536 138.364
-15.7164 138.377
-15.6807 138.407
-15.6431 138.416
-15.6047 138.416
-15.5658 138.409
-15.5253 138.386
-15.4863 138.38
-15.4498 138.401
-15.4143 138.433
-15.3757 138.431
-15.3354 138.41
-15.2964 138.404
-15.2594 138.419
-15.2221 138.432
-15.1843 138.438
-15.1477 138.46
-15.1093 138.46
-15.0696 138.445
-15.0303 138.434
-14.9913 138.428
-14.9538 138.438
-14.916 138.445
-14.8777 138.447
-14.8389 138.443
-14.8005 138.443
-14.7627 138.45
-14.7252 138.46
-14.6878 138.473
-14.6521 138.506
-14.6146 138.516
-14.5771 138.527
-14.5395 138.538
-14.5015 138.542
-14.4628 138.54
-14.4251 138.549
-14.3872 138.556
-14.3509 138.581
-14.3138 138.599
-14.2766 138.614
-14.239 138.625
-14.2013 138.633
-14.1644 138.653
-14.1277 138.674
-14.0902 138.687
-14.0526 138.698
-14.0143 138.701
-13.9765 138.709
-13.9396 138.729
-13.903 138.752
-13.8655 138.765
-13.8279 138.776
-13.7904 138.789
-13.7546 138.824
-13.7173 138.839
-13.6794 138.848
-13.6424 138.867
-13.6057 138.891
-13.568 138.902
-13.53 138.909
-13.4936 138.937
-13.4566 138.956
-13.4219 139.006
-13.3843 139.019
-13.3462 139.026
-13.3095 139.049
-13.2725 139.071
-13.2348 139.082
-13.1972 139.095
-13.1619 139.138
-13.1244 139.154
-13.0866 139.165
-13.0511 139.206
-13.0133 139.217
-12.9758 139.232
-12.9412 139.286
-12.9035 139.299
-12.8671 139.33
-12.8289 139.336
-12.7925 139.367
-12.7581 139.426
-12.7218 139.458
-12.6838 139.467
-12.6475 139.5
-12.6116 139.539
-12.5768 139.593
-12.539 139.607
-12.5009 139.615
-12.4642 139.644
-12.4277 139.674
-12.3914 139.709
-12.3573 139.775
-12.3193 139.786
-12.2846 139.843
-12.2465 139.854
-12.2123 139.919
-12.1757 139.95
-12.1373 139.956
-12.1019 140.005
-12.0676 140.07
-12.0321 140.119
-11.9944 140.136
-11.9596 140.196
-11.7801 140.415
-11.7456 140.481
-11.7092 140.519
-11.6729 140.559
-11.6384 140.627
-11.6037 140.691
-11.5687 140.751
-11.5314 140.777
-11.4965 140.839
-11.4603 140.883
-11.4271 140.972
-11.3926 141.043
-11.1838 141.445
-11.1505 141.538
