-3.79846 147.211
-3.75656 147.18
-3.3361 146.75
-3.08506 146.512
-3.04335 146.476
-3.00213 146.469
-2.96048 146.436
-2.91865 146.39
-2.87703 146.357
-2.83554 146.33
-2.79432 146.321
-2.75267 146.283
-2.71099 146.242
-2.6698 146.232
-2.6283 146.201
-2.58667 146.161
-2.5453 146.137
-2.50381 146.103
-2.46216 146.058
-2.42103 146.049
-2.37954 146.013
-2.33848 146.008
-2.29736 145.999
-2.25567 145.944
-2.21451 145.93
-2.17315 145.899
-2.13203 145.887
-2.09069 145.856
-2.0494 145.827
-2.00844 145.827
-1.96743 145.823
-1.92637 145.813
-1.88488 145.763
-1.84376 145.747
-1.80268 145.733
-1.76145 145.704
-1.72055 145.707
-1.67959 145.704
-1.63842 145.678
-1.59725 145.652
-1.55642 145.662
-1.51525 145.633
-1.47429 145.629
-1.43318 145.605
-1.39206 145.579
-1.35105 145.565
-1.31006 145.553
-1.26911 145.546
-1.22808 145.527
-1.18704 145.506
-1.1461 145.499
-1.10518 145.494
-1.06437 145.506
-1.02343 145.497
-0.982474 145.485
-0.941564 145.481
-0.900656 145.476
-0.859665 145.455
-0.818741 145.445
-0.777822 145.436
-0.736917 145.429
-0.696056 145.432
-0.655156 145.425
-0.614159 145.391
-0.573244 145.377
-0.532392 145.38
-0.491532 145.38
-0.45065 145.373
-0.409772 145.366
-0.368902 145.361
-0.328003 145.342
-0.287121 145.328
-0.246276 145.331
-0.205426 145.331
-0.164543 145.307
-0.123687 145.298
-0.0828286 145.281
-0.0419809 145.27
-0.00114284 145.267
0.039699 145.246
0.0805309 145.244
0.121369 145.277
0.162222 145.313
0.203046 145.278
0.243869 145.259
0.284719 145.273
0.325564 145.278
0.366435 145.3
0.407292 145.307
0.448128 145.302
0.489009 145.319
0.529898 145.336
0.570775 145.346
0.611642 145.351
0.652556 145.37
0.693447 145.379
0.734351 145.392
0.775242 145.399
0.816127 145.404
0.857014 145.409
0.897903 145.414
0.938784 145.416
0.979631 145.411
1.02056 145.423
1.06147 145.431
1.10242 145.445
1.14332 145.45
1.18423 145.455
1.22521 145.472
1.26612 145.477
1.30713 145.496
1.34809 145.506
1.38896 145.503
1.4299 145.511
1.47101 145.539
1.51196 145.547
1.55291 145.554
1.59399 145.576
1.63494 145.58
1.67582 145.578
1.71681 145.588
1.75811 145.631
1.79911 145.641
1.84008 145.646
1.88109 145.655
1.9223 145.684
1.9634 145.701
2.0046 145.727
2.04562 145.735
2.08687 145.763
2.12792 145.773
2.16892 145.778
2.21039 145.824
2.25146 145.833
2.29254 145.843
2.33362 145.853
2.375 145.886
2.41636 145.918
2.45774 145.949
2.49879 145.954
2.53987 145.961
2.58128 145.992
2.62238 146
2.66364 146.019
2.70515 146.055
2.74675 146.096
2.78798 146.111
2.82914 146.12
2.87103 146.178
2.91221 146.188
2.95418 146.248
2.99534 146.255
3.03655 146.265
3.07826 146.306
3.12035 146.369
3.16159 146.378
3.24506 146.456
3.28624 146.461
3.49513 146.647
3.53649 146.659
3.57836 146.698
3.62079 146.766
3.66321 146.831
3.70467 146.846
