-0.492615 134.396
-0.454232 134.327
-0.415829 134.24
-0.377438 134.142
-0.339127 134.061
-0.300817 133.963
-0.26261 133.899
-0.224449 133.845
-0.186287 133.775
-0.148148 133.698
-0.110049 133.628
-0.0719673 133.541
-0.0339469 133.498
0.00406467 133.423
0.0420422 133.368
0.079999 133.341
0.117934 133.283
0.155836 133.211
0.193727 133.166
0.231591 133.113
0.269444 133.07
0.307258 133.012
0.345098 132.985
0.382908 132.949
0.420649 132.887
0.458417 132.848
0.496167 132.809
0.533839 132.748
0.571569 132.715
0.609351 132.703
0.646995 132.652
0.684601 132.597
0.722318 132.576
0.759977 132.544
0.79763 132.513
0.835251 132.479
0.872731 132.417
0.910337 132.387
0.948025 132.375
0.985542 132.332
1.02318 132.314
1.06064 132.267
1.09827 132.251
1.13579 132.218
1.1733 132.188
1.21081 132.157
1.24833 132.131
1.28585 132.107
1.32341 132.088
1.36085 132.056
1.3983 132.027
1.43575 131.999
1.47327 131.981
1.51057 131.938
1.5481 131.924
1.58554 131.9
1.62293 131.872
1.66036 131.849
1.69792 131.841
1.7354 131.825
1.77275 131.797
1.81008 131.769
1.84745 131.744
1.88493 131.732
1.92228 131.708
1.9598 131.7
1.99732 131.692
2.03461 131.666
2.07185 131.636
2.10918 131.613
2.14664 131.603
2.18395 131.581
2.22146 131.575
2.25886 131.561
2.29593 131.523
2.33342 131.517
2.37088 131.509
2.4083 131.499
2.44561 131.481
2.48289 131.461
2.52033 131.453
2.55777 131.445
2.59502 131.424
2.63241 131.414
2.66987 131.408
2.70726 131.398
2.74461 131.386
2.78196 131.374
2.81937 131.366
2.85665 131.35
2.89377 131.326
2.9311 131.314
2.96845 131.304
3.00588 131.298
3.04333 131.294
3.08068 131.284
3.11794 131.27
3.15524 131.258
3.19265 131.252
3.23013 131.25
3.26753 131.244
3.30493 131.238
3.34233 131.232
3.37964 131.222
3.41699 131.214
3.4545 131.214
3.49197 131.213
3.52919 131.199
3.56658 131.193
3.60378 131.179
3.64125 131.177
3.67866 131.173
3.71608 131.169
3.75345 131.163
3.79077 131.155
3.82813 131.149
3.8654 131.139
3.90286 131.137
3.9404 131.139
3.97794 131.141
4.01554 131.145
4.05284 131.137
4.09049 131.143
4.12799 131.143
4.16544 131.141
4.20269 131.131
4.23993 131.121
4.27753 131.126
4.31508 131.128
4.35257 131.128
4.38991 131.122
4.42736 131.12
4.46517 131.132
4.50283 131.138
4.54049 131.144
4.57805 131.146
4.61561 131.148
4.65328 131.154
4.691 131.163
4.72874 131.171
4.76642 131.177
4.80421 131.187
4.84184 131.191
4.87935 131.191
4.91693 131.193
4.95456 131.197
4.99219 131.201
5.02995 131.209
5.06771 131.218
5.10541 131.224
5.14312 131.23
5.18071 131.232
5.21836 131.236
5.25613 131.244
5.29416 131.26
5.33195 131.268
5.36993 131.283
5.40773 131.291
5.44539 131.295
5.483 131.297
5.52087 131.307
5.55888 131.321
5.59669 131.329
5.63457 131.34
5.67267 131.356
5.71049 131.364
5.74839 131.374
5.78616 131.38
5.82414 131.392
5.86219 131.407
5.90032 131.423
5.93853 131.441
5.97639 131.449
6.01476 131.471
6.0527 131.482
6.0913 131.51
6.12941 131.524
6.16759 131.54
6.20541 131.547
6.24338 131.557
6.28181 131.579
6.32025 131.601
6.35817 131.61
6.39616 131.62
6.43463 131.642
6.47264 131.652
6.51135 131.681
6.55016 131.711
6.58811 131.719
6.62702 131.752
6.66571 131.778
6.70424 131.801
6.74206 131.805
6.78021 131.817
6.81902 131.845
6.85792 131.876
6.89692 131.909
6.93552 131.931
6.97362 131.941
7.01266 131.974
7.05154 132.002
7.09053 132.033
7.12875 132.045
7.1687 132.098
7.20686 132.108
7.24581 132.137
7.28495 132.17
7.32313 132.18
7.363 132.229
7.40138 132.243
7.44048 132.274
7.47969 132.307
7.51973 132.358
7.55815 132.372
7.59832 132.425
7.63676 132.44
7.67716 132.497
7.71646 132.53
7.75578 132.562
7.7954 132.601
7.83589 132.659
7.87536 132.694
7.91475 132.727
7.95521 132.782
7.99368 132.794
8.03428 132.852
8.07393 132.889
8.11478 132.951
8.15546 133.008
8.19419 133.025
8.23392 133.062
8.31847 133.239
8.35726 133.256
8.39943 133.341
8.43948 133.382
8.47945 133.421
8.52182 133.508
8.85974 134.157
8.90411 134.276
8.94473 134.322
