-24.8719 83.9108
4.41822 140.898
4.45752 140.898
5.50984 138.14
5.62162 138.008
5.69658 137.936
5.95724 137.65
5.99455 137.613
6.03214 137.585
6.143 137.449
6.18015 137.41
6.21782 137.387
6.2561 137.38
6.2936 137.352
6.33155 137.337
6.36816 137.285
6.40554 137.255
6.44298 137.227
6.48097 137.214
6.51735 137.158
6.55548 137.15
6.5937 137.143
6.63092 137.111
6.66805 137.077
6.70542 137.049
6.74343 137.038
6.78086 137.012
6.81869 136.997
6.85568 136.961
6.89281 136.928
6.93036 136.907
6.96851 136.9
7.00656 136.892
7.04383 136.864
7.081 136.834
7.11912 136.827
7.15635 136.8
7.19349 136.77
7.2315 136.761
7.26942 136.75
7.30697 136.731
7.34497 136.722
7.38224 136.697
7.41931 136.667
7.45729 136.658
7.49517 136.648
7.5323 136.62
7.57008 136.607
7.60738 136.583
7.64542 136.577
7.68261 136.551
7.72046 136.541
7.75782 136.519
7.79565 136.508
7.83367 136.502
7.87168 136.496
7.90872 136.468
7.94683 136.464
7.98483 136.457
8.02243 136.442
8.05983 136.423
8.09792 136.419
8.13621 136.419
8.17429 136.414
8.21238 136.41
8.25035 136.404
8.28803 136.391
8.326 136.384
8.36427 136.384
8.40276 136.389
8.44114 136.391
8.4789 136.38
8.51539 136.344
8.55251 136.32
8.59108 136.327
8.62945 136.329
8.6675 136.324
8.70512 136.312
8.74274 136.299
8.78089 136.297
8.81914 136.297
8.85794 136.307
8.89598 136.303
8.93347 136.288
8.97084 136.271
9.00787 136.247
9.04678 136.26
9.0848 136.256
9.1327 136.439
9.172 136.458
9.2027 136.315
9.24028 136.302
9.27808 136.294
9.31644 136.296
9.35493 136.3
9.39306 136.298
9.4312 136.296
9.46945 136.296
9.50736 136.289
9.54514 136.281
9.58327 136.279
9.6214 136.276
9.65976 136.279
9.69825 136.283
9.73674 136.287
9.77474 136.283
9.81275 136.278
9.851 136.278
9.88912 136.276
9.92761 136.28
9.96635 136.289
10.0047 136.291
10.043 136.291
10.0816 136.297
10.1201 136.301
10.158 136.295
10.1962 136.295
10.2353 136.31
10.2749 136.331
10.3136 136.339
10.352 136.341
10.3903 136.341
10.4289 136.348
10.4679 136.36
10.507 136.373
10.5462 136.388
10.5853 136.403
10.6237 136.405
10.6621 136.407
10.7006 136.409
10.7391 136.413
10.7784 136.43
10.8178 136.447
10.8564 136.453
10.8951 136.46
10.9352 136.487
10.9753 136.517
11.0142 136.526
11.0523 136.523
11.0909 136.528
11.1304 136.547
11.1701 136.568
11.2093 136.581
11.2485 136.596
11.2873 136.602
11.3274 136.63
11.3667 136.644
11.4061 136.661
11.4462 136.687
11.486 136.71
11.5251 136.721
11.564 136.73
11.6038 136.751
11.643 136.764
11.682 136.774
11.7233 136.817
11.7625 136.83
11.8026 136.855
11.8427 136.881
11.8815 136.887
11.9205 136.896
11.9626 136.949
12.002 136.964
12.0408 136.97
12.0823 137.015
12.1216 137.028
12.1618 137.054
12.2023 137.084
12.2417 137.097
12.2824 137.129
12.3231 137.161
12.3627 137.178
12.405 137.232
12.4445 137.246
12.4859 137.287
12.5251 137.298
12.5665 137.339
12.6076 137.375
12.6469 137.386
12.6874 137.414
12.7282 137.446
12.7705 137.498
12.8122 137.541
12.8535 137.579
12.8951 137.62
12.9366 137.661
12.9789 137.711
13.0195 137.739
13.0605 137.771
13.1008 137.795
13.1441 137.858
13.1856 137.896
13.2284 137.953
13.2685 137.972
13.3119 138.035
13.3556 138.102
13.3994 138.169
13.441 138.208
13.482 138.239
13.5237 138.278
13.5691 138.365
13.6114 138.412
13.6559 138.486
13.7022 138.584
13.7461 138.65
13.7879 138.689
