3.03959 154.625
3.08195 154.588
3.12465 154.575
3.33366 154.243
3.37583 154.204
3.41826 154.18
3.46076 154.162
3.50211 154.079
3.54426 154.042
3.587 154.04
3.62956 154.027
3.67119 153.964
3.71367 153.949
3.756 153.925
3.79836 153.905
3.84006 153.85
3.88251 153.834
3.92437 153.79
3.96633 153.751
4.00889 153.743
4.05055 153.691
4.09273 153.666
4.13462 153.627
4.17709 153.616
4.2189 153.575
4.26136 153.564
4.30331 153.531
4.34456 153.466
4.38687 153.45
4.42883 153.419
4.47071 153.386
4.51294 153.368
4.5548 153.334
4.59646 153.293
4.63835 153.262
4.68145 153.282
4.72394 153.277
4.7653 153.226
4.80759 153.213
4.84987 153.2
4.89182 153.174
4.93376 153.148
4.97615 153.14
5.01834 153.125
5.06092 153.125
5.10329 153.117
5.14506 153.086
5.1866 153.048
5.2284 153.019
5.27089 153.017
5.31344 153.017
5.35585 153.012
5.39776 152.988
5.43923 152.95
5.48198 152.958
5.52445 152.955
5.19542 139.935
5.23512 139.938
5.64907 152.852
5.69106 152.834
5.73402 152.849
5.77714 152.87
5.81973 152.873
5.86217 152.87
5.90344 152.829
5.94485 152.793
5.98718 152.788
6.03 152.798
6.07233 152.793
6.11458 152.785
6.15716 152.788
6.19842 152.749
6.23983 152.716
6.28181 152.7
6.3247 152.713
6.36474 152.639
6.40525 152.579
6.44684 152.554
6.48816 152.52
6.5212 152.241
6.56366 152.243
6.61772 152.587
6.66545 152.742
6.70987 152.798
6.752 152.788
6.79467 152.793
6.8358 152.755
6.87873 152.768
6.92084 152.757
6.96313 152.752
7.00496 152.734
7.04659 152.711
7.08887 152.706
7.13152 152.711
7.17455 152.726
7.21816 152.757
7.2614 152.778
7.30398 152.781
7.34636 152.778
7.38864 152.773
7.4316 152.786
7.47457 152.799
7.51655 152.786
7.55873 152.778
7.6019 152.796
7.64509 152.814
7.68828 152.832
7.73076 152.832
7.77356 152.84
7.81666 152.855
7.8604 152.886
7.90352 152.902
7.94633 152.909
7.98851 152.902
8.03079 152.896
8.07371 152.907
8.11728 152.933
8.16032 152.945
8.20391 152.971
8.24653 152.974
8.28893 152.971
8.33188 152.982
8.37583 153.015
8.4198 153.049
8.46266 153.056
8.50506 153.054
8.54747 153.051
8.59022 153.056
8.63286 153.059
8.67653 153.085
8.72056 153.118
8.76356 153.129
8.8075 153.16
8.85169 153.196
8.89447 153.201
8.93738 153.209
8.98148 153.242
9.02356 153.232
9.06611 153.232
9.11049 153.271
9.15573 153.328
9.19842 153.33
9.24149 153.34
9.2858 153.377
9.32888 153.387
9.37446 153.449
9.41768 153.462
9.46192 153.496
9.50504 153.506
9.54828 153.519
9.59332 153.568
9.63697 153.589
9.68154 153.628
9.72456 153.636
9.76732 153.638
9.81153 153.67
9.85628 153.711
9.9025 153.781
9.94583 153.794
9.99023 153.828
10.0355 153.877
10.0804 153.922
10.1249 153.956
10.1683 153.969
10.2115 153.979
10.2576 154.044
10.3026 154.086
10.7533 154.512
10.7999 154.58
11.311 155.271
