-24.8702 83.9027
11.4234 134.06
11.4652 134.121
11.4885 133.907
11.5041 133.581
11.5402 133.558
11.5764 133.537
12.5251 131.644
12.5592 131.603
12.5921 131.547
12.6284 131.535
12.6615 131.482
12.6939 131.42
12.7265 131.36
12.7623 131.344
12.797 131.312
12.8297 131.255
12.8637 131.215
12.8964 131.159
12.931 131.127
12.9659 131.099
13.0001 131.063
13.0327 131.007
13.0669 130.971
13.1013 130.937
13.1354 130.901
13.1699 130.869
13.2048 130.843
13.2394 130.813
13.3059 130.719
13.3417 130.705
13.3767 130.681
13.4127 130.669
13.4458 130.622
13.4817 130.61
13.5165 130.584
13.5509 130.552
13.5848 130.516
13.619 130.482
13.6521 130.437
13.6875 130.419
13.7223 130.393
13.7577 130.375
13.7939 130.367
13.8279 130.333
13.8616 130.296
13.8962 130.268
13.9318 130.254
13.9657 130.218
14.0014 130.204
14.0373 130.194
14.0722 130.171
14.107 130.147
14.1433 130.141
14.1789 130.127
14.2123 130.087
14.2471 130.064
14.2815 130.036
14.3166 130.016
14.3511 129.99
14.3865 129.975
14.4216 129.955
14.4572 129.941
14.4927 129.927
14.5271 129.899
14.563 129.889
14.5988 129.88
14.6333 129.854
14.6676 129.826
14.7028 129.808
14.7381 129.793
14.7745 129.789
14.8109 129.785
14.8464 129.771
14.8821 129.759
14.9172 129.741
14.9516 129.716
14.9865 129.696
15.0223 129.686
15.0569 129.662
15.093 129.656
15.1292 129.651
15.1655 129.647
15.2017 129.641
15.2371 129.627
15.2733 129.621
15.3094 129.615
15.3448 129.601
15.3804 129.589
15.4165 129.583
15.4528 129.579
15.488 129.564
15.5236 129.552
15.559 129.538
15.5945 129.526
15.6297 129.51
15.6653 129.499
15.7008 129.487
15.7375 129.487
15.7749 129.495
15.8108 129.487
15.8468 129.481
15.8829 129.475
15.9211 129.49
15.9589 129.502
15.995 129.496
16.0301 129.48
16.0652 129.465
16.0997 129.443
16.1358 129.437
16.1722 129.435
16.2083 129.429
16.2451 129.431
16.2814 129.427
16.3174 129.421
16.3539 129.419
16.3907 129.421
16.4273 129.421
16.4637 129.419
16.5 129.415
16.5362 129.411
16.573 129.413
16.6102 129.419
16.6465 129.415
16.6819 129.403
16.7179 129.397
16.7543 129.395
16.7902 129.387
16.8282 129.401
16.8656 129.409
16.9012 129.399
16.9358 129.379
16.9724 129.379
17.0094 129.383
17.0464 129.387
17.0833 129.389
17.1199 129.389
17.1573 129.396
17.1935 129.392
17.2303 129.394
17.2679 129.404
17.3052 129.41
17.3426 129.418
17.3802 129.427
17.4175 129.433
17.4541 129.433
17.4905 129.431
17.5269 129.429
17.5639 129.433
17.6013 129.441
17.6386 129.446
17.6752 129.446
17.7122 129.45
17.7507 129.468
17.7882 129.475
17.8252 129.479
17.8627 129.487
17.9008 129.501
17.9385 129.511
17.9759 129.518
18.0136 129.528
18.0515 129.54
18.0886 129.544
18.1267 129.557
18.1646 129.569
18.2021 129.577
18.2388 129.577
18.2767 129.588
18.3144 129.598
18.3539 129.624
18.3923 129.639
18.4309 129.657
18.4675 129.657
18.5046 129.661
18.5439 129.684
18.5814 129.692
18.6207 129.715
18.6578 129.719
18.6949 129.723
18.7324 129.731
18.7738 129.772
18.8116 129.782
18.8496 129.794
18.8898 129.825
18.9292 129.848
18.9679 129.866
19.0044 129.864
19.0451 129.899
19.0829 129.909
19.121 129.921
19.162 129.958
19.2001 129.97
19.2379 129.98
19.2783 130.011
19.318 130.037
19.3577 130.062
19.3983 130.096
19.4369 130.112
19.4789 130.157
19.5168 130.167
19.5568 130.194
19.5945 130.202
19.6366 130.247
19.675 130.261
19.7153 130.291
19.7556 130.32
19.7964 130.354
19.8367 130.384
19.878 130.421
19.9209 130.473
19.9587 130.48
19.999 130.51
20.0397 130.542
20.0798 130.569
20.1212 130.607
20.165 130.665
20.2055 130.694
20.2476 130.738
20.2908 130.79
20.3291 130.801
21.0769 131.764
21.1246 131.849
21.1644 131.871
21.2043 131.893
