-27.2577 146.727
-27.2142 146.704
-27.1736 146.7
-27.1319 146.688
-27.0899 146.674
-27.0322 146.555
-26.7471 146.244
-26.7062 146.237
-26.6568 146.172
-26.5659 146.095
-26.5207 146.058
-26.4764 146.028
-26.2936 145.866
-26.2488 145.831
-26.2044 145.799
-26.1623 145.782
-26.1138 145.722
-26.0701 145.694
-26.03 145.692
-25.9899 145.69
-25.9488 145.681
-25.9031 145.639
-25.8552 145.582
-25.8141 145.572
-25.7694 145.538
-25.7248 145.503
-25.6812 145.476
-25.6365 145.441
-25.5949 145.427
-25.5542 145.421
-25.5135 145.414
-25.4677 145.37
-25.426 145.356
-25.3844 145.342
-25.3415 145.32
-25.3005 145.31
-25.2563 145.278
-25.2131 145.253
-25.1728 145.249
-25.1322 145.242
-25.0919 145.237
-25.0525 145.24
-25.0096 145.217
-24.9687 145.208
-24.9246 145.176
-24.8795 145.137
-24.8389 145.13
-24.7993 145.13
-24.7565 145.107
-24.7156 145.098
-24.6753 145.094
-24.6322 145.068
-24.5882 145.036
-24.5476 145.029
-24.5048 145.007
-24.4649 145.004
-24.4249 145.002
-24.3847 144.998
-24.3429 144.982
-24.298 144.943
-24.2556 144.922
-24.2194 144.948
-24.1803 144.953
-24.1413 144.957
-24.1014 144.955
-24.0618 144.956
-24.0218 144.953
-23.9785 144.926
-23.9374 144.915
-23.8965 144.906
-23.8548 144.89
-23.8173 144.906
-23.7779 144.908
-23.7377 144.904
-23.696 144.888
-23.6563 144.888
-23.6185 144.902
-23.5789 144.902
-23.5368 144.884
-23.4966 144.88
-23.4555 144.868
-23.4141 144.855
-23.3747 144.857
-23.3342 144.851
-23.2934 144.841
-23.255 144.851
-23.2183 144.874
-23.1792 144.879
-23.1387 144.872
-23.0985 144.868
-23.0591 144.87
-23.0171 144.852
-22.9763 144.843
-22.9387 144.859
-22.9023 144.885
-22.8641 144.897
-22.825 144.901
-22.7854 144.902
-22.7478 144.918
-22.7107 144.939
-22.673 144.955
-22.6365 144.981
-22.5963 144.976
-22.5595 145
-22.5158 144.967
-22.4698 144.917
-22.4265 144.887
-22.3876 144.894
-22.3505 144.915
-22.3165 144.961
-22.278 144.971
-22.2383 144.971
-22.1998 144.981
-22.1601 144.981
-22.1226 144.999
-22.0841 145.009
-22.0438 145.004
-22.0024 144.991
-21.9616 144.982
-21.9247 145.005
-21.8864 145.017
-21.8512 145.054
-21.8103 145.045
-21.7695 145.036
-21.7312 145.047
-21.6937 145.066
-21.6559 145.082
-21.6178 145.097
-21.5798 145.111
-21.5411 145.12
-21.5041 145.143
-21.4679 145.174
-21.4293 145.183
-21.3904 145.19
-21.3522 145.204
-21.3168 145.242
-21.2779 145.249
-21.2397 145.263
-21.2037 145.295
-21.1669 145.321
-21.1285 145.333
-21.089 145.335
-21.05 145.342
-21.0137 145.373
-20.975 145.382
-20.9362 145.392
-20.9015 145.436
-20.8633 145.45
-20.8248 145.462
-20.7902 145.509
-20.7515 145.518
-20.713 145.53
-20.6768 145.563
-20.6377 145.57
-20.5987 145.577
-20.5646 145.628
-20.5261 145.64
-20.4901 145.675
-20.4539 145.708
-20.415 145.717
-20.3759 145.725
-20.342 145.778
-20.3034 145.79
-20.2671 145.823
-20.2314 145.861
-20.193 145.875
-20.1569 145.91
-20.1216 145.952
-20.0853 145.985
-20.0458 145.99
-20.0118 146.044
-19.9728 146.053
-19.9369 146.091
-19.9008 146.126
-19.8643 146.159
-19.8269 146.183
-19.7902 146.213
-19.754 146.249
-19.7177 146.284
-19.681 146.315
-19.6437 146.341
-19.5732 146.43
-19.5364 146.461
-19.5008 146.503
-19.4677 146.569
-19.4296 146.588
-19.393 146.621
-19.3571 146.662
-19.3214 146.704
-19.2885 146.773
-19.2553 146.839
-19.2164 146.851
-19.1829 146.915
-19.1501 146.986
-19.1141 147.026
-19.0775 147.062
-18.9371 147.261
-18.9013 147.304
-18.3082 149.055
-18.4417 150.825
-18.2565 149.357
-18.2191 149.391
-18.1795 149.404
