-7.1064 126.346
-7.06932 126.328
-7.03063 126.273
-6.64544 125.734
-6.60702 125.68
-6.53192 125.61
-6.49356 125.556
-6.41872 125.49
-6.38043 125.436
-6.34309 125.404
-6.30583 125.374
-6.26844 125.341
-6.23114 125.309
-6.194 125.281
-6.15672 125.249
-6.11776 125.175
-6.08118 125.16
-6.04491 125.152
-6.00696 125.102
-5.96983 125.072
-5.93265 125.04
-5.89561 125.013
-5.85845 124.981
-5.82159 124.957
-5.78515 124.944
-5.74754 124.899
-5.7105 124.869
-5.67348 124.84
-5.63701 124.825
-5.5996 124.784
-5.56335 124.775
-5.52678 124.756
-5.49047 124.745
-5.45338 124.712
-5.41585 124.665
-5.37918 124.643
-5.34284 124.63
-5.30638 124.614
-5.26987 124.595
-5.23348 124.58
-5.1973 124.571
-5.16093 124.556
-5.12438 124.536
-5.08765 124.51
-5.05069 124.477
-5.01411 124.454
-4.97802 124.447
-4.94151 124.427
-4.90537 124.418
-4.86877 124.394
-4.83235 124.375
-4.7964 124.371
-4.76033 124.364
-4.72353 124.333
-4.68719 124.316
-4.65092 124.301
-4.61498 124.298
-4.57917 124.298
-4.54279 124.279
-4.50665 124.268
-4.47018 124.246
-4.43405 124.235
-4.3976 124.213
-4.36153 124.204
-4.32515 124.183
-4.28873 124.161
-4.25289 124.159
-4.21714 124.161
-4.1813 124.159
-4.1452 124.148
-4.10916 124.139
-4.07292 124.123
-4.03664 124.104
-4.00061 124.095
-3.96473 124.091
-3.92885 124.088
-3.89288 124.08
-3.85668 124.064
-3.82048 124.047
-3.78461 124.044
-3.74875 124.04
-3.71293 124.038
-3.67711 124.036
-3.64133 124.036
-3.60556 124.036
-3.56952 124.025
-3.53344 124.012
-3.49754 124.007
-3.46165 124.001
-3.42571 123.994
-3.3899 123.992
-3.35409 123.99
-3.31811 123.981
-3.28223 123.976
-3.24638 123.972
-3.21054 123.968
-3.17469 123.965
-3.13896 123.967
-3.10316 123.965
-3.06736 123.963
-3.03155 123.961
-2.99575 123.959
-2.95991 123.956
-2.92418 123.958
-2.88855 123.965
-2.85289 123.97
-2.81708 123.969
-2.78128 123.967
-2.74544 123.963
-2.70957 123.958
-2.67373 123.954
-2.63799 123.956
-2.60232 123.961
-2.5668 123.976
-2.53125 123.989
-2.49553 123.993
-2.45975 123.993
-2.42388 123.987
-2.38798 123.98
-2.35217 123.978
-2.31645 123.982
-2.28078 123.989
-2.24511 123.997
-2.20941 124.002
-2.17368 124.006
-2.13794 124.01
-2.10221 124.013
-2.0665 124.019
-2.03073 124.021
-1.99494 124.021
-1.95917 124.022
-1.92345 124.028
-1.88789 124.046
-1.85216 124.052
-1.81641 124.056
-1.78067 124.061
-1.74491 124.065
-1.70917 124.071
-1.67343 124.076
-1.63777 124.089
-1.60218 124.109
-1.56648 124.12
-1.53076 124.13
-1.49505 124.141
-1.45932 124.15
-1.42351 124.152
-1.38775 124.159
-1.35204 124.172
-1.31623 124.174
-1.28063 124.2
-1.24488 124.211
-1.20913 124.222
-1.17335 124.229
-1.1375 124.229
-1.10172 124.239
-1.06595 124.25
-1.03025 124.27
-0.994586 124.298
-0.958926 124.327
-0.923113 124.337
-0.887272 124.342
-0.851427 124.348
-0.815636 124.363
-0.779882 124.385
-0.744043 124.394
-0.70825 124.413
-0.67241 124.424
-0.636628 124.448
-0.600765 124.457
-0.564963 124.481
-0.529079 124.489
-0.493326 124.53
-0.457462 124.546
-0.421596 124.565
-0.385672 124.569
-0.349803 124.591
-0.313886 124.6
-0.278019 124.63
-0.242151 124.665
-0.206242 124.689
-0.170317 124.712
-0.13436 124.721
-0.0984279 124.751
-0.062482 124.78
-0.0264945 124.784
0.00949068 124.793
0.045462 124.834
0.0814573 124.862
0.117468 124.874
0.153489 124.922
0.189526 124.954
0.225579 124.985
0.261634 125
0.297696 125.015
0.333775 125.038
0.369884 125.073
0.406007 125.107
0.44215 125.142
0.478286 125.167
0.514433 125.191
0.550567 125.206
0.586763 125.24
0.623033 125.292
0.659309 125.339
0.695554 125.371
0.731807 125.401
0.768006 125.414
0.804381 125.466
0.840696 125.5
0.986477 125.701
1.02285 125.728
1.05912 125.735
1.09542 125.747
1.24193 125.971
1.2785 126.009
1.31521 126.064
1.35181 126.102
1.38857 126.156
1.42538 126.215
1.46222 126.274
1.4989 126.31
1.53556 126.342
1.57247 126.401
1.60945 126.464
1.64645 126.525
1.79612 126.902
1.83311 126.946
1.87007 126.986
1.90732 127.049
1.98286 127.258
2.276 130.025
2.312 129.934
