-11.0237 158.353
-10.9783 158.316
-10.9347 158.311
-10.6089 157.889
-10.5634 157.846
-10.5193 157.831
-10.4726 157.764
-10.4287 157.751
-10.3833 157.709
-10.338 157.669
-10.2929 157.632
-10.2474 157.587
-10.2022 157.547
-10.1568 157.505
-10.1114 157.46
-10.0662 157.42
-10.0212 157.383
-9.97745 157.37
-9.93246 157.333
-9.88763 157.299
-9.84363 157.281
-9.79869 157.244
-9.75403 157.212
-9.70926 157.178
-9.66569 157.167
-9.62186 157.152
-9.57607 157.096
-9.53213 157.078
-9.48729 157.041
-9.44259 157.007
-9.39868 156.989
-9.35401 156.955
-9.30948 156.923
-9.2656 156.905
-9.22198 156.892
-9.17811 156.874
-9.13387 156.848
-9.09002 156.83
-9.04679 156.825
-9.00381 156.825
-8.96034 156.815
-8.91505 156.765
-8.87147 156.752
-8.8279 156.739
-8.78337 156.705
-8.73994 156.695
-8.69615 156.677
-8.65283 156.669
-8.6087 156.643
-8.5654 156.635
-8.52187 156.623
-8.47788 156.599
-8.43459 156.592
-8.39142 156.587
-8.34802 156.576
-8.30519 156.579
-8.26168 156.567
-8.21806 156.551
-8.17401 156.525
-8.13041 156.51
-8.08648 156.486
-8.04355 156.487
-8.00051 156.484
-7.95737 156.479
-7.914 156.469
-7.87054 156.456
-7.82729 156.449
-7.78373 156.433
-7.74049 156.426
-7.69746 156.424
-7.65474 156.429
-7.61182 156.43
-7.56848 156.419
-7.52524 156.412
-7.48181 156.399
-7.43817 156.381
-7.39505 156.376
-7.35183 156.368
-7.30821 156.35
-7.2653 156.351
-7.22228 156.349
-7.17946 156.352
-7.13654 156.352
-7.09333 156.344
-7.05012 156.337
-7.00663 156.321
-6.96286 156.298
-6.92042 156.312
-6.8775 156.312
-6.83393 156.294
-6.79074 156.286
-6.74856 156.308
-6.70601 156.319
-6.66218 156.293
-6.6198 156.309
-6.57759 156.331
-6.53422 156.318
-6.49183 156.334
-6.44872 156.329
-6.40631 156.345
-6.36416 156.37
-6.32131 156.373
-6.27871 156.384
-6.23644 156.405
-6.194 156.422
-6.15163 156.44
-6.10875 156.443
-6.06587 156.447
-6.02324 156.458
-5.98059 156.469
-5.93779 156.474
-5.89497 156.48
-5.85216 156.486
-5.8095 156.497
-5.76731 156.523
-5.72495 156.545
-5.68211 156.551
-5.63927 156.556
-5.59711 156.586
-5.55532 156.629
-5.51246 156.635
-5.46944 156.635
-5.42672 156.646
-5.3837 156.646
-5.34075 156.649
-5.29838 156.674
-5.25571 156.687
-5.21296 156.698
-5.17007 156.704
-5.12696 156.702
-5.08406 156.707
-5.04205 156.748
-4.99989 156.783
-4.95717 156.796
-4.91485 156.826
-4.87231 156.848
-4.82957 156.861
-4.78669 156.87
-4.74373 156.875
-4.70142 156.908
-4.65878 156.927
-4.6172 156.991
-4.57427 156.999
-4.53122 157.002
-4.48823 157.008
-4.44651 157.07
-4.40374 157.086
-4.36091 157.1
-4.31901 157.156
-4.27609 157.167
-4.23305 157.173
-4.19006 157.181
-4.14832 157.249
-4.10605 157.292
-4.06309 157.303
-4.02056 157.335
-3.97763 157.349
-3.93535 157.395
-3.89358 157.467
-3.85051 157.476
-3.80744 157.484
-3.76493 157.522
-3.72184 157.531
-3.67996 157.603
-3.63755 157.649
-3.59502 157.69
-3.55252 157.733
-3.51014 157.785
-3.46832 157.868
-3.42565 157.906
-3.38241 157.912
-3.33917 157.918
-3.29715 157.996
-3.25447 158.037
-3.16923 158.129
-3.12662 158.178
-3.08394 158.224
-3.04163 158.295
-2.99833 158.303
-2.95547 158.342
-2.44566 159.263
-2.40302 159.346
-2.36028 159.422
-2.3177 159.516
-2.27466 159.573
-2.00643 163.31
-1.96158 163.279
