6.9573 123.829
6.99336 123.831
7.02885 123.82
7.06052 123.722
7.73424 122.791
7.7673 122.736
7.80115 122.698
8.03068 122.295
8.06353 122.241
8.09858 122.23
8.13167 122.181
8.16641 122.165
8.19937 122.114
8.23306 122.078
8.26362 121.983
8.29726 121.947
8.33022 121.898
8.36526 121.889
8.39943 121.864
8.43407 121.848
8.46755 121.81
8.50091 121.77
8.53249 121.699
8.56718 121.684
8.60127 121.659
8.63525 121.632
8.66912 121.604
8.70267 121.57
8.73631 121.537
8.77004 121.507
8.80385 121.478
8.83653 121.43
8.87011 121.398
8.90398 121.371
8.93783 121.344
8.97147 121.314
9.0053 121.287
9.03922 121.262
9.07406 121.253
9.10765 121.223
9.14018 121.175
9.17363 121.143
9.20738 121.116
9.24217 121.107
9.27622 121.086
9.30983 121.057
9.34364 121.033
9.37766 121.011
9.41274 121.008
9.44771 121.002
9.48148 120.978
9.51491 120.947
9.54965 120.939
9.58448 120.932
9.61744 120.894
9.65205 120.884
9.68609 120.864
9.72001 120.843
9.75291 120.806
9.78759 120.797
9.82216 120.786
9.85592 120.763
9.89047 120.753
9.92388 120.724
9.95671 120.687
9.99066 120.668
10.0257 120.666
10.0597 120.647
10.0942 120.636
10.1281 120.617
10.1614 120.588
10.1965 120.587
10.2312 120.58
10.2657 120.569
10.2998 120.553
10.3335 120.532
10.3674 120.513
10.4003 120.479
10.4346 120.467
10.4695 120.463
10.5047 120.464
10.5393 120.457
10.5741 120.451
10.6083 120.437
10.6417 120.413
10.6759 120.399
10.71 120.384
10.7446 120.377
10.7794 120.372
10.8136 120.36
10.8479 120.348
10.8821 120.335
10.9172 120.336
10.9525 120.337
10.987 120.329
11.0216 120.322
11.0565 120.32
11.091 120.311
11.1249 120.295
11.1588 120.278
11.1933 120.271
11.228 120.266
11.2627 120.261
11.297 120.25
11.3316 120.243
11.3663 120.238
11.4002 120.222
11.4354 120.224
11.471 120.231
11.5055 120.224
11.5406 120.224
11.5757 120.224
11.6096 120.209
11.6448 120.21
11.6813 120.23
11.7143 120.204
11.7477 120.181
11.7837 120.193
11.8206 120.218
11.8543 120.2
11.889 120.195
11.9236 120.19
11.9592 120.197
11.9941 120.196
12.0288 120.19
12.0638 120.19
12.0989 120.19
12.1335 120.185
12.168 120.178
12.2031 120.178
12.2385 120.184
12.2746 120.196
12.3106 120.209
12.3454 120.205
12.3796 120.195
12.4145 120.193
12.4498 120.197
12.4853 120.202
12.5209 120.209
12.5562 120.213
12.5922 120.224
12.6282 120.236
12.6633 120.236
12.6982 120.234
12.7332 120.235
12.7683 120.235
12.8036 120.238
12.8391 120.244
12.8748 120.251
12.9111 120.267
12.9457 120.262
12.9811 120.265
13.0173 120.279
13.0529 120.285
13.0891 120.299
13.124 120.297
13.1597 120.305
13.1955 120.314
13.2324 120.335
13.2691 120.354
13.3039 120.351
13.3377 120.337
13.3728 120.337
13.4082 120.341
13.4437 120.346
13.4786 120.344
13.514 120.348
13.5521 120.383
13.5883 120.396
13.6253 120.417
13.661 120.424
13.6974 120.44
13.7332 120.448
13.7698 120.465
13.8052 120.469
13.8413 120.48
13.8787 120.506
13.9142 120.51
13.9496 120.514
13.9864 120.533
14.0227 120.546
14.0594 120.563
14.0969 120.59
14.1327 120.597
14.1699 120.62
14.2058 120.629
14.2439 120.661
14.2777 120.647
14.3131 120.651
14.3524 120.695
14.3885 120.706
14.4243 120.713
14.4613 120.733
14.4986 120.756
14.535 120.77
14.5744 120.815
14.61 120.82
14.6477 120.847
14.6836 120.854
14.7231 120.901
14.7586 120.904
14.7969 120.936
14.8346 120.963
14.872 120.986
14.9079 120.994
14.945 121.013
14.9829 121.042
15.0232 121.094
15.0571 121.081
15.095 121.108
15.1352 121.16
15.1757 121.213
15.2139 121.244
15.2495 121.248
15.2869 121.269
15.7516 121.682
15.7894 121.707
15.8717 121.821
15.9081 121.832
15.9442 121.839
15.9822 121.864
