-24.8724 83.9128
-24.8441 83.9025
-17.6117 147.18
-17.5685 147.152
-17.5272 147.143
-17.4836 147.109
-17.3015 146.893
-17.26 146.882
-17.219 146.875
-17.173 146.816
-17.1318 146.806
-17.0855 146.742
-17.0445 146.736
-17.0008 146.7
-16.9596 146.691
-16.916 146.656
-16.8702 146.596
-16.7822 146.516
-16.7414 146.512
-16.4455 146.36
-16.405 146.358
-16.3177 146.283
-16.2745 146.25
-16.2334 146.241
-16.1926 146.234
-16.15 146.208
-16.1091 146.201
-16.066 146.169
-16.0228 146.136
-15.9816 146.124
-15.9411 146.122
-15.8991 146.101
-15.8558 146.066
-15.8147 146.057
-15.7737 146.048
-15.732 146.032
-15.6912 146.025
-15.6486 145.997
-15.6076 145.988
-15.5665 145.979
-15.5259 145.974
-15.4839 145.953
-15.4419 145.932
-15.4013 145.928
-15.3603 145.919
-15.3189 145.905
-15.2764 145.877
-15.2358 145.873
-15.1956 145.873
-15.155 145.869
-15.1128 145.845
-15.0721 145.839
-15.0321 145.841
-14.9932 145.858
-14.9523 145.849
-14.9115 145.842
-14.8703 145.831
-14.8282 145.808
-14.7873 145.798
-14.7463 145.789
-14.7056 145.783
-14.6656 145.785
-14.6259 145.793
-14.5861 145.798
-14.5456 145.793
-14.5031 145.765
-14.4624 145.759
-14.4224 145.761
-14.3825 145.766
-14.3418 145.76
-14.3011 145.753
-14.2609 145.753
-14.221 145.758
-14.181 145.761
-14.141 145.764
-14.1012 145.769
-14.0612 145.771
-14.0206 145.767
-13.9799 145.76
-13.9398 145.763
-13.9002 145.77
-13.8607 145.78
-13.8225 145.806
-13.7835 145.823
-13.741 145.793
-13.7 145.784
-13.6611 145.801
-13.6196 145.784
-13.5797 145.789
-13.5409 145.809
-13.5037 145.849
-13.4631 145.845
-13.4209 145.819
-13.3805 145.817
-13.3405 145.82
-13.3003 145.82
-13.2607 145.83
-13.2203 145.828
-13.1792 145.816
-13.1385 145.81
-13.0987 145.817
-13.0594 145.829
-13.022 145.87
-12.9822 145.877
-12.9415 145.87
-12.9006 145.861
-12.861 145.871
-12.8219 145.888
-12.7831 145.909
-12.744 145.926
-12.7046 145.938
-12.6651 145.951
-12.6254 145.958
-12.5856 145.965
-12.5461 145.977
-12.5071 145.997
-12.4678 146.011
-12.4277 146.014
-12.3883 146.028
-12.3485 146.036
-12.3087 146.043
-12.2701 146.07
-12.2309 146.087
-12.1909 146.092
-12.1517 146.109
-12.1128 146.13
-12.0737 146.149
-12.0329 146.143
-11.9937 146.16
-11.9554 146.191
-11.9157 146.201
-11.8762 146.215
-11.8374 146.239
-11.7971 146.239
-11.7573 146.249
-11.7211 146.314
-11.6822 146.338
-11.6447 146.383
-11.6052 146.398
-11.5656 146.41
-11.5273 146.444
-11.4879 146.461
-11.4493 146.49
-11.4092 146.495
-11.3693 146.504
-11.3298 146.519
-11.2913 146.55
-11.2517 146.565
-11.2145 146.618
-11.1752 146.637
-11.1379 146.69
-11.0987 146.712
-11.0603 146.745
-11.0201 146.75
-10.9803 146.763
-10.9426 146.811
-10.9044 146.849
-10.8665 146.893
-10.8278 146.924
-10.7896 146.965
-10.7503 146.987
-10.7113 147.014
-10.6723 147.04
-10.6327 147.057
-10.5945 147.098
-10.5577 147.163
-10.5187 147.192
-10.4789 147.207
-10.4404 147.243
-10.4006 147.258
-10.3632 147.316
-10.3249 147.357
-10.2867 147.401
-10.2484 147.445
-10.2116 147.515
-10.1736 147.563
-10.1361 147.621
-10.0965 147.641
-10.0579 147.68
-10.0196 147.726
-9.98284 147.799
-9.94379 147.83
-9.90525 147.872
-9.86837 147.945
-9.83184 148.025
-9.79387 148.078
-9.75626 148.139
-9.71786 148.186
-9.68122 148.266
-9.64391 148.334
-9.60607 148.393
-9.56657 148.42
-9.52931 148.491
-9.49252 148.572
-9.45694 148.677
-9.35021 148.998
-9.31176 149.05
-9.27268 149.089
-9.03364 150.95
-8.99481 151.006
