9.49569 157.684
9.53635 157.628
9.57426 157.515
10.1301 156.527
10.1712 156.487
10.2122 156.447
10.3322 156.27
10.3732 156.23
10.4141 156.191
10.4552 156.154
10.4957 156.106
10.5343 156.024
10.5749 155.979
10.6158 155.94
10.6576 155.919
10.6979 155.869
10.74 155.853
10.7818 155.832
10.8191 155.729
10.8594 155.682
10.9018 155.672
10.9434 155.648
10.9841 155.609
11.0245 155.564
11.0659 155.538
11.1055 155.48
11.1477 155.467
11.1891 155.441
11.2313 155.43
11.2721 155.394
11.3127 155.354
11.3542 155.331
11.3945 155.286
11.4365 155.273
11.4785 155.257
11.5196 155.229
11.5603 155.192
11.6017 155.169
11.6428 155.14
11.6847 155.124
11.7264 155.106
11.7682 155.09
11.8085 155.048
11.8494 155.017
11.8906 154.991
11.9324 154.975
11.9749 154.97
12.0168 154.957
12.0581 154.934
12.099 154.902
12.1403 154.879
12.1822 154.866
12.2238 154.848
12.2654 154.83
12.307 154.811
12.3487 154.796
12.3915 154.796
12.434 154.793
12.4761 154.783
12.5167 154.749
12.558 154.728
12.6001 154.718
12.6414 154.697
12.6831 154.681
12.7247 154.663
12.766 154.642
12.8075 154.624
12.8486 154.601
12.891 154.596
12.9333 154.59
12.9757 154.585
13.0169 154.564
13.0591 154.557
13.1018 154.557
13.1443 154.554
13.1852 154.528
13.2268 154.513
13.2689 154.505
13.3111 154.497
13.3525 154.479
13.3933 154.453
13.4346 154.432
13.4785 154.45
13.519 154.419
13.5585 154.375
13.6017 154.383
13.6438 154.375
13.6864 154.375
13.727 154.346
13.7684 154.328
13.8138 154.367
13.8599 154.417
13.9009 154.393
13.9442 154.404
13.9878 154.417
14.0318 154.435
14.0751 154.445
14.1185 154.456
14.1589 154.425
14.2018 154.427
14.2453 154.44
14.2886 154.448
14.3302 154.435
14.3727 154.432
14.4159 154.44
14.4589 154.445
14.5027 154.461
14.546 154.469
14.5884 154.466
14.631 154.466
14.6747 154.479
14.7187 154.498
14.7621 154.508
14.8054 154.516
14.8492 154.531
14.8915 154.526
14.9325 154.505
14.9764 154.521
15.0198 154.531
15.0629 154.537
15.1058 154.539
15.149 154.547
15.1917 154.547
15.2349 154.555
15.2792 154.576
15.3221 154.578
15.3648 154.578
15.4076 154.581
15.4513 154.594
15.4956 154.615
15.5408 154.646
15.5862 154.68
15.6289 154.68
15.6709 154.672
15.7142 154.68
15.7592 154.708
15.8028 154.719
15.8459 154.724
15.8892 154.732
15.9325 154.74
15.9799 154.797
16.0233 154.805
16.0658 154.802
16.1089 154.807
16.1523 154.815
16.2004 154.881
16.2442 154.894
16.2898 154.928
16.3349 154.956
16.3763 154.941
16.4226 154.982
16.4657 154.988
16.5087 154.99
16.5539 155.019
16.6002 155.061
16.6459 155.095
16.6897 155.108
16.7345 155.131
16.7757 155.113
16.8241 155.178
16.8696 155.21
16.9131 155.218
16.9625 155.294
17.0039 155.278
17.0497 155.312
17.0962 155.354
17.1452 155.425
17.1892 155.438
17.2327 155.446
17.2788 155.482
17.3272 155.546
17.3712 155.559
17.4174 155.595
17.464 155.637
17.9827 156.152
18.0264 156.159
