-5.47068 131.036
-5.34969 130.721
-5.31165 130.683
-5.23046 130.448
-5.19182 130.389
-4.95768 129.944
-4.91937 129.889
-4.88161 129.852
-4.84392 129.817
-4.80637 129.786
-4.7682 129.733
-4.73119 129.72
-4.69244 129.646
-4.50285 129.409
-4.46609 129.401
-4.42806 129.347
-4.38878 129.247
-4.35196 129.235
-4.31467 129.206
-4.2773 129.173
-4.23989 129.138
-4.20244 129.102
-4.16456 129.048
-4.1275 129.024
-4.09 128.984
-4.05257 128.945
-4.01555 128.922
-3.97844 128.895
-3.94115 128.861
-3.90346 128.809
-3.86681 128.799
-3.82989 128.778
-3.79326 128.768
-3.75613 128.737
-3.71879 128.697
-3.68128 128.649
-3.64451 128.632
-3.60722 128.591
-3.57064 128.582
-3.53419 128.578
-3.49779 128.576
-3.46088 128.551
-3.42407 128.53
-3.38685 128.489
-3.3499 128.461
-3.31308 128.438
-3.27655 128.428
-3.23908 128.373
-3.20221 128.346
-3.16571 128.336
-3.12922 128.327
-3.09223 128.292
-3.05578 128.284
-3.01934 128.277
-2.98235 128.24
-2.9452 128.195
-2.90867 128.181
-2.87233 128.177
-2.83599 128.173
-2.79955 128.164
-2.7627 128.131
-2.72614 128.114
-2.68981 128.11
-2.65333 128.097
-2.61688 128.085
-2.58038 128.07
-2.54375 128.047
-2.50711 128.022
-2.47069 128.011
-2.43439 128.007
-2.39807 128.001
-2.36172 127.993
-2.32535 127.984
-2.28889 127.969
-2.25256 127.961
-2.21611 127.946
-2.17976 127.936
-2.14346 127.93
-2.10701 127.913
-2.07067 127.903
-2.03436 127.896
-1.99813 127.894
-1.96192 127.894
-1.92552 127.878
-1.88911 127.861
-1.85284 127.856
-1.81653 127.846
-1.78025 127.838
-1.74403 127.836
-1.70782 127.834
-1.67154 127.827
-1.63525 127.817
-1.5989 127.802
-1.56265 127.796
-1.52641 127.79
-1.49018 127.785
-1.45392 127.777
-1.41769 127.771
-1.38146 127.765
-1.3453 127.767
-1.30916 127.771
-1.27296 127.767
-1.23662 127.748
-1.20034 127.735
-1.16419 127.736
-1.12805 127.74
-1.09193 127.746
-1.05576 127.746
-1.01955 127.74
-0.983277 127.725
-0.947038 127.713
-0.910926 127.721
-0.87468 127.707
-0.838532 127.709
-0.802395 127.713
-0.766413 127.745
-0.730386 127.771
-0.694232 127.775
-0.658058 127.775
-0.621831 127.764
-0.585618 127.754
-0.549425 127.748
-0.513249 127.746
-0.477075 127.744
-0.440875 127.735
-0.404686 127.727
-0.368529 127.729
-0.332409 127.744
-0.296243 127.744
-0.260068 127.74
-0.223903 127.74
-0.187752 127.747
-0.151604 127.759
-0.115446 127.766
-0.0792824 127.772
-0.043116 127.777
-0.00694277 127.777
0.0292314 127.775
0.0654023 127.781
0.101575 127.79
0.137753 127.805
0.173932 127.803
0.210109 127.8
0.246291 127.805
0.282476 127.811
0.318686 127.833
0.354897 127.85
0.391103 127.86
0.427294 127.86
0.463502 127.867
0.499732 127.882
0.535959 127.894
0.572163 127.895
0.60838 127.901
0.644606 127.909
0.680869 127.926
0.717111 127.935
0.753343 127.941
0.789617 127.956
0.825906 127.973
0.862159 127.98
0.898405 127.986
0.934645 127.99
0.970917 127.999
1.00735 128.037
1.04365 128.048
1.07992 128.054
1.11627 128.073
1.1526 128.086
1.18902 128.113
1.22542 128.133
1.26175 128.145
1.2982 128.169
1.33454 128.181
1.37087 128.188
1.40727 128.205
1.44359 128.211
1.48003 128.23
1.51642 128.243
1.55299 128.276
1.58947 128.297
1.62602 128.323
1.66248 128.34
1.69893 128.355
1.73551 128.382
1.77214 128.413
1.80853 128.42
1.8451 128.443
1.88183 128.479
1.91851 128.51
1.95496 128.519
1.99177 128.559
2.02824 128.569
2.06484 128.59
2.10163 128.624
2.13809 128.632
2.17481 128.658
2.21158 128.689
2.24834 128.718
2.28502 128.739
2.32157 128.75
2.35839 128.781
2.39498 128.794
2.43219 128.85
2.46934 128.9
2.50617 128.926
2.54278 128.938
2.57966 128.967
2.61661 128.999
2.65394 129.055
2.69062 129.068
2.72752 129.095
2.76444 129.122
2.80146 129.155
2.83859 129.193
2.87608 129.251
2.91346 129.301
3.0253 129.428
3.06245 129.461
3.10011 129.521
3.13689 129.533
3.17437 129.581
3.24955 129.686
3.28717 129.738
3.43751 129.928
3.66661 130.351
