-24.8709 83.9057
-24.8443 83.9036
-9.18949 149.902
-9.14682 149.873
-9.10488 149.858
-8.70733 149.291
-8.66441 149.252
-8.62241 149.233
-8.5785 149.172
-8.53675 149.157
-8.49299 149.099
-8.45015 149.06
-8.40844 149.045
-8.36441 148.98
-8.32305 148.972
-8.28158 148.963
-8.23751 148.895
-8.15194 148.814
-8.10933 148.778
-8.06675 148.742
-8.02545 148.734
-7.98425 148.73
-7.94003 148.654
-7.89771 148.623
-7.85644 148.616
-7.81507 148.606
-7.77145 148.543
-7.72888 148.504
-7.68774 148.5
-7.6468 148.5
-7.60466 148.471
-7.56214 148.432
-7.52052 148.415
-7.47872 148.394
-7.43683 148.369
-7.39562 148.362
-7.35413 148.348
-7.31188 148.314
-7.26935 148.273
-7.22818 148.266
-7.18606 148.235
-7.14489 148.228
-7.10289 148.199
-7.06174 148.192
-7.02049 148.182
-6.9787 148.158
-6.93738 148.146
-6.89569 148.124
-6.85456 148.117
-6.81272 148.091
-6.7715 148.081
-6.73021 148.069
-6.68848 148.045
-6.64684 148.024
-6.60583 148.019
-6.5649 148.017
-6.52406 148.017
-6.48288 148.008
-6.4417 147.998
-6.40061 147.991
-6.35885 147.964
-6.31736 147.945
-6.2762 147.936
-6.23521 147.931
-6.19414 147.924
-6.15332 147.924
-6.11249 147.924
-6.07143 147.917
-6.03036 147.91
-5.98883 147.889
-5.9477 147.879
-5.90658 147.87
-5.86568 147.867
-5.82441 147.853
-5.7833 147.844
-5.74234 147.839
-5.70138 147.834
-5.66049 147.832
-5.61939 147.822
-5.57836 147.815
-5.53748 147.813
-5.49675 147.816
-5.45595 147.816
-5.41493 147.809
-5.3744 147.819
-5.33394 147.831
-5.2932 147.833
-5.25225 147.829
-5.21117 147.819
-5.17015 147.812
-5.12901 147.8
-5.0884 147.808
-5.04898 147.859
-5.00843 147.868
-4.96806 147.886
-4.92691 147.874
-4.88564 147.857
-4.84494 147.862
-4.80374 147.847
-4.76292 147.848
-4.72229 147.855
-4.68061 147.821
-4.63931 147.802
-4.59844 147.8
-4.55769 147.802
-4.51682 147.8
-4.47589 147.795
-4.43513 147.798
-4.39507 147.83
-4.35465 147.847
-4.31428 147.866
-4.27351 147.869
-4.23263 147.866
-4.19213 147.881
-4.15195 147.91
-4.11149 147.927
-4.0707 147.93
-4.02996 147.935
-3.98911 147.935
-3.94827 147.935
-3.90758 147.943
-3.86719 147.965
-3.82678 147.987
-3.78652 148.016
-3.74575 148.021
-3.70489 148.021
-3.66393 148.016
-3.62315 148.021
-3.58271 148.043
-3.54193 148.048
-3.50138 148.065
-3.46118 148.102
-3.42043 148.109
-3.3795 148.107
-3.33878 148.117
-3.29815 148.131
-3.25777 148.161
-3.21704 148.17
-3.17614 148.171
-3.1354 148.18
-3.09469 148.193
-3.05447 148.234
-3.01387 148.254
-2.97314 148.266
-2.93248 148.283
-2.8917 148.293
-2.85096 148.305
-2.81043 148.332
-2.76993 148.361
-2.72923 148.378
-2.68902 148.43
-2.64781 148.413
-2.60736 148.449
-2.56687 148.484
-2.52626 148.51
-2.48534 148.515
-2.44449 148.525
-2.40366 148.538
-2.36304 148.567
-2.32287 148.633
-2.28235 148.672
-2.24144 148.682
-2.20086 148.719
-2.16003 148.736
-2.11933 148.765
-2.07859 148.792
-2.03768 148.805
-1.9971 148.849
-1.95638 148.881
-1.91559 148.908
-1.87467 148.922
-1.83427 148.991
-1.79392 149.067
-1.75312 149.099
-1.71209 149.109
-1.67126 149.141
-1.63029 149.158
-1.58952 149.2
-1.54873 149.242
-1.50791 149.281
-1.46736 149.358
-1.42671 149.424
-1.38604 149.493
-1.345 149.516
-1.30395 149.538
-1.26282 149.55
-1.22205 149.617
-1.1811 149.661
-1.14029 149.731
-1.09916 149.75
-1.05833 149.825
-1.01726 149.862
-0.976346 149.931
-0.935158 149.953
-0.524435 150.735
-0.483179 150.815
-0.441888 150.895
