-14.8988 131.823
-14.8607 131.817
-14.8231 131.817
-14.6986 131.686
-14.6586 131.658
-14.618 131.623
-14.5779 131.595
-14.5379 131.567
-14.4995 131.557
-14.4593 131.527
-14.4193 131.498
-14.3378 131.424
-14.2978 131.396
-14.26 131.392
-14.2201 131.364
-14.0613 131.261
-14.0233 131.255
-13.9835 131.227
-13.9412 131.171
-13.9031 131.163
-13.8634 131.137
-13.8236 131.109
-13.7843 131.087
-13.7462 131.079
-13.7054 131.039
-13.6636 130.987
-13.6257 130.981
-13.5883 130.981
-13.5507 130.979
-13.5128 130.973
-13.4751 130.97
-13.434 130.925
-13.3956 130.914
-13.3559 130.886
-13.3164 130.86
-13.2782 130.85
-13.2402 130.842
-13.2015 130.826
-13.1638 130.822
-13.1246 130.8
-13.0868 130.794
-13.0486 130.784
-13.0112 130.785
-12.9724 130.767
-12.9347 130.763
-12.8967 130.755
-12.8568 130.723
-12.8177 130.701
-12.779 130.685
-12.742 130.69
-12.7044 130.688
-12.6672 130.69
-12.6289 130.678
-12.5892 130.648
-12.5503 130.628
-12.5108 130.6
-12.4733 130.599
-12.4363 130.603
-12.3986 130.599
-12.3606 130.591
-12.3227 130.583
-12.2852 130.582
-12.2478 130.582
-12.2088 130.56
-12.1712 130.556
-12.1332 130.548
-12.0954 130.542
-12.0584 130.547
-12.0209 130.545
-11.9829 130.537
-11.945 130.529
-11.9078 130.531
-11.8711 130.542
-11.8342 130.548
-11.797 130.55
-11.7602 130.558
-11.723 130.561
-11.6846 130.547
-11.6461 130.531
-11.6086 130.529
-11.5704 130.517
-11.5329 130.515
-11.4957 130.518
-11.4587 130.524
-11.4211 130.52
-11.3831 130.512
-11.3454 130.506
-11.3077 130.502
-11.2708 130.509
-11.2338 130.515
-11.1963 130.513
-11.1589 130.513
-11.1208 130.501
-11.0839 130.51
-11.0474 130.522
-11.0111 130.538
-10.9738 130.54
-10.937 130.549
-10.8988 130.537
-10.8599 130.515
-10.8223 130.511
-10.7848 130.509
-10.7485 130.525
-10.7107 130.52
-10.6742 130.534
-10.6366 130.53
-10.5994 130.534
-10.563 130.548
-10.5265 130.563
-10.4896 130.571
-10.4532 130.587
-10.4166 130.599
-10.3799 130.612
-10.3435 130.628
-10.3066 130.636
-10.2695 130.64
-10.2322 130.643
-10.1955 130.655
-10.1593 130.675
-10.1227 130.689
-10.0869 130.716
-10.0496 130.718
-10.0125 130.724
-9.97545 130.73
-9.93873 130.743
-9.90225 130.759
-9.86613 130.781
-9.82891 130.786
-9.79181 130.792
-9.75482 130.8
-9.71783 130.808
-9.68083 130.817
-9.64371 130.823
-9.60706 130.837
-9.56993 130.843
-9.53315 130.856
-9.49753 130.888
-9.46272 130.935
-9.42567 130.943
-9.38921 130.961
-9.35204 130.967
-9.31475 130.972
-9.27895 131.002
-9.24279 131.027
-9.20571 131.035
-9.16885 131.047
-9.13334 131.084
-9.09624 131.092
-9.05958 131.108
-9.02336 131.133
-8.98724 131.159
-8.95067 131.178
-8.91431 131.2
-8.87793 131.223
-8.84122 131.239
-8.80472 131.259
-8.76734 131.264
-8.73007 131.27
-8.69366 131.292
-8.65894 131.347
-8.6226 131.372
-8.58604 131.392
-8.54968 131.417
-8.5131 131.437
-8.47777 131.482
-8.44085 131.497
-8.40454 131.523
-8.36843 131.554
-8.33252 131.589
-8.29659 131.623
-8.26136 131.672
-8.22417 131.683
-8.18688 131.691
-8.15079 131.724
-8.11469 131.757
-8.07967 131.812
-8.04373 131.849
-8.00867 131.904
-7.97161 131.919
-7.89923 131.984
-7.86273 132.011
-7.8265 132.044
-7.79017 132.075
-7.14565 132.909
-7.10899 132.94
-6.27814 134.092
-6.24003 134.096
-6.20168 134.095
