-15.3093 142.571
-15.1787 141.963
-14.8691 141.08
-14.8296 141.073
-14.2456 140.126
-14.2038 140.089
-14.1603 140.03
-14.1202 140.015
-14.0743 139.925
-14.032 139.882
-13.9885 139.823
-13.9468 139.786
-13.9069 139.77
-13.8631 139.707
-13.8196 139.646
-13.778 139.609
-13.7381 139.594
-13.695 139.538
-13.6536 139.503
-13.6123 139.47
-13.5708 139.433
-13.5293 139.396
-13.4862 139.34
-13.4466 139.327
-13.4053 139.292
-13.3642 139.26
-13.325 139.253
-13.282 139.195
-13.2405 139.158
-13.2011 139.147
-13.1605 139.121
-13.1198 139.093
-13.0791 139.065
-13.0392 139.048
-12.9964 138.991
-12.9572 138.983
-12.9182 138.976
-12.8754 138.92
-12.8361 138.909
-12.7953 138.879
-12.7556 138.864
-12.7139 138.821
-12.6749 138.814
-12.6357 138.806
-12.5967 138.799
-12.5565 138.776
-12.5153 138.739
-12.476 138.728
-12.4372 138.724
-12.3971 138.703
-12.3564 138.672
-12.3173 138.664
-12.2773 138.642
-12.2382 138.634
-12.1991 138.625
-12.1587 138.599
-12.1184 138.573
-12.0786 138.554
-12.0393 138.543
-11.9997 138.526
-11.9606 138.518
-11.9219 138.516
-11.8824 138.5
-11.8431 138.488
-11.804 138.479
-11.7645 138.464
-11.7254 138.455
-11.6858 138.438
-11.6466 138.428
-11.6074 138.417
-11.5682 138.406
-11.5289 138.393
-11.49 138.387
-11.4507 138.374
-11.4111 138.357
-11.3721 138.348
-11.3335 138.346
-11.294 138.331
-11.2549 138.32
-11.216 138.314
-11.1774 138.312
-11.1388 138.31
-11.1002 138.308
-11.0615 138.303
-11.0226 138.297
-10.9832 138.282
-10.9441 138.271
-10.9053 138.265
-10.8667 138.263
-10.8285 138.267
-10.7901 138.267
-10.7516 138.267
-10.7134 138.271
-10.6752 138.276
-10.6368 138.276
-10.5982 138.274
-10.559 138.261
-10.5205 138.261
-10.4827 138.271
-10.4437 138.263
-10.4044 138.248
-10.3652 138.235
-10.3272 138.244
-10.2899 138.263
-10.2508 138.252
-10.2125 138.254
-10.1739 138.252
-10.1369 138.276
-10.0988 138.282
-10.0604 138.285
-10.0222 138.289
-9.98451 138.302
-9.94716 138.321
-9.90918 138.33
-9.86899 138.3
-9.82967 138.285
-9.79023 138.267
-9.7508 138.25
-9.71391 138.278
-9.67653 138.298
-9.63866 138.308
-9.60019 138.308
-9.56159 138.306
-9.52372 138.317
-9.48571 138.326
-9.44747 138.33
-9.40922 138.334
-9.37086 138.336
-9.33261 138.341
-9.29436 138.345
-9.25599 138.347
-9.21785 138.354
-9.18028 138.371
-9.14236 138.381
-9.10432 138.39
-9.06571 138.388
-9.02744 138.392
-8.98984 138.409
-8.95201 138.422
-8.91373 138.427
-8.87588 138.44
-8.83804 138.452
-8.80029 138.468
-8.76265 138.485
-8.72457 138.493
-8.68648 138.502
-8.64903 138.524
-8.61115 138.536
-8.5724 138.532
-8.53398 138.534
-8.49661 138.558
-8.45902 138.577
-8.42279 138.625
-8.38497 138.64
-8.34673 138.646
-8.3091 138.666
-8.27168 138.69
-8.23331 138.694
-8.19505 138.7
-8.1573 138.718
-8.12045 138.754
-8.08216 138.761
-8.04368 138.763
-8.00549 138.772
-7.9682 138.8
-7.9301 138.81
-7.89289 138.841
-7.85595 138.877
-7.81871 138.908
-7.78038 138.914
-7.74293 138.94
-7.70488 138.953
-7.6674 138.979
-7.62915 138.988
-7.59203 139.022
-7.5548 139.055
-7.51737 139.083
-7.47928 139.096
-7.44285 139.148
-7.40483 139.163
-7.36735 139.191
-7.32996 139.222
-7.29181 139.235
-7.2543 139.263
-7.21696 139.296
-7.1797 139.33
-7.14233 139.363
-7.10521 139.402
-7.06763 139.43
-7.02942 139.443
-6.992 139.476
-6.95439 139.504
-6.91694 139.537
-6.87956 139.572
-6.80467 139.64
-6.76631 139.65
-6.7299 139.712
-6.61882 139.851
-6.58049 139.864
-6.54388 139.923
-6.32106 140.206
-6.28374 140.25
-6.24773 140.331
-6.20958 140.353
-6.17164 140.382
-6.13479 140.441
-6.0996 140.549
-6.06207 140.591
-6.02406 140.62
-5.98551 140.633
-5.94777 140.67
