-0.0360455 139.84
0.0033505 139.769
0.0820115 139.538
0.199761 139.318
0.238951 139.247
0.278107 139.174
0.317235 139.104
0.356385 139.06
0.395419 138.972
0.434527 138.93
0.473611 138.887
0.512619 138.823
0.551621 138.766
0.590714 138.744
0.629565 138.656
0.668552 138.615
0.707424 138.549
0.746379 138.51
0.785229 138.451
0.824136 138.41
0.863024 138.368
0.901884 138.325
0.940794 138.294
0.979667 138.259
1.0184 138.203
1.0573 138.179
1.09598 138.12
1.13468 138.068
1.17355 138.046
1.21219 137.992
1.25106 137.972
1.28969 137.923
1.32855 137.905
1.36706 137.844
1.40576 137.81
1.44463 137.799
1.48347 137.784
1.52218 137.756
1.56081 137.719
1.5996 137.702
1.63806 137.65
1.67658 137.607
1.71525 137.581
1.75406 137.57
1.79273 137.546
1.83128 137.512
1.87 137.495
1.90864 137.471
1.94717 137.439
1.98589 137.424
2.02445 137.396
2.06303 137.37
2.10169 137.353
2.14017 137.32
2.17868 137.292
2.21721 137.267
2.2559 137.254
2.29458 137.241
2.33308 137.215
2.37178 137.204
2.41041 137.189
2.44882 137.159
2.4872 137.127
2.52571 137.106
2.56425 137.086
2.60287 137.074
2.64152 137.063
2.68013 137.05
2.71877 137.039
2.75731 137.022
2.79587 137.007
2.83435 136.988
2.87287 136.971
2.91116 136.941
2.9498 136.932
2.98844 136.924
3.02711 136.918
3.06581 136.913
3.10429 136.896
3.14272 136.877
3.1811 136.856
3.21975 136.849
3.25836 136.841
3.29688 136.828
3.3356 136.826
3.37428 136.822
3.41296 136.818
3.45151 136.807
3.48989 136.788
3.5283 136.771
3.56692 136.764
3.60549 136.756
3.64406 136.747
3.68267 136.741
3.72115 136.728
3.75934 136.703
3.79785 136.692
3.83654 136.69
3.87532 136.692
3.91391 136.686
3.9525 136.68
3.99124 136.68
4.02993 136.678
4.06841 136.667
4.10684 136.654
4.14547 136.65
4.1841 136.646
4.22267 136.64
4.26125 136.633
4.29992 136.631
4.33854 136.627
4.37738 136.631
4.41583 136.621
4.45478 136.63
4.49367 136.636
4.5319 136.617
4.56951 136.574
4.60822 136.574
4.64791 136.611
4.68669 136.613
4.7253 136.609
4.76391 136.605
4.8027 136.607
4.84148 136.609
4.88021 136.609
4.91893 136.609
4.95833 136.633
4.99762 136.652
5.0366 136.661
5.07547 136.665
5.11421 136.666
5.15307 136.67
5.19194 136.674
5.23082 136.679
5.26969 136.683
5.3085 136.685
5.34712 136.681
5.386 136.686
5.42521 136.701
5.46417 136.707
5.50319 136.716
5.54215 136.722
5.58111 136.729
5.62008 136.735
5.65898 136.74
5.69774 136.74
5.73693 136.753
5.77598 136.762
5.81539 136.781
5.85445 136.79
5.89344 136.796
5.93287 136.816
5.9718 136.82
6.01073 136.825
6.04981 136.833
6.08995 136.872
6.12889 136.876
6.16799 136.885
6.20702 136.892
6.24598 136.896
6.28493 136.9
6.32537 136.946
6.36457 136.957
6.40355 136.961
6.4426 136.968
6.48174 136.976
6.52201 137.015
6.56108 137.022
6.60016 137.028
6.63948 137.041
6.68013 137.089
6.71939 137.1
6.75832 137.102
6.79717 137.102
6.83695 137.126
6.87683 137.152
6.91611 137.163
6.95644 137.199
6.99678 137.236
7.03618 137.249
7.07533 137.256
7.11492 137.273
7.15496 137.301
7.19439 137.314
7.2357 137.373
7.27596 137.406
7.31497 137.408
7.35416 137.414
7.39519 137.464
7.43476 137.48
7.47499 137.51
7.51552 137.547
7.55578 137.577
7.59521 137.588
7.63549 137.619
7.67579 137.649
7.71572 137.671
7.75547 137.688
7.79609 137.725
7.83654 137.758
7.8772 137.795
7.91885 137.854
7.95856 137.869
7.99927 137.906
8.04099 137.965
8.08154 137.998
8.1212 138.011
8.16289 138.068
8.20257 138.081
8.24419 138.136
8.32587 138.21
8.36684 138.25
8.40887 138.311
8.44956 138.344
8.49059 138.383
8.53259 138.442
8.57493 138.508
8.61634 138.554
8.65885 138.623
8.7001 138.664
8.74245 138.728
8.78396 138.774
8.95477 139.05
8.99629 139.094
9.03963 139.174
9.08381 139.269
