-3.38885 140.978
-3.34877 140.966
-3.30826 140.933
-3.26819 140.921
-3.22715 140.858
-3.18618 140.797
-3.14619 140.788
-3.10576 140.754
-3.06517 140.712
-3.02477 140.678
-2.98485 140.671
-2.94494 140.665
-2.90506 140.66
-2.86485 140.636
-2.82458 140.606
-2.78424 140.573
-2.74392 140.539
-2.70397 140.528
-2.66336 140.474
-2.62346 140.465
-2.5832 140.431
-2.54338 140.427
-2.50317 140.396
-2.46327 140.384
-2.42276 140.33
-2.38297 140.326
-2.34299 140.308
-2.30315 140.299
-2.26322 140.284
-2.22321 140.261
-2.18341 140.255
-2.14364 140.251
-2.10356 140.221
-2.06345 140.188
-2.02359 140.175
-1.98381 140.168
-1.94381 140.141
-1.90404 140.135
-1.86411 140.112
-1.8243 140.101
-1.78438 140.079
-1.74464 140.072
-1.70494 140.07
-1.6652 140.064
-1.62509 140.019
-1.5853 140.006
-1.54558 139.999
-1.50574 139.979
-1.46583 139.95
-1.42625 139.959
-1.38666 139.966
-1.34692 139.955
-1.30711 139.935
-1.26736 139.921
-1.22758 139.904
-1.18784 139.89
-1.14814 139.882
-1.10852 139.884
-1.06887 139.882
-1.02921 139.878
-0.989394 139.849
-0.949673 139.833
-0.910061 139.835
-0.870411 139.831
-0.830739 139.822
-0.791127 139.825
-0.751417 139.807
-0.711745 139.796
-0.672128 139.796
-0.6325 139.794
-0.592856 139.787
-0.553182 139.772
-0.513523 139.758
-0.473948 139.77
-0.434268 139.748
-0.394622 139.734
-0.35492 139.696
-0.315317 139.694
-0.275758 139.712
-0.236149 139.708
-0.19656 139.715
-0.156971 139.724
-0.117392 139.744
-0.0777607 139.722
-0.0381482 139.711
0.00145081 139.715
0.0410477 139.734
0.0806496 139.785
0.120269 139.79
0.159881 139.77
0.19949 139.759
0.239119 139.779
0.27875 139.793
0.31838 139.799
0.358005 139.802
0.397624 139.8
0.437251 139.802
0.476922 139.825
0.516577 139.836
0.556208 139.836
0.595839 139.836
0.635511 139.85
0.675256 139.884
0.714937 139.895
0.754564 139.891
0.794182 139.884
0.833842 139.889
0.873515 139.895
0.913119 139.887
0.952773 139.889
0.992462 139.898
1.03214 139.905
1.07196 139.936
1.11178 139.966
1.15146 139.968
1.19111 139.966
1.2308 139.971
1.27049 139.975
1.31018 139.98
1.34992 139.991
1.38962 139.996
1.42946 140.018
1.46955 140.072
1.50933 140.084
1.54896 140.077
1.58845 140.055
1.62839 140.084
1.66825 140.104
1.70817 140.129
1.74806 140.15
1.78778 140.152
1.82761 140.166
1.8677 140.204
1.90792 140.254
1.94774 140.263
1.98752 140.267
2.02727 140.27
2.06732 140.299
2.10741 140.331
2.14724 140.338
2.18706 140.345
2.22716 140.374
2.26735 140.41
2.30711 140.41
2.34692 140.415
2.38738 140.469
2.42772 140.512
2.46765 140.524
2.50753 140.531
2.54769 140.558
2.70851 140.671
2.7488 140.703
2.78911 140.735
2.82897 140.737
2.86894 140.746
2.90981 140.812
2.95021 140.846
2.99014 140.851
3.39607 141.252
3.43717 141.313
3.47725 141.32
3.51787 141.355
3.55806 141.366
3.76369 141.65
3.80452 141.689
3.84538 141.728
