-24.8702 83.9027
-24.8439 83.9015
-0.374102 138.976
-0.335071 138.906
-0.29613 138.869
-0.257224 138.843
0.208392 138.21
0.247075 138.184
0.285774 138.175
0.594192 137.798
0.671181 137.729
0.709687 137.703
0.748236 137.69
0.786703 137.66
0.825166 137.632
0.863712 137.623
0.902132 137.591
0.940526 137.556
0.978929 137.526
1.01744 137.518
1.09414 137.449
1.13248 137.416
1.17078 137.382
1.20911 137.352
1.2476 137.347
1.28611 137.345
1.32421 137.289
1.36262 137.277
1.40084 137.24
1.43912 137.214
1.47756 137.208
1.51578 137.176
1.55421 137.169
1.59241 137.139
1.63079 137.128
1.66892 137.092
1.70715 137.068
1.7454 137.047
1.78379 137.04
1.82213 137.03
1.86049 137.021
1.89852 136.982
1.93685 136.972
1.97521 136.965
2.01358 136.959
2.05179 136.94
2.09014 136.933
2.12839 136.918
2.16671 136.91
2.20481 136.884
2.24304 136.869
2.28134 136.861
2.31962 136.85
2.35774 136.828
2.39597 136.816
2.43404 136.792
2.47232 136.784
2.51053 136.771
2.5488 136.762
2.58713 136.758
2.62546 136.754
2.66362 136.739
2.70177 136.724
2.73992 136.709
2.77816 136.7
2.81644 136.694
2.85474 136.69
2.89309 136.687
2.9315 136.69
2.96976 136.683
3.00795 136.672
3.04614 136.662
3.08447 136.66
3.12284 136.66
3.16121 136.66
3.1993 136.645
3.23747 136.634
3.27571 136.628
3.31395 136.621
3.35222 136.617
3.39054 136.615
3.42873 136.606
3.46683 136.593
3.50536 136.602
3.54341 136.587
3.58163 136.581
3.61989 136.576
3.65842 136.585
3.69677 136.585
3.73489 136.574
3.77328 136.576
3.81299 136.638
3.84946 136.553
3.8877 136.549
3.92605 136.549
3.96512 136.581
4.00342 136.579
4.04132 136.559
4.07971 136.561
4.11826 136.57
4.15707 136.589
4.19563 136.598
4.23398 136.598
4.27201 136.585
4.31057 136.593
4.34925 136.606
4.3876 136.606
4.42595 136.606
4.46441 136.611
4.50277 136.611
4.54123 136.615
4.57964 136.617
4.61817 136.623
4.65675 136.632
4.69511 136.632
4.73346 136.632
4.77188 136.634
4.81047 136.642
4.84907 136.651
4.88767 136.66
4.9264 136.672
4.96507 136.683
5.00362 136.689
5.04217 136.696
5.08117 136.717
5.11998 136.732
5.15829 136.73
5.19661 136.728
5.23517 136.734
5.2742 136.756
5.31278 136.762
5.35142 136.771
5.3906 136.796
5.42926 136.805
5.46772 136.807
5.50686 136.831
5.54566 136.843
5.58482 136.867
5.62336 136.871
5.66197 136.878
5.70115 136.901
5.74013 136.918
5.77868 136.923
5.81767 136.94
5.85732 136.976
5.89626 136.991
5.93505 137.002
5.97363 137.006
6.01288 137.03
6.05251 137.064
6.09148 137.079
6.13023 137.088
6.16974 137.118
6.20866 137.13
6.24758 137.143
6.28689 137.167
6.32606 137.186
6.36634 137.236
6.40498 137.24
6.4437 137.246
6.48322 137.274
6.52268 137.3
6.56166 137.313
6.60113 137.339
6.64029 137.356
6.68012 137.391
6.7198 137.421
6.75907 137.44
6.7981 137.453
6.83815 137.492
6.87821 137.531
6.91787 137.559
6.95771 137.591
6.99835 137.643
7.03762 137.66
7.0775 137.693
7.1174 137.725
7.15652 137.738
7.19698 137.783
7.23657 137.807
7.27761 137.866
7.31786 137.904
7.35795 137.939
7.39787 137.969
7.43687 137.978
7.47774 138.03
7.51817 138.071
7.55852 138.11
7.59974 138.169
7.63899 138.182
7.68055 138.247
7.72194 138.308
7.76123 138.321
7.80266 138.382
7.84315 138.421
7.88474 138.485
7.92537 138.526
7.96711 138.592
8.00788 138.635
8.04978 138.703
8.09131 138.762
8.13205 138.803
8.17414 138.874
8.21771 138.974
8.26008 139.049
8.38826 139.291
8.4293 139.335
8.47164 139.405
8.51305 139.456
