5.32051 142.35
5.35855 142.284
5.80563 141.269
5.84392 141.224
5.88235 141.184
5.91912 141.093
5.95833 141.078
5.99594 141.015
6.03323 140.943
6.07155 140.902
6.10909 140.839
6.14729 140.797
6.18579 140.763
6.22444 140.734
6.26267 140.694
6.29994 140.626
6.33806 140.584
6.3764 140.548
6.41343 140.476
6.45174 140.441
6.491 140.432
6.52919 140.394
6.56762 140.363
6.60595 140.329
6.6441 140.291
6.68231 140.255
6.71967 140.197
6.75853 140.18
6.79466 140.09
6.834 140.086
6.87343 140.084
6.91259 140.075
6.95062 140.037
6.98741 139.968
7.0247 139.913
7.06391 139.906
7.10232 139.879
7.14107 139.862
7.17955 139.837
7.21864 139.829
7.25683 139.798
7.29482 139.762
7.33298 139.731
7.37195 139.72
7.41 139.687
7.44803 139.653
7.48586 139.616
7.52489 139.607
7.56345 139.587
7.60238 139.576
7.64063 139.55
7.6784 139.512
7.71721 139.499
7.75524 139.468
7.79423 139.459
7.83302 139.446
7.87161 139.428
7.9095 139.395
7.94836 139.384
7.98733 139.375
8.02598 139.36
8.06393 139.329
8.10227 139.307
8.14019 139.276
8.17902 139.265
8.21804 139.258
8.25686 139.247
8.29557 139.234
8.33407 139.217
8.37224 139.192
8.41114 139.184
8.44993 139.173
8.48893 139.166
8.5276 139.153
8.56617 139.138
8.60515 139.131
8.64402 139.122
8.68268 139.109
8.72144 139.098
8.76008 139.085
8.7985 139.067
8.83724 139.056
8.8763 139.052
8.91537 139.048
8.95399 139.035
8.99215 139.013
9.03087 139.002
9.07003 139
9.10908 138.995
9.14801 138.989
9.18694 138.982
9.2254 138.967
9.26398 138.954
9.30197 138.929
9.34088 138.923
9.38002 138.921
9.41905 138.916
9.45771 138.905
9.49543 138.877
9.53397 138.864
9.57357 138.87
9.61293 138.873
9.65122 138.855
9.69082 138.862
9.73091 138.877
9.77052 138.884
9.80965 138.882
9.84779 138.862
9.88617 138.847
9.92504 138.84
9.96465 138.847
10.0048 138.862
10.044 138.862
10.0836 138.869
10.1229 138.869
10.1624 138.873
10.202 138.88
10.2411 138.878
10.2806 138.882
10.3207 138.898
10.3605 138.907
10.3995 138.902
10.4385 138.898
10.4781 138.905
10.5176 138.909
10.5569 138.909
10.5964 138.914
10.6362 138.923
10.6761 138.934
10.7161 138.947
10.7552 138.945
10.7945 138.945
10.8346 138.958
10.8741 138.963
10.9138 138.969
10.9538 138.983
10.9936 138.991
11.0343 139.014
11.0741 139.022
11.1134 139.022
11.1525 139.02
11.1922 139.027
11.232 139.036
11.2715 139.04
11.3122 139.062
11.3533 139.091
11.3932 139.1
11.4336 139.118
11.4732 139.122
11.5127 139.127
11.552 139.127
11.5919 139.136
11.6315 139.14
11.6727 139.169
11.7127 139.18
11.7523 139.184
11.7923 139.195
11.8322 139.204
11.8721 139.213
11.9132 139.24
11.9531 139.249
11.9961 139.304
12.036 139.313
12.0755 139.315
12.115 139.317
12.1563 139.346
12.1991 139.397
12.239 139.406
12.279 139.415
12.3186 139.419
12.3598 139.446
12.3995 139.451
12.4393 139.457
12.4825 139.513
12.5227 139.524
12.5644 139.557
12.606 139.588
12.6458 139.595
12.6871 139.622
12.7266 139.624
13.0185 139.846
13.1019 139.909
13.2706 140.056
13.3108 140.065
13.3552 140.132
13.3954 140.141
13.4391 140.197
13.4792 140.206
13.738 140.49
13.78 140.522
13.8204 140.533
13.8667 140.62
13.9096 140.663
13.9525 140.706
13.9976 140.776
14.0442 140.866
14.0851 140.881
14.1279 140.922
