-12.4832 136.187
-11.462 134.569
-11.4237 134.558
-11.3402 134.435
-11.2604 134.365
-11.0979 134.181
-11.0597 134.171
-11.0216 134.163
-10.9821 134.132
-10.9005 134.032
-10.8612 134.003
-10.822 133.977
-10.7835 133.962
-10.7442 133.934
-10.703 133.874
-10.6646 133.86
-10.6272 133.862
-10.5891 133.852
-10.5491 133.811
-10.5077 133.748
-10.4697 133.74
-10.4304 133.709
-10.3914 133.685
-10.3537 133.681
-10.3144 133.65
-10.275 133.618
-10.2358 133.589
-10.1972 133.569
-10.158 133.541
-10.1191 133.516
-10.0812 133.508
-10.0437 133.506
-10.006 133.5
-9.96626 133.461
-9.92802 133.447
-9.88979 133.433
-9.85025 133.396
-9.8118 133.378
-9.77277 133.35
-9.73422 133.329
-9.69626 133.319
-9.65855 133.313
-9.62095 133.309
-9.58254 133.291
-9.54495 133.287
-9.50724 133.281
-9.46885 133.262
-9.43104 133.254
-9.39232 133.23
-9.35429 133.218
-9.31649 133.21
-9.27847 133.198
-9.23956 133.169
-9.20278 133.179
-9.16533 133.177
-9.12755 133.169
-9.08878 133.143
-9.05068 133.129
-9.01357 133.133
-8.97591 133.127
-8.93717 133.1
-8.8992 133.088
-8.86102 133.072
-8.82348 133.068
-8.78616 133.068
-8.7481 133.054
-8.71015 133.042
-8.6721 133.027
-8.63469 133.025
-8.59748 133.027
-8.56017 133.027
-8.52316 133.033
-8.48585 133.033
-8.44823 133.027
-8.40989 133.007
-8.37177 132.991
-8.33406 132.983
-8.29665 132.981
-8.25935 132.981
-8.22204 132.981
-8.18474 132.981
-8.14733 132.979
-8.10973 132.973
-8.07184 132.96
-8.03493 132.969
-7.9982 132.981
-7.9608 132.979
-7.92378 132.985
-7.88676 132.991
-7.84868 132.974
-7.81081 132.962
-7.77284 132.948
-7.73489 132.934
-7.69749 132.932
-7.6601 132.93
-7.62345 132.944
-7.58807 132.986
-7.55213 133.017
-7.51445 133.009
-7.47704 133.006
-7.439 132.99
-7.4007 132.968
-7.36366 132.974
-7.32715 132.992
-7.29009 132.998
-7.25295 133.002
-7.21546 132.998
-7.17814 132.998
-7.1416 133.016
-7.10462 133.024
-7.06687 133.014
-7.02947 133.012
-6.99324 133.038
-6.95583 133.036
-6.91825 133.03
-6.88068 133.024
-6.84385 133.036
-6.80726 133.054
-6.77026 133.062
-6.73309 133.066
-6.69583 133.068
-6.65874 133.074
-6.62212 133.093
-6.58534 133.107
-6.54823 133.113
-6.51104 133.117
-6.4737 133.117
-6.43658 133.123
-6.39947 133.129
-6.36273 133.145
-6.32607 133.163
-6.28879 133.165
-6.25158 133.169
-6.21452 133.177
-6.17806 133.201
-6.14121 133.216
-6.10414 133.224
-6.06699 133.23
-6.02976 133.234
-5.99253 133.238
-5.95609 133.264
-5.91907 133.274
-5.88219 133.288
-5.84558 133.311
-5.80861 133.323
-5.7722 133.351
-5.7357 133.377
-5.69858 133.385
-5.66144 133.393
-5.62478 133.416
-5.58818 133.44
-5.55177 133.471
-5.51475 133.483
-5.47758 133.491
-5.44101 133.517
-5.40443 133.544
-5.36777 133.568
-5.33051 133.574
-5.29371 133.594
-5.25663 133.606
-5.21968 133.623
-5.18342 133.661
-5.14633 133.673
-5.10954 133.696
-5.07299 133.726
-5.03593 133.741
-4.99899 133.759
-4.96229 133.785
-4.92539 133.806
-4.8889 133.84
-4.85222 133.869
-4.81558 133.899
-4.77882 133.926
-4.74152 133.934
-4.70439 133.948
-4.66817 133.995
-4.63164 134.032
-4.59504 134.067
-4.55809 134.089
-4.52114 134.112
-4.48466 134.153
-4.44763 134.173
-4.41128 134.22
-4.3746 134.255
-4.33785 134.288
-4.30113 134.322
-4.26383 134.335
-4.22714 134.372
-4.19002 134.392
-4.1532 134.425
-4.11657 134.466
-4.08033 134.523
-4.04351 134.558
-4.00707 134.61
-3.97031 134.649
-3.93354 134.688
-3.89666 134.723
-3.85985 134.762
-3.82341 134.818
-3.78647 134.853
-3.74989 134.904
-3.71251 134.921
-3.67671 135.01
-3.64038 135.076
-3.60339 135.113
-3.56692 135.175
-3.52994 135.214
-3.49286 135.25
-3.45589 135.291
-3.41984 135.378
-3.38332 135.445
-3.34628 135.486
-2.98274 136.343
-2.94499 136.362
