-24.8726 83.9138
-2.13986 143.55
-2.09959 143.518
-2.05934 143.486
-1.97794 143.336
-1.93802 143.329
-1.89808 143.32
-1.85759 143.258
-1.81765 143.246
-1.77723 143.187
-1.73703 143.148
-1.69688 143.111
-1.6568 143.081
-1.61693 143.072
-1.49631 142.923
-1.45649 142.916
-1.41668 142.909
-1.37658 142.866
-1.33671 142.85
-1.2967 142.813
-1.25674 142.781
-1.21676 142.745
-1.17685 142.717
-1.13707 142.708
-1.09732 142.702
-1.05742 142.672
-1.01753 142.64
-0.977641 142.606
-0.937909 142.599
-0.898192 142.594
-0.858366 142.567
-0.81851 142.531
-0.77867 142.494
-0.738969 142.487
-0.699163 142.453
-0.659456 142.442
-0.619707 142.417
-0.58005 142.417
-0.54038 142.412
-0.500711 142.408
-0.461038 142.401
-0.421258 142.349
-0.381547 142.317
-0.341938 142.331
-0.302299 142.331
-0.262604 142.294
-0.222906 142.242
-0.183271 142.228
-0.143654 142.228
-0.10404 142.233
-0.0644234 142.238
-0.0248018 142.226
0.0148142 142.199
0.0544225 142.188
0.0940159 142.156
0.1336 142.131
0.173195 142.129
0.212786 142.124
0.25235 142.102
0.291926 142.093
0.331502 142.086
0.371079 142.081
0.410655 142.077
0.45024 142.077
0.489801 142.068
0.529378 142.066
0.568939 142.059
0.608482 142.048
0.64802 142.036
0.687553 142.025
0.72709 142.016
0.766604 142.002
0.806122 141.991
0.845656 141.984
0.885154 141.971
0.924587 141.946
0.964131 141.943
1.00374 141.953
1.04337 141.966
1.08291 141.962
1.1224 141.95
1.16204 141.964
1.20159 141.962
1.2411 141.955
1.28067 141.957
1.32013 141.944
1.35962 141.935
1.39919 141.937
1.43887 141.953
1.47837 141.946
1.51804 141.96
1.55744 141.942
1.59689 141.93
1.63636 141.921
1.67568 141.896
1.71498 141.872
1.75476 141.897
1.79453 141.919
1.83417 141.928
1.87382 141.937
1.91337 141.937
1.95307 141.951
1.99245 141.935
2.03195 141.931
2.07155 141.935
2.11137 141.958
2.15103 141.967
2.1907 141.976
2.23034 141.983
2.26987 141.981
2.3094 141.979
2.34893 141.976
2.38858 141.983
2.42835 141.999
2.46792 141.999
2.50754 142.004
2.54726 142.015
2.58699 142.026
2.62666 142.033
2.6663 142.038
2.70611 142.054
2.74603 142.076
2.78575 142.086
2.82547 142.095
2.86527 142.108
2.905 142.117
2.94481 142.131
2.98455 142.14
3.02418 142.142
3.064 142.156
3.10395 142.177
3.14371 142.186
3.18347 142.195
3.22336 142.211
3.2635 142.24
3.30332 142.252
3.34297 142.254
3.3831 142.281
3.4229 142.29
3.46252 142.29
3.50231 142.3
3.54225 142.316
3.58242 142.343
3.62224 142.352
3.66196 142.357
3.70207 142.379
3.74223 142.404
3.78211 142.416
3.82215 142.434
3.86268 142.475
3.90254 142.484
3.94245 142.496
3.98272 142.523
4.023 142.551
4.06314 142.571
4.10345 142.599
4.14334 142.608
4.18431 142.663
4.22433 142.676
4.26468 142.704
4.30395 142.685
4.34475 142.731
4.38491 142.749
4.4257 142.793
4.46645 142.834
4.50693 142.864
4.54736 142.891
4.58746 142.905
4.62738 142.912
4.66856 142.967
4.7094 143.008
4.75092 143.075
4.7915 143.105
4.83173 143.121
4.87245 143.155
4.91325 143.192
4.95426 143.236
4.99485 143.263
5.03557 143.296
5.07637 143.33
5.11654 143.342
5.15835 143.411
5.19861 143.425
5.2404 143.492
5.28129 143.526
5.32205 143.556
5.3631 143.595
5.40438 143.642
5.44692 143.729
5.78202 144.223
5.82347 144.268
5.86561 144.333
5.90703 144.375
5.94938 144.445
6.03711 144.673
6.07918 144.732
6.11988 144.748
6.1616 144.795
