-9.42273 139.147
-9.38133 139.109
-9.3384 139.043
-9.29812 139.026
-9.25559 138.966
-9.21285 138.902
-9.17167 138.867
-8.88191 138.583
-8.84098 138.55
-8.79984 138.513
-8.67806 138.432
-8.63587 138.373
-8.59635 138.366
-8.55683 138.36
-8.5148 138.303
-8.47421 138.275
-8.3123 138.168
-8.23178 138.122
-8.19106 138.089
-8.15026 138.054
-8.11071 138.046
-8.07034 138.02
-8.0308 138.011
-7.99015 137.979
-7.94951 137.946
-7.90868 137.909
-7.86927 137.902
-7.82797 137.854
-7.78857 137.848
-7.74899 137.837
-7.70842 137.805
-7.66904 137.798
-7.62967 137.792
-7.58884 137.753
-7.54938 137.744
-7.51002 137.738
-7.47047 137.727
-7.43026 137.701
-7.39091 137.695
-7.35053 137.665
-7.31044 137.641
-7.27008 137.61
-7.23039 137.595
-7.19088 137.585
-7.15111 137.567
-7.11207 137.568
-7.07276 137.561
-7.03327 137.551
-6.99226 137.503
-6.95252 137.485
-6.91279 137.468
-6.8735 137.462
-6.83431 137.458
-6.79538 137.46
-6.75635 137.46
-6.71716 137.456
-6.67745 137.439
-6.63792 137.426
-6.59798 137.402
-6.55897 137.403
-6.52029 137.411
-6.48127 137.412
-6.44242 137.416
-6.40349 137.419
-6.36398 137.406
-6.32431 137.389
-6.28482 137.376
-6.24485 137.35
-6.20576 137.348
-6.16683 137.35
-6.12767 137.346
-6.08851 137.342
-6.04927 137.335
-6.00972 137.32
-5.97019 137.305
-5.93103 137.301
-5.89203 137.301
-5.85296 137.299
-5.81381 137.295
-5.77473 137.293
-5.73566 137.291
-5.69651 137.287
-5.65744 137.285
-5.61844 137.285
-5.57966 137.292
-5.54051 137.288
-5.50108 137.275
-5.46222 137.28
-5.42287 137.269
-5.38408 137.276
-5.34528 137.282
-5.30696 137.304
-5.26721 137.281
-5.22814 137.279
-5.18953 137.292
-5.15032 137.286
-5.11105 137.277
-5.07264 137.297
-5.03408 137.312
-4.99519 137.317
-4.95598 137.311
-4.91709 137.315
-4.87889 137.344
-4.84043 137.363
-4.80152 137.368
-4.76237 137.364
-4.72352 137.37
-4.68491 137.386
-4.64587 137.386
-4.60684 137.386
-4.56774 137.384
-4.52853 137.378
-4.49013 137.402
-4.4516 137.422
-4.41278 137.431
-4.37373 137.431
-4.33468 137.431
-4.29635 137.46
-4.2574 137.464
-4.21845 137.469
-4.17971 137.482
-4.14118 137.504
-4.10216 137.506
-4.06325 137.513
-4.02428 137.518
-3.98567 137.537
-3.947 137.555
-3.90857 137.584
-3.86963 137.59
-3.83068 137.597
-3.79198 137.615
-3.75351 137.643
-3.71474 137.659
-3.67563 137.659
-3.63662 137.664
-3.59834 137.703
-3.5595 137.716
-3.52065 137.73
-3.48179 137.743
-3.44342 137.78
-3.4045 137.792
-3.36548 137.798
-3.32642 137.803
-3.28775 137.827
-3.2491 137.854
-3.21011 137.862
-3.17156 137.896
-3.133 137.929
-3.09407 137.942
-3.05505 137.951
-3.01661 137.993
-2.97765 138.006
-2.93872 138.022
-2.90031 138.068
-2.86133 138.081
-2.82252 138.106
-2.78377 138.134
-2.74479 138.15
-2.70577 138.163
-2.66713 138.201
-2.62809 138.214
-2.58945 138.254
-2.55073 138.289
-2.5119 138.318
-2.47279 138.329
-2.43399 138.362
-2.39553 138.42
-2.35645 138.436
-2.31788 138.489
-2.27872 138.5
-2.23955 138.511
-2.20064 138.542
-2.16174 138.575
-2.12319 138.637
-2.08431 138.675
-2.04539 138.711
-2.0064 138.742
-1.96716 138.753
-1.92817 138.787
-1.88956 138.855
-1.85083 138.915
-1.81154 138.927
-1.77281 138.991
-1.73379 139.031
-1.69474 139.069
-1.65591 139.132
-1.61664 139.152
-1.57773 139.21
-1.46084 139.386
-1.42165 139.424
-1.38244 139.462
-1.18685 139.754
-0.67697 140.916
