-24.87 83.9017
-24.8434 83.8995
-3.78936 152.197
-3.74787 152.213
-3.70538 152.177
-3.48607 151.625
-3.4437 151.587
-3.40117 151.54
-2.84612 150.659
-2.80409 150.622
-2.76302 150.647
-2.34329 150.243
-2.30149 150.208
-2.2601 150.206
-2.21832 150.171
-2.17617 150.104
-2.13469 150.092
-2.0929 150.052
-2.05116 150.015
-2.00946 149.981
-1.96799 149.966
-1.92611 149.912
-1.88474 149.904
-1.84307 149.867
-1.80166 149.855
-1.76004 149.821
-1.71877 149.821
-1.67742 149.813
-1.63583 149.779
-1.59422 149.739
-1.55237 149.67
-1.51109 149.666
-1.46982 149.663
-1.4285 149.653
-1.38702 149.621
-1.34555 149.589
-1.30423 149.577
-1.26278 149.545
-1.22135 149.513
-1.17993 149.481
-1.13866 149.472
-1.09743 149.467
-1.0562 149.462
-1.01497 149.457
-0.973627 149.43
-0.932242 149.393
-0.89091 149.364
-0.849696 149.356
-0.808507 149.354
-0.767277 149.342
-0.726062 149.332
-0.684871 149.327
-0.643627 149.308
-0.602435 149.3
-0.561206 149.281
-0.520008 149.269
-0.478815 149.256
-0.437639 149.249
-0.396473 149.244
-0.355283 149.227
-0.314096 149.207
-0.272925 149.193
-0.231772 149.186
-0.190624 149.181
-0.149479 149.176
-0.10833 149.164
-0.0671824 149.144
-0.0260434 149.124
0.0150858 149.117
0.0562128 149.117
0.0973399 149.117
0.13847 149.122
0.179598 149.122
0.220724 149.12
0.261855 149.122
0.302991 149.127
0.34412 149.127
0.385241 149.123
0.426333 149.105
0.467395 149.078
0.50852 149.081
0.549654 149.086
0.590774 149.086
0.631879 149.081
0.672982 149.076
0.714101 149.076
0.75521 149.074
0.796318 149.072
0.837478 149.081
0.878665 149.096
0.919835 149.106
0.960899 149.094
1.00189 149.069
1.04298 149.064
1.08389 149.028
1.1248 148.993
1.16623 149.047
1.20739 149.055
1.24845 149.047
1.2895 149.038
1.33064 149.043
1.37181 149.05
1.41297 149.057
1.45424 149.077
1.49545 149.089
1.53657 149.089
1.57778 149.099
1.6189 149.099
1.66005 149.102
1.70121 149.107
1.74245 149.119
1.78374 149.136
1.82494 149.144
1.86605 149.141
1.90728 149.151
1.94859 149.168
1.98991 149.185
2.0311 149.19
2.0723 149.195
2.11353 149.203
2.15478 149.212
2.19599 149.217
2.23722 149.225
2.27852 149.237
2.31991 149.257
2.36113 149.262
2.40241 149.272
2.44392 149.299
2.48528 149.313
2.52652 149.318
2.56779 149.326
2.6093 149.35
2.65089 149.38
2.69225 149.392
2.73354 149.4
2.77505 149.422
2.81647 149.436
2.85789 149.451
2.8995 149.478
2.94101 149.498
2.98218 149.496
3.02351 149.503
3.06504 149.523
3.10662 149.545
3.14825 149.57
3.18972 149.584
3.23116 149.597
3.27321 149.644
3.31492 149.671
3.35635 149.681
3.39777 149.69
3.43952 149.718
3.48128 149.745
3.52305 149.772
3.56455 149.784
3.60611 149.799
3.64853 149.858
3.69054 149.895
3.73208 149.908
3.77398 149.938
3.81563 149.955
3.85816 150.014
3.89974 150.027
3.94163 150.054
3.98317 150.064
4.02524 150.098
4.06744 150.138
4.10971 150.18
4.152 150.222
4.19414 150.257
4.23585 150.272
4.27802 150.307
4.321 150.376
4.3635 150.424
4.40578 150.461
4.44791 150.491
4.48969 150.506
4.53208 150.545
4.57466 150.593
4.61807 150.673
4.66083 150.725
4.70268 150.74
4.74529 150.785
4.78869 150.86
4.83058 150.875
4.87371 150.937
4.9164 150.982
4.96004 151.062
5.00286 151.11
5.04556 151.152
5.08821 151.192
5.13184 151.268
5.17557 151.345
5.21927 151.421
5.48431 151.947
5.52931 152.058
5.57361 152.144
5.61773 152.223
