-17.4137 139.722
-16.3118 138.036
-16.182 137.897
-16.1427 137.893
-16.103 137.885
-15.6769 137.48
-15.6355 137.452
-15.5959 137.443
-15.5548 137.417
-15.515 137.407
-15.4727 137.368
-15.4314 137.34
-15.3918 137.332
-15.3507 137.306
-15.3111 137.297
-15.2671 137.239
-15.2253 137.205
-15.1857 137.196
-15.1443 137.166
-15.1023 137.13
-15.0628 137.121
-15.0221 137.1
-14.983 137.096
-14.9422 137.072
-14.9029 137.066
-14.8617 137.038
-14.8201 137.006
-14.7803 136.993
-14.7403 136.978
-14.6999 136.959
-14.6613 136.962
-14.6224 136.96
-14.5813 136.932
-14.542 136.926
-14.5011 136.9
-14.4602 136.874
-14.4203 136.862
-14.3804 136.847
-14.3398 136.826
-14.3011 136.826
-14.2603 136.8
-14.2208 136.792
-14.1816 136.786
-14.1407 136.76
-14.0994 136.728
-14.0602 136.722
-14.022 136.728
-13.9849 136.748
-13.9448 136.731
-13.9053 136.723
-13.8644 136.695
-13.8236 136.669
-13.7846 136.665
-13.746 136.668
-13.7073 136.668
-13.668 136.66
-13.6274 136.636
-13.5882 136.63
-13.5495 136.63
-13.5103 136.624
-13.4711 136.618
-13.4324 136.618
-13.3937 136.618
-13.3545 136.612
-13.3151 136.604
-13.2744 136.578
-13.2346 136.564
-13.1959 136.564
-13.1582 136.577
-13.1198 136.582
-13.0805 136.573
-13.04 136.55
-13.0016 136.554
-12.9629 136.555
-12.9239 136.551
-12.8857 136.557
-12.8477 136.566
-12.8091 136.569
-12.7696 136.558
-12.7301 136.548
-12.6916 136.55
-12.6532 136.555
-12.6145 136.555
-12.5757 136.553
-12.5374 136.56
-12.4979 136.549
-12.4591 136.547
-12.421 136.556
-12.3815 136.546
-12.3439 136.561
-12.3078 136.598
-12.2671 136.57
-12.2258 136.534
-12.1851 136.506
-12.147 136.515
-12.108 136.511
-12.0688 136.505
-12.0306 136.511
-11.9926 136.522
-11.9559 136.551
-11.9188 136.575
-11.8825 136.609
-11.8446 136.623
-11.8065 136.632
-11.7695 136.658
-11.7318 136.673
-11.6934 136.678
-11.6542 136.671
-11.6152 136.667
-11.5771 136.678
-11.5404 136.709
-11.5027 136.724
-11.4642 136.729
-11.4261 136.74
-11.388 136.749
-11.3489 136.745
-11.3101 136.745
-11.2743 136.791
-11.2377 136.823
-11.2003 136.845
-11.1595 136.815
-11.1191 136.789
-11.081 136.801
-11.0429 136.812
-11.0056 136.836
-10.9679 136.853
-10.9317 136.895
-10.8939 136.91
-10.8552 136.912
-10.8165 136.915
-10.7795 136.943
-10.7424 136.972
-10.7041 136.981
-10.6661 136.994
-10.6276 137.001
-10.5904 137.027
-10.5533 137.055
-10.5164 137.088
-10.4782 137.099
-10.4407 137.121
-10.4032 137.145
-10.3649 137.154
-10.3256 137.148
-10.2891 137.187
-10.2511 137.203
-10.2139 137.231
-10.1753 137.238
-10.138 137.264
-10.101 137.297
-10.0641 137.332
-10.0273 137.369
-9.99016 137.4
-9.95172 137.409
-9.91491 137.446
-9.87771 137.477
-9.83924 137.486
-9.80101 137.499
-9.7644 137.541
-9.72603 137.552
-9.68828 137.574
-9.65088 137.603
-9.6142 137.645
-9.57751 137.687
-9.53897 137.695
-9.50164 137.726
-9.4655 137.779
-9.42718 137.792
-9.38897 137.808
-9.35266 137.859
-9.3143 137.872
-9.27831 137.929
-9.2039 138
-9.16562 138.015
-9.13141 138.108
-9.09299 138.121
-9.05536 138.15
-9.01968 138.216
-8.79927 138.502
-8.76174 138.535
-8.72285 138.542
