-11.6122 129.289
-11.5685 129.186
-10.8963 127.864
-10.8596 127.855
-10.8197 127.8
-10.7795 127.739
-10.7412 127.705
-10.7014 127.65
-10.5048 127.402
-10.4668 127.372
-10.4278 127.327
-10.3912 127.317
-10.3547 127.31
-10.3151 127.255
-10.2754 127.197
-10.2375 127.167
-10.1236 127.073
-10.0875 127.071
-10.0496 127.041
-9.97219 126.952
-9.93263 126.894
-9.89462 126.86
-9.85568 126.811
-9.81908 126.8
-9.78168 126.776
-9.74418 126.75
-9.70669 126.723
-9.67012 126.712
-9.63106 126.66
-9.59462 126.65
-9.55807 126.639
-9.51974 126.598
-9.48231 126.572
-9.44579 126.56
-9.4085 126.536
-9.3722 126.529
-9.3346 126.499
-9.29712 126.471
-9.26008 126.45
-9.22382 126.443
-9.18626 126.413
-9.1485 126.379
-9.11161 126.361
-9.07504 126.347
-9.03849 126.334
-9.00215 126.325
-8.96487 126.299
-8.92833 126.286
-8.89127 126.263
-8.85433 126.243
-8.81782 126.23
-8.7811 126.213
-8.7448 126.204
-8.70789 126.183
-8.6714 126.17
-8.63562 126.17
-8.60004 126.174
-8.56346 126.159
-8.52698 126.146
-8.48981 126.12
-8.45305 126.101
-8.41669 126.09
-8.38024 126.077
-8.3433 126.055
-8.30725 126.049
-8.2712 126.043
-8.23487 126.032
-8.19883 126.027
-8.16279 126.021
-8.12656 126.012
-8.08996 125.995
-8.05393 125.989
-8.01733 125.973
-7.98103 125.961
-7.94492 125.954
-7.90909 125.952
-7.87289 125.943
-7.83669 125.934
-7.80013 125.917
-7.76403 125.909
-7.72821 125.907
-7.6923 125.904
-7.65648 125.902
-7.62022 125.891
-7.58422 125.885
-7.54832 125.881
-7.5125 125.879
-7.47651 125.874
-7.44026 125.863
-7.40437 125.859
-7.36864 125.859
-7.33257 125.851
-7.29659 125.846
-7.26062 125.84
-7.22422 125.825
-7.1885 125.825
-7.15295 125.829
-7.11715 125.827
-7.08151 125.829
-7.04579 125.829
-7.00999 125.827
-6.97468 125.836
-6.93945 125.847
-6.90389 125.851
-6.868 125.847
-6.83195 125.84
-6.79606 125.836
-6.75986 125.825
-6.72414 125.825
-6.68921 125.843
-6.65442 125.865
-6.61947 125.884
-6.58342 125.876
-6.54676 125.854
-6.5108 125.848
-6.47529 125.854
-6.43956 125.854
-6.40368 125.85
-6.36787 125.848
-6.33274 125.863
-6.29737 125.872
-6.26141 125.866
-6.22553 125.863
-6.19008 125.87
-6.15463 125.877
-6.1194 125.89
-6.08409 125.901
-6.04834 125.901
-6.01245 125.898
-5.97621 125.885
-5.94046 125.884
-5.90493 125.89
-5.86967 125.903
-5.83433 125.914
-5.79878 125.919
-5.76344 125.93
-5.72815 125.943
-5.69273 125.953
-5.65737 125.964
-5.62207 125.977
-5.5867 125.988
-5.55099 125.989
-5.51515 125.988
-5.47957 125.993
-5.44399 125.999
-5.4086 126.01
-5.37327 126.023
-5.33824 126.045
-5.30277 126.054
-5.26761 126.073
-5.23206 126.08
-5.19632 126.082
-5.16102 126.096
-5.12583 126.115
-5.09111 126.148
-5.05554 126.156
-5.01996 126.163
-4.98444 126.172
-4.94886 126.18
-4.91345 126.193
-4.87832 126.215
-4.84289 126.228
-4.8074 126.239
-4.77191 126.25
-4.73647 126.263
-4.70136 126.287
-4.66634 126.315
-4.63082 126.326
-4.59552 126.345
-4.5602 126.363
-4.52461 126.373
-4.48917 126.387
-4.45415 126.417
-4.41843 126.423
-4.38276 126.43
-4.34745 126.451
-4.31219 126.473
-4.27717 126.505
-4.24224 126.54
-4.20649 126.546
-4.17093 126.559
-4.13522 126.566
-4.10009 126.596
-4.06481 126.62
-4.02976 126.654
-3.99498 126.698
-3.95971 126.725
-3.92404 126.736
-3.88865 126.758
-3.85302 126.771
-3.81817 126.816
-3.78248 126.827
-3.74719 126.855
-3.71143 126.865
-3.67612 126.893
-3.64119 126.938
-3.60594 126.97
-3.57019 126.981
-3.53526 127.028
-3.4995 127.039
-3.46424 127.073
-3.42938 127.125
-3.394 127.155
-3.35824 127.168
-3.32317 127.214
-3.28735 127.225
-3.25236 127.276
-3.21746 127.332
-3.18204 127.364
-3.14656 127.394
-3.11115 127.428
-3.07572 127.462
-3.04017 127.49
-3.00563 127.572
-2.96972 127.583
-2.93444 127.628
-2.82895 127.789
-2.79331 127.819
-2.75777 127.855
-2.72294 127.933
-2.68693 127.945
-2.43966 128.339
-2.40437 128.403
-2.36925 128.482
-2.3335 128.52
-2.29772 128.558
