-39.1287 134.001
-39.0987 134.033
-39.0673 134.058
-39.0315 134.064
-39.0015 134.096
-38.9724 134.132
-38.9376 134.142
-38.9056 134.166
-38.8751 134.195
-38.8398 134.204
-38.8073 134.225
-38.7739 134.242
-38.758 134.336
-38.7302 134.378
-38.6987 134.403
-38.6666 134.427
-38.6265 134.415
-38.6016 134.469
-38.5724 134.505
-38.5365 134.512
-38.5125 134.571
-38.4827 134.604
-38.4516 134.632
-38.4157 134.639
-38.3854 134.67
-38.3344 134.776
-38.2449 134.877
-38.2104 134.89
-38.1871 134.954
-38.162 135.009
-38.126 135.015
-38.0961 135.049
-37.8717 135.389
-37.8426 135.428
-37.8187 135.489
-37.7901 135.53
-37.7083 135.671
-37.6839 135.73
-37.6603 135.794
-37.5325 136.07
-37.2959 136.893
-37.2674 136.937
-36.5342 134.936
-36.5162 135.027
-36.5018 135.134
-36.4927 135.267
-36.4787 135.377
-36.4714 135.519
-36.4741 135.708
-36.503 136.02
-36.5134 136.246
-36.5016 136.368
-36.4793 136.441
-36.4402 136.435
