-6.61899 98.6124
-6.58679 98.5616
-6.55612 98.5399
-6.52539 98.517
-6.49474 98.4954
-6.30441 98.2318
-6.27392 98.2116
-6.24332 98.1888
-6.2128 98.1672
-6.18075 98.1142
-6.14915 98.0701
-6.11727 98.0197
-6.08735 98.0095
-6.05701 97.9906
-6.02662 97.9704
-5.99624 97.9502
-5.75074 97.7275
-5.72114 97.7224
-5.5682 97.5844
-5.5387 97.5806
-5.50865 97.5643
-5.3856 97.4305
-5.35565 97.4154
-5.20542 97.3254
-5.17537 97.3066
-5.14604 97.3053
-5.11661 97.3015
-5.08597 97.2678
-5.05595 97.2491
-5.02589 97.2291
-4.99589 97.2104
-4.96633 97.2029
-4.936 97.1755
-4.90646 97.168
-4.87707 97.1642
-4.84715 97.1467
-4.81671 97.1156
-4.7878 97.1242
-4.75749 97.0956
-4.72802 97.0893
-4.69874 97.088
-4.66877 97.0681
-4.63867 97.0445
-4.60881 97.0271
-4.57905 97.0121
-4.54912 96.9923
-4.51924 96.9736
-4.48941 96.9562
-4.46003 96.9512
-4.43057 96.9437
-4.4008 96.9275
-4.37066 96.9003
-4.34117 96.8915
-4.31189 96.889
-4.2827 96.8889
-4.25343 96.8863
-4.22378 96.8727
-4.1939 96.8516
-4.16414 96.8342
-4.13452 96.8206
-4.10514 96.8143
-4.07581 96.8093
-4.04659 96.808
-4.0173 96.8042
-3.98774 96.7918
-3.9581 96.7769
-3.92867 96.7682
-3.89927 96.7607
-3.87007 96.7594
-3.84076 96.7544
-3.81111 96.7383
-3.78166 96.7284
-3.75206 96.7135
-3.72295 96.7147
-3.69365 96.7097
-3.66414 96.6973
-3.6346 96.6836
-3.60531 96.6786
-3.57599 96.6724
-3.54664 96.6649
-3.5175 96.6649
-3.48825 96.6611
-3.45897 96.6561
-3.42987 96.6572
-3.40073 96.6572
-3.37129 96.646
-3.34205 96.6423
-3.31318 96.652
-3.28388 96.6458
-3.25455 96.6383
-3.22541 96.6383
-3.19615 96.6333
-3.16652 96.6135
-3.13723 96.6073
-3.10829 96.6146
-3.07922 96.617
-3.04972 96.6021
-3.02029 96.5898
-2.99105 96.5848
-2.96193 96.5847
-2.93277 96.5834
-2.90353 96.5784
-2.8745 96.582
-2.84548 96.5869
-2.81633 96.5856
-2.78726 96.588
-2.75811 96.5867
-2.7286 96.5694
-2.69921 96.557
-2.67009 96.557
-2.64126 96.5704
-2.61225 96.5753
-2.58297 96.5678
-2.5539 96.5702
-2.5249 96.5763
-2.49568 96.5713
-2.46653 96.57
-2.43748 96.5736
-2.40838 96.5748
-2.37918 96.5711
-2.35001 96.5685
-2.32103 96.5758
-2.29195 96.5782
-2.2628 96.5769
-2.23372 96.5793
-2.20475 96.5879
-2.17569 96.5915
-2.14656 96.5914
-2.11745 96.5926
-2.08832 96.5925
-2.05913 96.5888
-2.03006 96.5924
-2.00111 96.6034
-1.97212 96.612
-1.94308 96.6181
-1.91408 96.6266
-1.885 96.6302
-1.85591 96.6339
-1.82696 96.6461
-1.79803 96.6608
-1.76889 96.6608
-1.7397 96.6583
-1.71054 96.657
-1.68141 96.6581
-1.65232 96.6618
-1.62343 96.6814
-1.59421 96.6764
-1.56498 96.6702
-1.53562 96.6529
-1.50649 96.6541
-1.47767 96.6811
-1.44897 96.7193
-1.42009 96.7426
-1.3909 96.7414
-1.36174 96.7413
-1.33263 96.7462
-1.3035 96.7498
-1.27435 96.7522
-1.2452 96.7534
-1.21615 96.7657
-1.18703 96.7706
-1.158 96.7853
-1.12891 96.7952
-1.09991 96.8148
-1.0708 96.8234
-1.04165 96.8271
-1.01249 96.8307
-0.983336 96.8344
-0.954314 96.8553
-0.925177 96.8627
-0.896111 96.8799
-0.866956 96.8861
-0.837868 96.9021
-0.808696 96.907
-0.779579 96.9205
-0.750394 96.9242
-0.721251 96.9353
-0.692089 96.9439
-0.662916 96.9513
-0.633766 96.9636
-0.604623 96.9784
-0.575498 96.9982
-0.546305 97.0055
-0.517103 97.0117
-0.487983 97.0376
-0.458825 97.0574
-0.42965 97.0747
-0.400422 97.0796
-0.371187 97.0833
-0.341951 97.087
-0.312752 97.1043
-0.195919 97.196
-0.166674 97.2133
-0.137404 97.2182
-0.108128 97.2207
-0.0788647 97.2368
-0.0496014 97.2628
-0.0203228 97.2827
0.00896828 97.2914
0.0382632 97.3038
0.0675644 97.3199
0.30234 97.4978
0.331731 97.5189
0.361088 97.5226
0.39044 97.5239
0.419848 97.5438
0.478848 97.6299
0.508248 97.6374
0.537628 97.6386
0.567003 97.6386
0.951417 97.998
1.45947 98.6661
1.48944 98.6991
1.5192 98.7118
1.54944 98.7651
1.57916 98.7728
1.60882 98.7753
1.63868 98.7943
1.70024 98.974
1.73023 98.9982
1.76063 99.0531
1.79114 99.1144
1.82158 99.1682
