-24.8702 83.9027
-24.8437 83.9005
-5.87138 179.892
-5.82307 179.875
-5.57276 179.444
-5.52482 179.437
-5.47714 179.441
-5.42937 179.441
-5.37942 179.352
-5.33103 179.326
-5.28305 179.317
-5.23507 179.307
-5.18633 179.264
-5.13736 179.212
-5.0885 179.163
-5.03959 179.11
-4.84656 179.01
-4.79867 179
-4.75 178.954
-4.70178 178.928
-4.65135 178.797
-4.60242 178.735
-4.55379 178.686
-4.50545 178.65
-4.45786 178.651
-4.41078 178.677
-4.36344 178.69
-4.31583 178.691
-4.26804 178.681
-4.21931 178.622
-4.17122 178.596
-4.12345 178.587
-4.07533 178.557
-4.02763 178.551
-3.97988 178.542
-3.93213 178.532
-3.88404 178.503
-3.83636 178.496
-3.78869 178.49
-3.74096 178.481
-3.69285 178.448
-3.64487 178.422
-3.59711 178.409
-3.54961 178.413
-3.50181 178.397
-3.45386 178.371
-3.40622 178.364
-3.35868 178.365
-3.311 178.355
-3.26318 178.336
-3.21551 178.326
-3.16779 178.313
-3.12004 178.297
-3.07234 178.284
-3.02473 178.278
-2.97704 178.265
-2.92948 178.262
-2.88192 178.259
-2.83428 178.249
-2.78661 178.236
-2.73894 178.223
-2.69135 178.217
-2.64373 178.208
-2.59623 178.208
-2.5488 178.214
-2.5013 178.215
-2.45383 178.218
-2.40629 178.215
-2.35875 178.212
-2.31141 178.228
-2.2639 178.229
-2.21633 178.222
-2.16866 178.206
-2.12186 178.281
-2.07425 178.272
-2.02644 178.239
-1.97862 178.204
-1.93109 178.2
-1.88364 178.207
-1.83629 178.227
-1.78886 178.237
-1.74135 178.237
-1.69386 178.24
-1.64637 178.244
-1.59884 178.241
-1.55139 178.251
-1.50402 178.274
-1.4565 178.274
-1.40892 178.264
-1.36152 178.284
-1.31411 178.304
-1.26664 178.314
-1.21916 178.324
-1.17167 178.334
-1.12423 178.353
-1.07675 178.367
-1.02921 178.367
-0.981645 178.36
-0.934092 178.357
-0.886637 178.38
-0.839103 178.384
-0.791578 178.39
-0.744041 178.394
-0.69652 178.404
-0.648987 178.41
-0.601519 178.446
-0.554049 178.489
-0.506517 178.509
-0.45897 178.525
-0.411388 178.522
-0.363831 178.539
-0.316267 178.555
-0.268719 178.601
-0.221134 178.618
-0.173547 178.651
-0.125942 178.66
-0.0783301 178.703
-0.0307106 178.71
0.0169279 178.746
0.0645402 178.726
0.112205 178.769
0.159892 178.815
0.207591 178.855
0.255253 178.861
0.446165 178.98
0.49407 179.062
0.54166 179.026
0.589371 179.033
0.637119 179.049
0.685113 179.132
0.732852 179.139
0.780553 179.135
0.828296 179.142
0.876414 179.231
0.924227 179.247
0.972375 179.33
1.02 179.304
1.06794 179.34
1.11596 179.386
1.16385 179.406
1.21186 179.446
1.54952 179.863
2.03407 180.451
