-4.64516 123.253
-4.60973 123.244
-4.57008 123.093
-4.53114 122.965
-3.53608 120.937
-3.50112 120.923
-3.42964 120.826
-3.39479 120.815
-3.35964 120.791
-3.32442 120.763
-3.28861 120.708
-3.2529 120.655
-3.21814 120.647
-3.18352 120.645
-3.14815 120.607
-3.11188 120.524
-3.07708 120.511
-3.04145 120.458
-3.00599 120.411
-2.9713 120.402
-2.93627 120.376
-2.90115 120.345
-2.86612 120.317
-2.83068 120.267
-2.79561 120.236
-2.76071 120.214
-2.72601 120.202
-2.69086 120.164
-2.65624 120.155
-2.62117 120.12
-2.58626 120.094
-2.5514 120.07
-2.51655 120.046
-2.48153 120.012
-2.44671 119.988
-2.41197 119.969
-2.37741 119.96
-2.34285 119.951
-2.30811 119.931
-2.27338 119.91
-2.23855 119.882
-2.20364 119.848
-2.16886 119.822
-2.13412 119.798
-2.09966 119.793
-2.0652 119.788
-2.03025 119.747
-1.99576 119.738
-1.96109 119.716
-1.9264 119.692
-1.89188 119.679
-1.85726 119.659
-1.82284 119.654
-1.78823 119.633
-1.75376 119.623
-1.71903 119.59
-1.68451 119.575
-1.65001 119.561
-1.61535 119.532
-1.581 119.53
-1.5466 119.523
-1.51214 119.511
-1.47764 119.494
-1.4433 119.492
-1.40898 119.492
-1.37457 119.484
-1.33998 119.454
-1.3055 119.436
-1.27115 119.432
-1.2367 119.415
-1.20228 119.401
-1.16791 119.394
-1.13354 119.386
-1.09923 119.384
-1.06485 119.374
-1.03049 119.365
-0.996111 119.353
-0.961782 119.348
-0.927399 119.334
-0.893044 119.324
-0.858631 119.303
-0.824247 119.286
-0.789939 119.281
-0.755632 119.276
-0.721345 119.274
-0.687034 119.267
-0.652677 119.25
-0.618389 119.247
-0.584147 119.254
-0.549846 119.247
-0.515522 119.233
-0.481235 119.228
-0.446968 119.228
-0.412695 119.226
-0.378413 119.221
-0.344124 119.212
-0.309839 119.204
-0.275558 119.195
-0.241298 119.195
-0.207038 119.195
-0.172762 119.185
-0.13849 119.174
-0.104243 119.181
-0.0699958 119.191
-0.0357358 119.189
-0.00147321 119.181
0.0327841 119.177
0.0670396 119.176
0.101295 119.179
0.13555 119.177
0.1698 119.169
0.204049 119.163
0.238294 119.157
0.27257 119.177
0.306866 119.204
0.341124 119.202
0.375364 119.192
0.409599 119.182
0.443883 119.194
0.478127 119.188
0.512384 119.188
0.546635 119.187
0.580885 119.185
0.615129 119.181
0.649376 119.18
0.683637 119.181
0.71787 119.176
0.752077 119.166
0.786335 119.167
0.820602 119.171
0.854896 119.179
0.889185 119.186
0.923523 119.201
0.957809 119.206
0.992078 119.208
1.02635 119.209
1.06063 119.213
1.09486 119.209
1.12909 119.204
1.16337 119.207
1.19765 119.211
1.23196 119.217
1.26635 119.234
1.30077 119.255
1.33511 119.263
1.36945 119.272
1.40378 119.278
1.43805 119.278
1.47241 119.288
1.50676 119.297
1.54118 119.312
1.57551 119.317
1.60987 119.326
1.64443 119.353
1.67893 119.373
1.71329 119.38
1.74758 119.38
1.78187 119.38
1.81618 119.381
1.85059 119.392
1.88498 119.4
1.91942 119.412
1.95378 119.417
1.98824 119.431
2.02276 119.447
2.05722 119.459
2.09165 119.47
2.12619 119.487
2.16071 119.502
2.19504 119.503
2.22943 119.508
2.26391 119.52
2.29865 119.549
2.33312 119.56
2.36757 119.568
2.40218 119.587
2.43672 119.6
2.47143 119.624
2.50614 119.648
2.54081 119.668
2.5753 119.677
2.61001 119.699
2.64448 119.706
2.67921 119.728
2.71394 119.75
2.74869 119.772
2.7833 119.786
2.81804 119.807
2.85253 119.813
2.88732 119.836
2.92182 119.842
2.95691 119.88
2.99194 119.914
3.0265 119.923
3.0614 119.948
3.0963 119.974
3.13119 119.998
3.16581 120.008
3.20057 120.025
3.2351 120.031
3.27008 120.058
3.30562 120.111
3.34071 120.142
3.3757 120.168
3.41071 120.194
3.44543 120.206
3.48045 120.231
3.51556 120.261
3.55096 120.302
3.58622 120.336
3.62176 120.383
3.6569 120.41
3.69204 120.438
3.72687 120.452
3.76196 120.476
3.93874 120.645
3.97398 120.673
4.00994 120.728
4.0457 120.775
4.08109 120.806
4.11657 120.841
4.15294 120.908
4.18842 120.941
4.22391 120.974
4.29721 121.124
4.33281 121.159
4.36839 121.192
4.40475 121.253
4.44065 121.296
4.47584 121.314
4.51173 121.356
4.62083 121.527
4.65711 121.58
4.69265 121.606
4.72782 121.62
