-24.8702 83.9027
-24.8458 83.9106
-10.016 157.989
-9.56115 157.48
-9.47112 157.392
-9.42439 157.313
-9.38066 157.294
-9.3345 157.225
-9.28978 157.186
-9.24481 157.141
-9.2 157.098
-9.15671 157.088
-9.11255 157.059
-9.06803 157.022
-9.02315 156.977
-8.9799 156.967
-8.93347 156.887
-8.89035 156.879
-8.67069 156.748
-8.62513 156.685
-8.58196 156.674
-8.53902 156.669
-8.49597 156.662
-8.45038 156.596
-8.40688 156.577
-8.3626 156.541
-8.31844 156.507
-8.27373 156.459
-8.22972 156.428
-8.18707 156.428
-8.14441 156.428
-8.10142 156.421
-8.05744 156.389
-8.01403 156.371
-7.96899 156.313
-7.92538 156.289
-7.88189 156.269
-7.83926 156.269
-7.79653 156.266
-7.75348 156.256
-7.71032 156.243
-7.66655 156.214
-7.62289 156.188
-7.58017 156.186
-7.53736 156.181
-7.49464 156.179
-7.45172 156.171
-7.4084 156.153
-7.36419 156.111
-7.32129 156.103
-7.278 156.085
-7.23491 156.072
-7.19222 156.07
-7.14952 156.067
-7.10674 156.062
-7.06376 156.052
-7.02098 156.047
-6.978 156.036
-6.93485 156.021
-6.89207 156.016
-6.84948 156.016
-6.8069 156.016
-6.76357 155.996
-6.72081 155.991
-6.67795 155.983
-6.63509 155.975
-6.59215 155.965
-6.54922 155.955
-6.50628 155.944
-6.46327 155.931
-6.42052 155.926
-6.37812 155.932
-6.33571 155.937
-6.29279 155.927
-6.25013 155.925
-6.20739 155.92
-6.16565 155.946
-6.12274 155.936
-6.08007 155.933
-6.03733 155.928
-5.99459 155.923
-5.95193 155.921
-5.90943 155.924
-5.86765 155.95
-5.82442 155.929
-5.78484 156.03
-5.73441 155.767
-5.69605 155.909
-5.65355 155.912
-5.6115 155.93
-5.57006 155.97
-5.52769 155.978
-5.48479 155.968
-5.44175 155.952
-5.39916 155.953
-5.35678 155.961
-5.31419 155.961
-5.27159 155.961
-5.22914 155.966
-5.18682 155.977
-5.14443 155.985
-5.10203 155.993
-5.0595 155.996
-5.01744 156.018
-4.97537 156.039
-4.93289 156.044
-4.89027 156.044
-4.84791 156.055
-4.80542 156.061
-4.76299 156.069
-4.72107 156.098
-4.67882 156.114
-4.63605 156.109
-4.59329 156.104
-4.55084 156.112
-4.50845 156.123
-4.46642 156.149
-4.42419 156.168
-4.38172 156.176
-4.33942 156.192
-4.29705 156.205
-4.2548 156.224
-4.21248 156.24
-4.17015 156.256
-4.1277 156.267
-4.08508 156.27
-4.04256 156.278
-4.00059 156.312
-3.95812 156.323
-3.91607 156.355
-3.87358 156.366
-3.83109 156.376
-3.78895 156.406
-3.74629 156.408
-3.70378 156.419
-3.66227 156.483
-3.62023 156.52
-3.57764 156.528
-3.5349 156.528
-3.49244 156.544
-3.45068 156.6
-3.4083 156.622
-3.36609 156.653
-3.323 156.635
-3.28122 156.694
-3.23866 156.707
-3.19636 156.736
-3.15374 156.747
-3.11154 156.784
-3.06895 156.798
-3.02676 156.838
-2.98456 156.878
-2.94218 156.907
-2.89955 156.921
-2.85726 156.958
-2.81496 156.995
-2.77211 156.996
-2.72944 157.009
-2.68765 157.086
-2.64583 157.164
-2.60309 157.175
-2.51833 157.255
-2.05169 157.77
-1.92426 157.94
-1.88166 157.988
-1.83874 158.004
-1.79635 158.08
-1.75395 158.158
-1.71151 158.236
-1.66884 158.29
-1.62607 158.336
-1.58333 158.388
-1.54105 158.501
-1.49821 158.547
-1.45535 158.594
-1.28557 159.066
-1.24258 159.118
