19.5072 153.789
19.5517 153.809
19.596 153.827
19.6379 153.822
19.6851 153.869
19.716 149.279
19.8093 148.983
19.8488 148.966
19.8858 148.924
20.2024 148.407
20.2396 148.37
20.2761 148.326
20.3844 148.184
20.4174 148.109
20.4527 148.055
20.4901 148.021
20.5275 147.987
20.5639 147.943
20.597 147.87
20.6367 147.858
20.6754 147.836
20.7189 147.858
20.7514 147.78
20.7844 147.707
20.8233 147.688
20.8544 147.598
20.8909 147.557
20.93 147.54
20.9672 147.506
21.005 147.477
21.0424 147.445
21.081 147.423
21.1157 147.368
21.1553 147.355
21.1933 147.329
21.2329 147.317
21.2736 147.314
21.3129 147.3
21.35 147.266
21.3857 147.22
21.4236 147.193
21.4593 147.147
21.4971 147.121
21.5328 147.075
21.5723 147.063
21.6101 147.036
21.6496 147.024
21.6888 147.009
21.7261 146.978
21.763 146.944
21.8028 146.935
21.8414 146.915
21.8797 146.894
21.9163 146.857
21.9538 146.828
21.9901 146.79
22.029 146.773
22.0692 146.768
22.1098 146.766
22.15 146.761
22.1865 146.725
22.2245 146.701
22.2633 146.684
22.3021 146.667
22.3412 146.652
22.3794 146.631
22.4181 146.614
22.4563 146.592
22.4957 146.58
22.5353 146.57
22.5749 146.561
22.6145 146.551
22.6526 146.529
22.6914 146.513
22.7292 146.488
22.7667 146.462
22.8037 146.431
22.842 146.412
22.8787 146.378
22.9182 146.368
22.9601 146.378
23.0002 146.373
23.0383 146.351
23.0796 146.356
23.1236 146.382
23.1634 146.375
23.1976 146.322
23.2332 146.282
23.2757 146.296
23.3164 146.296
23.3559 146.286
23.3951 146.274
23.4345 146.264
23.4725 146.243
23.5138 146.247
23.5605 146.295
23.6052 146.326
23.6413 146.29
23.6783 146.261
23.7202 146.271
23.7615 146.275
23.8022 146.275
23.8426 146.273
23.8811 146.256
23.9209 146.249
23.9616 146.248
24.0038 146.26
24.0447 146.263
24.0845 146.255
24.1252 146.255
24.1655 146.253
24.205 146.243
24.245 146.238
24.2841 146.226
24.3244 146.224
24.367 146.238
24.4092 146.25
24.4502 146.252
24.4905 146.249
24.5318 146.254
24.5734 146.261
24.6141 146.261
24.6545 146.258
24.697 146.273
24.7377 146.272
24.7787 146.275
24.82 146.279
24.8609 146.282
24.9016 146.281
24.9432 146.289
24.9842 146.291
25.0246 146.288
25.0655 146.291
25.1059 146.288
25.1465 146.288
25.1878 146.293
25.2292 146.297
25.2724 146.316
25.3134 146.318
25.3534 146.314
25.3983 146.344
25.4436 146.378
25.4849 146.382
25.5262 146.387
25.5679 146.394
25.6125 146.423
25.6535 146.425
25.6932 146.418
25.7349 146.425
25.7802 146.458
25.8216 146.463
25.8662 146.491
25.9073 146.493
25.9486 146.498
25.9906 146.507
26.0397 146.567
26.0818 146.577
26.1228 146.579
26.1645 146.586
26.2062 146.593
26.2473 146.595
26.2934 146.633
26.3385 146.664
26.3837 146.695
26.4288 146.726
26.4709 146.736
26.5124 146.741
26.5575 146.772
26.6031 146.805
26.6455 146.817
26.6908 146.848
26.7336 146.862
26.783 146.922
26.8241 146.924
26.8652 146.927
26.9077 146.938
26.953 146.97
26.9942 146.972
27.036 146.979
27.0865 147.046
27.1347 147.096
27.1839 147.154
27.2255 147.159
27.267 147.163
27.3131 147.199
27.3628 147.26
27.4061 147.276
27.4526 147.315
27.4984 147.348
27.5407 147.358
