-24.8696 83.8996
-24.8434 83.8995
-1.31 169.907
-1.26424 169.898
-0.622376 169.219
-0.57669 169.171
-0.531102 169.154
-0.485459 169.109
-0.439785 169.04
-0.394254 169.031
-0.348683 168.995
-0.303218 169.022
-0.25766 168.983
-0.212117 168.941
-0.166622 168.938
-0.121109 168.9
-0.0756199 168.882
-0.0301359 168.84
0.0153338 168.834
0.0607919 168.801
0.106246 168.786
0.151676 168.751
0.19713 168.754
0.242575 168.748
0.288004 168.733
0.333386 168.694
0.378752 168.655
0.424106 168.62
0.469494 168.605
0.514814 168.566
0.560225 168.566
0.605707 168.59
0.651085 168.578
0.696314 168.525
0.741639 168.504
0.786897 168.468
0.832164 168.438
0.877586 168.447
0.922999 168.453
0.968343 168.444
1.01356 168.412
1.05879 168.382
1.10408 168.367
1.14938 168.355
1.19465 168.34
1.23983 168.311
1.28511 168.299
1.33049 168.302
1.3758 168.296
1.42103 168.278
1.46633 168.272
1.51168 168.272
1.55691 168.258
1.60212 168.24
1.64731 168.222
1.69263 168.219
1.73804 168.228
1.78343 168.234
1.82874 168.231
1.87397 168.219
1.91914 168.201
1.96441 168.195
2.00966 168.187
2.05493 168.181
2.10026 168.181
2.14558 168.181
2.19094 168.184
2.23627 168.184
2.2816 168.184
2.32629 168.127
2.3715 168.118
2.41558 168.014
2.46069 168
2.50752 168.124
2.55354 168.181
2.59925 168.211
2.64432 168.19
2.68945 168.175
2.73482 168.178
2.78023 168.184
2.82572 168.196
2.8711 168.199
2.91647 168.202
2.96198 168.214
3.0074 168.22
3.05283 168.226
3.0983 168.234
3.14355 168.229
3.1888 168.223
3.23395 168.211
3.27924 168.208
3.32462 168.211
3.3701 168.22
3.41559 168.228
3.46088 168.225
3.50632 168.231
3.55223 168.264
3.5982 168.3
3.64403 168.327
3.68972 168.344
3.73514 168.347
3.78067 168.356
3.82614 168.362
3.87174 168.374
3.91734 168.386
3.96311 168.407
4.00843 168.404
4.05375 168.401
4.09954 168.422
4.14583 168.466
4.1917 168.49
4.23722 168.496
4.28318 168.523
4.3299 168.586
4.37532 168.586
4.42028 168.565
4.46641 168.597
4.51235 168.621
4.55844 168.651
4.6038 168.648
4.64929 168.651
4.69582 168.699
4.74243 168.75
4.78836 168.77
4.83438 168.794
4.88005 168.803
4.92551 168.803
4.97112 168.809
5.01753 168.848
5.0641 168.893
5.11062 168.935
5.15663 168.956
5.2022 168.958
5.24762 168.955
5.29488 169.024
5.34093 169.045
5.38832 169.117
5.43408 169.126
5.48001 169.141
5.52642 169.174
5.57237 169.189
5.61995 169.264
5.66699 169.318
5.71405 169.372
5.76097 169.42
5.80707 169.438
5.85368 169.474
5.90048 169.516
5.94739 169.561
5.99441 169.609
6.04144 169.657
6.08823 169.696
6.13558 169.754
6.18285 169.808
6.2288 169.817
6.27557 169.853
6.32272 169.901
6.37017 169.959
6.41858 170.046
6.46722 170.14
6.51562 170.225
6.56205 170.246
6.60945 170.297
6.70705 170.485
6.75552 170.567
