31.9907 145.496
32.0273 145.475
32.0572 145.416
32.0859 145.349
32.02 144.745
32.0441 144.653
32.0685 144.564
32.0826 144.417
31.6774 141.449
31.8652 140.736
31.8928 140.671
31.9252 140.633
31.9604 140.61
31.9879 140.545
32.0158 140.483
32.0477 140.442
32.0744 140.373
32.1019 140.308
32.1293 140.243
32.1615 140.205
32.193 140.163
32.2248 140.122
32.2505 140.049
32.2766 139.977
32.314 139.968
32.3425 139.911
32.3731 139.864
32.3971 139.782
32.4288 139.741
32.4604 139.701
32.4925 139.664
32.5262 139.635
32.5623 139.619
32.5951 139.586
32.6223 139.522
32.6551 139.488
32.6924 139.479
32.7194 139.415
32.7465 139.351
32.7829 139.338
32.8161 139.307
32.848 139.269
32.877 139.216
32.9121 139.196
32.944 139.158
32.9746 139.114
33.004 139.064
33.0387 139.041
33.0705 139.004
33.1068 138.991
33.139 138.955
33.1708 138.918
33.2067 138.902
33.2421 138.885
33.2751 138.854
33.308 138.823
33.341 138.792
33.3756 138.77
33.4056 138.724
33.4414 138.709
33.4768 138.691
33.5051 138.636
33.54 138.616
33.5696 138.568
33.602 138.535
33.6381 138.522
33.6718 138.496
33.7054 138.469
33.7437 138.467
33.7811 138.46
33.8134 138.428
33.8487 138.41
33.884 138.392
33.9197 138.377
33.9524 138.346
33.9876 138.329
34.0229 138.311
34.059 138.298
34.0912 138.265
34.1256 138.243
34.1616 138.23
34.1968 138.213
34.2329 138.2
34.2672 138.178
34.3036 138.167
34.3388 138.149
34.374 138.132
34.4083 138.11
34.4396 138.073
34.476 138.062
34.5119 138.049
34.5453 138.023
34.5826 138.016
34.6177 137.999
34.6502 137.968
34.6887 137.968
34.725 137.957
34.755 137.914
34.7883 137.888
34.8246 137.877
34.8614 137.868
34.8977 137.857
34.934 137.846
34.9712 137.84
35.0045 137.813
35.0403 137.8
35.0762 137.787
35.1125 137.776
35.1518 137.781
35.185 137.755
35.2239 137.757
35.2671 137.781
35.3069 137.787
35.3427 137.774
35.3811 137.774
35.42 137.776
35.4567 137.767
35.4978 137.78
35.5318 137.758
35.5702 137.758
35.6091 137.761
35.6414 137.73
35.6758 137.711
35.716 137.719
35.7553 137.724
35.7955 137.732
35.8357 137.741
35.8732 137.736
35.9085 137.721
35.9438 137.706
35.9795 137.693
36.0166 137.686
36.0546 137.684
36.0907 137.673
36.1278 137.667
36.1657 137.665
36.2041 137.665
36.2429 137.667
36.2813 137.667
36.3201 137.669
36.3585 137.669
36.3983 137.675
36.4407 137.695
36.4791 137.695
36.512 137.669
36.5491 137.662
36.5883 137.667
36.6276 137.671
36.6637 137.66
36.703 137.664
36.7418 137.666
36.7834 137.682
36.8217 137.682
36.8578 137.671
36.8976 137.677
36.9378 137.686
36.9752 137.681
37.0099 137.664
37.0478 137.662
37.0867 137.664
37.1255 137.666
37.1647 137.671
37.2049 137.679
37.2488 137.705
37.2908 137.722
37.3255 137.705
37.3625 137.699
37.4022 137.705
37.4471 137.735
37.4859 137.738
37.5252 137.742
37.5691 137.768
37.6116 137.787
37.65 137.787
37.6893 137.792
37.73 137.802
37.7688 137.805
37.8081 137.809
37.8512 137.831
37.8914 137.839
37.9316 137.848
37.9756 137.874
38.021 137.906
38.0622 137.919
38.1053 137.941
38.184 137.95
38.229 137.98
38.2678 137.982
38.3067 137.984
38.3508 138.01
39.0357 138.33
39.0867 138.386
39.1328 138.421
39.1732 138.43
39.2137 138.439
39.257 138.46
