-36.0402 139.642
-34.4264 138.323
-33.7968 138.049
-33.7534 138.023
-33.7156 138.026
-33.6769 138.024
-33.2719 137.914
-33.2336 137.914
-33.1949 137.912
-33.1516 137.887
-33.1071 137.855
-33.0676 137.849
-33.0289 137.847
-32.9903 137.845
-32.9516 137.843
-32.9075 137.813
-32.8684 137.81
-32.8252 137.784
-32.787 137.784
-32.7495 137.789
-32.7129 137.798
-32.6742 137.797
-32.6347 137.791
-32.596 137.789
-32.5565 137.783
-32.5166 137.775
-32.4783 137.775
-32.4413 137.782
-32.4038 137.787
-32.3647 137.783
-32.3212 137.755
-32.2768 137.723
-32.2373 137.717
-32.2023 137.735
-32.166 137.746
-32.1277 137.747
-32.0935 137.769
-32.06 137.795
-32.0241 137.809
-31.9814 137.786
-31.9359 137.747
-31.8968 137.743
-31.8581 137.741
-31.8186 137.735
-31.7795 137.731
-31.7476 137.767
-31.7141 137.793
-31.6766 137.798
-31.6378 137.796
-31.5999 137.799
-31.5652 137.819
-31.528 137.826
-31.4869 137.811
-31.4459 137.796
-31.4036 137.775
-31.3688 137.795
-31.3324 137.806
-31.2937 137.805
-31.2534 137.794
-31.2174 137.808
-31.1826 137.828
-31.1498 137.859
-31.1228 137.922
-31.084 137.921
-31.0398 137.889
-30.9975 137.867
-30.9607 137.876
-30.9247 137.89
-30.8867 137.893
-30.8495 137.9
-30.8111 137.9
-30.7724 137.898
-30.7379 137.921
-30.6991 137.919
-30.6646 137.941
-30.6319 137.974
-30.6001 138.012
-30.5624 138.017
-30.5213 138.002
-30.4791 137.98
-30.4445 138.003
-30.4065 138.005
-30.3696 138.015
-30.3396 138.063
-30.3042 138.081
-30.2692 138.101
-30.2296 138.095
-30.195 138.117
-30.1611 138.144
-30.1249 138.157
-30.0914 138.186
-30.0571 138.211
-30.0208 138.224
-29.9846 138.238
-29.9495 138.258
-29.9122 138.265
-29.8793 138.299
-29.8435 138.314
-29.8091 138.339
-29.7713 138.344
-29.7369 138.368
-29.7003 138.38
-29.667 138.411
-29.6299 138.42
-29.5955 138.445
-29.5592 138.458
-29.5251 138.485
-29.4914 138.514
-29.4547 138.525
-29.4176 138.535
-29.3883 138.59
-29.3534 138.613
-29.3189 138.637
-29.284 138.66
-29.2476 138.673
-29.216 138.716
-29.1795 138.729
-29.1431 138.743
-29.1078 138.763
-29.0714 138.777
-29.0397 138.819
-29.0073 138.857
-28.9726 138.882
-28.9394 138.915
-28.9059 138.947
-28.8694 138.96
-28.8358 138.992
-28.8022 139.023
-28.7667 139.043
-28.736 139.093
-28.6995 139.106
-28.6651 139.133
-28.6321 139.169
-28.4345 139.387
-28.3684 139.459
-28.303 139.535
-28.2738 139.596
-28.2403 139.629
-28.2025 139.637
-28.169 139.67
-27.61 140.58
-27.5769 140.619
-27.1019 142.137
-26.6809 140.398
-26.6594 140.515
-26.6413 140.655
-26.629 140.834
-26.6166 141.013
-26.6154 141.267
-26.5961 141.401
