8.63367 143.039
8.67471 143.058
8.71421 143.044
8.83674 139.839
8.87277 139.77
9.36675 138.67
9.40408 138.635
9.44257 138.622
9.48059 138.6
9.51576 138.525
9.54983 138.431
9.58827 138.418
9.62574 138.387
9.66248 138.344
9.73338 138.21
9.77066 138.178
9.80684 138.125
9.84519 138.112
9.88182 138.069
9.91769 138.012
9.95601 137.999
9.99333 137.969
10.0301 137.929
10.0641 137.84
10.1025 137.829
10.1397 137.799
10.1768 137.766
10.2872 137.653
10.3247 137.627
10.3629 137.614
10.3986 137.56
10.4371 137.552
10.4725 137.493
10.5107 137.48
10.5465 137.428
10.5847 137.417
10.6216 137.383
10.6586 137.353
10.6971 137.346
10.7353 137.333
10.7711 137.284
10.8093 137.273
10.8465 137.245
10.8835 137.215
10.9214 137.199
10.9581 137.165
10.9952 137.137
11.032 137.105
11.0699 137.089
11.1066 137.055
11.145 137.049
11.1831 137.038
11.2207 137.018
11.2569 136.978
11.295 136.967
11.3322 136.941
11.3693 136.915
11.4074 136.905
11.4448 136.883
11.4823 136.864
11.5197 136.842
11.5582 136.838
11.5958 136.821
11.6326 136.791
11.6701 136.771
11.7085 136.767
11.746 136.748
11.7843 136.741
11.8228 136.737
11.8604 136.72
11.8975 136.696
11.9353 136.681
11.973 136.666
12.0116 136.664
12.049 136.645
12.0867 136.63
12.1251 136.626
12.1632 136.617
12.2006 136.598
12.2383 136.583
12.2765 136.577
12.3144 136.564
12.3517 136.545
12.3892 136.527
12.4271 136.517
12.4646 136.5
12.5032 136.498
12.5422 136.502
12.5809 136.502
12.6183 136.485
12.6558 136.468
12.6929 136.446
12.7311 136.44
12.7692 136.431
12.8061 136.408
12.8448 136.408
12.8841 136.417
12.9226 136.414
12.9608 136.408
12.999 136.402
13.0369 136.391
13.0755 136.391
13.1155 136.408
13.1715 136.638
13.2113 136.653
13.2497 136.648
13.2685 136.387
13.3062 136.374
13.3453 136.38
13.383 136.368
13.4222 136.374
13.4613 136.381
13.4998 136.378
13.5383 136.376
13.577 136.376
13.616 136.381
13.656 136.398
13.6955 136.409
13.7341 136.409
13.7728 136.409
13.8118 136.413
13.8504 136.413
13.8889 136.411
13.9272 136.407
13.9659 136.407
14.0049 136.411
14.0439 136.415
14.0831 136.422
14.1221 136.426
14.1604 136.422
14.1989 136.42
14.2381 136.426
14.2776 136.437
14.3169 136.445
14.3567 136.458
14.3962 136.469
14.4347 136.467
14.473 136.463
14.5129 136.478
14.5532 136.497
14.5933 136.514
14.6323 136.518
14.6712 136.521
14.7102 136.525
14.7491 136.527
14.7892 136.544
14.8286 136.553
14.8684 136.566
14.9076 136.572
14.9466 136.576
14.9849 136.572
15.0242 136.579
15.0671 136.628
15.1093 136.669
15.149 136.679
15.1875 136.677
15.2265 136.682
15.2654 136.684
15.3041 136.684
15.3437 136.695
15.3838 136.71
15.4259 136.748
15.4654 136.757
15.5052 136.77
15.5447 136.778
15.5849 136.796
15.6265 136.828
15.667 136.847
15.7096 136.89
15.7489 136.897
15.7861 136.88
15.8276 136.91
15.8692 136.942
15.9087 136.951
15.9499 136.976
15.9896 136.987
16.0333 137.041
16.073 137.052
16.1118 137.052
16.1524 137.071
16.1921 137.082
16.2357 137.134
16.2783 137.175
16.3199 137.205
16.3593 137.212
16.4005 137.238
16.4401 137.246
16.4814 137.272
16.608 137.38
16.6481 137.393
16.6925 137.452
16.7357 137.497
16.7795 137.549
16.8192 137.558
16.8585 137.562
16.9011 137.601
16.9454 137.658
16.9877 137.692
17.0302 137.729
17.0705 137.744
17.1158 137.81
17.1579 137.842
17.2011 137.886
17.2468 137.955
17.2916 138.014
17.3337 138.047
17.374 138.06
17.4186 138.117
17.4641 138.182
17.5096 138.248
17.5529 138.291
17.5961 138.333
