-24.8726 83.9138
-24.8437 83.9005
-0.270877 147.905
-0.229917 147.83
-0.189022 147.784
-0.148126 147.714
-0.107278 147.671
-0.0664368 147.599
-0.0256283 147.531
0.0151506 147.464
0.178054 147.288
0.218706 147.221
0.259363 147.18
0.300047 147.168
0.340637 147.106
0.381243 147.065
0.421762 146.993
0.462395 146.981
0.54331 146.84
0.583894 146.825
0.624417 146.794
0.664986 146.78
0.705468 146.744
0.745867 146.692
0.786314 146.656
0.826756 146.622
0.86726 146.606
0.907792 146.596
0.948211 146.565
0.988579 146.527
1.02892 146.487
1.06909 146.42
1.10954 146.406
1.15003 146.399
1.1904 146.372
1.2307 146.339
1.27112 146.325
1.31134 146.282
1.35157 146.244
1.39182 146.211
1.43209 146.182
1.47252 146.175
1.513 146.175
1.55327 146.149
1.59356 146.128
1.6336 146.078
1.67393 146.064
1.71413 146.035
1.75427 146.002
1.79462 145.993
1.83492 145.978
1.87507 145.95
1.91521 145.921
1.95554 145.912
1.99584 145.9
2.03579 145.858
2.07602 145.841
2.11626 145.827
2.15667 145.827
2.19688 145.81
2.23719 145.803
2.27753 145.799
2.31758 145.77
2.35785 145.761
2.39815 145.754
2.43819 145.728
2.47826 145.704
2.5186 145.702
2.55881 145.69
2.59889 145.669
2.63905 145.654
2.67939 145.652
2.71975 145.652
2.75997 145.643
2.8003 145.64
2.84055 145.633
2.88054 145.61
2.92078 145.603
2.96087 145.586
3.00111 145.579
3.04141 145.577
3.08172 145.574
3.12199 145.57
3.16229 145.567
3.20259 145.565
3.24294 145.565
3.28298 145.548
3.32307 145.534
3.36289 145.506
3.40291 145.489
3.44306 145.48
3.48334 145.478
3.52416 145.503
3.56421 145.489
3.60454 145.489
3.645 145.496
3.68537 145.499
3.7258 145.503
3.76608 145.501
3.80626 145.494
3.84668 145.499
3.88745 145.52
3.92798 145.529
3.9672 145.478
4.00706 145.456
4.04742 145.459
4.08753 145.449
4.12827 145.468
4.16853 145.466
4.20895 145.47
4.24922 145.468
4.28942 145.463
4.32969 145.461
4.37006 145.463
4.41065 145.475
4.45114 145.482
4.49175 145.494
4.53271 145.52
4.57315 145.525
4.61342 145.522
4.65375 145.522
4.69414 145.525
4.73452 145.527
4.77485 145.527
4.81524 145.529
4.85576 145.536
4.8964 145.548
4.93654 145.541
4.97668 145.534
5.01714 145.539
5.05811 145.562
5.09897 145.581
5.1403 145.616
5.18117 145.635
5.22099 145.616
5.26093 145.602
5.30168 145.616
5.34298 145.649
5.38361 145.659
5.42425 145.668
5.46495 145.68
5.50552 145.687
5.54624 145.699
5.58703 145.713
5.62798 145.732
5.66922 145.76
5.70974 145.765
5.75019 145.767
5.79116 145.786
5.8314 145.781
5.87193 145.786
5.91299 145.807
5.95475 145.85
5.99669 145.897
6.03733 145.904
6.07781 145.907
6.11853 145.916
6.16029 145.956
6.20174 145.987
6.24233 145.992
6.28316 146.004
6.32456 146.032
6.36573 146.053
6.40675 146.07
6.44836 146.103
6.48922 146.115
6.53077 146.146
6.57233 146.177
6.61296 146.181
6.65437 146.207
6.6951 146.214
6.73584 146.222
6.77754 146.255
6.81943 146.293
6.86151 146.336
6.90343 146.374
6.94511 146.404
6.98616 146.419
7.02895 146.478
7.07067 146.509
7.11158 146.519
7.1535 146.554
7.19461 146.569
7.23656 146.604
7.27985 146.674
7.3209 146.685
7.36385 146.745
7.40617 146.788
7.44802 146.819
7.48901 146.829
7.53128 146.869
7.57503 146.946
7.61814 147.006
7.65938 147.02
7.70033 147.027
7.74218 147.056
