-14.3712 131.705
-14.1928 131.348
-14.1529 131.313
-14.1149 131.299
-13.909 131.042
-13.87 131.017
-13.8308 130.987
-13.789 130.928
-13.7495 130.895
-13.7116 130.881
-13.6658 130.773
-13.4704 130.63
-13.3879 130.518
-13.3485 130.485
-13.311 130.475
-13.2704 130.426
-13.231 130.393
-13.1934 130.381
-13.1547 130.355
-13.1142 130.307
-13.0761 130.289
-13.0369 130.256
-12.9965 130.209
-12.9588 130.195
-12.9204 130.172
-12.8831 130.164
-12.8444 130.137
-12.8052 130.104
-12.7643 130.049
-12.7268 130.037
-12.6881 130.01
-12.6508 130
-12.6109 129.958
-12.5736 129.948
-12.5351 129.922
-12.4979 129.915
-12.4609 129.909
-12.4218 129.876
-12.384 129.858
-12.3457 129.835
-12.3082 129.823
-12.2695 129.794
-12.2322 129.784
-12.194 129.761
-12.1558 129.74
-12.1192 129.738
-12.0821 129.73
-12.0432 129.699
-12.005 129.676
-11.9672 129.658
-11.9301 129.651
-11.894 129.656
-11.8578 129.66
-11.819 129.629
-11.781 129.608
-11.743 129.587
-11.706 129.581
-11.6676 129.554
-11.6297 129.534
-11.5927 129.526
-11.5565 129.53
-11.5201 129.532
-11.4827 129.519
-11.4451 129.503
-11.4074 129.486
-11.3704 129.478
-11.3335 129.472
-11.2966 129.466
-11.2599 129.462
-11.2224 129.449
-11.185 129.435
-11.1483 129.431
-11.1116 129.428
-11.074 129.412
-11.0361 129.391
-10.9989 129.379
-10.9623 129.377
-10.9258 129.377
-10.8888 129.37
-10.8516 129.358
-10.8147 129.352
-10.7778 129.344
-10.7411 129.34
-10.7046 129.34
-10.6683 129.342
-10.6317 129.34
-10.5951 129.338
-10.5584 129.335
-10.5218 129.333
-10.4853 129.333
-10.4488 129.331
-10.4117 129.321
-10.3746 129.311
-10.3374 129.3
-10.3013 129.305
-10.2656 129.317
-10.2295 129.323
-10.1929 129.321
-10.1563 129.319
-10.1196 129.315
-10.0829 129.311
-10.0468 129.317
-10.0103 129.315
-9.97297 129.301
-9.93592 129.292
-9.89958 129.294
-9.8643 129.313
-9.82935 129.338
-9.79358 129.35
-9.75734 129.353
-9.7211 129.357
-9.68382 129.344
-9.64677 129.334
-9.60961 129.322
-9.57315 129.322
-9.53781 129.342
-9.50202 129.353
-9.46599 129.361
-9.42974 129.365
-9.39315 129.363
-9.35644 129.359
-9.31985 129.357
-9.28459 129.378
-9.24865 129.388
-9.21228 129.39
-9.17633 129.399
-9.13984 129.399
-9.10357 129.403
-9.06783 129.417
-9.03155 129.421
-8.99527 129.424
-8.95962 129.44
-8.92365 129.449
-8.88746 129.455
-8.85117 129.459
-8.81529 129.471
-8.7792 129.478
-8.7432 129.488
-8.70741 129.502
-8.67141 129.511
-8.63541 129.521
-8.59909 129.525
-8.56307 129.534
-8.52695 129.542
-8.49072 129.548
-8.45469 129.557
-8.41956 129.585
-8.38342 129.592
-8.34748 129.604
-8.31153 129.615
-8.27606 129.637
-8.24079 129.662
-8.20471 129.672
-8.16854 129.679
-8.13304 129.701
-8.09754 129.722
-8.06154 129.734
-8.02544 129.743
-7.98981 129.763
-7.95418 129.782
-7.91796 129.79
-7.88165 129.796
-7.846 129.815
-7.80986 129.825
-7.77438 129.848
-7.73842 129.861
-7.703 129.887
-7.66785 129.918
-7.63205 129.935
-7.59696 129.968
-7.56096 129.982
-7.52513 129.999
-7.4892 130.015
-7.45309 130.027
-7.41821 130.066
-7.382 130.075
-7.34639 130.099
-7.31033 130.112
-7.27523 130.147
-7.24037 130.188
-7.2042 130.2
-7.16862 130.225
-7.13261 130.241
-7.0976 130.28
-7.06174 130.299
-7.02645 130.333
-6.99141 130.372
-6.95517 130.383
-6.91935 130.405
-6.88343 130.424
-6.84891 130.477
-6.8137 130.515
-6.77807 130.542
-6.74179 130.554
-6.70614 130.581
-6.67055 130.61
-6.63607 130.667
-6.60062 130.701
-6.56586 130.752
-6.52982 130.771
-6.49385 130.793
-6.45827 130.824
-6.42351 130.878
-6.38712 130.889
-6.35141 130.919
-6.31675 130.976
-6.28124 131.011
-6.24676 131.074
-6.21211 131.134
-6.17654 131.169
-6.14073 131.199
-6.10491 131.228
-6.06915 131.26
