17.9415 176.97
17.9845 176.915
18.6558 170.535
18.7009 170.522
18.7433 170.48
18.7845 170.425
18.8241 170.352
18.8689 170.337
18.9134 170.319
18.945 170.158
18.9861 170.103
19.0311 170.091
19.0733 170.048
19.1183 170.036
19.163 170.021
19.2026 169.951
19.2442 169.903
19.2855 169.852
19.3307 169.842
19.3731 169.803
19.4157 169.767
19.4592 169.74
19.4984 169.667
19.5401 169.622
19.5844 169.604
19.6275 169.573
19.6721 169.558
19.716 169.537
19.7557 169.471
19.7979 169.431
19.8424 169.416
19.8874 169.407
19.9299 169.371
19.9717 169.329
20.0156 169.308
20.06 169.293
20.1007 169.238
20.1445 169.217
20.1892 169.205
20.2345 169.199
20.2763 169.157
20.3204 169.139
20.3665 169.142
20.4123 169.142
20.4561 169.12
20.4993 169.093
20.5386 169.027
20.5806 168.988
20.6243 168.967
20.6689 168.955
20.7138 168.946
20.7587 168.937
20.8003 168.895
20.8443 168.877
20.8897 168.874
20.9361 168.88
20.9822 168.882
21.0264 168.867
21.0686 168.831
21.1131 168.819
21.1588 168.819
21.2006 168.78
21.2427 168.744
21.2875 168.735
21.3336 168.738
21.3787 168.732
21.4204 168.693
21.463 168.663
21.506 168.636
21.5529 168.648
21.5971 168.633
21.6446 168.65
21.6878 168.626
21.7301 168.593
21.7745 168.581
21.8187 168.566
21.8628 168.551
21.905 168.518
21.9472 168.485
21.9941 168.497
22.0433 168.53
22.0956 168.592
22.1432 168.61
22.179 168.517
22.2164 168.44
22.262 168.439
22.3108 168.469
22.36 168.502
22.4066 168.511
22.4545 168.531
22.5025 168.552
22.5539 168.606
22.598 168.591
22.6417 168.573
22.6867 168.567
22.7317 168.56
22.7741 168.53
22.8185 168.518
22.8638 168.515
22.9104 168.524
22.9584 168.545
23.007 168.571
23.055 168.592
23.1006 168.592
23.1456 168.586
23.1916 168.589
23.2383 168.597
23.2842 168.6
23.3292 168.594
23.3742 168.588
23.4175 168.567
23.4615 168.552
23.5085 168.564
23.5602 168.617
23.6109 168.662
23.6579 168.674
23.7043 168.679
23.7499 168.679
23.7963 168.685
23.8467 168.727
23.8924 168.726
23.9374 168.72
23.9837 168.726
24.0308 168.738
24.0778 168.75
24.1318 168.821
24.1796 168.839
24.2253 168.839
24.2706 168.836
24.317 168.841
24.3665 168.874
24.4167 168.913
24.4635 168.922
24.5095 168.924
24.5598 168.963
24.6062 168.969
24.6526 168.975
24.7033 169.017
24.7501 169.025
24.8015 169.073
24.8476 169.076
24.8936 169.079
24.939 169.075
24.9854 169.081
25.0362 169.123
25.2855 169.293
25.3327 169.305
25.385 169.359
25.4323 169.371
25.4791 169.379
25.5304 169.424
25.5861 169.505
25.6334 169.517
25.6839 169.556
25.7357 169.604
25.783 169.616
