17.6333 126.713
17.6535 126.571
17.6756 126.446
17.6965 126.312
17.7183 126.186
17.7357 126.021
17.914 126.025
17.9479 126.01
17.9817 125.995
18.2928 124.986
18.3529 124.894
18.3841 124.859
18.4154 124.824
18.4699 124.685
18.5011 124.651
18.532 124.614
18.5622 124.57
18.5961 124.559
18.6259 124.514
18.6535 124.448
18.6816 124.388
18.7105 124.335
18.742 124.304
18.7731 124.27
18.8031 124.226
18.8337 124.188
18.8598 124.112
18.8895 124.067
18.9204 124.032
18.9531 124.012
18.9849 123.985
19.0163 123.954
19.0477 123.923
19.0768 123.874
19.1097 123.856
19.139 123.809
19.1701 123.777
19.1988 123.724
19.2325 123.714
19.2646 123.69
19.2934 123.64
19.324 123.603
19.3561 123.58
19.3902 123.573
19.4198 123.529
19.4525 123.511
19.4844 123.486
19.5162 123.461
19.5451 123.412
19.5751 123.373
19.6065 123.344
19.6402 123.335
19.6702 123.295
19.704 123.286
19.735 123.256
19.7668 123.23
19.8005 123.221
19.8304 123.182
19.8608 123.146
19.8907 123.107
19.9232 123.089
19.9553 123.067
19.9813 122.997
20.0148 122.987
20.0491 122.983
20.0839 122.983
20.1157 122.959
20.1476 122.936
20.1791 122.911
20.2137 122.909
20.2487 122.911
20.2828 122.905
20.3148 122.884
20.3461 122.857
20.3769 122.827
20.408 122.798
20.4414 122.787
20.4722 122.757
20.5067 122.755
20.5405 122.748
20.5726 122.728
20.6034 122.698
20.637 122.689
20.6705 122.68
20.7036 122.667
20.7373 122.66
20.7704 122.647
20.8032 122.633
20.8349 122.61
20.8672 122.592
20.8981 122.563
20.9316 122.554
20.9656 122.549
20.9991 122.54
21.0323 122.529
21.0655 122.518
21.0976 122.499
21.1301 122.483
21.1628 122.468
21.1956 122.454
21.2286 122.441
21.2625 122.436
21.2973 122.438
21.3332 122.446
21.3678 122.446
21.3998 122.427
21.4315 122.405
21.4635 122.386
21.496 122.37
21.5282 122.352
21.5615 122.343
21.5957 122.339
21.6308 122.342
21.6654 122.342
21.6983 122.33
21.7321 122.324
21.7657 122.317
21.7991 122.308
21.831 122.289
21.8639 122.276
21.8972 122.267
21.9308 122.26
21.9703 122.295
22.0061 122.304
22.0422 122.314
22.077 122.316
22.1096 122.301
22.1422 122.287
22.1733 122.262
22.2064 122.252
22.2387 122.236
22.273 122.234
22.3056 122.219
22.3384 122.207
22.3722 122.202
22.4063 122.198
22.4406 122.196
22.4754 122.198
22.5099 122.197
22.5434 122.19
22.5777 122.188
22.612 122.186
22.6453 122.177
22.6801 122.179
22.7154 122.184
22.7499 122.184
22.7847 122.186
22.819 122.184
22.8535 122.183
22.8896 122.194
22.9262 122.208
22.9607 122.208
22.9942 122.2
23.0275 122.191
23.0612 122.186
23.0965 122.191
23.1316 122.195
23.1656 122.191
23.2014 122.2
23.2388 122.219
23.2741 122.224
23.3084 122.222
23.3426 122.22
23.3764 122.215
23.4122 122.223
23.447 122.225
23.4818 122.226
23.5171 122.232
23.5513 122.23
23.5864 122.233
23.6233 122.249
23.6605 122.266
23.6926 122.25
23.7271 122.25
23.764 122.266
23.7994 122.271
23.8339 122.271
23.869 122.274
23.9053 122.286
23.9409 122.293
23.9776 122.307
24.0127 122.31
24.0483 122.317
24.0855 122.335
24.1206 122.338
24.1584 122.359
24.1942 122.368
24.2328 122.394
24.2706 122.415
24.3074 122.429
24.3416 122.427
24.3748 122.418
24.4104 122.425
24.4496 122.455
24.4875 122.476
24.5231 122.483
24.5602 122.499
24.5988 122.525
24.637 122.548
24.6702 122.539
24.705 122.54
24.7421 122.556
24.7794 122.574
24.8126 122.565
24.8494 122.579
24.8875 122.601
24.9274 122.635
24.9642 122.649
25.0047 122.686
25.0401 122.691
25.0755 122.696
25.1112 122.703
25.1495 122.726
25.188 122.751
25.2269 122.777
25.262 122.78
25.2972 122.784
25.3392 122.83
25.3786 122.86
25.4178 122.888
25.457 122.916
25.4962 122.944
25.5354 122.973
25.5741 122.997
25.6099 123.004
25.6485 123.029
25.6878 123.057
25.7245 123.07
25.7629 123.093
25.84 123.14
25.9198 123.204
25.963 123.256
26.0426 123.318
26.0846 123.362
26.1211 123.373
26.1643 123.424
26.2044 123.456
26.2409 123.467
26.2839 123.517
26.324 123.549
26.3676 123.602
26.4104 123.651
26.4475 123.665
26.4898 123.709
26.71 123.985
26.753 124.033
26.7957 124.08
