-20.3428 108.141
-20.3095 108.132
-19.7689 107.711
-19.7336 107.687
-19.6966 107.652
-19.6636 107.644
-19.629 107.625
-19.5935 107.6
-19.5523 107.535
-19.5181 107.519
-19.4827 107.494
-19.4479 107.473
-19.4141 107.46
-19.3783 107.432
-19.3449 107.421
-19.3134 107.424
-19.283 107.434
-19.2513 107.436
-19.2134 107.393
-19.1799 107.381
-19.1452 107.361
-19.1102 107.339
-19.0757 107.319
-19.043 107.313
-19.0085 107.294
-18.9766 107.294
-18.9439 107.288
-18.9119 107.287
-18.8796 107.284
-18.8447 107.262
-18.8074 107.222
-18.7747 107.216
-18.7411 107.203
-18.7088 107.2
-18.6768 107.198
-18.6445 107.195
-18.6123 107.193
-18.5778 107.173
-18.5452 107.167
-18.5125 107.162
-18.4773 107.137
-18.441 107.103
-18.4085 107.098
-18.3749 107.085
-18.3427 107.082
-18.3105 107.079
-18.278 107.075
-18.2433 107.053
-18.2081 107.028
-18.1753 107.02
-18.1427 107.015
-18.1123 107.025
-18.0762 106.992
-18.043 106.982
-18.0106 106.978
-17.978 106.972
-17.9451 106.963
-17.9151 106.978
-17.8856 106.995
-17.8545 107.001
-17.8227 107.001
-17.7894 106.989
-17.7541 106.963
-17.7217 106.959
-17.6895 106.956
-17.6579 106.957
-17.6268 106.963
-17.5967 106.976
-17.5639 106.969
-17.5308 106.958
-17.4982 106.953
-17.4667 106.955
-17.4338 106.947
-17.4001 106.932
-17.3675 106.926
-17.3346 106.917
-17.3 106.895
-17.2673 106.888
-17.2364 106.895
-17.2047 106.897
-17.1716 106.886
-17.1394 106.883
-17.1085 106.891
-17.0789 106.908
-17.0489 106.923
-17.0176 106.927
-16.9857 106.927
-16.9541 106.929
-16.9224 106.93
-16.8902 106.927
-16.8577 106.921
-16.8258 106.921
-16.7945 106.926
-16.7629 106.927
-16.7305 106.923
-16.699 106.926
-16.6697 106.946
-16.6396 106.961
-16.607 106.955
-16.5736 106.942
-16.541 106.936
-16.5097 106.94
-16.4802 106.959
-16.4513 106.984
-16.4212 106.999
-16.3884 106.992
-16.3545 106.974
-16.3216 106.965
-16.2909 106.975
-16.2605 106.987
-16.2288 106.989
-16.1974 106.993
-16.1668 107.003
-16.1363 107.015
-16.1063 107.031
-16.0761 107.046
-16.0463 107.063
-16.0168 107.084
-15.9847 107.082
-15.9522 107.077
-15.9186 107.062
-15.8872 107.066
-15.8575 107.085
-15.8266 107.094
-15.7959 107.104
-15.766 107.122
-15.7356 107.135
-15.7049 107.146
-15.674 107.154
-15.6417 107.151
-15.6096 107.15
-15.5784 107.156
-15.5471 107.162
-15.5172 107.179
-15.4868 107.192
-15.4557 107.2
-15.4241 107.203
-15.3936 107.216
-15.3641 107.238
-15.3327 107.242
-15.2998 107.234
-15.2678 107.234
-15.2372 107.245
-15.2064 107.256
-15.1773 107.282
-15.1459 107.287
-15.1147 107.294
-15.0847 107.312
-15.0535 107.319
-15.0248 107.348
-14.9939 107.359
-14.9644 107.381
-14.9343 107.399
-14.9029 107.405
-14.8717 107.412
-14.8417 107.43
-14.8098 107.431
-14.7796 107.447
-14.7506 107.475
-14.723 107.517
-14.6924 107.53
-14.6603 107.53
-14.6278 107.526
-14.5977 107.543
-14.5683 107.568
-14.5369 107.574
-14.5069 107.594
-14.4755 107.6
-14.4476 107.639
-14.4167 107.65
-14.3885 107.687
-14.3601 107.722
-14.3308 107.749
-14.3013 107.774
-14.2699 107.78
-14.2401 107.803
-14.2099 107.822
-14.1781 107.825
-14.1467 107.831
-14.1171 107.856
-14.0876 107.881
-14.0576 107.902
-14.0259 107.907
-13.9962 107.93
-13.7921 108.139
-13.2627 108.662
-13.2315 108.674
