-24.8704 83.9037
-24.8437 83.9005
-15.3198 147.366
-15.2789 147.362
-15.2354 147.326
-15.1917 147.288
-15.1457 147.221
-14.7568 146.92
-14.7154 146.908
-14.6721 146.873
-14.588 146.833
-14.5468 146.823
-14.5017 146.764
-14.4603 146.752
-14.3743 146.686
-14.3337 146.684
-14.2927 146.677
-14.2492 146.637
-14.2062 146.604
-14.1651 146.595
-14.1225 146.567
-14.0803 146.543
-14.0392 146.534
-13.9974 146.515
-13.9534 146.468
-13.9119 146.454
-13.8698 146.43
-13.8283 146.417
-13.7869 146.403
-13.7458 146.393
-13.7028 146.358
-13.662 146.351
-13.6209 146.342
-13.5797 146.33
-13.5386 146.321
-13.4971 146.305
-13.4555 146.289
-13.4145 146.279
-13.3736 146.273
-13.3328 146.266
-13.2919 146.259
-13.2483 146.214
-13.2072 146.203
-13.1663 146.196
-13.1255 146.189
-13.0847 146.182
-13.0437 146.173
-13.0022 146.157
-12.9612 146.148
-12.9194 146.127
-12.8785 146.12
-12.8381 146.118
-12.7974 146.113
-12.7566 146.106
-12.7153 146.092
-12.675 146.093
-12.6349 146.095
-12.5941 146.089
-12.5533 146.082
-12.5125 146.075
-12.4714 146.063
-12.4304 146.054
-12.3895 146.045
-12.3488 146.041
-12.3085 146.041
-12.2674 146.029
-12.2268 146.025
-12.1862 146.02
-12.1459 146.021
-12.1056 146.021
-12.0656 146.026
-12.0256 146.031
-11.9853 146.031
-11.9442 146.02
-11.9034 146.013
-11.8631 146.013
-11.823 146.016
-11.783 146.021
-11.9664 149.505
-11.9271 149.532
-11.6632 146.041
-11.6237 146.053
-11.5841 146.065
-11.5436 146.063
-11.5042 146.078
-11.4624 146.054
-11.4205 146.031
-11.3816 146.052
-11.343 146.081
-11.303 146.086
-11.2616 146.07
-11.2211 146.068
-11.1811 146.073
-11.1399 146.059
-11.0981 146.035
-11.058 146.04
-11.0191 146.064
-10.9792 146.072
-10.9383 146.063
-10.8978 146.06
-10.8586 146.08
-10.8205 146.118
-10.7806 146.125
-10.7404 146.128
-10.7003 146.133
-10.6608 146.148
-10.6211 146.16
-10.5819 146.181
-10.5424 146.196
-10.5028 146.21
-10.4631 146.222
-10.4232 146.23
-10.384 146.252
-10.3448 146.273
-10.3039 146.264
-10.2631 146.257
-10.2227 146.257
-10.1836 146.281
-10.1456 146.324
-10.1058 146.337
-10.0659 146.346
-10.0258 146.351
-9.98624 146.368
-9.94685 146.388
-9.9077 146.412
-9.86778 146.422
-9.82887 146.45
-9.79008 146.482
-9.75052 146.499
-9.71018 146.501
-9.67022 146.511
-9.63064 146.528
-9.59179 146.559
-9.55256 146.583
-9.51294 146.6
-9.47332 146.617
-9.4348 146.656
-9.39417 146.654
-9.35391 146.659
-9.31633 146.716
-9.2775 146.75
-9.23734 146.757
-9.19753 146.772
-9.15915 146.815
-9.11945 146.832
-9.07961 146.847
-9.0406 146.878
-9.00109 146.9
-8.9617 146.924
-8.92323 146.967
-8.88358 146.987
-8.84438 147.016
-8.80448 147.031
-8.76469 147.048
-8.7266 147.101
-8.6878 147.139
-8.64797 147.156
-8.60971 147.207
-8.57087 147.246
-8.5319 147.282
-8.4928 147.316
-8.45435 147.364
-8.41422 147.376
-8.37497 147.408
-8.33538 147.432
-8.29719 147.488
-8.258 147.522
-8.21912 147.563
-8.18011 147.602
-8.14108 147.641
-8.10353 147.714
-8.06478 147.76
-8.0257 147.799
-7.98786 147.867
-7.94801 147.889
-7.90866 147.923
-7.86992 147.971
-7.83147 148.027
-7.79156 148.049
-7.75348 148.115
-7.71455 148.161
-7.67773 148.259
-7.63996 148.334
-7.59986 148.354
-7.56174 148.422
-7.48601 148.574
-7.44692 148.62
-7.40752 148.66
-7.25815 149.032
-7.22043 149.118
-7.18135 149.17
-7.14319 149.246
-6.87691 150.953
-6.83606 150.971
-6.79485 150.978
-6.75381 150.991
