-14.1064 126.662
-12.954 125.06
-12.9137 125.01
-12.7993 124.935
-12.7576 124.866
-12.7207 124.855
-12.6802 124.801
-12.6434 124.791
-12.6053 124.765
-12.5672 124.739
-12.5289 124.712
-12.4917 124.697
-12.4525 124.658
-12.4158 124.648
-12.3772 124.617
-12.3371 124.565
-12.3004 124.556
-12.2623 124.53
-12.2237 124.496
-12.1857 124.47
-12.1478 124.446
-12.1114 124.441
-12.0736 124.417
-12.0369 124.408
-11.9972 124.359
-11.9605 124.35
-11.9241 124.345
-11.8861 124.317
-11.846 124.263
-11.8082 124.239
-11.772 124.236
-11.7361 124.236
-11.6983 124.212
-11.6614 124.199
-11.6237 124.175
-11.5878 124.175
-11.55 124.151
-11.5133 124.14
-11.4772 124.138
-11.4395 124.114
-11.4019 124.09
-11.3655 124.085
-11.328 124.063
-11.2914 124.054
-11.2535 124.026
-11.2171 124.019
-11.1793 123.993
-11.1429 123.986
-11.1041 123.945
-11.0678 123.94
-11.0319 123.94
-10.9958 123.936
-10.9578 123.907
-10.9213 123.898
-10.8855 123.9
-10.8485 123.883
-10.8108 123.857
-10.7747 123.854
-10.7384 123.848
-10.7024 123.847
-10.6667 123.849
-10.6304 123.843
-10.5934 123.827
-10.5575 123.827
-10.5204 123.808
-10.4839 123.799
-10.4485 123.807
-10.4119 123.796
-10.3751 123.781
-10.3386 123.772
-10.3028 123.774
-10.267 123.774
-10.231 123.772
-10.195 123.771
-10.1593 123.773
-10.1229 123.765
-10.0861 123.751
-10.0482 123.72
-10.011 123.699
-9.97481 123.694
-9.93837 123.685
-9.90251 123.685
-9.86818 123.709
-9.83372 123.731
-9.79786 123.732
-9.76153 123.724
-9.72509 123.715
-9.68853 123.704
-9.65233 123.699
-9.61658 123.701
-9.58083 123.703
-9.54508 123.705
-9.5091 123.703
-9.47335 123.705
-9.43771 123.709
-9.40161 123.705
-9.36575 123.705
-9.32999 123.707
-9.29467 123.717
-9.25924 123.724
-9.22293 123.717
-9.1876 123.726
-9.15226 123.736
-9.11768 123.758
-9.08191 123.76
-9.04494 123.742
-9.00917 123.744
-8.97339 123.746
-8.9374 123.744
-8.90215 123.755
-8.86689 123.766
-8.83048 123.757
-8.79344 123.737
-8.75828 123.75
-8.72384 123.776
-8.68825 123.782
-8.65246 123.784
-8.61676 123.787
-8.58137 123.797
-8.54577 123.802
-8.50997 123.804
-8.47497 123.821
-8.43956 123.831
-8.40434 123.844
-8.36833 123.842
-8.33201 123.835
-8.296 123.833
-8.26077 123.846
-8.22661 123.879
-8.19097 123.885
-8.15543 123.893
-8.12017 123.906
-8.0851 123.922
-8.05002 123.939
-8.01436 123.945
-7.97898 123.956
-7.94502 123.995
-7.9101 124.016
-7.87422 124.018
-7.83798 124.012
-7.80229 124.018
-7.76771 124.046
-7.73293 124.07
-7.69686 124.068
-7.66097 124.07
-7.6259 124.089
-7.59046 124.1
-7.55546 124.121
-7.51982 124.128
-7.48498 124.153
-7.45031 124.181
-7.41466 124.188
-7.37935 124.203
-7.34386 124.214
-7.30828 124.224
-7.27251 124.23
-7.23744 124.25
-7.20244 124.273
-7.16726 124.291
-7.13336 124.338
-7.09765 124.346
-7.06168 124.348
-7.02655 124.368
-6.99166 124.394
-6.95692 124.424
-6.9216 124.441
-6.88824 124.503
-6.85272 124.516
-6.81687 124.522
-6.78175 124.544
-6.74573 124.546
-6.71003 124.556
-6.67488 124.578
-6.63893 124.582
-6.60408 124.612
-6.56938 124.646
-6.53552 124.7
-6.50063 124.73
-6.46549 124.755
-6.42965 124.762
-6.39472 124.792
-6.36085 124.849
-6.3249 124.854
-6.28895 124.86
-6.25495 124.915
-6.22093 124.969
-6.18569 124.994
-6.14977 125.001
-6.11481 125.033
-6.08028 125.077
-6.04448 125.088
-6.01049 125.147
-4.96745 126.552
-4.83218 126.91
-4.79599 126.925
-4.40297 127.293
-4.36687 127.316
-4.3307 127.338
