9.54476 159.626
9.62461 155.887
9.6615 155.764
9.69834 155.64
9.73644 155.543
9.77555 155.467
9.81607 155.419
9.92771 155.084
9.96639 155.003
10.0036 154.893
10.0431 154.831
10.0836 154.787
10.1228 154.719
10.1629 154.669
10.2033 154.625
10.2421 154.55
10.2808 154.474
10.3196 154.402
10.3612 154.381
10.4013 154.334
10.4398 154.256
10.4798 154.207
10.519 154.145
10.5592 154.101
10.5994 154.057
10.6381 153.985
10.6796 153.967
10.7185 153.9
10.7602 153.884
10.7991 153.82
10.8405 153.799
10.8794 153.735
10.9206 153.711
10.9596 153.65
11.0006 153.624
11.039 153.552
11.0796 153.518
11.121 153.5
11.1605 153.449
11.2021 153.434
11.2431 153.41
11.285 153.4
11.3261 153.377
11.367 153.351
11.4071 153.313
11.4473 153.274
11.4881 153.249
11.5278 153.203
11.5691 153.185
11.608 153.126
11.6489 153.103
11.6907 153.093
11.7312 153.062
11.7721 153.039
11.8137 153.026
11.8542 152.995
11.8957 152.983
11.9373 152.97
11.9778 152.942
12.0179 152.906
12.0579 152.868
12.0991 152.85
12.1398 152.824
12.18 152.791
12.2218 152.783
12.2641 152.784
12.3049 152.761
12.3455 152.735
12.386 152.707
12.4265 152.679
12.4681 152.669
12.5094 152.654
12.5495 152.62
12.5904 152.6
12.6323 152.595
12.6744 152.592
12.7153 152.572
12.7562 152.552
12.7986 152.554
12.8389 152.526
12.8802 152.511
12.9219 152.503
12.9634 152.493
13.0049 152.483
13.0466 152.475
13.0883 152.468
13.1283 152.435
13.1695 152.419
13.2111 152.412
13.2528 152.404
13.2933 152.379
13.3346 152.366
13.3759 152.353
13.4177 152.348
13.4595 152.343
13.501 152.333
13.5414 152.308
13.5813 152.275
13.6232 152.272
13.6652 152.27
13.7072 152.267
13.7501 152.277
13.7897 152.242
13.8317 152.239
13.8737 152.237
13.9144 152.216
13.9543 152.186
13.9887 152.079
14.0321 152.097
14.0837 152.227
14.1292 152.272
14.1731 152.295
14.2149 152.29
14.2552 152.265
14.2967 152.257
14.3374 152.237
14.3799 152.242
14.4236 152.262
14.4654 152.257
14.5068 152.247
14.5491 152.25
14.5913 152.25
14.6332 152.247
14.6762 152.257
14.7203 152.283
14.7632 152.293
14.8048 152.285
14.8458 152.27
14.8875 152.265
14.9301 152.27
14.9734 152.285
15.0181 152.318
15.0607 152.323
15.1037 152.334
15.147 152.349
15.1898 152.357
15.2312 152.346
15.2725 152.336
15.3153 152.344
15.3589 152.362
15.4013 152.364
15.4437 152.367
15.4862 152.372
15.5309 152.402
15.5741 152.415
15.6179 152.435
15.6601 152.435
15.7008 152.418
15.7447 152.438
15.7877 152.448
15.8305 152.456
15.875 152.484
15.9185 152.499
15.9628 152.524
16.0058 152.535
16.0485 152.54
16.0915 152.55
16.1361 152.578
16.1802 152.601
16.2235 152.614
16.2694 152.657
16.3146 152.693
16.3569 152.693
16.3967 152.665
16.4411 152.69
16.4842 152.7
16.5273 152.711
16.5704 152.721
16.6153 152.751
16.6609 152.79
16.7058 152.82
16.7491 152.833
16.7941 152.864
16.8386 152.889
16.8822 152.905
16.9278 152.943
16.9712 152.956
17.0189 153.017
17.0619 153.025
17.1047 153.03
17.1531 153.099
17.1961 153.107
17.2391 153.115
17.2851 153.156
17.3334 153.222
17.3765 153.23
17.4195 153.238
17.4621 153.24
17.5051 153.248
17.739 153.489
17.7859 153.538
17.8342 153.603
17.8802 153.641
17.9291 153.711
17.973 153.726
18.301 154.054
18.3514 154.137
18.3991 154.192
18.4485 154.264
18.4955 154.311
18.5911 154.42
18.6391 154.477
18.6897 154.56
