0.778427 134.099
0.816337 134.173
0.854046 134.195
0.891589 134.181
1.10838 132.73
1.51126 131.879
1.54783 131.819
1.6206 131.668
1.65729 131.63
1.69378 131.572
1.76657 131.447
1.80324 131.415
1.84012 131.405
1.94827 131.153
1.98512 131.145
2.02205 131.145
2.05874 131.125
2.09519 131.085
2.13111 131.004
2.20357 130.9
2.24006 130.87
2.27657 130.842
2.31301 130.811
2.34946 130.781
2.38581 130.746
2.42182 130.686
2.45814 130.651
2.49485 130.643
2.53097 130.596
2.56768 130.59
2.60431 130.578
2.64063 130.546
2.67687 130.511
2.71281 130.458
2.74905 130.424
2.78492 130.369
2.82151 130.36
2.85784 130.334
2.89408 130.305
2.93055 130.289
2.9664 130.238
3.00267 130.212
3.03929 130.206
3.07551 130.179
3.11193 130.163
3.1478 130.118
3.18424 130.104
3.22019 130.065
3.25672 130.057
3.29325 130.049
3.3294 130.022
3.36553 129.994
3.40188 129.979
3.43767 129.936
3.47408 129.924
3.5102 129.899
3.54631 129.873
3.58279 129.865
3.61922 129.855
3.65538 129.834
3.69189 129.828
3.72787 129.799
3.76379 129.767
3.80027 129.761
3.83679 129.757
3.873 129.74
3.90915 129.72
3.94539 129.705
3.98171 129.693
4.01802 129.681
4.05433 129.669
4.09083 129.665
4.12742 129.665
4.16357 129.648
4.19937 129.616
4.2356 129.603
4.27188 129.591
4.3081 129.577
4.34451 129.571
4.38067 129.556
4.41702 129.548
4.45337 129.54
4.48962 129.528
4.5258 129.515
4.56203 129.503
4.5981 129.485
4.63448 129.479
4.67091 129.475
4.70739 129.473
4.74382 129.469
4.78025 129.465
4.8165 129.455
4.85253 129.438
4.88883 129.43
4.92512 129.422
4.96153 129.418
4.99805 129.418
5.0344 129.412
5.07033 129.393
5.10649 129.381
5.143 129.381
5.17969 129.386
5.21626 129.388
5.25241 129.377
5.28855 129.365
5.32487 129.359
5.36099 129.347
5.39712 129.335
5.4338 129.341
5.47075 129.354
5.5059 129.314
5.54201 129.302
5.57901 129.317
5.6155 129.317
5.651 129.288
5.68822 129.309
5.72484 129.313
5.76139 129.315
5.79781 129.313
5.83443 129.316
5.87119 129.324
5.90788 129.33
5.94437 129.33
5.98072 129.326
6.0172 129.326
6.05376 129.327
6.09067 129.339
6.12758 129.35
6.16414 129.352
6.20048 129.348
6.2369 129.346
6.27338 129.346
6.30987 129.346
6.34628 129.344
6.38283 129.345
6.41939 129.347
6.45617 129.355
6.49281 129.359
6.52937 129.36
6.56608 129.366
6.60295 129.376
6.63966 129.381
6.6763 129.385
6.71263 129.381
6.74904 129.379
6.78584 129.387
6.82312 129.406
6.86009 129.417
6.89698 129.427
6.93387 129.436
6.9702 129.432
7.00669 129.432
7.04351 129.44
7.08042 129.449
7.11724 129.457
7.15398 129.463
7.1909 129.472
7.22765 129.478
7.26499 129.497
7.30226 129.514
7.33962 129.534
7.37716 129.557
7.41401 129.564
7.45087 129.572
7.48826 129.591
7.52504 129.597
7.56235 129.614
7.59958 129.63
7.63673 129.643
7.67326 129.643
7.70978 129.643
7.74784 129.676
7.78519 129.693
7.82191 129.697
7.85881 129.704
7.89673 129.733
7.93401 129.749
7.97149 129.768
8.00963 129.801
8.04656 129.808
8.0834 129.814
8.12099 129.835
8.15813 129.847
8.19613 129.876
8.23337 129.889
8.27226 129.936
8.30922 129.944
8.346 129.947
8.38503 129.996
8.42202 130.004
8.4599 130.029
8.49669 130.032
8.53389 130.044
8.57169 130.067
8.6096 130.092
8.64773 130.122
8.68617 130.157
8.72412 130.182
8.76106 130.187
8.80036 130.238
8.83793 130.256
8.87613 130.285
8.91424 130.312
8.95383 130.367
8.99218 130.398
9.02906 130.401
9.06605 130.407
9.33696 130.661
9.37666 130.714
9.45424 130.786
9.49422 130.843
9.53154 130.853
9.57258 130.927
9.60981 130.935
9.64727 130.947
9.68759 131.008
9.72781 131.067
9.76738 131.114
9.80628 131.149
9.92762 131.332
9.96672 131.37
10.0058 131.407
10.2134 131.788
10.2523 131.819
10.2906 131.841
10.3344 131.952
10.3736 131.988
