-12.1215 131.58
-12.0836 131.572
-12.0439 131.538
-12.0031 131.49
-11.9648 131.476
-11.927 131.468
-11.8875 131.438
-11.8458 131.376
-11.8047 131.322
-11.7653 131.292
-11.7272 131.28
-11.6879 131.25
-11.6487 131.222
-11.6092 131.19
-11.5682 131.136
-11.5285 131.1
-11.4894 131.072
-11.4515 131.062
-11.4139 131.056
-11.3766 131.054
-11.3375 131.026
-11.2984 130.998
-11.2589 130.964
-11.2193 130.928
-11.1802 130.9
-11.1417 130.881
-11.104 130.873
-11.0647 130.841
-11.0257 130.813
-10.9879 130.803
-10.9495 130.783
-10.9117 130.773
-10.8731 130.751
-10.8354 130.743
-10.7966 130.718
-10.7587 130.706
-10.72 130.682
-10.6812 130.656
-10.6438 130.65
-10.6051 130.626
-10.5674 130.617
-10.5297 130.609
-10.4923 130.603
-10.4538 130.581
-10.415 130.555
-10.3774 130.547
-10.3388 130.523
-10.2998 130.492
-10.2619 130.48
-10.2249 130.48
-10.1875 130.476
-10.1511 130.486
-10.1135 130.478
-10.0739 130.437
-10.0361 130.425
-9.99789 130.407
-9.96058 130.403
-9.9234 130.401
-9.88609 130.397
-9.8489 130.395
-9.81124 130.385
-9.77358 130.376
-9.73498 130.35
-9.69804 130.352
-9.66063 130.346
-9.62321 130.34
-9.5858 130.334
-9.54828 130.326
-9.51076 130.319
-9.47267 130.301
-9.43504 130.291
-9.39798 130.291
-9.36127 130.297
-9.3241 130.295
-9.28648 130.285
-9.24852 130.269
-9.21091 130.26
-9.17375 130.258
-9.13658 130.256
-9.09953 130.256
-9.06247 130.256
-9.02531 130.254
-8.98836 130.256
-8.95119 130.254
-8.91381 130.248
-8.87654 130.244
-8.83927 130.241
-8.8021 130.239
-8.76494 130.237
-8.72767 130.233
-8.6905 130.231
-8.65334 130.229
-8.61649 130.233
-8.57964 130.237
-8.54268 130.239
-8.50582 130.243
-8.46916 130.251
-8.43292 130.267
-8.39584 130.267
-8.35917 130.275
-8.3221 130.275
-8.28542 130.283
-8.24774 130.272
-8.20906 130.24
-8.17229 130.246
-8.13581 130.258
-8.09942 130.272
-8.06243 130.274
-8.02555 130.278
-7.98856 130.28
-7.95186 130.288
-7.91506 130.294
-7.87806 130.296
-7.84116 130.3
-7.80435 130.306
-7.76744 130.31
-7.73025 130.308
-7.69268 130.299
-7.65567 130.301
-7.61978 130.327
-7.5836 130.347
-7.54685 130.355
-7.5101 130.363
-7.47372 130.379
-7.43677 130.383
-7.40001 130.391
-7.36315 130.397
-7.32629 130.403
-7.28996 130.421
-7.25398 130.447
-7.21728 130.457
-7.18022 130.459
-7.14307 130.459
-7.10618 130.465
-7.06964 130.479
-7.03394 130.513
-6.99721 130.523
-6.9603 130.529
-6.92406 130.551
-6.88731 130.561
-6.8503 130.565
-6.81329 130.569
-6.77784 130.611
-6.74107 130.621
-6.7042 130.629
-6.6679 130.651
-6.63167 130.675
-6.59486 130.685
-6.55797 130.693
-6.52196 130.723
-6.48537 130.739
-6.44869 130.754
-6.41154 130.756
-6.37446 130.76
-6.33902 130.806
-6.30216 130.816
-6.26621 130.85
-6.22995 130.876
-6.19284 130.88
-6.1558 130.886
-6.12018 130.93
-6.08327 130.94
-6.04614 130.945
-6.00922 130.955
-5.97392 131.009
-5.93771 131.039
-5.90069 131.047
-5.86432 131.073
-5.82793 131.099
-5.79188 131.136
-5.75498 131.148
-5.71911 131.19
-5.68232 131.206
-5.64615 131.24
-5.60989 131.273
-5.5728 131.281
-5.53598 131.297
-5.49934 131.319
-5.46337 131.362
-5.42718 131.398
-5.17331 131.651
-5.13686 131.683
-5.0997 131.693
-5.06304 131.72
-5.02575 131.726
-4.8817 131.925
-4.84572 131.977
-4.8093 132.016
-4.7019 132.201
-4.66454 132.209
-4.62768 132.236
-3.69481 136.049
-3.65714 136.087
-3.62211 136.251
-3.58335 136.241
