-24.8702 83.9027
-24.8439 83.9015
5.76837 126.837
6.03238 126.164
6.06597 126.1
6.10075 126.068
6.13538 126.032
6.16926 125.977
6.20312 125.923
6.23601 125.844
6.27033 125.803
6.30471 125.763
6.33766 125.688
6.37118 125.628
6.40542 125.587
6.43897 125.529
6.47347 125.496
6.50819 125.468
6.54275 125.436
6.57652 125.385
6.60996 125.328
6.64422 125.29
6.67879 125.26
6.71248 125.21
6.74686 125.177
6.78209 125.164
6.81676 125.138
6.85102 125.102
6.91674 124.968
6.95119 124.939
6.98659 124.931
7.02101 124.902
7.08816 124.805
7.12353 124.798
7.15723 124.753
7.1915 124.722
7.22583 124.692
7.26033 124.666
7.29489 124.642
7.32987 124.628
7.36211 124.554
7.39646 124.526
7.43045 124.491
7.46556 124.48
7.49927 124.439
7.53436 124.428
7.56874 124.402
7.60329 124.38
7.63836 124.369
7.67182 124.325
7.70732 124.323
7.74282 124.321
7.77787 124.31
7.81137 124.268
7.84621 124.253
7.87941 124.205
7.91451 124.196
7.94878 124.17
7.98396 124.163
8.01728 124.119
8.05254 124.113
8.0878 124.108
8.1223 124.088
8.15736 124.079
8.19252 124.071
8.2268 124.047
8.26051 124.013
8.29439 123.981
8.32884 123.961
8.36405 123.956
8.39926 123.95
8.43408 123.937
8.46987 123.943
8.5034 123.906
8.53711 123.873
8.5711 123.846
8.60618 123.838
8.64076 123.822
8.67542 123.807
8.71039 123.798
8.74565 123.795
8.7804 123.782
8.81454 123.758
8.84948 123.749
8.88473 123.745
8.91987 123.74
8.95366 123.71
8.98838 123.698
9.02351 123.692
9.05842 123.683
9.0926 123.661
9.12729 123.648
9.16229 123.641
9.19719 123.632
9.23261 123.632
9.26836 123.637
9.30368 123.636
9.33781 123.614
9.37214 123.595
9.40723 123.59
9.44254 123.588
9.4774 123.579
9.51193 123.564
9.54657 123.552
9.58219 123.555
9.61771 123.557
9.65267 123.55
9.68751 123.541
9.72224 123.53
9.75696 123.519
9.79258 123.522
9.82832 123.528
9.86383 123.53
9.89865 123.521
9.93336 123.51
9.96818 123.501
10.0031 123.493
10.0388 123.499
10.0703 123.437
10.1076 123.468
10.1455 123.506
10.1843 123.559
10.2185 123.541
10.2533 123.531
10.2851 123.477
10.3202 123.471
10.3551 123.464
10.3902 123.46
10.4268 123.479
10.4625 123.484
10.497 123.471
10.5322 123.468
10.5683 123.479
10.6034 123.475
10.6379 123.462
10.6728 123.455
10.7083 123.457
10.7446 123.469
10.7803 123.475
10.8157 123.475
10.8509 123.473
10.8864 123.475
10.9221 123.479
10.9576 123.48
10.9931 123.482
11.0289 123.489
11.0646 123.493
11.1001 123.495
11.1357 123.499
11.1712 123.5
11.207 123.506
11.2426 123.51
11.2783 123.513
11.314 123.519
11.3493 123.517
11.3851 123.522
11.4218 123.54
11.4574 123.544
11.4929 123.546
11.5288 123.553
11.5657 123.573
11.6019 123.584
11.6378 123.591
11.6735 123.595
11.7094 123.602
11.7451 123.606
11.7807 123.61
11.8164 123.613
11.8532 123.632
11.8902 123.653
11.926 123.659
11.9616 123.661
11.9977 123.67
12.035 123.695
12.0722 123.719
12.1085 123.73
12.1457 123.754
12.1816 123.759
12.217 123.759
12.2528 123.765
12.2895 123.781
12.3257 123.79
12.3627 123.811
12.4001 123.836
12.4358 123.84
12.4718 123.847
12.5091 123.871
12.5463 123.893
12.5823 123.9
12.6195 123.922
12.6556 123.929
12.6934 123.959
12.7306 123.981
12.7667 123.988
12.8042 124.014
12.8404 124.023
12.8777 124.045
12.9148 124.065
12.9511 124.076
12.989 124.105
13.0256 124.118
13.063 124.142
13.1005 124.166
13.1387 124.199
13.1764 124.225
13.212 124.226
13.2497 124.252
13.2876 124.282
13.3258 124.313
13.3621 124.322
13.4013 124.366
13.4372 124.37
13.59 124.495
13.6281 124.525
13.6659 124.55
13.7045 124.585
13.7445 124.637
13.7825 124.665
13.8191 124.676
13.8571 124.704
13.899 124.776
13.9378 124.813
13.9764 124.846
14.0138 124.866
14.0512 124.887
14.0893 124.915
14.131 124.983
14.17 125.02
14.2083 125.05
14.2468 125.082
14.2851 125.111
14.3256 125.165
14.3653 125.21
14.4057 125.262
14.4446 125.297
14.4834 125.331
14.9866 126.132
