8.89516 156.866
8.93859 156.872
8.98179 156.872
9.25735 152.696
9.29583 152.617
9.33428 152.538
9.37381 152.482
9.44722 152.256
9.48691 152.205
9.52707 152.165
9.56823 152.144
9.60547 152.045
9.64507 151.995
9.68516 151.954
9.72332 151.876
9.76132 151.795
9.80095 151.747
9.83967 151.681
9.8781 151.611
9.9178 151.565
9.95787 151.528
9.99897 151.51
10.039 151.472
10.0775 151.404
10.1168 151.354
10.1564 151.309
10.1961 151.266
10.2348 151.206
10.2746 151.166
10.3155 151.145
10.3555 151.11
10.3952 151.068
10.4346 151.023
10.473 150.957
10.5136 150.935
10.5525 150.88
10.5939 150.872
10.6351 150.86
10.6738 150.802
10.7145 150.782
10.7531 150.725
10.7934 150.698
10.8333 150.663
10.8734 150.633
10.9138 150.608
10.9548 150.593
10.9946 150.558
11.0341 150.518
11.0735 150.478
11.1143 150.461
11.1548 150.438
11.196 150.428
11.236 150.399
11.2769 150.384
11.3176 150.366
11.3583 150.349
11.3977 150.309
11.4375 150.277
11.4788 150.269
11.5192 150.247
11.5594 150.222
11.5999 150.202
11.6394 150.165
11.68 150.148
11.721 150.135
11.7624 150.13
11.8031 150.115
11.8425 150.078
11.8831 150.061
11.9228 150.029
11.9637 150.016
12.0048 150.006
12.0457 149.994
12.0865 149.982
12.1265 149.954
12.1677 149.947
12.2088 149.94
12.2492 149.92
12.289 149.89
12.3295 149.873
12.3715 149.878
12.4121 149.863
12.453 149.851
12.4938 149.838
12.5346 149.826
12.5756 149.816
12.6159 149.796
12.6564 149.779
12.6977 149.774
12.7388 149.767
12.7793 149.749
12.8192 149.724
12.8605 149.72
12.9024 149.725
12.9435 149.717
12.9834 149.692
13.0239 149.675
13.0631 149.641
13.1035 149.623
13.1452 149.626
13.1848 149.596
13.2272 149.608
13.2688 149.609
13.31 149.604
13.3504 149.586
13.3928 149.599
13.4346 149.601
13.4765 149.606
13.519 149.619
13.5586 149.591
13.6009 149.601
13.6426 149.604
13.6871 149.643
13.7288 149.646
13.7686 149.621
13.81 149.619
13.8521 149.626
13.8939 149.629
13.9364 149.641
13.9794 149.661
14.0214 149.666
14.062 149.653
14.102 149.631
14.1439 149.636
14.1877 149.666
14.2297 149.671
14.2715 149.673
14.3132 149.676
14.355 149.678
14.3972 149.686
14.4384 149.681
14.479 149.668
14.5213 149.678
14.5635 149.686
14.6055 149.691
14.6476 149.698
14.6898 149.706
14.7335 149.733
14.7761 149.745
14.818 149.75
14.8596 149.75
14.9022 149.763
14.9454 149.782
14.9878 149.792
15.03 149.8
15.0716 149.8
15.114 149.81
15.1562 149.817
15.199 149.832
15.241 149.837
15.2832 149.844
15.3256 149.854
15.3698 149.887
15.4139 149.916
15.4559 149.921
15.4975 149.921
15.5414 149.949
15.5838 149.958
15.6261 149.966
15.6681 149.971
15.7118 149.996
15.7561 150.028
15.7988 150.04
15.8413 150.05
15.8852 150.078
15.9271 150.08
15.9692 150.085
16.014 150.122
16.0588 150.16
16.1011 150.167
16.1434 150.174
16.1897 150.229
16.2325 150.242
16.2753 150.254
16.3191 150.279
16.3636 150.311
16.4072 150.334
16.4513 150.361
16.4958 150.394
16.5406 150.428
16.584 150.448
16.6281 150.476
16.6725 150.506
16.718 150.548
16.7613 150.566
16.8059 150.598
16.8501 150.625
16.893 150.638
16.9383 150.678
16.9834 150.715
17.0283 150.75
17.0715 150.765
17.1164 150.8
17.162 150.843
17.2077 150.886
17.3047 151.033
17.3505 151.076
17.3926 151.079
17.7676 151.511
17.8105 151.521
