-1.0503 132.143
-1.01257 132.055
-0.974985 131.985
-0.937483 131.923
-0.900056 131.869
-0.862721 131.827
-0.82501 131.714
-0.787781 131.682
-0.750697 131.676
-0.713567 131.66
-0.676004 131.549
-0.638927 131.537
-0.601764 131.503
-0.564538 131.449
-0.527395 131.411
-0.490289 131.379
-0.416109 131.312
-0.378985 131.258
-0.304908 131.193
-0.267889 131.159
-0.230846 131.106
-0.193889 131.088
-0.156889 131.036
-0.119964 131.025
-0.0829987 130.971
-0.0460558 130.916
-0.00916744 130.908
0.027727 130.876
0.0646033 130.866
0.101474 130.827
0.138327 130.787
0.175165 130.752
0.21199 130.722
0.248803 130.693
0.285616 130.675
0.322399 130.641
0.359183 130.618
0.395974 130.604
0.432768 130.594
0.469498 130.559
0.506272 130.547
0.543024 130.529
0.579751 130.505
0.616505 130.493
0.65314 130.448
0.689854 130.431
0.726448 130.383
0.763196 130.379
0.79995 130.377
0.836544 130.34
0.873149 130.309
0.909769 130.283
0.946479 130.277
0.983187 130.271
1.01986 130.259
1.05638 130.222
1.09301 130.206
1.12961 130.187
1.1663 130.183
1.20287 130.161
1.23957 130.159
1.27638 130.173
1.31304 130.165
1.34962 130.147
1.38593 130.096
1.42253 130.084
1.45915 130.075
1.49567 130.055
1.53229 130.047
1.5688 130.027
1.60538 130.016
1.64187 129.996
1.67843 129.984
1.71509 129.982
1.75178 129.984
1.78839 129.978
1.825 129.972
1.86137 129.945
1.89778 129.921
1.93433 129.911
1.97091 129.905
2.00755 129.903
2.04408 129.893
2.08059 129.882
2.11719 129.878
2.15377 129.872
2.19034 129.866
2.22693 129.862
2.26347 129.854
2.29977 129.829
2.33633 129.823
2.37307 129.83
2.40968 129.828
2.44612 129.814
2.48264 129.807
2.51921 129.803
2.55581 129.8
2.59238 129.796
2.62886 129.787
2.66536 129.779
2.70183 129.769
2.73833 129.761
2.77507 129.769
2.81169 129.769
2.84861 129.786
2.8854 129.796
2.92186 129.786
2.95814 129.766
2.99424 129.737
3.03085 129.737
3.06807 129.77
3.10505 129.789
3.14145 129.777
3.17767 129.756
3.21425 129.754
3.2509 129.755
3.28767 129.763
3.32436 129.767
3.36098 129.767
3.39767 129.771
3.43441 129.776
3.47111 129.78
3.50789 129.788
3.54455 129.79
3.58117 129.789
3.61775 129.787
3.65424 129.781
3.6909 129.783
3.72761 129.787
3.76422 129.787
3.80084 129.787
3.83764 129.794
3.87448 129.804
3.91115 129.806
3.94759 129.798
3.98411 129.794
4.02096 129.803
4.05782 129.813
4.09477 129.827
4.13163 129.836
4.16835 129.84
4.20518 129.848
4.2419 129.851
4.27863 129.855
4.31551 129.865
4.35239 129.874
4.38912 129.878
4.42627 129.897
4.46321 129.909
4.50001 129.915
4.53686 129.922
4.57387 129.936
4.61099 129.953
4.64796 129.965
4.68499 129.978
4.72181 129.984
4.75868 129.992
4.79555 129.999
4.8326 130.013
4.8696 130.024
4.90643 130.03
4.944 130.061
4.98102 130.073
5.01797 130.082
5.0547 130.084
5.09202 130.106
5.12941 130.129
5.16645 130.14
5.20367 130.158
5.24042 130.16
5.27765 130.177
5.31458 130.185
5.35245 130.222
5.3894 130.229
5.4271 130.261
5.46463 130.286
5.50172 130.297
5.53914 130.319
5.57618 130.329
5.61374 130.354
5.65105 130.371
5.68811 130.381
5.7253 130.395
5.76296 130.422
5.80057 130.447
5.8384 130.478
5.87562 130.492
5.91381 130.533
5.95098 130.545
5.98871 130.572
6.02674 130.607
6.0645 130.634
6.10148 130.64
6.13926 130.668
6.17726 130.701
6.21586 130.75
6.25309 130.761
6.29018 130.769
6.32846 130.808
6.36601 130.828
6.40386 130.855
6.44181 130.885
6.48014 130.924
6.51887 130.973
6.55625 130.987
6.5944 131.02
6.63357 131.079
6.67184 131.115
6.71059 131.162
6.74794 131.174
6.78593 131.201
6.82321 131.211
6.86323 131.288
6.94012 131.363
6.9794 131.42
7.01773 131.454
7.05525 131.467
7.09534 131.543
7.13505 131.608
7.17362 131.646
7.21279 131.697
7.4889 132.087
7.52774 132.127
7.56722 132.18
7.60699 132.24
7.6887 132.406
