-24.8726 83.9138
-24.8439 83.9015
-13.4369 147.693
-12.8646 147.072
-12.8216 147.036
-12.7783 146.996
-12.6422 146.786
-12.5993 146.751
-12.558 146.739
-12.3852 146.578
-12.3429 146.55
-12.3007 146.524
-12.2612 146.538
-11.8779 146.241
-11.8354 146.208
-11.7931 146.178
-11.7521 146.168
-11.7101 146.143
-11.6694 146.138
-11.6268 146.103
-11.5856 146.089
-11.545 146.084
-11.5031 146.061
-11.4607 146.028
-11.4197 146.016
-11.3779 145.993
-11.3368 145.982
-11.2947 145.953
-11.2535 145.939
-11.2112 145.907
-11.1703 145.897
-11.1277 145.86
-11.0857 145.832
-11.0451 145.827
-11.0045 145.823
-10.9627 145.797
-10.922 145.79
-10.8798 145.76
-10.8377 145.729
-10.7973 145.727
-10.7565 145.718
-10.7159 145.713
-10.6757 145.714
-10.635 145.707
-10.5931 145.679
-10.5523 145.67
-10.51 145.634
-10.4681 145.606
-10.4274 145.6
-10.3878 145.612
-10.3488 145.633
-10.3084 145.631
-10.2667 145.605
-10.2259 145.596
-10.1851 145.587
-10.1438 145.568
-10.1037 145.571
-10.0637 145.576
-10.0234 145.576
-9.9828 145.569
-9.94191 145.558
-9.90076 145.541
-9.86 145.532
-9.81924 145.523
-9.77887 145.521
-9.73837 145.517
-9.69825 145.519
-9.65776 145.515
-9.61701 145.505
-9.57652 145.501
-9.5364 145.504
-9.4964 145.509
-9.45628 145.511
-9.41603 145.511
-9.37566 145.509
-9.33505 145.502
-9.29468 145.5
-9.25479 145.508
-9.21514 145.52
-9.17489 145.52
-9.13452 145.518
-9.09544 145.542
-9.05589 145.556
-9.01562 145.556
-8.97443 145.538
-8.93405 145.535
-8.89517 145.564
-8.85571 145.581
-8.81681 145.609
-8.77676 145.614
-8.7358 145.6
-8.69439 145.577
-8.65389 145.572
-8.61261 145.551
-8.56978 145.497
-8.52919 145.491
-8.48926 145.498
-8.45032 145.526
-8.41038 145.534
-8.37022 145.536
-8.33049 145.548
-8.29097 145.565
-8.25219 145.598
-8.21212 145.603
-8.17205 145.608
-8.13229 145.62
-8.09263 145.635
-8.05285 145.647
-8.01339 145.666
-7.97381 145.683
-7.93381 145.69
-7.89442 145.711
-7.85431 145.716
-7.81349 145.705
-7.77358 145.714
-7.73417 145.736
-7.69444 145.75
-7.65412 145.75
-7.61379 145.751
-7.57425 145.77
-7.5348 145.791
-7.49524 145.81
-7.45577 145.832
-7.41562 145.837
-7.37537 145.839
-7.33502 145.84
-7.29486 145.845
-7.25489 145.854
-7.215 145.866
-7.17688 145.923
-7.138 145.961
-7.09845 145.983
-7.05999 146.033
-7.01978 146.038
-6.97965 146.045
-6.93953 146.053
-6.89984 146.072
-6.85988 146.084
-6.82045 146.11
-6.78056 146.125
-6.74067 146.139
-6.70121 146.165
-6.66199 146.199
-6.62277 146.232
-6.58249 146.237
-6.54418 146.297
-6.50439 146.316
-6.46553 146.362
-6.42598 146.388
-6.38624 146.41
-6.34609 146.419
-6.30609 146.434
-6.26748 146.489
-6.2273 146.498
-6.18712 146.508
-6.14765 146.539
-6.10769 146.556
-6.0682 146.587
-6.02885 146.623
-5.98948 146.659
-5.95026 146.7
-5.91163 146.76
-5.87167 146.78
-5.83315 146.844
-5.79302 146.859
-5.75348 146.893
-5.71385 146.924
-5.67361 146.936
-5.63499 147.001
-5.59656 147.073
-5.55621 147.083
-5.51665 147.119
-5.47821 147.194
-5.43811 147.213
-5.39892 147.264
-5.35873 147.281
-5.31999 147.348
-5.28129 147.418
-5.24173 147.459
-5.20209 147.498
-5.16271 147.546
-5.12397 147.619
-5.08433 147.66
-5.04482 147.706
-5.00672 147.806
-4.968 147.883
-4.92833 147.927
-4.88865 147.971
-4.84978 148.046
-4.81005 148.09
-4.771 148.16
-4.65519 148.433
-4.61624 148.514
-4.57727 148.594
