7.39376 149.61
7.43611 149.625
7.47779 149.623
8.15686 147.933
8.19539 147.867
8.30889 147.625
8.34698 147.552
8.38796 147.544
8.42872 147.532
8.46707 147.466
8.50484 147.388
8.5438 147.337
8.5804 147.235
8.62075 147.216
8.65941 147.16
8.69883 147.121
8.73824 147.082
8.77887 147.07
8.81836 147.034
8.85601 146.958
8.89615 146.937
8.93282 146.842
8.97246 146.811
9.01313 146.801
9.05298 146.774
9.09211 146.733
9.13076 146.682
9.16891 146.622
9.20965 146.615
9.25014 146.603
9.28943 146.567
9.32811 146.518
9.36592 146.453
9.40672 146.448
9.44461 146.386
9.48491 146.371
9.52558 146.364
9.56537 146.34
9.60466 146.306
9.64506 146.294
9.68432 146.26
9.7222 146.2
9.76293 146.195
9.80316 146.181
9.84085 146.119
9.88106 146.104
9.92036 146.073
9.95978 146.044
9.99983 146.027
10.0388 145.991
10.0784 145.965
10.1177 145.936
10.1596 145.953
10.1994 145.934
10.239 145.91
10.277 145.857
10.3175 145.85
10.358 145.843
10.3977 145.821
10.4377 145.804
10.4768 145.773
10.5172 145.763
10.5578 145.759
10.5967 145.725
10.6354 145.687
10.6741 145.649
10.7151 145.651
10.7558 145.649
10.7955 145.629
10.8358 145.62
10.8756 145.603
10.9154 145.584
10.9551 145.565
10.995 145.55
11.0351 145.538
11.0758 145.536
11.1166 145.536
11.1557 145.507
11.1952 145.486
11.2352 145.471
11.2751 145.457
11.3155 145.45
11.3551 145.431
11.3951 145.419
11.4365 145.428
11.4758 145.404
11.5151 145.381
11.5539 145.35
11.594 145.338
11.6347 145.338
11.675 145.33
11.7152 145.321
11.7549 145.304
11.7934 145.268
11.8341 145.268
11.8733 145.245
11.914 145.244
11.9551 145.249
11.995 145.237
12.0361 145.242
12.0782 145.263
12.1193 145.268
12.1598 145.266
12.1987 145.237
12.2391 145.232
12.2825 145.273
12.324 145.284
12.3646 145.282
12.4041 145.263
12.4451 145.268
12.4863 145.275
12.5277 145.284
12.5684 145.284
12.6092 145.284
12.6512 145.303
12.6921 145.305
12.7326 145.303
12.7739 145.31
12.8151 145.317
12.8558 145.317
12.8966 145.317
12.938 145.326
12.9789 145.329
13.0191 145.321
13.059 145.309
13.0997 145.309
13.1411 145.319
13.1835 145.342
13.2246 145.347
13.2659 145.354
13.3073 145.364
13.3497 145.387
13.3918 145.406
13.4326 145.406
13.4738 145.413
13.5153 145.423
13.5562 145.425
13.5968 145.423
13.6375 145.423
13.6802 145.449
13.7215 145.456
13.7642 145.482
13.8053 145.487
13.8462 145.489
13.8871 145.491
13.9299 145.517
13.9712 145.524
14.0127 145.534
14.0541 145.543
14.0953 145.548
14.1393 145.591
14.1806 145.598
14.222 145.605
14.2629 145.607
14.3042 145.614
14.348 145.652
14.3908 145.679
14.4321 145.686
14.4741 145.7
14.5169 145.726
14.56 145.755
14.6019 145.769
14.645 145.798
14.6862 145.802
14.7291 145.829
14.7699 145.828
14.812 145.845
14.8553 145.876
14.8985 145.905
14.9401 145.914
14.9838 145.95
15.0258 145.964
15.0688 145.991
15.1126 146.026
15.1542 146.036
15.1978 146.069
15.2414 146.103
15.2835 146.117
15.3714 146.191
15.4125 146.194
15.4552 146.215
15.4985 146.244
15.5432 146.289
15.5877 146.333
15.6319 146.371
15.6736 146.38
16.0334 146.756
16.0749 146.76
16.1192 146.799
16.164 146.842
16.2114 146.915
16.253 146.922
16.297 146.956
