-20.3048 152.882
-19.961 152.377
-19.9183 152.364
-19.873 152.327
-19.7806 152.235
-19.7325 152.17
-19.687 152.131
-19.6415 152.091
-19.5997 152.086
-19.5573 152.076
-19.5085 152.004
-19.4574 151.91
-19.4138 151.888
-19.3682 151.846
-19.3195 151.774
-19.2742 151.734
-19.2317 151.722
-19.1823 151.643
-19.1376 151.608
-19.0969 151.613
-19.0561 151.618
-19.0144 151.614
-18.9662 151.544
-18.9204 151.5
-18.872 151.428
-18.8301 151.421
-18.7881 151.414
-18.7457 151.402
-18.7008 151.365
-18.6564 151.333
-18.6128 151.308
-18.5704 151.296
-18.5285 151.289
-18.4847 151.262
-18.4398 151.225
-18.3972 151.21
-18.3532 151.181
-18.3111 151.171
-18.267 151.142
-18.224 151.122
-18.1766 151.058
-18.1326 151.029
-18.0917 151.031
-18.0518 151.044
-18.009 151.027
-17.9667 151.015
-17.9246 151.005
-17.8809 150.978
-17.8384 150.963
-17.7949 150.939
-17.7507 150.907
-17.7069 150.878
-17.665 150.871
-17.6235 150.866
-17.5817 150.859
-17.5383 150.834
-17.4965 150.827
-17.4568 150.842
-17.4168 150.854
-17.3752 150.85
-17.3291 150.796
-17.2862 150.776
-17.2447 150.771
-17.2043 150.779
-17.1639 150.787
-17.1228 150.787
-17.0803 150.772
-17.0379 150.758
-16.995 150.738
-16.9521 150.719
-16.9102 150.709
-16.8691 150.709
-16.8278 150.707
-16.7856 150.695
-16.743 150.678
-16.7017 150.675
-16.6604 150.673
-16.6188 150.668
-16.5775 150.666
-16.5367 150.669
-16.4958 150.671
-16.4541 150.664
-16.4104 150.635
-16.3689 150.63
-16.3291 150.645
-16.29 150.667
-16.2491 150.67
-16.2082 150.672
-16.1684 150.687
-16.1279 150.695
-16.0849 150.673
-16.0443 150.678
-16.0044 150.693
-15.9646 150.708
-15.9216 150.686
-15.878 150.656
-15.8382 150.671
-15.7962 150.662
-15.7558 150.669
-15.7182 150.711
-15.6793 150.738
-15.6388 150.746
-15.5971 150.739
-15.5562 150.741
-15.5159 150.751
-15.4738 150.739
-15.4331 150.744
-15.3905 150.727
-15.349 150.722
-15.3083 150.727
-15.2678 150.735
-15.2277 150.747
-15.1877 150.762
-15.1476 150.775
-15.1071 150.782
-15.0657 150.78
-15.0252 150.787
-14.9852 150.802
-14.9451 150.815
-14.9043 150.82
-14.8638 150.827
-14.8236 150.84
-14.7828 150.845
-14.7423 150.852
-14.7023 150.867
-14.6627 150.887
-14.6221 150.895
-14.5813 150.9
-14.5405 150.905
-14.4997 150.91
-14.4593 150.92
-14.4191 150.932
-14.379 150.947
-14.339 150.962
-14.3001 150.992
-14.2607 151.017
-14.2197 151.019
-14.1797 151.034
-14.1403 151.059
-14.1008 151.081
-14.0609 151.099
-14.0209 151.116
-13.9819 151.146
-13.9429 151.176
-13.9026 151.188
-13.8626 151.206
-13.8246 151.25
-13.7848 151.27
-13.7446 151.285
-13.7046 151.303
-13.6643 151.315
-13.6246 151.338
-13.5849 151.36
-13.5458 151.39
-13.5061 151.412
-13.4655 151.422
-13.4251 151.435
-13.3859 151.465
-13.346 151.485
-13.3068 151.515
-13.2679 151.55
-13.2292 151.587
-13.1891 151.604
-13.1502 151.639
-13.1113 151.674
-13.0708 151.687
-13.0315 151.717
-12.9925 151.752
-12.9535 151.787
-12.9145 151.822
-12.8758 151.862
-12.8359 151.884
-12.7952 151.894
-12.7572 151.944
-12.7173 151.967
-12.6782 152.002
-12.6391 152.037
-12.6003 152.077
-12.562 152.124
-12.5243 152.182
-12.4837 152.195
-12.4445 152.23
-12.4056 152.27
-12.3653 152.287
-12.3285 152.36
-12.2914 152.428
-12.2526 152.471
-12.214 152.516
-12.1747 152.551
-12.1342 152.569
-12.097 152.637
-12.058 152.677
-12.0192 152.722
-11.9071 152.924
-11.8678 152.962
-11.8308 153.037
-11.794 153.116
-11.7584 153.214
-11.7192 153.255
-11.6793 153.285
-11.6406 153.333
-11.605 153.435
