-11.6578 132.95
-11.6195 132.94
-11.578 132.883
-11.4579 132.777
-11.4181 132.744
-11.3787 132.718
-11.3405 132.708
-11.299 132.651
-11.2608 132.641
-11.2213 132.612
-11.18 132.555
-11.14 132.519
-11.1006 132.49
-11.0624 132.48
-11.0215 132.429
-10.9828 132.411
-10.9422 132.365
-10.9038 132.35
-10.8646 132.324
-10.8256 132.3
-10.7873 132.288
-10.7486 132.27
-10.7083 132.225
-10.6691 132.199
-10.6308 132.185
-10.5925 132.173
-10.5543 132.16
-10.5162 132.15
-10.476 132.106
-10.4378 132.094
-10.3989 132.072
-10.3605 132.056
-10.3215 132.031
-10.2835 132.021
-10.2444 131.995
-10.2056 131.973
-10.1669 131.951
-10.1286 131.937
-10.0904 131.925
-10.0525 131.917
-10.0133 131.886
-9.97517 131.874
-9.93717 131.864
-9.8982 131.838
-9.85936 131.814
-9.8215 131.806
-9.78339 131.794
-9.74542 131.784
-9.70803 131.784
-9.67088 131.788
-9.63256 131.772
-9.59377 131.748
-9.55616 131.744
-9.5182 131.734
-9.47943 131.71
-9.44091 131.69
-9.40296 131.68
-9.36525 131.674
-9.32766 131.67
-9.29006 131.666
-9.25191 131.652
-9.21398 131.642
-9.17639 131.638
-9.13892 131.636
-9.10077 131.622
-9.06308 131.616
-9.02539 131.61
-8.98759 131.602
-8.94924 131.584
-8.91178 131.582
-8.87453 131.584
-8.83674 131.576
-8.79863 131.562
-8.76074 131.552
-8.72338 131.553
-8.68603 131.553
-8.64846 131.549
-8.61079 131.543
-8.57333 131.541
-8.53587 131.539
-8.4983 131.535
-8.46094 131.535
-8.42328 131.529
-8.38551 131.521
-8.34815 131.521
-8.3108 131.521
-8.27334 131.519
-8.23588 131.518
-8.19862 131.52
-8.16136 131.522
-8.12409 131.524
-8.08663 131.522
-8.04917 131.52
-8.012 131.524
-7.97463 131.524
-7.93707 131.52
-7.89961 131.518
-7.86224 131.519
-7.8242 131.505
-7.78665 131.501
-7.57986 127.919
-7.54256 127.903
-7.67501 131.511
-7.63783 131.515
-7.60101 131.527
-7.56373 131.529
-7.52644 131.531
-7.48915 131.534
-7.45196 131.538
-7.41539 131.556
-7.37854 131.568
-7.34133 131.572
-7.30394 131.572
-7.26663 131.574
-7.22915 131.573
-7.19166 131.571
-7.15418 131.569
-7.11678 131.569
-7.07973 131.577
-7.0438 131.611
-7.00733 131.634
-6.97009 131.638
-6.93326 131.652
-6.89626 131.662
-6.85918 131.67
-6.822 131.677
-6.7849 131.685
-6.74838 131.707
-6.71185 131.729
-6.67465 131.736
-6.63737 131.74
-6.60024 131.748
-6.56327 131.76
-6.52654 131.778
-6.48924 131.783
-6.45241 131.799
-6.41534 131.809
-6.37818 131.817
-6.34079 131.819
-6.30355 131.826
-6.26723 131.856
-6.23066 131.88
-6.19401 131.903
-6.15689 131.913
-6.12022 131.935
-6.08301 131.944
-6.04588 131.954
-6.00969 131.99
-5.97269 132.005
-5.93546 132.013
-5.89815 132.019
-5.8612 132.035
-5.82402 132.046
-5.78755 132.076
-5.75015 132.08
-5.71429 132.129
-5.67708 132.14
-5.64049 132.168
-5.6032 132.176
-5.56645 132.201
-5.52914 132.209
-5.49251 132.238
-5.45593 132.268
-5.4194 132.301
-5.38279 132.332
-5.34531 132.336
-5.30868 132.366
-5.27132 132.375
-5.23466 132.405
-5.1985 132.452
-5.16131 132.467
-5.12385 132.473
-5.08683 132.493
-5.04973 132.512
-5.0143 132.585
-4.97705 132.6
-4.94028 132.631
-4.90416 132.684
-4.86682 132.696
-4.82989 132.723
-4.79307 132.754
-4.75553 132.76
-4.64591 132.887
-4.38887 133.163
-4.35191 133.196
-4.31478 133.223
-4.27721 133.234
-4.24021 133.267
-3.69241 134.178
-3.65525 134.219
-3.61726 134.224
-3.57985 134.255
