-10.5499 143.538
-10.5094 143.529
-10.1324 143.229
-10.0904 143.193
-10.05 143.186
-10.0085 143.156
-9.96726 143.134
-9.92696 143.127
-9.88653 143.118
-9.84435 143.077
-9.8013 143.02
-9.76078 143.008
-9.71977 142.988
-9.67901 142.972
-9.63764 142.945
-9.59739 142.938
-9.55579 142.906
-9.51409 142.872
-9.47337 142.856
-9.43217 142.831
-9.39159 142.818
-9.35148 142.814
-9.31067 142.795
-9.26951 142.77
-9.22906 142.759
-9.18792 142.734
-9.14748 142.723
-9.10705 142.712
-9.06605 142.689
-9.02574 142.68
-8.98441 142.651
-8.94355 142.63
-8.90326 142.622
-8.86309 142.615
-8.82258 142.601
-8.78196 142.586
-8.74191 142.581
-8.7012 142.563
-8.66071 142.55
-8.62034 142.539
-8.58008 142.53
-8.54015 142.528
-8.49946 142.51
-8.45878 142.492
-8.41854 142.483
-8.37829 142.474
-8.33763 142.456
-8.29729 142.445
-8.25738 142.443
-8.21757 142.443
-8.17724 142.432
-8.1366 142.414
-8.09628 142.402
-8.05637 142.4
-8.01677 142.405
-7.97716 142.41
-7.93675 142.397
-7.89654 142.388
-7.85663 142.386
-7.81662 142.381
-7.77662 142.377
-7.73681 142.377
-7.697 142.377
-7.6568 142.368
-7.6168 142.364
-7.57689 142.362
-7.53718 142.365
-7.49727 142.363
-7.45727 142.358
-7.41727 142.354
-7.37699 142.343
-7.33718 142.343
-7.29755 142.348
-7.25737 142.339
-7.21747 142.337
-7.17765 142.337
-7.13838 142.351
-7.09929 142.37
-7.05964 142.374
-7.02035 142.388
-6.97981 142.37
-6.93813 142.323
-6.74049 138.231
-6.85719 142.289
-6.81781 142.3
-6.77817 142.305
-6.73826 142.303
-6.69836 142.301
-6.6588 142.308
-6.61998 142.336
-6.58041 142.343
-6.54091 142.352
-6.50157 142.366
-6.46181 142.369
-6.42263 142.387
-6.38311 142.397
-6.3435 142.404
-6.30381 142.408
-6.26523 142.445
-6.22584 142.459
-6.18629 142.469
-6.14658 142.473
-6.10694 142.48
-6.06714 142.483
-6.02758 142.492
-5.98815 142.506
-5.9488 142.522
-5.90951 142.541
-5.86985 142.548
-5.82995 142.548
-5.79006 142.549
-5.75038 142.556
-5.71077 142.565
-5.67173 142.593
-5.63247 142.614
-5.59284 142.623
-5.55327 142.635
-5.51356 142.642
-5.47364 142.642
-5.43468 142.674
-5.39571 142.707
-5.35652 142.732
-5.31684 142.741
-5.27776 142.771
-5.23814 142.783
-5.19844 142.793
-5.1592 142.818
-5.11942 142.825
-5.07977 142.837
-5.04127 142.89
-5.0016 142.902
-4.96167 142.904
-4.9218 142.909
-4.88236 142.93
-4.8431 142.958
-4.80346 142.972
-4.76509 143.034
-4.72536 143.046
-4.68569 143.06
-4.64607 143.076
-4.60609 143.079
-4.56622 143.086
-4.5271 143.123
-4.48808 143.165
-4.44961 143.229
-4.40964 143.234
-4.36973 143.241
-4.33037 143.272
-4.29099 143.302
-4.25111 143.311
-4.21176 143.344
-4.1732 143.411
-4.13392 143.448
-4.09452 143.481
-4.0547 143.495
-4.01537 143.532
-3.97598 143.567
-3.93597 143.574
-3.89636 143.6
-3.85698 143.637
-3.81817 143.702
-3.77899 143.751
-3.7395 143.786
-3.69995 143.819
-3.66001 143.833
-3.62113 143.901
-3.58154 143.934
-3.54147 143.943
-3.50189 143.978
-3.46279 144.039
-3.4233 144.081
-3.38424 144.146
-3.30525 144.236
-3.26506 144.243
-2.87231 144.91
-2.71498 145.217
-2.67554 145.293
-2.63611 145.371
-2.59611 145.411
-2.4394 145.834
-2.31326 148.745
-2.27159 148.718
-2.23024 148.716
