-9.43687 152.682
-9.39488 152.675
-9.25895 152.449
-9.2153 152.406
-9.17154 152.361
-9.12636 152.286
-8.9941 152.126
-8.86347 151.997
-8.82012 151.957
-8.774 151.857
-8.73047 151.812
-8.68741 151.778
-8.64506 151.758
-8.60078 151.696
-8.55733 151.651
-8.51501 151.631
-8.4726 151.609
-8.43064 151.596
-8.38624 151.529
-8.3442 151.514
-8.29974 151.445
-8.25684 151.41
-8.21526 151.405
-8.17206 151.363
-8.12802 151.301
-8.08604 151.286
-8.04449 151.281
-8.00167 151.247
-7.95887 151.212
-7.91681 151.195
-7.87393 151.158
-7.8321 151.146
-7.78883 151.099
-7.74723 151.091
-7.70552 151.081
-7.66169 151.02
-7.62 151.01
-7.57832 151
-7.53474 150.943
-7.49298 150.931
-7.45132 150.921
-7.40986 150.916
-7.3683 150.909
-7.32539 150.867
-7.28336 150.847
-7.24173 150.837
-7.19981 150.82
-7.15828 150.813
-7.11638 150.795
-7.07401 150.766
-7.03241 150.756
-6.99034 150.734
-6.94893 150.729
-6.90751 150.724
-6.86601 150.717
-6.82379 150.689
-6.78158 150.662
-6.7392 150.63
-6.69702 150.603
-6.65564 150.598
-6.61461 150.603
-6.57393 150.618
-6.53228 150.606
-6.49065 150.594
-6.44842 150.564
-6.40637 150.539
-6.36475 150.527
-6.3239 150.537
-6.28262 150.535
-6.24044 150.505
-6.199 150.498
-6.15765 150.493
-6.11639 150.49
-6.07496 150.483
-6.03353 150.476
-5.99187 150.461
-5.95093 150.468
-5.90983 150.471
-5.86849 150.466
-5.82692 150.453
-5.78536 150.441
-5.74372 150.426
-5.70255 150.426
-5.6619 150.443
-5.62102 150.453
-5.57984 150.453
-5.53829 150.441
-5.49667 150.426
-5.45535 150.421
-5.41461 150.436
-5.37293 150.419
-5.33204 150.429
-5.29072 150.424
-5.24884 150.399
-5.20698 150.374
-5.16678 150.409
-5.12642 150.438
-5.08585 150.46
-5.04446 150.453
-5.00368 150.468
-4.96242 150.465
-4.92064 150.443
-4.87913 150.431
-4.83763 150.418
-4.79709 150.443
-4.75635 150.46
-4.7151 150.458
-4.67423 150.47
-4.6331 150.472
-4.59148 150.455
-4.55035 150.457
-4.50946 150.47
-4.46863 150.484
-4.42743 150.484
-4.38606 150.477
-4.3451 150.487
-4.30414 150.496
-4.26305 150.501
-4.22202 150.509
-4.1811 150.521
-4.14012 150.531
-4.09908 150.538
-4.0582 150.553
-4.0172 150.562
-3.97646 150.584
-3.93551 150.597
-3.89465 150.614
-3.85364 150.624
-3.81246 150.626
-3.77138 150.633
-3.73015 150.633
-3.68907 150.641
-3.64808 150.653
-3.60695 150.658
-3.56585 150.665
-3.525 150.685
-3.48399 150.697
-3.44302 150.712
-3.4026 150.756
-3.36152 150.766
-3.32035 150.771
-3.27931 150.783
-3.23813 150.788
-3.19764 150.832
-3.15671 150.852
-3.11593 150.881
-3.07473 150.886
-3.03348 150.888
-2.99232 150.896
-2.95159 150.93
-2.91084 150.965
-2.87 150.994
-2.82888 151.007
-2.78768 151.014
-2.74711 151.063
-2.70597 151.076
-2.66478 151.085
-2.62352 151.09
-2.58261 151.12
-2.54182 151.159
-2.50102 151.199
-2.46013 151.233
-2.41923 151.268
-2.37834 151.305
-2.33715 151.32
-2.29589 151.33
-2.25466 151.342
-2.21385 151.389
-2.17266 151.406
-2.13161 151.436
-2.0906 151.471
-2.04944 151.493
-2.00835 151.523
-1.96727 151.555
-1.92631 151.599
-1.88533 151.644
-1.84426 151.681
-1.80322 151.723
-1.76206 151.756
-1.72094 151.793
-1.67982 151.833
-1.63844 151.845
-1.59749 151.907
-1.55637 151.952
-1.47402 152.037
