-24.8704 83.9037
-24.8439 83.9015
-6.52081 128.398
-6.23244 127.549
-6.07533 127.236
-6.03593 127.152
-5.9975 127.093
-5.95917 127.036
-5.9215 126.996
-5.88145 126.892
-5.84405 126.858
-5.80672 126.825
-5.57787 126.485
-5.54002 126.434
-5.50272 126.398
-5.46543 126.362
-5.42888 126.347
-5.39046 126.277
-5.35246 126.219
-5.31543 126.189
-5.27905 126.178
-5.24136 126.127
-5.20339 126.067
-5.16618 126.029
-5.12948 126.007
-5.0926 125.978
-5.05628 125.967
-5.01877 125.918
-4.98175 125.885
-4.94552 125.875
-4.90724 125.8
-4.87033 125.769
-4.83344 125.737
-4.79719 125.726
-4.68624 125.617
-4.64941 125.585
-4.61338 125.58
-4.57674 125.554
-4.53995 125.522
-4.50355 125.503
-4.46748 125.496
-4.43126 125.483
-4.39483 125.463
-4.35852 125.446
-4.32092 125.382
-4.28478 125.371
-4.24875 125.364
-4.21227 125.34
-4.17515 125.291
-4.1386 125.263
-4.10245 125.25
-4.06655 125.247
-4.03037 125.232
-3.99423 125.219
-3.95773 125.191
-3.9217 125.182
-3.88489 125.141
-3.84866 125.122
-3.81238 125.102
-3.77634 125.091
-3.74039 125.083
-3.70436 125.072
-3.66851 125.069
-3.63227 125.048
-3.59595 125.024
-3.56007 125.019
-3.52376 124.995
-3.48781 124.985
-3.45128 124.95
-3.41488 124.92
-3.37907 124.917
-3.34302 124.902
-3.30729 124.902
-3.2716 124.904
-3.23568 124.895
-3.19949 124.872
-3.16362 124.865
-3.12782 124.861
-3.09177 124.845
-3.05583 124.834
-3.01993 124.825
-2.98426 124.826
-2.94837 124.817
-2.91234 124.801
-2.8765 124.793
-2.84055 124.78
-2.80448 124.76
-2.76864 124.753
-2.73291 124.751
-2.69715 124.747
-2.66132 124.74
-2.62547 124.731
-2.58956 124.718
-2.5539 124.72
-2.51812 124.714
-2.48219 124.699
-2.44629 124.686
-2.41061 124.686
-2.37492 124.686
-2.33924 124.686
-2.30355 124.687
-2.26751 124.662
-2.23137 124.631
-2.19567 124.629
-2.16023 124.646
-2.12461 124.65
-2.08893 124.65
-2.05317 124.644
-2.01745 124.641
-1.98184 124.646
-1.94633 124.659
-1.91067 124.661
-1.87488 124.652
-1.83917 124.65
-1.80343 124.644
-1.76764 124.635
-1.7319 124.63
-1.69643 124.648
-1.66097 124.669
-1.62545 124.683
-1.5898 124.687
-1.55397 124.674
-1.51834 124.68
-1.48264 124.678
-1.44686 124.669
-1.41117 124.669
-1.37545 124.665
-1.33978 124.667
-1.30415 124.673
-1.26846 124.673
-1.23274 124.669
-1.19701 124.664
-1.16137 124.669
-1.12572 124.675
-1.09007 124.68
-1.05446 124.691
-1.01878 124.693
-0.983113 124.697
-0.947418 124.697
-0.911735 124.699
-0.876074 124.704
-0.84042 124.712
-0.804752 124.718
-0.769073 124.721
-0.73341 124.729
-0.697734 124.734
-0.662048 124.738
-0.626343 124.738
-0.590677 124.747
-0.555036 124.764
-0.519339 124.768
-0.48366 124.777
-0.44797 124.784
-0.412277 124.792
-0.376586 124.801
-0.340881 124.807
-0.305173 124.812
-0.269471 124.822
-0.233786 124.842
-0.198066 124.848
-0.162355 124.861
-0.126633 124.87
-0.090907 124.879
-0.0551796 124.892
-0.0194442 124.902
0.0162949 124.913
0.0520371 124.939
0.0877908 124.961
0.123552 124.974
0.159315 124.981
0.195082 124.989
0.230847 124.991
0.266636 125.011
0.30245 125.043
0.338244 125.054
0.374029 125.058
0.409839 125.073
0.445687 125.101
0.481504 125.112
0.517358 125.134
0.553176 125.142
0.588999 125.149
0.624869 125.17
0.660743 125.188
0.696581 125.196
0.732437 125.207
0.768471 125.257
0.804458 125.293
0.840417 125.319
0.876283 125.324
0.912212 125.341
0.948086 125.347
0.984038 125.366
1.02001 125.386
1.05614 125.431
1.09217 125.457
1.12809 125.465
1.16416 125.493
1.20025 125.523
1.23635 125.553
1.27244 125.579
1.30838 125.584
1.34432 125.59
1.38042 125.614
1.4166 125.646
1.45279 125.678
1.48898 125.708
1.52495 125.714
1.56139 125.768
1.59795 125.832
1.63442 125.885
1.67044 125.89
1.70666 125.915
1.74295 125.945
1.77903 125.954
1.81555 126.003
1.85195 126.039
1.88853 126.09
1.92487 126.118
1.9613 126.152
2.40116 126.667
2.43781 126.701
2.51242 126.851
2.54917 126.887
2.58593 126.923
2.624 127.04
2.66106 127.091
2.69759 127.108
2.73434 127.139
2.84802 127.422
2.88508 127.464
2.92295 127.55
2.96061 127.623
2.99894 127.731
3.03682 127.812
3.07453 127.881
3.11256 127.966
