7.67715 136.876
7.71332 136.814
7.75051 136.775
7.78643 136.708
7.82117 136.615
7.85829 136.576
7.89656 136.563
7.93248 136.498
7.96935 136.455
8.00522 136.391
8.03987 136.3
8.07807 136.287
8.11436 136.234
8.15093 136.186
8.18808 136.152
8.22532 136.12
8.26244 136.086
8.3352 135.987
8.3733 135.974
8.40922 135.916
8.44605 135.878
8.48297 135.842
8.51872 135.782
8.55718 135.777
8.59416 135.743
8.6308 135.703
8.66711 135.656
8.70511 135.643
8.74106 135.59
8.77752 135.547
8.81538 135.532
8.85138 135.481
8.88943 135.47
8.92682 135.447
8.96486 135.436
9.00024 135.375
9.03582 135.317
9.07393 135.309
9.11226 135.304
9.18599 135.241
9.22283 135.209
9.26045 135.192
9.2967 135.15
9.33281 135.105
9.37086 135.097
9.40786 135.069
9.44613 135.065
9.48439 135.061
9.52125 135.031
9.55798 134.999
9.59504 134.974
9.63281 134.961
9.66974 134.934
9.70784 134.927
9.74463 134.898
9.78249 134.887
9.81949 134.862
9.85625 134.832
9.89408 134.822
9.93264 134.824
9.97021 134.809
10.0079 134.796
10.0446 134.767
10.0824 134.756
10.1196 134.735
10.1573 134.723
10.1942 134.697
10.2314 134.678
10.2692 134.668
10.3071 134.659
10.3452 134.655
10.3831 134.647
10.4195 134.613
10.4575 134.607
10.4952 134.596
10.5319 134.569
10.5694 134.554
10.6062 134.529
10.6428 134.501
10.6803 134.487
10.7182 134.48
10.7568 134.485
10.7954 134.489
10.8334 134.483
10.8712 134.474
10.9085 134.457
10.9465 134.453
10.9843 134.445
11.022 134.434
11.0599 134.428
11.098 134.424
11.1341 134.39
11.1693 134.342
11.2049 134.3
11.2416 134.277
11.2805 134.285
11.3208 134.317
11.3578 134.296
11.3965 134.302
11.4348 134.302
11.4743 134.321
11.5154 134.363
11.5526 134.346
11.5903 134.338
11.6301 134.359
11.6682 134.357
11.7061 134.35
11.7428 134.327
11.7801 134.313
11.8182 134.311
11.8577 134.327
11.8966 134.336
11.9341 134.325
11.9715 134.313
12.0101 134.317
12.0493 134.33
12.0886 134.344
12.1262 134.334
12.1646 134.336
12.203 134.338
12.2415 134.34
12.2799 134.342
12.3188 134.351
12.3583 134.367
12.3966 134.367
12.4344 134.361
12.473 134.365
12.5119 134.374
12.5502 134.374
12.5879 134.365
12.6268 134.374
12.6662 134.389
12.7054 134.401
12.7445 134.412
12.7831 134.416
12.8207 134.407
12.8592 134.41
12.8989 134.428
12.9393 134.456
12.9777 134.458
13.0158 134.456
13.0541 134.456
13.0926 134.458
13.1315 134.466
13.1708 134.479
13.2115 134.511
13.2507 134.521
13.2891 134.523
13.3276 134.525
13.3664 134.532
13.4065 134.555
13.4453 134.561
13.4841 134.567
13.5241 134.588
13.5636 134.603
13.6041 134.631
13.6429 134.637
13.6814 134.639
13.7197 134.639
13.7584 134.643
13.7984 134.664
13.8377 134.677
13.8771 134.69
13.9181 134.723
13.9573 134.734
13.9984 134.768
14.0392 134.797
14.0782 134.806
14.1169 134.81
14.1558 134.816
14.1948 134.825
14.236 134.858
14.2754 134.871
14.3147 134.882
14.3548 134.903
14.3958 134.934
14.437 134.968
14.4752 134.966
14.5147 134.979
14.557 135.025
14.597 135.044
14.6381 135.076
14.6786 135.102
14.7174 135.106
14.7611 135.167
14.8028 135.205
14.8423 135.218
14.8831 135.246
14.9239 135.273
14.9655 135.309
15.0067 135.341
15.0459 135.35
15.089 135.403
15.1286 135.415
15.1721 135.473
15.2119 135.488
15.2535 135.524
15.2945 135.552
15.3364 135.59
15.3786 135.632
15.421 135.675
15.4606 135.688
15.5014 135.713
15.5424 135.741
15.584 135.775
15.626 135.814
