30.2685 163.742
30.3163 163.764
30.3747 163.858
30.4132 163.818
30.438 163.687
30.4632 163.558
30.4833 163.396
30.633 158.066
30.837 157.715
30.8679 157.637
30.9046 157.597
30.9409 157.553
30.9746 157.494
31.0066 157.424
31.0471 157.408
31.0888 157.4
31.1228 157.343
31.1616 157.316
31.1947 157.255
31.2313 157.214
31.2712 157.195
31.3057 157.142
31.3362 157.064
31.3744 157.034
31.4168 157.031
31.4584 157.023
31.4987 157.007
31.5296 156.932
31.566 156.892
31.6076 156.884
31.6427 156.835
31.6825 156.817
31.7171 156.766
31.7543 156.731
31.7954 156.72
31.8291 156.664
31.8689 156.645
31.9099 156.634
31.9471 156.599
31.9877 156.586
32.0243 156.548
32.0601 156.506
32.1007 156.492
32.1356 156.444
32.1744 156.42
32.211 156.383
32.248 156.348
32.2885 156.335
32.3303 156.329
32.3756 156.345
32.4188 156.347
32.4544 156.304
32.4905 156.264
32.5305 156.248
32.5714 156.237
32.6057 156.187
32.6431 156.155
32.683 156.139
32.7226 156.12
32.7634 156.109
32.8034 156.093
32.8411 156.064
32.8806 156.045
32.9201 156.026
32.9592 156.005
33.0004 155.997
33.0421 155.991
33.0856 155.996
33.1282 155.996
33.1685 155.982
33.2084 155.966
33.2447 155.929
33.281 155.892
33.3191 155.865
33.362 155.868
33.401 155.846
33.4363 155.804
33.4811 155.817
33.5196 155.793
33.5567 155.761
33.5947 155.734
33.6349 155.721
33.6765 155.716
33.714 155.686
33.7529 155.665
33.7954 155.665
33.8433 155.696
33.8799 155.662
33.9242 155.672
33.9726 155.706
34.0151 155.705
34.054 155.684
34.0932 155.665
34.1339 155.655
34.1764 155.654
34.2193 155.657
34.2595 155.643
34.3015 155.64
34.3439 155.64
34.3897 155.658
34.4349 155.674
34.4783 155.679
34.5208 155.678
34.5628 155.676
34.5997 155.644
34.6407 155.636
34.6855 155.648
34.7313 155.667
34.7765 155.682
34.8195 155.684
34.8619 155.684
34.9063 155.694
34.9506 155.705
34.9931 155.704
35.0351 155.701
35.0775 155.701
35.1167 155.682
35.1568 155.669
35.1992 155.669
35.2507 155.718
35.2946 155.726
35.3289 155.681
35.3704 155.675
35.4176 155.701
35.4601 155.701
35.5025 155.701
35.5555 155.758
35.5994 155.766
35.6428 155.771
35.6805 155.744
35.7224 155.741
35.7707 155.773
35.8136 155.775
35.8575 155.783
35.899 155.777
35.9414 155.777
35.9849 155.782
36.0385 155.842
36.1908 155.746
36.2464 155.817
36.2986 155.869
36.3479 155.906
36.3952 155.932
36.4397 155.942
36.488 155.973
36.5305 155.973
36.5794 156.007
36.6243 156.02
36.6668 156.02
36.7103 156.025
36.7592 156.059
36.8022 156.061
36.8466 156.071
36.9391 156.11
36.9836 156.12
37.031 156.147
37.0735 156.146
37.1155 156.143
37.5191 156.474
37.5678 156.506
37.6123 156.516
38.1365 156.802
38.1925 156.87
38.245 156.921
38.3006 156.987
