-24.8722 83.9118
-24.8432 83.8985
-18.9695 167.548
-18.9235 167.537
-18.6263 167.235
-18.5802 167.22
-18.5351 167.218
-18.4902 167.219
-18.4449 167.214
-18.3964 167.173
-18.3439 167.088
-18.2954 167.048
-18.2501 167.043
-18.2011 166.996
-18.1517 166.944
-18.1064 166.939
-18.058 166.898
-18.0096 166.858
-17.9641 166.85
-17.9154 166.806
-17.8643 166.734
-17.819 166.728
-17.7735 166.72
-17.7255 166.683
-17.6798 166.672
-17.6338 166.658
-17.5863 166.626
-17.5386 166.591
-17.4921 166.572
-17.4461 166.558
-17.4017 166.561
-17.3575 166.568
-17.311 166.548
-17.2658 166.542
-17.2209 166.54
-17.1735 166.508
-17.1268 166.486
-17.0811 166.475
-17.0352 166.461
-16.9874 166.423
-16.942 166.415
-16.8961 166.401
-16.8507 166.393
-16.806 166.393
-16.7608 166.388
-16.7142 166.365
-16.6686 166.354
-16.6227 166.34
-16.5764 166.32
-16.5308 166.309
-16.4861 166.31
-16.4426 166.325
-16.3965 166.308
-16.3495 166.279
-16.3044 166.274
-16.2595 166.272
-16.2152 166.278
-16.1713 166.287
-16.1254 166.273
-16.0794 166.256
-16.0333 166.239
-15.988 166.231
-15.9438 166.238
-15.8991 166.238
-15.8531 166.221
-15.8084 166.222
-15.7646 166.234
-15.7206 166.243
-15.676 166.244
-15.6317 166.25
-15.5868 166.248
-15.541 166.234
-15.4961 166.231
-15.451 166.226
-15.4061 166.224
-15.3612 166.221
-15.3174 166.234
-15.2756 166.272
-15.2313 166.278
-15.1855 166.264
-15.1415 166.274
-15.0972 166.28
-15.0519 166.272
-15.0053 166.246
-14.9616 166.261
-14.9178 166.273
-14.8724 166.265
-14.8271 166.257
-14.7822 166.254
-14.7383 166.267
-14.6934 166.264
-14.6489 166.268
-14.6051 166.28
-14.5608 166.286
-14.5167 166.295
-14.4734 166.316
-14.4291 166.323
-14.3848 166.329
-14.3409 166.341
-14.297 166.353
-14.2532 166.368
-14.2095 166.383
-14.1654 166.393
-14.121 166.399
-14.0771 166.411
-14.0338 166.432
-13.9894 166.438
-13.946 166.459
-13.9023 166.475
-13.8595 166.504
-13.8169 166.537
-13.7737 166.561
-13.7279 166.547
-13.6831 166.547
-13.6399 166.571
-13.5959 166.583
-13.5538 166.625
-13.5113 166.66
-13.4668 166.667
-13.422 166.667
-13.3778 166.676
-13.3335 166.686
-13.2929 166.75
-13.249 166.766
-13.2045 166.772
-13.1617 166.805
-13.1178 166.82
-13.075 166.852
-13.0309 166.865
-12.9866 166.874
-12.9413 166.869
-12.8981 166.895
-12.8545 166.916
-12.8122 166.958
-12.7699 167
-12.7259 167.015
-12.6835 167.056
-12.6413 167.101
-12.5987 167.139
-12.5543 167.149
-12.5119 167.19
-12.4676 167.203
-12.4225 167.2
-12.3779 167.206
-12.3354 167.248
-12.2915 167.266
-12.2514 167.349
-12.2092 167.397
-12.1648 167.406
-12.1238 167.474
-12.0799 167.495
-12.0392 167.57
-11.9969 167.617
-11.9546 167.665
-11.9106 167.683
-11.8681 167.728
-11.8259 167.779
-11.7835 167.827
-11.7392 167.842
-11.6981 167.913
-11.6559 167.964
-11.6152 168.045
-11.5729 168.096
-11.5302 168.141
-11.4857 168.153
-11.4433 168.204
-11.3204 168.437
-11.2779 168.488
-11.2337 168.507
-10.6301 169.993
-10.5871 170.045
-10.5275 171.588
-10.4832 171.622
-10.4418 171.714
