-32.7289 120.641
-32.693 120.634
-32.6486 120.586
-32.6127 120.579
-32.5738 120.559
-32.4485 120.454
-32.4126 120.447
-32.3764 120.438
-32.3369 120.414
-32.2962 120.384
-32.2527 120.341
-32.2161 120.33
-32.1792 120.318
-32.1379 120.285
-32.1069 120.301
-32.0652 120.266
-32.0243 120.235
-31.9867 120.219
-31.9516 120.216
-31.9071 120.167
-31.8713 120.16
-31.8366 120.158
-31.7965 120.131
-31.7539 120.091
-31.7192 120.089
-31.6845 120.087
-31.6487 120.081
-31.613 120.074
-31.5747 120.055
-31.5393 120.05
-31.5054 120.052
-31.4696 120.045
-31.4267 120.003
-31.3902 119.993
-31.3516 119.972
-31.317 119.97
-31.282 119.967
-31.2437 119.948
-31.2094 119.948
-31.1741 119.943
-31.1351 119.921
-31.0973 119.903
-31.0616 119.896
-31.0252 119.886
-30.9901 119.883
-30.9555 119.881
-30.9205 119.878
-30.8795 119.845
-30.8441 119.84
-30.8091 119.837
-30.771 119.818
-30.7356 119.812
-30.7013 119.813
-30.6663 119.809
-30.632 119.809
-30.5988 119.815
-30.5676 119.831
-30.5284 119.806
-30.4907 119.789
-30.4557 119.786
-30.4214 119.786
-30.3871 119.786
-30.3517 119.781
-30.3191 119.79
-30.2852 119.792
-30.2515 119.795
-30.2169 119.794
-30.1819 119.791
-30.1421 119.763
-30.1074 119.761
-30.0734 119.763
-30.0408 119.772
-30.0028 119.753
-29.9684 119.753
-29.9341 119.753
-29.8995 119.752
-29.8665 119.759
-29.8325 119.761
-29.7958 119.749
-29.7618 119.751
-29.7299 119.763
-29.6946 119.758
-29.6592 119.753
-29.6262 119.76
-29.5956 119.779
-29.5626 119.786
-29.529 119.79
-29.496 119.797
-29.4626 119.803
-29.4296 119.81
-29.3953 119.81
-29.3589 119.8
-29.3235 119.795
-29.2902 119.8
-29.2562 119.802
-29.2222 119.804
-29.1881 119.806
-29.1534 119.804
-29.1197 119.808
-29.0857 119.81
-29.0523 119.815
-29.0153 119.801
-28.9803 119.798
-28.9466 119.801
-28.9205 119.845
-28.8976 119.906
-28.8616 119.898
-28.8213 119.867
-28.7882 119.874
-28.7578 119.895
-28.7185 119.869
-28.687 119.885
-28.6562 119.904
-28.627 119.932
-28.5933 119.936
-28.5618 119.952
-28.53 119.966
-28.4953 119.964
-28.4592 119.956
-28.4245 119.954
-28.392 119.965
-28.3605 119.981
-28.3303 120.003
-28.2968 120.009
-28.264 120.018
-28.2308 120.025
-28.1961 120.023
-28.161 120.02
-28.1275 120.025
-28.0927 120.024
-28.0596 120.031
-28.0264 120.038
-27.9955 120.057
-27.9626 120.066
-27.9285 120.068
-27.893 120.063
-27.8589 120.065
-27.8318 120.106
-27.804 120.142
-27.7746 120.171
-27.7448 120.197
-27.7119 120.206
-27.6812 120.227
-27.6505 120.248
-27.6182 120.261
-27.5862 120.275
-27.5583 120.312
-27.5269 120.33
-27.4965 120.353
-27.4673 120.383
-27.4318 120.378
-27.3979 120.381
-27.3646 120.389
-27.3335 120.408
-27.3039 120.436
-27.2744 120.465
-27.2442 120.489
-27.2143 120.516
-27.1834 120.537
-27.1497 120.543
-27.1198 120.569
-27.0899 120.596
-27.0584 120.614
-27.03 120.649
-26.9969 120.658
-26.9669 120.685
-26.9341 120.696
-26.9044 120.724
-26.8738 120.747
-26.84 120.753
-26.8106 120.783
-26.7843 120.831
-26.7548 120.861
-26.7254 120.891
-26.6959 120.921
-26.6649 120.943
-26.6348 120.969
-26.6049 120.998
-26.5714 121.005
-26.5419 121.036
-26.5121 121.064
-26.4788 121.073
-26.4517 121.118
-26.4185 121.127
-26.3889 121.157
-26.3623 121.205
-26.3324 121.234
-26.3028 121.264
-26.2722 121.289
-26.2389 121.298
-26.2126 121.348
-26.1835 121.382
-26.1572 121.432
-26.1274 121.463
-26.101 121.513
-26.0674 121.52
-26.037 121.547
-26.004 121.558
-25.976 121.599
-25.9474 121.637
-25.9176 121.668
-25.8842 121.677
-25.8556 121.714
-25.8231 121.729
-25.6771 122.114
-25.6478 122.148
-25.614 122.155
-25.5843 122.188
-25.5579 122.24
-25.5276 122.269
-25.4978 122.302
-25.4714 122.354
-24.3975 122.671
-24.405 122.943
-24.386 123.047
