4.76057 131.367
4.79742 131.363
4.83375 131.341
4.88774 130.651
4.9243 130.643
5.35856 129.272
5.3941 129.243
5.42862 129.183
5.46203 129.09
5.49719 129.051
5.53001 128.943
5.56557 128.918
5.60061 128.878
5.63628 128.857
5.66909 128.753
5.70326 128.689
5.73914 128.676
5.80777 128.561
5.84389 128.555
5.94798 128.42
5.98238 128.369
6.01662 128.313
6.04999 128.235
6.08595 128.227
6.12197 128.221
6.15764 128.206
6.19142 128.141
6.22618 128.103
6.26108 128.069
6.29516 128.013
6.36501 127.948
6.39992 127.916
6.43556 127.903
6.46983 127.855
6.50454 127.819
6.53932 127.785
6.57262 127.714
6.60835 127.705
6.64408 127.695
6.67926 127.672
6.71427 127.646
6.74919 127.617
6.78489 127.608
6.81892 127.558
6.85372 127.528
6.88931 127.516
6.92312 127.463
6.95845 127.446
6.99353 127.424
7.02851 127.399
7.06381 127.382
7.09687 127.314
7.1324 127.302
7.16825 127.298
7.20326 127.276
7.23792 127.245
7.27299 127.225
7.30891 127.223
7.34456 127.215
7.37944 127.19
7.41405 127.16
7.44882 127.134
7.48384 127.113
7.51797 127.073
7.55428 127.081
7.58963 127.067
7.62399 127.033
7.65887 127.011
7.69437 127.001
7.72977 126.99
7.76562 126.988
7.80092 126.975
7.83622 126.961
7.87142 126.946
7.90707 126.94
7.9417 126.914
7.97651 126.891
8.0114 126.871
8.04703 126.865
8.08274 126.861
8.11818 126.852
8.15323 126.835
8.18855 126.823
8.22435 126.821
8.25928 126.802
8.2944 126.787
8.32894 126.761
8.36413 126.748
8.39933 126.734
8.435 126.731
8.47067 126.727
8.50644 126.725
8.54191 126.717
8.57728 126.708
8.61264 126.698
8.6477 126.683
8.68285 126.67
8.71809 126.659
8.75374 126.655
8.78938 126.651
8.82482 126.643
8.86015 126.634
8.89599 126.634
8.93183 126.633
8.96756 126.631
9.00277 126.62
9.03715 126.594
9.07234 126.583
9.10827 126.584
9.14399 126.582
9.1796 126.578
9.21628 126.593
9.25264 126.602
9.28728 126.582
9.32202 126.563
9.3559 126.529
9.39181 126.531
9.42958 126.564
9.46572 126.57
9.50143 126.568
9.53713 126.566
9.57294 126.566
9.60831 126.558
9.64423 126.56
9.68026 126.564
9.71596 126.562
9.75121 126.552
9.78656 126.544
9.82282 126.552
9.85874 126.554
9.89443 126.552
9.93023 126.551
9.9658 126.548
10.001 126.538
10.0365 126.532
10.0725 126.536
10.1088 126.543
10.1448 126.547
10.1815 126.562
10.2177 126.567
10.2534 126.565
10.2888 126.559
10.3246 126.559
10.3605 126.561
10.3963 126.561
10.4327 126.57
10.4689 126.575
10.5046 126.573
10.5402 126.571
10.5765 126.579
10.6129 126.588
10.6493 126.597
10.6853 126.599
10.7218 126.61
10.7592 126.634
10.7958 126.645
10.8318 126.649
10.8679 126.652
10.9037 126.652
10.9395 126.652
10.9753 126.652
11.012 126.665
11.0487 126.678
11.0849 126.683
11.1207 126.683
11.1576 126.698
11.194 126.707
11.2302 126.713
11.2668 126.724
11.3035 126.737
11.3387 126.727
11.3754 126.74
11.4131 126.766
11.4504 126.787
11.4871 126.8
11.5232 126.803
11.5597 126.812
11.5964 126.823
11.6346 126.857
11.671 126.864
11.7085 126.887
11.7448 126.894
11.7814 126.903
11.8176 126.909
11.8563 126.948
11.8932 126.961
11.931 126.987
11.9682 127.006
12.0045 127.011
12.0412 127.022
12.079 127.048
12.1168 127.074
12.1537 127.087
12.1911 127.108
12.2283 127.125
12.2649 127.134
12.3015 127.143
12.3391 127.166
12.3756 127.173
12.4135 127.199
12.4517 127.229
12.4886 127.242
12.5284 127.293
12.5675 127.334
12.6039 127.34
12.6394 127.334
12.6784 127.373
12.7168 127.405
12.7551 127.435
12.7923 127.45
12.8315 127.491
12.8679 127.497
12.9043 127.502
13.2155 127.792
13.2523 127.802
13.4883 128.041
13.5286 128.093
13.5697 128.153
13.6106 128.21
13.7294 128.335
13.7663 128.345
13.8074 128.404
13.8486 128.463
13.8878 128.499
13.9269 128.533
13.9727 128.646
14.0164 128.734
14.0559 128.772
14.0959 128.816
14.1342 128.84
14.1725 128.863
14.212 128.901
14.2669 129.117
14.3049 129.136
