-24.8702 83.9027
-24.8434 83.8995
-20.35 151.963
-20.2464 151.77
-20.201 151.733
-20.1581 151.718
-19.5503 150.653
-19.5086 150.649
-18.7753 149.908
-18.7333 149.899
-18.6919 149.894
-18.3824 149.668
-18.3383 149.637
-18.2971 149.635
-18.2531 149.603
-18.2114 149.596
-18.1698 149.589
-18.126 149.56
-18.0812 149.521
-17.9095 149.439
-17.8679 149.432
-17.8238 149.398
-17.7798 149.367
-17.7387 149.365
-17.6943 149.329
-17.6532 149.327
-17.6118 149.322
-17.5675 149.286
-17.5236 149.254
-17.4823 149.25
-17.441 149.245
-17.3994 149.238
-17.3556 149.207
-17.314 149.2
-17.2727 149.196
-17.2273 149.147
-17.1862 149.145
-17.1456 149.148
-17.104 149.141
-17.0623 149.132
-17.0212 149.13
-16.977 149.093
-16.9337 149.067
-16.8944 149.084
-16.8533 149.082
-16.812 149.078
-16.7696 149.061
-16.7284 149.057
-16.6866 149.047
-16.6436 149.023
-16.6023 149.019
-16.5612 149.017
-16.5195 149.007
-16.4785 149.005
-16.4374 149.003
-16.3946 148.982
-16.3518 148.96
-16.311 148.961
-16.2689 148.946
-16.2268 148.932
-16.1851 148.923
-16.1442 148.923
-16.1036 148.926
-16.063 148.929
-16.0217 148.924
-15.9813 148.93
-15.9411 148.937
-15.9009 148.945
-15.8602 148.948
-15.8196 148.951
-15.7779 148.941
-15.7358 148.927
-15.6954 148.932
-15.6558 148.947
-15.6149 148.948
-15.5726 148.931
-15.5313 148.927
-15.4907 148.929
-15.4511 148.944
-15.4116 148.962
-15.3736 148.997
-15.3345 149.019
-15.2898 148.973
-15.2477 148.959
-15.2043 148.927
-15.1658 148.957
-15.1269 148.982
-15.0872 148.997
-15.0469 149.005
-15.0056 149
-14.9661 149.018
-14.9258 149.025
-14.8843 149.018
-14.8421 149.002
-14.8006 148.995
-14.7593 148.99
-14.7192 149
-14.6816 149.042
-14.6411 149.048
-14.6002 149.048
-14.56 149.058
-14.5197 149.066
-14.4791 149.071
-14.4392 149.084
-14.4 149.106
-14.3603 149.124
-14.3202 149.134
-14.2785 149.124
-14.2377 149.127
-14.1979 149.142
-14.1573 149.148
-14.1171 149.158
-14.0779 149.18
-14.038 149.195
-13.998 149.208
-13.9579 149.22
-13.9203 149.265
-13.8807 149.285
-13.8399 149.288
-13.7995 149.295
-13.7603 149.32
-13.7201 149.331
-13.6794 149.336
-13.64 149.358
-13.5996 149.366
-13.5591 149.374
-13.5211 149.416
-13.4815 149.436
-13.441 149.444
-13.4007 149.454
-13.3619 149.486
-13.3237 149.526
-13.2844 149.551
-13.2444 149.566
-13.2059 149.603
-13.1656 149.613
-13.1261 149.636
-13.0872 149.668
-13.0468 149.679
-13.0066 149.691
-12.968 149.729
-12.9297 149.768
-12.8906 149.798
-12.8515 149.828
-12.8116 149.846
-12.7713 149.859
-12.733 149.901
-12.6935 149.926
-12.654 149.951
-12.6137 149.964
-12.5747 149.996
-12.536 150.034
-12.496 150.051
-12.4584 150.106
-12.4183 150.124
-12.3794 150.159
-12.3392 150.174
-12.302 150.236
-12.2632 150.274
-12.225 150.321
-12.1881 150.389
-12.1478 150.404
-12.1091 150.444
-12.0707 150.489
-12.0313 150.519
-11.991 150.535
-11.9533 150.592
-11.9132 150.612
-11.8763 150.683
-11.8392 150.75
-11.7988 150.765
-11.7596 150.801
-11.7226 150.871
-11.6824 150.891
-11.6455 150.964
-11.6084 151.034
-11.5697 151.08
-11.5312 151.128
-11.494 151.198
-11.4538 151.218
-11.4171 151.299
-11.3799 151.37
-11.3406 151.408
-11.302 151.456
-10.8984 152.388
-10.7082 154.219
-10.6721 154.328
