-9.02417 136.149
-8.98351 136.098
-8.66128 135
-8.62173 134.964
-8.58294 134.944
-8.54113 134.863
-8.45431 134.636
-8.41469 134.597
-8.37487 134.554
-7.96785 133.912
-7.92879 133.88
-7.88965 133.845
-7.84928 133.784
-7.80961 133.737
-7.76967 133.684
-7.73155 133.67
-7.6925 133.635
-7.6529 133.588
-7.61471 133.572
-7.57607 133.545
-7.53589 133.484
-7.49565 133.422
-7.4567 133.387
-7.41794 133.357
-7.38001 133.344
-7.34119 133.312
-7.30132 133.255
-7.26236 133.219
-7.22395 133.194
-7.18597 133.18
-7.14749 133.154
-7.1079 133.101
-7.07013 133.091
-7.03168 133.065
-6.99392 133.055
-6.95457 133.006
-6.91557 132.966
-6.87784 132.955
-6.83838 132.903
-6.80083 132.897
-6.76337 132.893
-6.72404 132.842
-6.68635 132.832
-6.64794 132.804
-6.61018 132.792
-6.57195 132.768
-6.53342 132.735
-6.49505 132.707
-6.45741 132.697
-6.41914 132.671
-6.38158 132.663
-6.34334 132.637
-6.30503 132.608
-6.26742 132.598
-6.22928 132.574
-6.19115 132.55
-6.1537 132.544
-6.11633 132.54
-6.07875 132.53
-6.03963 132.478
-6.00213 132.469
-5.96435 132.453
-5.927 132.449
-5.88937 132.437
-5.85055 132.391
-5.81265 132.371
-5.77505 132.359
-5.73738 132.345
-5.7 132.339
-5.66255 132.331
-5.62537 132.331
-5.58819 132.331
-5.55082 132.325
-5.51297 132.305
-5.47521 132.286
-5.43791 132.282
-5.40061 132.278
-5.3628 132.258
-5.32538 132.25
-5.28828 132.252
-5.25061 132.236
-5.21295 132.22
-5.17542 132.208
-5.13815 132.204
-5.10112 132.208
-5.06379 132.202
-5.02621 132.188
-4.9887 132.176
-4.9512 132.164
-4.91376 132.154
-4.87644 132.148
-4.83924 132.146
-4.8021 132.146
-4.76508 132.15
-4.72806 132.153
-4.69075 132.147
-4.65299 132.125
-4.61546 132.111
-4.57822 132.107
-4.54131 132.115
-4.50401 132.109
-4.4665 132.095
-4.42926 132.091
-4.3924 132.101
-4.35559 132.113
-4.31845 132.113
-4.28096 132.099
-4.24388 132.101
-4.20731 132.123
-4.16982 132.109
-4.13213 132.087
-4.0948 132.079
-4.05783 132.085
-4.02055 132.079
-3.98367 132.089
-3.94678 132.098
-3.91007 132.116
-3.87308 132.122
-3.83599 132.124
-3.79866 132.116
-3.76176 132.126
-3.72475 132.132
-3.6877 132.136
-3.65047 132.132
-3.61351 132.14
-3.57619 132.132
-3.53888 132.124
-3.5017 132.122
-3.46481 132.134
-3.42796 132.148
-3.39107 132.16
-3.35404 132.166
-3.31669 132.155
-3.27926 132.141
-3.24212 132.141
-3.20517 132.151
-3.16806 132.153
-3.13087 132.151
-3.09384 132.157
-3.05699 132.173
-3.02006 132.185
-2.98305 132.193
-2.94611 132.205
-2.90906 132.211
-2.872 132.217
-2.83508 132.231
-2.79806 132.239
-2.76102 132.247
-2.72405 132.259
-2.68711 132.273
-2.6501 132.283
-2.61321 132.3
-2.57616 132.308
-2.53897 132.308
-2.50185 132.312
-2.46478 132.32
-2.42786 132.338
-2.39079 132.346
-2.35395 132.37
-2.31695 132.384
-2.28003 132.404
-2.2429 132.41
-2.20594 132.428
-2.16892 132.442
-2.13183 132.452
-2.0949 132.474
-2.05778 132.482
-2.02083 132.504
-1.98367 132.51
-1.9468 132.54
-1.90985 132.564
-1.8727 132.572
-1.83568 132.592
-1.79847 132.596
-1.76133 132.606
-1.7244 132.636
-1.6875 132.67
-1.65052 132.698
-1.61345 132.718
-1.57627 132.728
-1.5391 132.74
-1.50227 132.789
-1.46506 132.799
-1.428 132.825
-1.39075 132.831
-1.35384 132.877
-1.3166 132.887
-1.27936 132.897
-1.24244 132.947
-1.20517 132.955
-1.16819 133.004
-1.13089 133.01
-1.0936 133.018
-1.05647 133.05
-1.01916 133.058
-0.870433 133.183
-0.721731 133.361
-0.684331 133.367
-0.310947 133.759
-0.27349 133.787
-0.236036 133.824
-0.198562 133.858
-0.161072 133.893
-0.123607 133.96
-0.0860992 134.015
-0.0485518 134.05
-0.0109912 134.089
0.0265779 134.156
0.0641776 134.216
0.101799 134.244
0.139435 134.275
0.177104 134.341
0.252536 134.478
0.328084 134.611
0.365866 134.657
0.403751 134.745
0.441626 134.811
0.479527 134.875
0.823571 135.834
0.861851 135.9
