-24.8707 83.9047
-24.8437 83.9005
-6.47716 145.55
-6.43536 145.508
-5.67617 144.425
-5.63605 144.423
-5.59499 144.391
-5.51072 144.254
-5.47043 144.244
-5.43014 144.235
-5.38819 144.17
-5.18296 143.987
-5.14268 143.976
-5.10207 143.953
-5.06128 143.923
-5.02024 143.884
-4.89818 143.801
-4.85814 143.796
-4.81656 143.734
-4.77635 143.722
-4.7356 143.69
-4.69487 143.658
-4.65409 143.623
-4.6135 143.596
-4.57339 143.587
-4.53317 143.573
-4.49273 143.55
-4.45218 143.523
-4.41204 143.511
-4.37146 143.481
-4.33122 143.465
-4.2906 143.433
-4.2494 143.376
-4.20931 143.364
-4.16938 143.36
-4.12939 143.353
-4.08946 143.348
-4.04918 143.328
-4.0089 143.307
-3.96888 143.298
-3.92901 143.296
-3.88865 143.271
-3.8486 143.259
-3.8085 143.246
-3.76831 143.227
-3.7278 143.193
-3.68786 143.186
-3.64798 143.182
-3.60805 143.175
-3.56794 143.159
-3.52766 143.134
-3.48761 143.12
-3.44765 143.111
-3.40779 143.107
-3.36788 143.1
-3.32785 143.086
-3.28787 143.075
-3.24805 143.073
-3.20816 143.066
-3.16811 143.05
-3.12814 143.038
-3.08829 143.034
-3.04841 143.027
-3.00834 143.009
-2.96843 143
-2.92859 142.995
-2.88898 143.005
-2.84922 143.005
-2.80921 142.989
-2.7692 142.973
-2.72945 142.973
-2.68962 142.968
-2.64973 142.959
-2.60991 142.955
-2.57006 142.948
-2.53011 142.934
-2.49046 142.941
-2.45089 142.955
-2.41101 142.946
-2.37108 142.933
-2.33123 142.926
-2.29142 142.921
-2.25156 142.912
-2.21209 142.935
-2.17256 142.954
-2.13302 142.972
-2.09328 142.975
-2.0537 142.991
-2.01359 142.961
-1.9733 142.913
-1.93342 142.901
-1.89348 142.883
-1.85399 142.909
-1.81417 142.902
-1.77439 142.9
-1.73475 142.911
-1.6951 142.923
-1.65543 142.932
-1.61583 142.95
-1.57615 142.96
-1.53638 142.96
-1.49663 142.962
-1.45695 142.974
-1.41718 142.974
-1.37732 142.962
-1.33765 142.976
-1.29796 142.988
-1.25825 142.997
-1.21851 143.004
-1.17878 143.011
-1.13908 143.025
-1.09932 143.029
-1.05957 143.036
-1.0198 143.039
-0.980019 143.041
-0.940323 143.06
-0.900607 143.076
-0.860862 143.087
-0.82107 143.09
-0.781286 143.094
-0.741528 143.106
-0.701774 143.12
-0.662013 143.134
-0.622222 143.141
-0.582451 143.154
-0.542679 143.171
-0.502881 143.18
-0.463091 143.194
-0.423311 143.214
-0.383506 143.228
-0.343691 143.24
-0.303874 143.254
-0.264048 143.265
-0.224243 143.298
-0.184404 143.311
-0.144555 143.321
-0.104701 143.33
-0.0648463 143.346
-0.0249861 143.376
0.0148862 143.39
0.0547621 143.395
0.0946448 143.409
0.134546 143.439
0.174442 143.45
0.21436 143.476
0.254274 143.49
0.294212 143.515
0.334174 143.547
0.374112 143.561
0.414078 143.585
0.454048 143.605
0.494046 143.633
0.534056 143.661
0.574035 143.675
0.614004 143.684
0.654136 143.737
0.694141 143.751
0.734208 143.779
0.774316 143.814
0.814347 143.828
0.854438 143.853
0.894552 143.881
0.934619 143.898
0.974903 143.953
1.01502 143.974
1.0551 143.988
1.09546 144.046
1.13582 144.102
1.17593 144.114
1.21618 144.146
1.25644 144.179
1.29662 144.197
1.33705 144.249
1.37746 144.295
1.41786 144.337
1.45804 144.349
1.49837 144.379
1.53903 144.447
1.57956 144.496
1.62 144.533
1.66044 144.568
1.70112 144.627
1.74162 144.664
1.78213 144.702
1.82276 144.749
1.86359 144.814
1.9045 144.884
1.94493 144.906
1.98581 144.969
2.02681 145.039
2.06728 145.06
2.10794 145.098
2.19019 145.246
2.23132 145.317
2.52147 145.912
