-12.8012 114.746
-12.7691 114.764
-12.7336 114.744
-11.4407 112.524
-11.4053 112.497
-11.3277 112.359
-11.2905 112.309
-11.2568 112.302
-11.222 112.282
-10.8698 112.02
-10.8345 111.991
-10.7996 111.968
-10.7648 111.946
-10.7296 111.919
-10.6963 111.916
-10.5897 111.82
-10.4848 111.744
-10.4486 111.703
-10.4138 111.68
-10.3805 111.677
-10.3471 111.672
-10.3135 111.664
-10.2774 111.623
-10.2423 111.595
-10.2089 111.591
-10.1748 111.575
-10.1413 111.569
-10.1065 111.545
-10.0719 111.523
-10.0383 111.515
-10.0036 111.492
-9.96881 111.467
-9.9339 111.44
-9.90066 111.437
-9.86776 111.439
-9.83453 111.436
-9.79921 111.403
-9.76544 111.392
-9.73189 111.384
-9.699 111.386
-9.66621 111.389
-9.6331 111.387
-9.5974 111.348
-9.56237 111.319
-9.52885 111.311
-9.49575 111.309
-9.46287 111.311
-9.42861 111.292
-9.39542 111.289
-9.36117 111.27
-9.32756 111.261
-9.29292 111.236
-9.25838 111.213
-9.22552 111.214
-9.19234 111.211
-9.15814 111.192
-9.12517 111.192
-9.09333 111.21
-9.06066 111.214
-9.02748 111.211
-8.99219 111.175
-8.95691 111.139
-8.92265 111.119
-8.8898 111.121
-8.85695 111.122
-8.8233 111.111
-8.79005 111.107
-8.75739 111.112
-8.72454 111.113
-8.69119 111.107
-8.65814 111.105
-8.62373 111.082
-8.59011 111.071
-8.55716 111.071
-8.52412 111.07
-8.49069 111.062
-8.45699 111.049
-8.42405 111.049
-8.3912 111.051
-8.35806 111.048
-8.32465 111.04
-8.29152 111.037
-8.25839 111.034
-8.22526 111.031
-8.19195 111.025
-8.15883 111.022
-8.12579 111.02
-8.09267 111.017
-8.05991 111.02
-8.02787 111.036
-7.99493 111.036
-7.96153 111.028
-7.92868 111.03
-7.89573 111.03
-7.86225 111.02
-7.82957 111.025
-7.79715 111.034
-7.76429 111.036
-7.73082 111.027
-7.69822 111.033
-7.66561 111.039
-7.63206 111.028
-7.60031 111.05
-7.56829 111.067
-7.53533 111.067
-7.5017 111.055
-7.46916 111.063
-7.4362 111.063
-7.40316 111.061
-7.3707 111.07
-7.33798 111.075
-7.3056 111.086
-7.27304 111.094
-7.24007 111.094
-7.20678 111.088
-7.17373 111.086
-7.14092 111.089
-7.10851 111.1
-7.07602 111.11
-7.04313 111.111
-7.01023 111.113
-6.97773 111.122
-6.94467 111.121
-6.91122 111.111
-6.87887 111.124
-6.84705 111.147
-6.81445 111.155
-6.78138 111.153
-6.74824 111.15
-6.71518 111.149
-6.68295 111.164
-6.65086 111.183
-6.61816 111.189
-6.58569 111.2
-6.55366 111.221
-6.5208 111.224
-6.48742 111.216
-6.45463 111.221
-6.42221 111.233
-6.39044 111.26
-6.358 111.272
-6.32541 111.282
-6.29246 111.283
-6.25893 111.273
-6.22563 111.266
-6.19289 111.273
-6.16078 111.293
-6.12873 111.315
-6.09632 111.329
-6.06467 111.36
-6.03218 111.373
-5.99995 111.392
-5.96724 111.399
-5.93528 111.425
-5.90316 111.446
-5.87009 111.446
-5.83703 111.447
-5.80476 111.465
-5.77268 111.489
-5.74 111.498
-5.70725 111.506
-5.67553 111.539
-5.6427 111.545
-5.60993 111.553
-5.57773 111.575
-5.54629 111.616
-5.51344 111.622
-5.48121 111.644
-5.44903 111.668
-5.41685 111.692
-5.38397 111.698
-5.35164 111.718
-5.31942 111.742
-5.28732 111.769
-5.25448 111.777
-5.22211 111.797
-5.18962 111.815
-5.15664 111.819
-5.12366 111.824
-5.0912 111.843
-5.05856 111.857
-5.02673 111.893
-4.99396 111.905
-4.96147 111.923
-4.92908 111.946
-4.89685 111.972
-4.86541 112.021
-4.83327 112.051
-4.80105 112.08
-4.76866 112.104
-4.73626 112.127
-3.99197 112.813
-3.95866 112.816
