8.30556 172.915
8.52411 167.938
8.56888 167.918
8.61074 167.826
8.65244 167.731
8.69422 167.64
8.73462 167.516
8.77633 167.424
8.81973 167.374
8.86435 167.354
8.99097 167.124
9.16026 166.84
9.20332 166.787
9.24674 166.743
9.29014 166.699
9.3334 166.652
9.37519 166.573
9.41972 166.556
9.46304 166.512
9.50489 166.436
9.54938 166.419
9.59224 166.366
9.63401 166.29
9.67886 166.282
9.72384 166.276
9.76705 166.232
9.80996 166.183
9.85133 166.101
9.89406 166.049
9.93857 166.035
9.98097 165.976
10.0252 165.956
10.0697 165.942
10.1119 165.881
10.156 165.861
10.2004 165.843
10.2426 165.785
10.2872 165.774
10.3321 165.768
10.3752 165.727
10.4183 165.687
10.4627 165.672
10.5063 165.644
10.5504 165.623
10.5933 165.58
10.636 165.534
10.6795 165.502
10.7229 165.47
10.7674 165.459
10.8116 165.441
10.8559 165.427
10.8999 165.407
10.9436 165.381
10.9868 165.346
11.0289 165.291
11.0735 165.283
11.1179 165.271
11.1628 165.268
11.2075 165.263
11.2517 165.248
11.2949 165.214
11.3385 165.188
11.3833 165.185
11.4284 165.185
11.4724 165.168
11.5165 165.151
11.5612 165.145
11.6054 165.131
11.6484 165.096
11.6908 165.05
11.735 165.036
11.7791 165.021
11.823 165.001
11.8669 164.984
11.9116 164.978
11.9566 164.978
12.001 164.97
12.0455 164.961
12.0895 164.944
12.1329 164.918
12.1768 164.901
12.222 164.904
12.2673 164.91
12.3102 164.875
12.3553 164.878
12.3994 164.864
12.443 164.841
12.487 164.827
12.5323 164.832
12.5764 164.818
12.6205 164.804
12.6624 164.755
12.707 164.749
12.7515 164.743
12.7981 164.769
12.8441 164.787
12.8892 164.79
12.9339 164.787
12.9807 164.816
13.0275 164.845
13.0733 164.859
13.1185 164.862
13.1645 164.879
13.208 164.856
13.2494 164.802
13.2938 164.793
13.3401 164.813
13.3848 164.811
13.4309 164.828
13.4768 164.842
13.5229 164.86
13.5686 164.871
13.6147 164.889
13.6598 164.892
13.7044 164.886
13.7492 164.883
13.7955 164.903
13.8409 164.909
13.8854 164.903
13.9302 164.901
13.9754 164.904
14.0213 164.918
14.0688 164.956
14.1158 164.984
14.1608 164.984
14.2056 164.982
14.2509 164.987
14.2961 164.99
14.3423 165.008
14.3905 165.054
14.4359 165.06
14.4813 165.066
14.5259 165.06
14.5709 165.06
14.6153 165.051
14.6622 165.077
14.7082 165.092
14.7563 165.135
14.8015 165.138
14.8472 165.147
14.893 165.158
14.9395 165.179
14.9869 165.21
15.0355 165.26
15.0816 165.274
15.1292 165.309
15.1777 165.355
15.2234 165.364
15.2691 165.373
15.5038 165.497
15.5497 165.509
15.5979 165.55
15.6457 165.584
15.6917 165.596
15.831 165.648
15.979 165.811
16.0215 165.776
16.0677 165.791
16.1186 165.863
16.1649 165.878
16.2137 165.925
16.2617 165.96
16.308 165.974
16.4541 166.105
16.5033 166.155
16.8015 166.485
16.8507 166.532
16.8938 166.506
