13.3379 135.863
13.371 135.802
13.3762 135.382
13.3961 135.153
13.4242 135.031
13.459 134.994
13.8853 134.222
13.9196 134.183
13.9539 134.144
14.1123 133.798
14.1469 133.765
14.2423 133.567
14.277 133.536
14.3092 133.475
14.3432 133.436
14.4732 133.215
14.5092 133.2
14.5419 133.148
14.5782 133.137
14.6103 133.079
14.6426 133.022
14.6783 133.005
14.7107 132.951
14.7456 132.924
14.78 132.894
14.8161 132.882
14.8459 132.799
14.8821 132.789
14.9144 132.734
14.9506 132.724
15.0188 132.657
15.0872 132.592
15.1192 132.536
15.1528 132.498
15.1875 132.471
15.2216 132.439
15.2555 132.405
15.2912 132.391
15.3256 132.362
15.3608 132.342
15.397 132.334
15.4318 132.31
15.4664 132.283
15.5022 132.271
15.5357 132.233
15.5676 132.179
15.6035 132.167
15.6378 132.139
15.6721 132.11
15.7064 132.082
15.7424 132.072
15.7784 132.062
15.8115 132.022
15.8471 132.008
15.8789 131.954
15.9145 131.939
15.9506 131.931
15.9856 131.911
16.0186 131.871
16.0549 131.865
16.0916 131.863
16.1281 131.859
16.1613 131.821
16.1973 131.812
16.2332 131.802
16.266 131.76
16.3021 131.752
16.3373 131.736
16.3732 131.726
16.409 131.716
16.4437 131.694
16.4786 131.674
16.515 131.669
16.5498 131.649
16.5835 131.617
16.6197 131.611
16.6567 131.613
16.6935 131.613
16.7293 131.603
16.7629 131.571
16.7974 131.549
16.8322 131.529
16.868 131.518
16.9038 131.508
16.9399 131.502
16.9757 131.492
17.0114 131.482
17.0464 131.464
17.0819 131.452
17.1182 131.448
17.1542 131.439
17.1905 131.435
17.2264 131.427
17.2617 131.413
17.2978 131.407
17.3358 131.419
17.3721 131.414
17.4068 131.394
17.4406 131.366
17.4759 131.352
17.5128 131.354
17.5497 131.356
17.5875 131.365
17.6238 131.361
17.6574 131.331
17.6913 131.306
17.727 131.295
17.7654 131.311
17.8042 131.331
17.8426 131.346
17.8799 131.352
17.9151 131.338
17.9514 131.334
17.9879 131.331
18.0237 131.323
18.06 131.319
18.0965 131.317
18.1314 131.301
18.1664 131.285
18.2039 131.292
18.2408 131.294
18.2773 131.292
18.3129 131.282
18.3479 131.266
18.3847 131.268
18.4221 131.273
18.4585 131.271
18.4948 131.267
18.5314 131.267
18.5679 131.264
18.6061 131.278
18.6434 131.284
18.679 131.274
18.7152 131.269
18.7534 131.283
18.7903 131.285
18.8256 131.273
18.8614 131.265
18.8981 131.264
18.9358 131.274
18.9741 131.287
19.0121 131.299
19.049 131.301
19.0854 131.299
19.1216 131.294
19.1587 131.298
19.1974 131.316
19.2343 131.317
19.2719 131.325
19.3102 131.339
19.348 131.348
19.3862 131.362
19.4234 131.366
19.4609 131.373
19.4976 131.373
19.5347 131.377
19.5712 131.374
19.6083 131.378
19.6457 131.384
19.6833 131.391
19.7209 131.399
19.7627 131.442
19.801 131.456
19.8379 131.458
19.876 131.469
19.9134 131.475
19.9503 131.477
19.9874 131.48
20.0246 131.484
20.0617 131.488
20.0998 131.499
20.1398 131.527
20.1784 131.543
20.2175 131.562
20.2559 131.576
20.2933 131.581
20.3312 131.591
20.3696 131.605
20.4091 131.628
20.4473 131.64
20.4864 131.659
20.5255 131.679
20.5635 131.689
20.6024 131.706
20.6418 131.728
20.6804 131.743
20.7194 131.761
20.76 131.792
20.7999 131.818
20.8381 131.83
20.8788 131.861
20.9173 131.875
20.9553 131.884
20.9955 131.912
21.037 131.949
21.0745 131.955
21.114 131.977
21.1535 131.998
21.191 132.004
21.229 132.014
21.2721 132.063
21.477 132.227
21.5149 132.235
22.0965 132.739
22.1376 132.771
22.2246 132.871
22.582 133.334
