-24.8698 83.9006
-24.843 83.8975
-28.2061 146.082
-28.1652 146.075
-28.1236 146.064
-27.0337 145.177
-26.993 145.17
-26.9447 145.112
-26.9033 145.101
-26.8147 145.039
-26.774 145.032
-26.7333 145.026
-26.6451 144.966
-26.6048 144.962
-26.5563 144.902
-26.5157 144.895
-26.4757 144.893
-26.4361 144.894
-26.3961 144.892
-26.3521 144.862
-26.3121 144.86
-26.2715 144.854
-26.2275 144.824
-26.1862 144.813
-26.1449 144.801
-26.1023 144.781
-26.0606 144.767
-26.0177 144.745
-25.9774 144.74
-25.9368 144.734
-25.8939 144.711
-25.8533 144.704
-25.813 144.7
-25.7721 144.691
-25.7242 144.634
-25.6836 144.627
-25.644 144.628
-25.6044 144.628
-25.5616 144.605
-25.5207 144.596
-25.4804 144.592
-25.4405 144.59
-25.3976 144.568
-25.3574 144.563
-25.3178 144.564
-25.2785 144.567
-25.2389 144.567
-25.1987 144.563
-25.1585 144.559
-25.1182 144.555
-25.0783 144.553
-25.0384 144.551
-24.9969 144.537
-24.9569 144.536
-24.918 144.541
-24.8761 144.525
-24.8369 144.528
-24.7969 144.526
-24.757 144.524
-24.7161 144.515
-24.6753 144.506
-24.6347 144.5
-24.5954 144.503
-24.5565 144.508
-24.5168 144.508
-24.4775 144.511
-24.4379 144.511
-24.398 144.51
-24.3581 144.508
-24.3194 144.515
-24.2804 144.52
-24.242 144.53
-24.203 144.535
-24.1637 144.538
-24.1247 144.543
-24.0863 144.553
-24.0473 144.558
-24.0082 144.563
-23.9707 144.58
-23.9323 144.59
-23.8942 144.602
-23.8591 144.637
-23.8207 144.647
-23.7819 144.654
-23.7432 144.662
-23.7008 144.641
-23.6641 144.665
-23.6284 144.696
-23.5854 144.671
-23.5433 144.653
-23.5045 144.66
-23.4657 144.667
-23.4266 144.673
-23.3869 144.673
-23.3451 144.657
-23.3028 144.637
-23.2637 144.642
-23.2267 144.663
-23.1876 144.668
-23.1482 144.671
-23.1082 144.669
-23.0685 144.67
-23.0299 144.68
-22.9932 144.703
-22.9535 144.704
-22.919 144.746
-22.8811 144.761
-22.8428 144.773
-22.8051 144.79
-22.7698 144.825
-22.7315 144.837
-22.6941 144.856
-22.6558 144.868
-22.6177 144.883
-22.5788 144.89
-22.5396 144.896
-22.5022 144.915
-22.4639 144.927
-22.4258 144.941
-22.3895 144.97
-22.3525 144.994
-22.3136 145.001
-22.2747 145.009
-22.2371 145.028
-22.1987 145.04
-22.1604 145.052
-22.1225 145.069
-22.0867 145.102
-22.0485 145.117
-22.0107 145.134
-21.9765 145.181
-21.9383 145.195
-21.9002 145.21
-21.867 145.267
-21.8291 145.284
-21.7923 145.31
-21.7561 145.341
-21.719 145.365
-21.6821 145.391
-21.6434 145.401
-21.6065 145.427
-21.5685 145.444
-21.5341 145.492
-21.4964 145.511
-21.4592 145.535
-21.4204 145.545
-21.3851 145.585
-21.3496 145.624
-21.3112 145.638
-21.2773 145.69
-21.2392 145.707
-21.2028 145.739
-21.1663 145.77
-21.1282 145.787
-21.0942 145.839
-21.0569 145.863
-21.0234 145.92
-20.9849 145.935
-20.9484 145.966
-20.9121 146
-20.8742 146.019
-20.8403 146.074
-20.8024 146.093
-20.7693 146.155
-20.7329 146.189
-20.6942 146.201
-20.6588 146.245
-20.6259 146.309
-20.59 146.348
-20.5549 146.393
-20.5188 146.429
-20.4831 146.47
-20.4479 146.516
-20.4152 146.583
-20.38 146.629
-20.3432 146.66
-20.3069 146.696
-20.2722 146.747
-20.2393 146.814
-20.2061 146.879
-20.171 146.927
-20.1381 146.995
-20.1056 147.067
-20.0676 147.089
-20.0354 147.164
-20.0031 147.238
-19.9392 147.395
-19.9043 147.446
-19.8745 147.545
-19.8426 147.625
-19.8096 147.696
-19.7735 147.737
-19.5407 148.606
-19.6227 150.166
-19.598 150.322
-19.5644 150.395
-19.5234 150.395
-19.4728 150.304
