-5.19818 151.575
-5.15662 151.598
-5.1138 151.575
-4.03386 148.534
-3.90439 148.308
-3.8629 148.308
-3.8213 148.304
-3.77894 148.262
-3.73604 148.193
-3.64976 148.027
-3.6073 147.976
-3.56535 147.949
-3.52374 147.939
-3.48209 147.927
-3.4397 147.876
-3.39789 147.854
-3.35568 147.811
-3.31397 147.794
-3.27193 147.757
-3.22994 147.723
-3.18784 147.682
-3.14618 147.665
-3.10377 147.604
-3.06222 147.592
-3.02059 147.575
-2.9782 147.512
-2.93577 147.444
-2.89399 147.415
-2.85253 147.406
-2.81081 147.379
-2.76928 147.365
-2.72766 147.343
-2.68608 147.324
-2.6444 147.297
-2.60291 147.283
-2.56114 147.249
-2.51984 147.247
-2.47827 147.225
-2.43681 147.21
-2.39535 147.196
-2.35339 147.143
-2.31195 147.128
-2.27058 147.119
-2.22868 147.066
-2.18733 147.056
-2.14581 147.032
-2.10455 147.03
-2.06325 147.023
-2.02178 147.001
-1.98002 146.953
-1.93865 146.939
-1.89722 146.917
-1.85599 146.915
-1.81477 146.912
-1.77353 146.908
-1.73216 146.891
-1.69081 146.874
-1.64944 146.855
-1.60785 146.812
-1.56659 146.802
-1.52535 146.795
-1.48416 146.793
-1.44291 146.783
-1.40156 146.762
-1.3604 146.762
-1.31925 146.764
-1.27805 146.76
-1.2368 146.748
-1.19552 146.731
-1.15431 146.724
-1.1132 146.731
-1.07203 146.729
-1.03072 146.705
-0.989457 146.686
-0.948213 146.669
-0.907068 146.669
-0.865985 146.682
-0.824861 146.687
-0.783666 146.677
-0.742377 146.646
-0.701174 146.632
-0.660027 146.629
-0.618834 146.615
-0.577595 146.586
-0.536459 146.584
-0.495271 146.565
-0.454076 146.541
-0.412952 146.539
-0.371823 146.534
-0.330662 146.515
-0.28953 146.505
-0.248443 146.518
-0.20731 146.506
-0.166252 146.542
-0.125174 146.576
-0.0840268 146.554
-0.0429113 146.562
-0.00178729 146.56
0.0393395 146.545
0.0804566 146.567
0.12158 146.565
0.162696 146.543
0.203825 146.56
0.244976 146.597
0.286097 146.587
0.327202 146.568
0.368347 146.583
0.409535 146.619
0.450699 146.634
0.491838 146.634
0.532971 146.631
0.574122 146.636
0.615268 146.639
0.65643 146.646
0.697673 146.678
0.738872 146.693
0.780051 146.7
0.821252 146.712
0.862428 146.717
0.903607 146.722
0.9447 146.708
0.985821 146.701
1.02714 146.735
1.06847 146.766
1.10974 146.786
1.1509 146.783
1.19209 146.786
1.23331 146.793
1.27453 146.801
1.31575 146.808
1.35698 146.816
1.39819 146.82
1.43967 146.862
1.48097 146.876
1.52223 146.886
1.56366 146.915
1.60509 146.945
1.64642 146.959
1.68776 146.974
1.72912 146.991
1.77034 146.991
1.81173 147.011
1.85321 147.037
1.89469 147.064
1.93619 147.091
1.97755 147.103
2.01882 147.106
2.06017 147.116
2.10147 147.121
2.14303 147.15
2.18445 147.165
2.22598 147.189
2.26727 147.192
2.30885 147.218
2.35097 147.289
2.39255 147.313
2.43381 147.311
2.47541 147.336
2.51721 147.375
2.5587 147.389
2.6005 147.426
2.64224 147.458
2.68367 147.465
2.72537 147.492
2.7669 147.507
2.80912 147.568
2.85061 147.578
2.89254 147.617
2.97638 147.69
3.01794 147.703
3.06032 147.766
3.10202 147.786
3.14397 147.82
3.18586 147.85
3.22792 147.889
3.26967 147.909
3.31209 147.967
3.6074 148.25
3.9057 148.637
3.94809 148.677
3.99106 148.744
4.03297 148.759
