-24.8698 83.9006
-24.843 83.8975
10.0577 133.942
10.0953 133.94
10.1331 133.942
10.8501 132.19
10.8842 132.141
10.9206 132.127
11.1209 131.773
11.1561 131.742
11.1909 131.706
11.224 131.646
11.3595 131.45
11.3961 131.442
11.6026 131.207
11.6388 131.195
11.6732 131.157
11.7061 131.097
11.7421 131.083
11.7773 131.057
11.847 130.995
11.8801 130.939
11.9145 130.903
11.9498 130.879
11.9859 130.867
12.0192 130.815
12.0551 130.801
12.0901 130.773
12.1258 130.755
12.1621 130.747
12.1984 130.737
12.2329 130.703
12.2663 130.655
12.299 130.597
12.3329 130.558
12.3691 130.548
12.4059 130.546
12.4416 130.53
12.4779 130.522
12.5125 130.49
12.5455 130.438
12.5816 130.428
12.6174 130.414
12.6525 130.39
12.688 130.372
12.7241 130.362
12.759 130.337
12.795 130.325
12.8302 130.303
12.8664 130.295
12.901 130.265
12.9355 130.235
12.9717 130.227
13.0048 130.18
13.0406 130.166
13.076 130.148
13.1123 130.142
13.1487 130.136
13.1849 130.128
13.2212 130.122
13.2569 130.108
13.2927 130.094
13.328 130.077
13.3642 130.069
13.4007 130.065
13.436 130.047
13.4708 130.021
13.5053 129.993
13.5411 129.982
13.5763 129.962
13.6129 129.96
13.6497 129.96
13.686 129.954
13.7216 129.94
13.7569 129.922
13.791 129.891
13.8268 129.879
13.8631 129.873
13.8998 129.873
13.9364 129.871
13.9732 129.871
14.0091 129.861
14.0455 129.857
14.0821 129.855
14.1185 129.851
14.1546 129.843
14.1908 129.837
14.2271 129.831
14.2626 129.817
14.2983 129.805
14.3339 129.791
14.3687 129.77
14.4053 129.768
14.4415 129.762
14.4779 129.758
14.5153 129.765
14.5524 129.769
14.591 129.791
14.6236 129.744
14.6603 129.744
14.6965 129.738
14.7343 129.749
14.7712 129.751
14.8079 129.751
14.8443 129.747
14.8799 129.735
14.9159 129.728
14.9519 129.72
14.9887 129.72
15.0255 129.721
15.0621 129.719
15.0983 129.713
15.1344 129.708
15.1713 129.709
15.2089 129.719
15.2467 129.731
15.2842 129.739
15.3212 129.743
15.358 129.743
15.3945 129.741
15.4307 129.735
15.4668 129.729
15.5039 129.733
15.5404 129.731
15.5766 129.725
15.6131 129.723
15.65 129.724
15.6872 129.73
15.7253 129.744
15.7629 129.754
15.8015 129.773
15.839 129.781
15.8764 129.789
15.9135 129.793
15.9497 129.787
15.9858 129.781
16.0229 129.785
16.0604 129.793
16.0981 129.802
16.1354 129.808
16.1725 129.812
16.21 129.82
16.2471 129.824
16.2848 129.834
16.3221 129.84
16.36 129.851
16.3977 129.861
16.4356 129.873
16.4737 129.887
16.5116 129.898
16.5511 129.926
16.5884 129.932
16.6263 129.943
16.6645 129.957
16.7028 129.973
16.7399 129.977
16.7773 129.983
16.816 130.002
16.853 130.004
16.8899 130.006
16.9273 130.012
16.9661 130.032
17.0046 130.049
17.0442 130.077
17.0824 130.091
17.1204 130.102
17.1582 130.112
17.1972 130.134
17.2359 130.152
17.2751 130.175
17.314 130.195
17.352 130.207
17.3906 130.224
17.4301 130.25
17.4686 130.266
17.5081 130.292
17.546 130.301
17.5849 130.321
17.6248 130.351
17.6652 130.384
17.7035 130.398
17.7418 130.412
17.7791 130.416
17.818 130.436
17.8572 130.457
17.8994 130.507
17.9382 130.525
17.9778 130.55
18.0177 130.578
18.0573 130.604
18.0959 130.62
18.1382 130.669
18.1786 130.701
18.2189 130.733
18.2593 130.764
18.2988 130.788
18.337 130.8
18.3772 130.83
18.4203 130.886
18.461 130.919
18.4988 130.927
18.5395 130.961
18.5831 131.021
18.6261 131.075
18.6671 131.111
18.7081 131.146
18.7493 131.184
18.7924 131.238
18.8336 131.276
18.8747 131.312
18.9181 131.368
18.9594 131.406
19.0003 131.44
19.0435 131.494
19.0854 131.536
19.1297 131.601
19.2191 131.733
19.2629 131.792
19.3047 131.832
19.3513 131.914
19.3971 131.989
19.4447 132.08
19.4866 132.12
19.5322 132.193
19.5796 132.28
