-26.3605 147.444
-25.9438 146.77
-25.5517 146.255
-25.5069 146.22
-25.4618 146.183
-25.2758 145.992
-25.2276 145.932
-25.189 145.941
-25.1454 145.914
-25.1004 145.877
-25.0552 145.837
-25.0109 145.805
-24.826 145.617
-24.7821 145.587
-24.7408 145.576
-24.6966 145.543
-24.6531 145.516
-24.6124 145.509
-24.568 145.474
-24.5238 145.442
-24.4825 145.431
-24.4385 145.398
-24.3938 145.361
-24.3503 145.334
-24.3094 145.325
-24.2647 145.288
-24.2238 145.279
-24.1764 145.221
-24.1354 145.212
-24.0912 145.177
-24.0512 145.175
-24.0081 145.15
-23.9675 145.143
-23.8385 145.068
-23.7949 145.038
-23.7555 145.04
-23.7156 145.038
-23.675 145.031
-23.6308 144.997
-23.5903 144.99
-23.55 144.986
-23.5068 144.958
-23.4626 144.924
-23.4185 144.889
-23.3762 144.869
-23.3381 144.881
-23.2978 144.876
-23.2582 144.876
-23.218 144.872
-23.1778 144.867
-23.1349 144.842
-23.092 144.817
-23.0515 144.81
-23.011 144.804
-22.9682 144.778
-22.928 144.774
-22.8898 144.786
-22.8505 144.788
-22.8097 144.779
-22.7695 144.775
-22.7287 144.766
-22.6885 144.761
-22.6488 144.761
-22.6095 144.764
-22.5687 144.755
-22.5271 144.739
-22.4866 144.732
-22.4461 144.726
-22.4045 144.71
-22.3638 144.701
-22.3236 144.696
-22.2842 144.699
-22.2443 144.696
-22.2041 144.692
-22.1642 144.69
-22.1249 144.692
-22.0853 144.693
-22.0454 144.69
-22.0055 144.688
-21.9653 144.684
-21.9254 144.682
-21.8866 144.689
-21.8478 144.696
-21.807 144.687
-21.7655 144.671
-21.7258 144.671
-21.6859 144.669
-21.6466 144.672
-21.6086 144.686
-21.5711 144.704
-21.5345 144.73
-21.4943 144.725
-21.4525 144.707
-21.4142 144.719
-21.3735 144.71
-21.3314 144.689
-21.2982 144.745
-21.2621 144.775
-21.2197 144.752
-21.1803 144.754
-21.1417 144.764
-21.1031 144.773
-21.0643 144.78
-21.0217 144.755
-20.9825 144.76
-20.9447 144.776
-20.9059 144.783
-20.8664 144.786
-20.827 144.788
-20.7879 144.793
-20.7479 144.791
-20.7083 144.791
-20.6707 144.81
-20.6315 144.814
-20.5913 144.81
-20.5513 144.808
-20.5114 144.806
-20.4727 144.815
-20.4383 144.861
-20.4004 144.878
-20.3614 144.885
-20.3233 144.899
-20.2864 144.924
-20.25 144.955
-20.2119 144.969
-20.1729 144.976
-20.1339 144.983
-20.097 145.008
-20.058 145.015
-20.0198 145.03
-19.9836 145.062
-19.9449 145.072
-19.9046 145.067
-19.8666 145.083
-19.8286 145.1
-19.7901 145.112
-19.7513 145.121
-19.7136 145.14
-19.6756 145.156
-19.6385 145.182
-19.6002 145.196
-19.5617 145.207
-19.5251 145.238
-19.4885 145.268
-19.4502 145.282
-19.4126 145.303
-19.3733 145.308
-19.3369 145.341
-19.3008 145.376
-19.2622 145.387
-19.2255 145.418
-19.1869 145.43
-19.1502 145.46
-19.1138 145.493
-19.0775 145.528
-19.0386 145.537
-19.0014 145.563
-18.9627 145.575
-18.9262 145.607
-18.8875 145.619
-18.851 145.652
-18.8142 145.682
-18.7784 145.722
-18.7401 145.739
-18.7055 145.79
-18.6665 145.8
-18.6275 145.809
-18.5904 145.837
-18.5511 145.844
-18.4463 145.994
-18.3395 146.126
-18.3004 146.135
-18.2613 146.145
-18.2274 146.206
-18.1885 146.218
-18.1549 146.284
-18.1181 146.317
-18.0815 146.352
-17.5531 147.118
-17.5194 147.187
-17.4807 147.203
-17.444 147.241
-17.4127 147.336
-17.3789 147.405
-17.3457 147.482
-17.3078 147.508
-17.2741 147.579
-17.2505 147.758
-17.2143 147.803
-17.175 147.816
-17.1399 147.873
-17.108 147.966
-17.0749 148.045
-17.0441 148.151
-17.0109 148.23
-16.9804 148.34
-16.867 148.877
