-6.85639 128.107
-6.81743 128.053
-6.77917 128.014
-6.73993 127.952
-6.69999 127.873
-6.66187 127.837
-6.54442 127.65
-6.50527 127.587
-6.46631 127.527
-6.42863 127.498
-6.39049 127.458
-6.35137 127.393
-6.3135 127.359
-6.27527 127.315
-6.2366 127.259
-6.19849 127.217
-6.15994 127.163
-6.12209 127.127
-6.08352 127.072
-6.04585 127.039
-6.00827 127.009
-5.9707 126.978
-5.93315 126.948
-5.89532 126.91
-5.85708 126.86
-5.81943 126.826
-5.78179 126.792
-5.74417 126.758
-5.70684 126.731
-5.66946 126.702
-5.63133 126.653
-5.59432 126.634
-5.55602 126.579
-5.51863 126.549
-5.48218 126.545
-5.44487 126.517
-5.40698 126.471
-5.3703 126.46
-5.33368 126.45
-5.29661 126.428
-5.25993 126.416
-5.22231 126.376
-5.18476 126.339
-5.14818 126.329
-5.11034 126.282
-5.07353 126.265
-5.03598 126.225
-4.99942 126.216
-4.96293 126.208
-4.92542 126.169
-4.88817 126.137
-4.85146 126.121
-4.81494 126.112
-4.77818 126.095
-4.74167 126.086
-4.7047 126.061
-4.66757 126.031
-4.63056 126.005
-4.59413 125.997
-4.5577 125.99
-4.52055 125.958
-4.48402 125.946
-4.44761 125.939
-4.41115 125.929
-4.37399 125.896
-4.33743 125.882
-4.30071 125.864
-4.26443 125.86
-4.22809 125.854
-4.1914 125.836
-4.15486 125.822
-4.11849 125.815
-4.08166 125.79
-4.04505 125.774
-4.00874 125.768
-3.97228 125.757
-3.93558 125.736
-3.89918 125.727
-3.86284 125.719
-3.82631 125.704
-3.78997 125.697
-3.75354 125.685
-3.7172 125.678
-3.68092 125.672
-3.64446 125.659
-3.60796 125.644
-3.5715 125.631
-3.53532 125.629
-3.49905 125.624
-3.46278 125.618
-3.42635 125.605
-3.38983 125.588
-3.35366 125.586
-3.31757 125.588
-3.28139 125.586
-3.24518 125.583
-3.20877 125.57
-3.17244 125.56
-3.13619 125.555
-3.10006 125.555
-3.06386 125.551
-3.02761 125.545
-2.99152 125.547
-2.95547 125.551
-2.91919 125.544
-2.88299 125.54
-2.84686 125.54
-2.81066 125.536
-2.77429 125.523
-2.73816 125.523
-2.7021 125.527
-2.66604 125.531
-2.62984 125.527
-2.59355 125.518
-2.55736 125.514
-2.52133 125.519
-2.48523 125.521
-2.44907 125.52
-2.41294 125.52
-2.37663 125.508
-2.34076 125.525
-2.30463 125.525
-2.2687 125.538
-2.23248 125.533
-2.196 125.51
-2.15987 125.51
-2.12377 125.512
-2.08771 125.518
-2.05161 125.52
-2.0155 125.522
-1.97941 125.526
-1.94327 125.526
-1.90718 125.529
-1.87109 125.533
-1.83509 125.545
-1.79904 125.552
-1.76294 125.556
-1.72679 125.556
-1.69067 125.558
-1.65452 125.558
-1.61837 125.558
-1.58224 125.56
-1.54617 125.567
-1.51012 125.577
-1.47411 125.592
-1.43803 125.599
-1.40191 125.603
-1.36578 125.607
-1.3297 125.616
-1.29365 125.63
-1.25762 125.645
-1.22151 125.652
-1.18538 125.658
-1.14929 125.669
-1.11316 125.675
-1.077 125.679
-1.04083 125.68
-1.00474 125.694
-0.968779 125.726
-0.932658 125.737
-0.896483 125.741
-0.860317 125.746
-0.824218 125.763
-0.788132 125.784
-0.751983 125.796
-0.715797 125.801
-0.679648 125.814
-0.643492 125.828
-0.607356 125.847
-0.571194 125.862
-0.535032 125.879
-0.498839 125.89
-0.462691 125.915
-0.426531 125.939
-0.390303 125.947
-0.35407 125.954
-0.31786 125.971
-0.281612 125.977
-0.245375 125.988
-0.209173 126.019
-0.172938 126.039
-0.136686 126.056
-0.100426 126.073
-0.0641554 126.089
-0.0278868 126.113
0.00840436 126.125
0.0446916 126.153
0.0809971 126.168
0.117307 126.208
0.153632 126.212
0.18996 126.218
0.226305 126.246
0.262663 126.274
0.299019 126.288
0.335426 126.335
0.3718 126.347
0.408207 126.373
0.444627 126.4
0.48103 126.413
0.517533 126.464
0.554005 126.495
0.590447 126.51
0.626956 126.544
0.663405 126.556
0.699859 126.567
0.736444 126.611
0.773011 126.645
0.809521 126.662
0.846169 126.708
0.88283 126.752
0.919369 126.767
0.955975 126.794
0.992636 126.828
1.02943 126.884
1.066 126.895
1.10279 126.943
1.13937 126.955
1.17623 127.006
1.21301 127.043
1.24995 127.1
1.28672 127.131
1.32336 127.142
1.36037 127.2
1.39742 127.259
1.43423 127.286
1.47091 127.296
1.73108 127.689
1.88054 127.932
1.91744 127.946
2.18244 128.544
2.21944 128.552
2.25641 128.558
2.2935 128.572
