-6.29387 143.267
-6.25335 143.254
-6.21188 143.212
-6.16964 143.148
-6.12751 143.086
-6.08602 143.043
-6.04471 143.004
-6.0035 142.967
-5.75294 142.636
-5.71208 142.606
-5.6718 142.595
-5.63068 142.556
-5.58886 142.495
-5.54854 142.481
-5.50774 142.452
-5.46585 142.386
-5.42481 142.347
-5.3846 142.336
-5.34373 142.302
-5.30286 142.268
-5.26208 142.236
-5.22125 142.202
-5.18043 142.168
-5.14021 142.155
-5.0989 142.102
-5.05851 142.082
-5.01787 142.053
-4.97775 142.042
-4.93707 142.01
-4.89665 141.987
-4.856 141.956
-4.81585 141.942
-4.77455 141.886
-4.73448 141.875
-4.69441 141.863
-4.65393 141.836
-4.61347 141.809
-4.57342 141.798
-4.53343 141.789
-4.49248 141.742
-4.45251 141.733
-4.41243 141.72
-4.37224 141.702
-4.33234 141.695
-4.29195 141.668
-4.25135 141.632
-4.21131 141.619
-4.17137 141.61
-4.13107 141.585
-4.09079 141.56
-4.05092 141.554
-4.011 141.545
-3.97069 141.518
-3.93044 141.493
-3.89064 141.489
-3.85074 141.48
-3.81051 141.455
-3.77034 141.433
-3.73046 141.424
-3.69063 141.417
-3.6508 141.411
-3.61102 141.407
-3.5712 141.4
-3.53111 141.38
-3.49103 141.36
-3.45122 141.353
-3.41141 141.347
-3.37156 141.338
-3.33163 141.324
-3.29191 141.322
-3.25203 141.311
-3.21228 141.307
-3.1724 141.296
-3.13246 141.28
-3.09263 141.271
-3.05296 141.271
-3.01326 141.269
-2.97352 141.265
-2.93374 141.258
-2.89385 141.245
-2.85411 141.241
-2.81434 141.234
-2.77443 141.219
-2.73477 141.219
-2.69521 141.226
-2.65555 141.226
-2.61585 141.224
-2.57603 141.213
-2.53598 141.186
-2.49626 141.182
-2.45666 141.186
-2.41716 141.198
-2.37756 141.202
-2.33786 141.2
-2.29811 141.194
-2.25839 141.19
-2.21867 141.185
-2.17904 141.188
-2.09452 137.445
-2.09995 141.208
-2.06023 141.204
-2.02041 141.191
-1.98064 141.182
-1.89901 137.323
-1.85978 137.284
-1.86132 141.151
-1.82175 141.16
-1.78241 141.192
-1.74282 141.201
-1.70322 141.208
-1.66358 141.213
-1.62395 141.217
-1.58437 141.229
-1.54475 141.236
-1.5051 141.24
-1.46544 141.243
-1.42588 141.259
-1.38624 141.266
-1.34659 141.271
-1.30696 141.28
-1.26734 141.291
-1.22772 141.303
-1.18797 141.296
-1.14836 141.31
-1.10878 141.33
-1.06909 141.333
-1.02939 141.335
-0.989714 141.342
-0.950072 141.356
-0.91039 141.363
-0.870703 141.37
-0.831076 141.391
-0.79144 141.411
-0.751747 141.42
-0.712039 141.427
-0.67232 141.432
-0.632598 141.437
-0.592889 141.446
-0.553203 141.464
-0.513522 141.487
-0.4738 141.499
-0.434106 141.524
-0.39437 141.535
-0.354712 141.587
-0.314964 141.604
-0.27519 141.608
-0.235408 141.608
-0.19563 141.613
-0.155864 141.634
-0.116083 141.645
-0.0763058 141.677
-0.0365086 141.689
0.00329321 141.716
0.0431076 141.744
0.0829268 141.751
0.122766 141.785
0.162615 141.812
0.202451 141.815
0.242294 141.822
0.28218 141.856
0.322048 141.87
0.362001 141.925
0.401876 141.932
0.441755 141.939
0.481696 141.968
0.521607 141.982
0.561633 142.033
0.601565 142.046
0.641581 142.083
0.681523 142.095
0.721541 142.124
0.761591 142.159
0.801558 142.17
0.841614 142.2
0.881814 142.258
0.921789 142.265
1.00211 142.345
1.04225 142.377
1.08242 142.412
1.12258 142.442
1.16264 142.453
1.20305 142.518
1.24333 142.559
1.2836 142.596
1.3239 142.635
1.3644 142.699
1.40455 142.713
1.44505 142.771
1.48543 142.81
1.52561 142.824
1.56618 142.882
1.60663 142.923
1.64701 142.956
2.01368 143.479
2.05406 143.493
2.09503 143.558
2.13643 143.658
2.17755 143.73
