2.55057 137.922
2.58877 137.852
2.62698 137.784
2.66509 137.712
2.70359 137.668
2.7422 137.633
2.85736 137.492
2.89507 137.405
2.93344 137.361
2.97191 137.324
3.00999 137.265
3.04827 137.22
3.08623 137.157
3.1242 137.096
3.16287 137.077
3.20071 137.012
3.23924 136.986
3.27795 136.971
3.31537 136.886
3.35409 136.873
3.39235 136.836
3.43056 136.798
3.46883 136.763
3.50666 136.707
3.54498 136.677
3.58369 136.666
3.62198 136.636
3.66067 136.625
3.77519 136.522
3.81337 136.489
3.85098 136.431
3.88914 136.399
3.92785 136.393
3.9666 136.388
4.00477 136.358
4.04273 136.32
4.08018 136.259
4.11875 136.249
4.15676 136.214
4.19531 136.204
4.2333 136.169
4.27168 136.152
4.31 136.133
4.34768 136.088
4.38609 136.073
4.42465 136.065
4.46288 136.043
4.50121 136.026
4.53965 136.013
4.57758 135.981
4.61543 135.947
4.65407 135.943
4.69287 135.945
4.73092 135.919
4.76879 135.887
4.80717 135.875
4.84519 135.849
4.88362 135.838
4.92174 135.817
4.96015 135.806
4.99844 135.791
5.03702 135.787
5.07536 135.774
5.11332 135.749
5.15114 135.719
5.18882 135.685
5.22744 135.683
5.26586 135.674
5.30377 135.649
5.34244 135.649
5.38138 135.657
5.41979 135.649
5.45813 135.638
5.49687 135.641
5.53513 135.628
5.57251 135.587
5.61055 135.568
5.64886 135.558
5.6873 135.551
5.72511 135.526
5.76368 135.524
5.80268 135.534
5.8409 135.522
5.87968 135.526
5.91825 135.524
5.95631 135.507
5.99443 135.492
6.03218 135.467
6.07044 135.456
6.10906 135.456
6.14701 135.437
6.18464 135.409
6.22303 135.403
6.26156 135.401
6.29986 135.392
6.33862 135.397
6.37661 135.38
6.41466 135.365
6.45334 135.367
6.49147 135.354
6.52998 135.352
6.56922 135.369
6.60806 135.376
6.64707 135.387
6.6864 135.406
6.72542 135.417
6.76419 135.421
6.80305 135.427
6.84175 135.429
6.88002 135.421
6.91837 135.415
6.95672 135.408
6.99541 135.411
7.03419 135.415
7.07244 135.406
7.11105 135.406
7.14982 135.411
7.18834 135.409
7.22667 135.402
7.26536 135.405
7.30414 135.409
7.34301 135.415
7.38161 135.415
7.42021 135.415
7.45918 135.424
7.4986 135.443
7.53749 135.45
7.576 135.448
7.61489 135.454
7.65396 135.465
7.69257 135.465
7.73127 135.467
7.77093 135.49
7.80973 135.495
7.84864 135.501
7.88744 135.505
7.92616 135.508
7.96487 135.51
8.00368 135.514
8.04289 135.527
8.0819 135.536
8.12122 135.551
8.16085 135.572
8.19998 135.583
8.23881 135.587
8.27876 135.615
8.31821 135.632
8.35746 135.645
8.39538 135.63
8.43495 135.649
8.47516 135.681
8.51401 135.685
8.55287 135.69
8.59258 135.711
8.6325 135.737
8.67148 135.743
8.71046 135.75
8.74987 135.765
8.78962 135.786
8.82926 135.805
8.86826 135.812
8.90737 135.821
8.94649 135.829
8.98627 135.851
9.02539 135.859
9.06575 135.891
9.10623 135.926
9.14639 135.953
9.18554 135.962
9.22572 135.99
9.26443 135.99
9.30336 135.994
9.34472 136.044
9.38425 136.059
9.42483 136.093
9.46519 136.123
9.50427 136.13
9.54336 136.136
9.58458 136.181
9.62535 136.218
9.66493 136.233
9.70561 136.267
9.74629 136.302
9.78531 136.306
9.82553 136.332
9.86601 136.362
9.907 136.401
9.94751 136.431
9.98692 136.442
10.0294 136.506
10.0702 136.541
10.1112 136.578
10.152 136.612
10.235 136.703
10.2731 136.69
10.3121 136.692
10.3541 136.746
10.397 136.813
10.438 136.85
10.479 136.885
10.5202 136.924
10.5625 136.98
10.6053 137.043
10.6447 137.052
10.7724 137.23
10.8141 137.273
10.8568 137.334
10.8962 137.341
10.9374 137.376
10.9806 137.443
11.1545 137.725
11.1978 137.793
11.2376 137.804
