-24.8702 83.9027
-24.8437 83.9005
-5.31879 133.069
-4.45264 131.567
-4.41259 131.46
-4.37498 131.444
-4.33695 131.412
-4.29883 131.376
-4.26021 131.32
-4.14537 131.186
-4.10684 131.13
-4.06943 131.118
-4.03099 131.064
-3.95453 130.97
-3.91683 130.944
-3.87956 130.936
-3.84229 130.928
-3.80406 130.879
-3.72835 130.809
-3.69112 130.801
-3.65292 130.749
-3.61566 130.739
-3.57793 130.708
-3.54013 130.672
-3.502 130.62
-3.46474 130.608
-3.42723 130.585
-3.39006 130.577
-3.35237 130.543
-3.31473 130.511
-3.27683 130.466
-3.23965 130.456
-3.20217 130.43
-3.16474 130.406
-3.12769 130.402
-3.09005 130.367
-3.05295 130.359
-3.01555 130.335
-2.97809 130.307
-2.94097 130.298
-2.90353 130.27
-2.86649 130.264
-2.82924 130.246
-2.79221 130.24
-2.75474 130.209
-2.71722 130.173
-2.68014 130.163
-2.64255 130.122
-2.60536 130.104
-2.56812 130.082
-2.53119 130.081
-2.49429 130.081
-2.45724 130.071
-2.41997 130.045
-2.3829 130.033
-2.34573 130.014
-2.30879 130.01
-2.27166 129.992
-2.23464 129.982
-2.19723 129.943
-2.16015 129.927
-2.12311 129.913
-2.08622 129.911
-2.04933 129.91
-2.0123 129.896
-1.97537 129.89
-1.93844 129.884
-1.90147 129.874
-1.86439 129.855
-1.82743 129.845
-1.7904 129.829
-1.7535 129.823
-1.71665 129.823
-1.67983 129.825
-1.64291 129.817
-1.60597 129.808
-1.56903 129.798
-1.53214 129.792
-1.49519 129.78
-1.45818 129.761
-1.42129 129.755
-1.38431 129.737
-1.34742 129.729
-1.3106 129.729
-1.27377 129.729
-1.23695 129.729
-1.20014 129.731
-1.16325 129.722
-1.12637 129.714
-1.08954 129.712
-1.05281 129.726
-1.01601 129.73
-0.979148 129.724
-0.942266 129.714
-0.905411 129.708
-0.868645 129.718
-0.831823 129.718
-0.794951 129.708
-0.758112 129.704
-0.721256 129.697
-0.684421 129.693
-0.647628 129.699
-0.610732 129.679
-0.573881 129.669
-0.537096 129.677
-0.500295 129.681
-0.463516 129.693
-0.426703 129.695
-0.389869 129.689
-0.353024 129.677
-0.316217 129.681
-0.279428 129.695
-0.242629 129.707
-0.205819 129.715
-0.168998 129.717
-0.132181 129.725
-0.0953567 129.727
-0.0585263 129.721
-0.0217013 129.723
0.0151239 129.731
0.0519519 129.729
0.088778 129.723
0.125607 129.727
0.162442 129.737
0.199276 129.741
0.23611 129.743
0.272958 129.755
0.309812 129.767
0.346672 129.779
0.383533 129.788
0.420384 129.792
0.457253 129.802
0.494126 129.812
0.530998 129.82
0.567861 129.824
0.604726 129.828
0.6416 129.834
0.678477 129.84
0.715389 129.854
0.752281 129.862
0.789232 129.882
0.826135 129.889
0.863012 129.891
0.89991 129.897
0.936898 129.919
0.973839 129.931
1.01077 129.941
1.04774 129.955
1.08468 129.965
1.1217 129.984
1.15867 129.996
1.1956 130.002
1.23257 130.012
1.26957 130.026
1.30653 130.034
1.34351 130.044
1.38048 130.052
1.4176 130.078
1.45464 130.093
1.49175 130.115
1.52871 130.119
1.56568 130.125
1.603 130.167
1.64026 130.2
1.67722 130.202
1.71416 130.203
1.75125 130.216
1.78849 130.244
1.82574 130.272
1.86307 130.306
1.90037 130.335
1.93761 130.359
1.97468 130.367
2.01199 130.395
2.04915 130.409
2.08646 130.435
2.12398 130.477
2.16121 130.494
2.19864 130.526
2.2357 130.53
2.27304 130.554
2.31023 130.566
2.34767 130.596
2.38515 130.628
2.42285 130.674
2.4601 130.688
2.4973 130.698
2.53499 130.74
2.57223 130.752
2.6101 130.803
2.64747 130.821
2.68531 130.869
2.72266 130.885
2.76054 130.933
2.79792 130.949
2.83513 130.955
2.87292 130.995
2.9107 131.033
2.94808 131.047
2.98631 131.109
3.02453 131.169
3.0622 131.198
3.09962 131.212
3.13825 131.29
3.176 131.32
3.21377 131.35
3.25178 131.392
3.28985 131.436
3.32861 131.515
3.36661 131.553
3.40462 131.591
3.44277 131.636
3.48087 131.676
3.5199 131.761
3.59628 131.846
3.63562 131.941
3.67426 132.001
3.71227 132.032
3.75047 132.07
3.78945 132.143
3.82829 132.208
3.86701 132.267
