-11.0173 149.152
-10.9683 149.014
-10.9202 148.891
-10.8775 148.857
-10.183 147.367
-9.9238 147.063
-9.7502 146.839
-9.70797 146.804
-9.66675 146.787
-9.62454 146.752
-9.58098 146.69
-9.5382 146.643
-9.49752 146.636
-9.45427 146.58
-9.41178 146.537
-9.36931 146.495
-9.32722 146.46
-9.28635 146.448
-9.24285 146.385
-9.20045 146.342
-9.15997 146.338
-9.11678 146.279
-9.07607 146.27
-9.03525 146.258
-8.99351 146.228
-8.95178 146.197
-8.90983 146.162
-8.86916 146.153
-8.82747 146.122
-8.78545 146.085
-8.7448 146.075
-8.70438 146.071
-8.66161 146.017
-8.62054 145.998
-8.57781 145.944
-8.53709 145.933
-8.49649 145.923
-8.456 145.916
-8.41355 145.867
-8.37286 145.856
-8.3312 145.823
-8.28978 145.795
-8.24889 145.779
-8.20738 145.748
-8.1662 145.725
-8.12555 145.713
-8.08501 145.704
-8.04448 145.695
-8.00322 145.669
-7.96208 145.646
-7.92167 145.639
-7.88105 145.627
-7.84075 145.623
-7.80054 145.62
-7.75944 145.597
-7.71894 145.588
-7.67835 145.576
-7.63736 145.555
-7.59629 145.532
-7.55572 145.52
-7.51486 145.502
-7.47401 145.483
-7.43403 145.485
-7.39376 145.481
-7.35321 145.469
-7.31219 145.446
-7.27194 145.441
-7.23159 145.434
-7.19115 145.425
-7.15072 145.416
-7.10946 145.385
-7.06886 145.371
-7.02934 145.385
-6.98947 145.39
-6.94905 145.381
-6.90837 145.364
-6.86805 145.357
-6.82738 145.341
-6.78715 145.336
-6.74728 145.341
-6.70723 145.341
-6.66709 145.339
-6.62695 145.336
-6.5869 145.336
-6.54685 145.336
-6.50672 145.334
-6.46692 145.341
-6.42703 145.346
-6.38649 145.332
-6.34611 145.322
-6.30573 145.313
-6.26593 145.32
-6.22588 145.32
-6.18607 145.327
-6.14618 145.332
-6.1062 145.334
-6.06631 145.339
-6.02587 145.327
-5.98574 145.325
-5.94653 145.35
-5.90647 145.35
-5.86664 145.357
-5.82688 145.366
-5.7863 145.35
-5.7455 145.327
-5.70545 145.327
-5.66605 145.348
-5.62614 145.352
-5.58601 145.35
-5.54595 145.35
-5.50553 145.338
-5.4654 145.336
-5.42577 145.35
-5.38599 145.359
-5.34641 145.375
-5.30689 145.394
-5.26696 145.398
-5.22668 145.391
-5.18661 145.391
-5.14694 145.405
-5.10739 145.424
-5.06817 145.454
-5.02828 145.461
-4.98813 145.459
-4.94804 145.459
-4.90815 145.466
-4.86825 145.473
-4.82853 145.486
-4.78869 145.496
-4.74871 145.5
-4.7088 145.507
-4.66876 145.51
-4.62891 145.519
-4.58952 145.547
-4.54982 145.563
-4.51012 145.579
-4.47012 145.584
-4.43018 145.591
-4.3904 145.605
-4.35079 145.626
-4.31094 145.637
-4.27153 145.668
-4.23156 145.675
-4.19159 145.682
-4.15188 145.7
-4.11227 145.723
-4.0725 145.74
-4.03266 145.754
-3.99339 145.793
-3.95338 145.8
-3.91342 145.81
-3.87345 145.819
-3.83378 145.842
-3.79434 145.877
-3.75441 145.889
-3.71475 145.914
-3.67475 145.924
-3.63489 145.94
-3.59568 145.989
-3.55589 146.01
-3.51609 146.031
-3.47601 146.038
-3.43615 146.057
-3.39663 146.094
-3.35675 146.113
-3.31686 146.132
-3.27718 146.162
-3.23757 146.197
-3.1979 146.23
-3.15813 146.258
-3.11807 146.27
-3.07833 146.3
-3.03869 146.338
-2.99907 146.378
-2.95932 146.41
-2.91951 146.441
-2.87962 146.467
-2.84002 146.511
-2.79992 146.526
-2.75988 146.544
-2.72034 146.596
-2.68021 146.61
-2.6408 146.674
-2.60099 146.711
-2.56083 146.725
-2.52132 146.787
-2.4812 146.806
-2.4413 146.841
-2.40179 146.907
-2.32242 147.018
-2.28256 147.063
-2.2428 147.117
-2.20261 147.139
-2.16263 147.179
-2.12293 147.243
-2.08295 147.285
-1.64387 147.966
