0.578834 147.923
0.742426 147.614
0.783385 147.573
0.824315 147.53
0.865249 147.491
0.906032 147.424
0.946856 147.371
0.987547 147.296
1.02838 147.255
1.06909 147.193
1.10999 147.171
1.15061 147.102
1.19123 147.039
1.23199 147.001
1.2727 146.958
1.31342 146.92
1.35412 146.882
1.39478 146.839
1.43545 146.8
1.47608 146.76
1.51653 146.698
1.55727 146.674
1.59791 146.641
1.63852 146.605
1.67909 146.567
1.71967 146.531
1.76004 146.474
1.80076 146.457
1.84132 146.424
1.88188 146.393
1.92261 146.379
1.9631 146.343
2.00358 146.308
2.04425 146.291
2.08452 146.239
2.12517 146.222
2.1657 146.196
2.20606 146.156
2.24634 146.111
2.28683 146.085
2.32758 146.08
2.3682 146.066
2.40858 146.033
2.44894 146
2.48954 145.986
2.52969 145.938
2.57024 145.922
2.61068 145.898
2.65132 145.889
2.69191 145.877
2.73233 145.854
2.77295 145.844
2.81325 145.814
2.8536 145.788
2.8942 145.779
2.93454 145.753
2.97509 145.741
3.0156 145.727
3.05595 145.703
3.09625 145.677
3.13674 145.663
3.17734 145.656
3.21778 145.64
3.25825 145.626
3.29855 145.602
3.33905 145.591
3.37963 145.584
3.42021 145.577
3.46078 145.57
3.50118 145.553
3.54152 145.535
3.58163 145.504
3.62204 145.49
3.6625 145.478
3.703 145.469
3.74355 145.462
3.78409 145.455
3.82467 145.451
3.86487 145.427
3.9051 145.406
3.94552 145.394
3.98629 145.399
4.02697 145.399
4.06754 145.395
4.10805 145.388
4.1482 145.364
4.18833 145.341
4.22878 145.332
4.26949 145.334
4.31059 145.353
4.35115 145.349
4.39148 145.335
4.43192 145.325
4.47229 145.314
4.51232 145.288
4.55285 145.283
4.59339 145.279
4.63386 145.272
4.67439 145.267
4.7148 145.258
4.75484 145.235
4.79499 145.216
4.8357 145.218
4.87633 145.218
4.91704 145.221
4.95774 145.223
4.99768 145.198
5.03851 145.205
5.07914 145.205
5.12044 145.229
5.16114 145.231
5.20219 145.246
5.24297 145.25
5.28402 145.265
5.32535 145.289
5.36621 145.296
5.40701 145.301
5.44774 145.303
5.48875 145.315
5.52991 145.332
5.57072 145.337
5.61131 145.334
5.6522 145.342
5.69323 145.354
5.73398 145.356
5.77472 145.359
5.81562 145.366
5.8563 145.366
5.89742 145.38
5.93863 145.397
5.9797 145.409
6.02069 145.419
6.0613 145.416
6.10214 145.421
6.14354 145.443
6.1847 145.457
6.22532 145.455
6.26641 145.467
6.30759 145.481
6.34854 145.488
6.38989 145.507
6.43085 145.515
6.4718 145.522
6.51285 145.531
6.55406 145.546
6.59537 145.562
6.63634 145.57
6.67766 145.586
6.71881 145.598
6.75988 145.608
6.80148 145.632
6.84274 145.646
6.88436 145.67
6.92563 145.684
6.96709 145.703
7.00864 145.725
7.05012 145.744
7.09142 145.758
7.13246 145.766
7.17423 145.792
7.21629 145.825
7.25734 145.833
7.29905 145.856
7.3404 145.871
7.3826 145.907
7.42473 145.94
7.466 145.952
7.50815 145.985
7.55041 146.021
7.5923 146.048
7.63342 146.055
7.67434 146.057
7.71655 146.091
7.75897 146.129
7.80051 146.146
7.84256 146.175
7.88462 146.203
7.92568 146.208
7.96838 146.251
8.01222 146.321
8.05352 146.33
8.09586 146.364
8.13706 146.371
8.17942 146.405
8.22338 146.474
8.26727 146.541
8.30862 146.551
8.35009 146.563
8.39242 146.594
8.43553 146.642
8.47822 146.681
8.52115 146.724
8.56498 146.787
8.60784 146.827
8.65116 146.878
8.78286 147.064
8.82537 147.095
8.86665 147.1
8.90919 147.131
8.95531 147.237
8.99732 147.257
9.04189 147.329
9.0865 147.402
9.12844 147.419
9.49171 148.101
9.53507 148.143
9.57709 148.158
