-5.21614 135.64
-4.82225 134.057
-3.90744 132.634
-3.86933 132.628
-3.83077 132.604
-3.21188 132.035
-3.17343 132.004
-3.13499 131.974
-3.09641 131.935
-3.05804 131.907
-3.0198 131.884
-2.9818 131.874
-2.94343 131.844
-2.90503 131.811
-2.86665 131.779
-2.82835 131.75
-2.79039 131.74
-2.7525 131.734
-2.71392 131.687
-2.67591 131.673
-2.63767 131.645
-2.59974 131.635
-2.56133 131.594
-2.52332 131.578
-2.48522 131.556
-2.44735 131.548
-2.4093 131.527
-2.37141 131.517
-2.33337 131.497
-2.29543 131.483
-2.25733 131.457
-2.21946 131.447
-2.18131 131.416
-2.14321 131.388
-2.10523 131.368
-2.06737 131.356
-2.02956 131.348
-1.99178 131.342
-1.95385 131.324
-1.91591 131.304
-1.87809 131.294
-1.84033 131.288
-1.80262 131.286
-1.7647 131.266
-1.7269 131.256
-1.68913 131.248
-1.65124 131.227
-1.61345 131.217
-1.57572 131.211
-1.5379 131.197
-1.50019 131.193
-1.46233 131.173
-1.42457 131.163
-1.38678 131.149
-1.34886 131.121
-1.31123 131.123
-1.27359 131.125
-1.23568 131.095
-1.19797 131.087
-1.16034 131.089
-1.12258 131.075
-1.08483 131.061
-1.04716 131.057
-1.0095 131.055
-0.971823 131.049
-0.934117 131.039
-0.896504 131.044
-0.858912 131.052
-0.821259 131.05
-0.783617 131.05
-0.745975 131.05
-0.708292 131.042
-0.670651 131.042
-0.633029 131.046
-0.595316 131.03
-0.557602 131.012
-0.519952 131.008
-0.482273 130.996
-0.444565 130.974
-0.406899 130.962
-0.369239 130.95
-0.331612 130.948
-0.294051 130.973
-0.256494 131.003
-0.218893 131.019
-0.181207 130.993
-0.143564 130.987
-0.105927 130.983
-0.0683063 130.992
-0.0306812 131
0.00694628 131.01
0.0445949 130.986
0.0822252 130.992
0.119858 131
0.157493 130.996
0.195128 130.998
0.232772 131.011
0.270415 131.017
0.308066 131.027
0.34572 131.035
0.383373 131.041
0.421026 131.046
0.458669 131.044
0.496311 131.042
0.533983 131.052
0.57167 131.066
0.609334 131.07
0.647013 131.079
0.684723 131.095
0.722411 131.103
0.760072 131.103
0.79775 131.107
0.835429 131.112
0.87311 131.116
0.910804 131.122
0.948469 131.122
0.986114 131.118
1.02381 131.124
1.06148 131.124
1.09925 131.143
1.13712 131.175
1.17502 131.21
1.21285 131.232
1.25054 131.232
1.28816 131.222
1.32584 131.22
1.36365 131.237
1.40147 131.253
1.43921 131.259
1.47704 131.276
1.515 131.306
1.5529 131.329
1.59067 131.335
1.62857 131.355
1.66635 131.361
1.70412 131.368
1.74212 131.396
1.7801 131.421
1.81789 131.427
1.85569 131.433
1.89352 131.441
1.93179 131.49
1.96965 131.501
2.0075 131.509
2.0453 131.513
2.0833 131.533
2.12143 131.564
2.15934 131.576
2.19762 131.617
2.23548 131.623
2.27336 131.632
2.31128 131.642
2.34961 131.683
2.38752 131.691
2.42582 131.728
2.46374 131.736
2.50222 131.783
2.54015 131.792
2.57839 131.82
2.61668 131.851
2.65466 131.861
2.69303 131.896
2.73142 131.931
2.76982 131.966
2.80844 132.013
2.84647 132.023
2.88437 132.025
2.96127 132.093
2.99933 132.104
3.42378 132.495
3.46287 132.551
3.54149 132.681
3.57955 132.683
3.73588 132.882
3.7752 132.94
3.81355 132.952
3.85227 132.981
3.932 133.139
3.97035 133.149
