-6.55461 142.301
-6.51316 142.245
-6.47265 142.213
-6.2911 141.54
-6.24817 141.435
-6.20646 141.364
-6.16385 141.266
-6.12221 141.195
-6.08076 141.129
-5.9098 140.701
-5.87041 140.69
-5.83035 140.659
-5.7892 140.595
-5.74772 140.52
-5.70679 140.461
-5.66724 140.443
-5.62634 140.384
-5.58632 140.351
-5.46276 140.137
-5.38243 140.056
-5.34178 139.999
-5.30271 139.993
-5.2635 139.982
-5.22199 139.894
-5.18268 139.879
-5.14214 139.822
-5.10214 139.782
-5.06203 139.739
-5.02214 139.701
-4.98314 139.695
-4.94283 139.642
-4.90291 139.603
-4.86332 139.575
-4.82277 139.511
-4.78358 139.496
-4.74337 139.444
-4.70432 139.433
-4.66445 139.392
-4.62419 139.335
-4.58453 139.3
-4.54557 139.291
-4.50657 139.28
-4.46728 139.259
-4.42812 139.241
-4.3888 139.217
-4.34993 139.211
-4.30986 139.156
-4.26982 139.102
-4.23103 139.098
-4.1923 139.096
-4.15319 139.078
-4.11332 139.028
-4.07424 139.011
-4.03487 138.98
-3.99601 138.972
-3.9567 138.944
-3.91796 138.939
-3.87916 138.933
-3.83955 138.889
-3.80067 138.878
-3.76137 138.848
-3.72199 138.813
-3.68318 138.805
-3.64451 138.803
-3.60544 138.781
-3.56664 138.772
-3.52794 138.768
-3.48924 138.763
-3.45011 138.737
-3.41068 138.696
-3.37187 138.685
-3.33328 138.685
-3.2946 138.681
-3.25555 138.657
-3.21656 138.636
-3.17765 138.618
-3.13855 138.59
-3.09982 138.581
-3.06129 138.584
-3.02267 138.581
-2.98384 138.566
-2.945 138.551
-2.90603 138.527
-2.86721 138.512
-2.82847 138.501
-2.78985 138.497
-2.75126 138.495
-2.71256 138.486
-2.67384 138.475
-2.63512 138.464
-2.59637 138.451
-2.55769 138.443
-2.51911 138.44
-2.48054 138.438
-2.44187 138.43
-2.40314 138.417
-2.36466 138.421
-2.32632 138.436
-2.28778 138.436
-2.24912 138.427
-2.2104 138.414
-2.17178 138.408
-2.13313 138.399
-2.09459 138.399
-2.05613 138.405
-2.01761 138.407
-1.97887 138.39
-1.9401 138.37
-1.90154 138.368
-1.86301 138.368
-1.82429 138.351
-1.78534 138.312
-1.7468 138.31
-1.70843 138.325
-1.67031 138.366
-1.63184 138.372
-1.59349 138.391
-1.55507 138.404
-1.51655 138.406
-1.47788 138.393
-1.43944 138.404
-1.40082 138.395
-1.36224 138.391
-1.32364 138.384
-1.28512 138.386
-1.24663 138.393
-1.2081 138.395
-1.16956 138.395
-1.13098 138.39
-1.09242 138.388
-1.05392 138.394
-1.01539 138.396
-0.976872 138.401
-0.938414 138.416
-0.899852 138.413
-0.861338 138.42
-0.82282 138.426
-0.7843 138.432
-0.745807 138.445
-0.70728 138.452
-0.66874 138.456
-0.630199 138.46
-0.591688 138.473
-0.553149 138.479
-0.514621 138.49
-0.476075 138.496
-0.437513 138.498
-0.398957 138.503
-0.360403 138.509
-0.321867 138.524
-0.28332 138.537
-0.244766 138.55
-0.206204 138.56
-0.167628 138.564
-0.12905 138.569
-0.0904871 138.59
-0.0519034 138.596
-0.0133303 138.629
0.0252584 138.657
0.0638608 138.663
0.102466 138.669
0.141074 138.676
0.179691 138.693
0.218307 138.699
0.256943 138.723
0.295571 138.731
0.334215 138.749
0.372852 138.757
0.411534 138.787
0.450215 138.811
0.488917 138.839
0.52762 138.863
0.566297 138.873
0.604939 138.871
0.643594 138.873
0.682265 138.88
0.721106 138.931
0.759876 138.959
0.798578 138.968
0.837294 138.979
0.876192 139.028
0.914914 139.037
0.953749 139.067
0.992483 139.076
1.03135 139.108
1.07021 139.136
1.10896 139.145
1.14787 139.177
1.18684 139.218
1.22575 139.246
1.26452 139.253
1.38141 139.348
1.42021 139.354
2.2042 140.108
2.24292 140.092
2.28224 140.125
2.64038 140.676
2.68002 140.718
2.71965 140.757
2.80085 140.961
2.84101 141.029
2.88074 141.069
2.92084 141.131
2.96143 141.222
3.00269 141.35
3.04297 141.417
3.0829 141.461
3.12335 141.535
