-20.0841 165.317
-20.0351 165.269
-19.9866 165.227
-19.8273 164.955
-19.779 164.912
-19.7304 164.867
-19.6783 164.785
-19.3343 164.419
-19.2366 164.318
-19.1885 164.276
-19.1413 164.243
-19.0965 164.234
-19.0483 164.19
-18.9971 164.114
-18.9513 164.094
-18.901 164.027
-18.8557 164.013
-18.8105 163.999
-18.7628 163.96
-18.7153 163.921
-18.6679 163.885
-18.6232 163.877
-18.5276 163.793
-18.4801 163.754
-18.4352 163.743
-18.3877 163.704
-18.343 163.696
-18.2986 163.69
-18.2517 163.657
-18.204 163.615
-18.1563 163.573
-18.1117 163.565
-18.0648 163.532
-18.0192 163.513
-17.9721 163.476
-17.9255 163.446
-17.8809 163.438
-17.836 163.427
-17.7892 163.393
-17.7439 163.377
-17.6961 163.332
-17.6496 163.302
-17.605 163.294
-17.5617 163.3
-17.5174 163.294
-17.4702 163.255
-17.4254 163.245
-17.3811 163.239
-17.3365 163.231
-17.292 163.223
-17.248 163.22
-17.2041 163.221
-17.1591 163.207
-17.1139 163.19
-17.0682 163.168
-17.0237 163.16
-16.977 163.127
-16.9311 163.102
-16.8871 163.1
-16.844 163.108
-16.7997 163.103
-16.7541 163.081
-16.7094 163.07
-16.6651 163.064
-16.6215 163.067
-16.5784 163.076
-16.534 163.068
-16.4888 163.051
-16.4443 163.043
-16.401 163.049
-16.3579 163.058
-16.3129 163.044
-16.2662 163.008
-16.2213 162.994
-16.1775 162.995
-16.1337 162.995
-16.0901 162.998
-16.0466 163.001
-16.0037 163.012
-15.9614 163.032
-15.9185 163.043
-15.8745 163.041
-15.8298 163.03
-15.7856 163.024
-15.7422 163.03
-15.6991 163.039
-15.6553 163.039
-15.6112 163.036
-15.565 163.006
-15.5191 162.978
-15.4774 163.006
-15.4351 163.026
-15.3939 163.06
-15.3514 163.077
-15.3054 163.049
-15.2629 163.066
-15.219 163.066
-15.1731 163.039
-15.131 163.061
-15.0867 163.056
-15.0446 163.078
-15.0014 163.087
-14.9584 163.098
-14.9152 163.107
-14.8707 163.099
-14.8271 163.102
-14.7853 163.13
-14.7431 163.152
-14.6984 163.141
-14.6538 163.13
-14.6097 163.128
-14.5683 163.161
-14.5254 163.176
-14.4828 163.193
-14.4401 163.21
-14.3983 163.238
-14.3554 163.252
-14.3121 163.26
-14.2682 163.261
-14.2245 163.264
-14.1815 163.275
-14.1385 163.289
-14.096 163.309
-14.0543 163.34
-14.0119 163.362
-13.969 163.377
-13.9261 163.391
-13.8849 163.43
-13.8419 163.444
-13.7987 163.456
-13.7558 163.47
-13.7128 163.484
-13.6704 163.507
-13.6281 163.532
-13.5849 163.544
-13.5423 163.563
-13.4991 163.575
-13.4562 163.592
-13.4143 163.623
-13.3715 163.64
-13.3279 163.646
-13.2857 163.674
-13.2443 163.713
-13.2012 163.727
-13.1578 163.736
-13.118 163.801
-13.0751 163.818
-13.033 163.849
-12.9896 163.858
-12.9479 163.894
-12.9055 163.92
-12.8621 163.931
-12.8202 163.965
-12.7806 164.036
-12.7376 164.053
-12.696 164.092
-12.6542 164.129
-12.6107 164.138
-12.5671 164.146
-12.5272 164.214
-12.4864 164.268
-12.4449 164.311
-12.4032 164.35
-12.3597 164.362
-12.3181 164.404
-12.275 164.421
-12.2353 164.495
-12.1933 164.532
-12.1498 164.544
-12.1089 164.598
-12.0692 164.674
-12.026 164.691
-11.9454 164.825
-11.9037 164.868
-11.8613 164.899
-11.8177 164.911
-11.7783 164.996
-11.5343 165.379
-11.494 165.45
-11.4523 165.499
-11.4108 165.55
-11.3693 165.602
-11.2132 165.995
-11.1735 166.082
