-24.8726 83.9138
-24.8437 83.9005
3.98879 114.295
4.02131 114.264
4.05347 114.221
4.08614 114.197
4.43644 113.651
4.46834 113.608
4.72387 113.295
4.88435 113.141
5.04453 112.989
5.07681 112.967
5.10842 112.925
5.14034 112.894
5.17159 112.843
5.20382 112.821
5.23665 112.816
5.2688 112.792
5.30083 112.766
5.3329 112.74
5.36439 112.699
5.3969 112.687
5.429 112.663
5.4612 112.643
5.49322 112.617
5.52575 112.606
5.55722 112.567
5.5898 112.557
5.62123 112.518
5.65398 112.513
5.68593 112.488
5.71793 112.465
5.7506 112.458
5.78277 112.44
5.81475 112.416
5.84653 112.388
5.87829 112.359
5.91024 112.336
5.94293 112.331
5.97511 112.314
6.00767 112.306
6.03893 112.267
6.07154 112.261
6.10434 112.259
6.13694 112.253
6.16855 112.223
6.20055 112.203
6.23194 112.168
6.26438 112.159
6.29702 112.154
6.32938 112.143
6.361 112.115
6.39383 112.115
6.42638 112.109
6.45818 112.085
6.49003 112.063
6.52264 112.059
6.55497 112.048
6.58616 112.012
6.61862 112.004
6.65135 112.002
6.68351 111.988
6.71609 111.984
6.74867 111.979
6.78118 111.973
6.81383 111.97
6.84597 111.956
6.87854 111.951
6.91133 111.951
6.94397 111.948
6.97609 111.934
7.0076 111.907
7.03933 111.886
7.07037 111.85
7.10253 111.837
7.13491 111.829
7.16774 111.831
7.20004 111.822
7.23226 111.811
7.26409 111.792
7.29645 111.784
7.32896 111.78
7.36171 111.78
7.39422 111.775
7.42673 111.77
7.45892 111.76
7.49134 111.753
7.52408 111.753
7.55674 111.752
7.58932 111.749
7.62157 111.739
7.6539 111.732
7.68663 111.732
7.71929 111.73
7.75144 111.719
7.78376 111.711
7.81657 111.713
7.84938 111.715
7.88211 111.715
7.91526 111.723
7.94791 111.721
7.9803 111.715
8.01252 111.705
8.04516 111.704
8.0784 111.713
8.11156 111.721
8.14429 111.721
8.17641 111.71
8.20896 111.707
8.24256 111.723
8.2752 111.721
8.30784 111.72
8.33879 111.689
8.37053 111.672
8.40306 111.668
8.43587 111.67
8.4684 111.667
8.50076 111.661
8.53347 111.661
8.56636 111.664
8.59908 111.664
8.63179 111.664
8.66432 111.661
8.6974 111.667
8.73039 111.672
8.76339 111.677
8.79638 111.681
8.82919 111.683
8.86191 111.683
8.89472 111.684
8.92743 111.684
8.96015 111.684
8.99238 111.677
9.025 111.675
9.05858 111.689
9.09275 111.713
9.12596 111.72
9.15917 111.728
9.19219 111.733
9.22501 111.735
9.25843 111.746
9.29274 111.77
9.32587 111.777
9.35801 111.767
9.38973 111.752
9.42246 111.752
9.4563 111.769
9.49045 111.791
9.5241 111.805
9.55612 111.794
9.58855 111.789
9.62159 111.794
9.65546 111.811
9.68861 111.818
9.72114 111.815
9.75388 111.815
9.78787 111.833
9.82156 111.847
9.85525 111.861
9.88905 111.877
9.92244 111.887
9.95604 111.899
9.98922 111.905
10.0224 111.912
10.0553 111.913
10.0884 111.918
10.1235 111.952
10.1577 111.973
10.1923 111.999
10.2259 112.012
10.2603 112.034
10.2944 112.053
10.328 112.065
10.3625 112.089
10.3967 112.109
10.4303 112.12
10.4634 112.125
10.4965 112.128
10.5294 112.13
10.5633 112.145
10.5976 112.166
10.6308 112.172
10.664 112.177
10.6983 112.197
10.7325 112.216
10.7658 112.222
10.8005 112.249
10.8343 112.262
10.8679 112.273
10.9032 112.306
10.937 112.318
10.9712 112.337
11.0059 112.361
11.0406 112.386
11.0756 112.414
11.1106 112.442
11.1453 112.466
11.1815 112.51
11.2166 112.54
11.2511 112.561
11.284 112.561
11.3172 112.566
11.352 112.589
11.3863 112.608
11.4197 112.614
11.4546 112.64
11.4897 112.668
11.5248 112.697
11.561 112.738
11.5949 112.75
11.6317 112.799
11.6683 112.845
11.7045 112.887
11.7384 112.898
11.7731 112.92
11.8083 112.948
11.8448 112.991
11.8803 113.023
11.9173 113.072
11.9535 113.112
11.9876 113.126
12.0225 113.148
12.0576 113.174
12.0946 113.223
12.1307 113.26
12.1669 113.298
12.2027 113.332
12.2413 113.399
12.2775 113.437
12.3144 113.483
12.3513 113.528
12.387 113.56
12.4621 113.665
12.5009 113.733
12.5383 113.782
12.5758 113.834
12.6135 113.887
12.6512 113.94
12.6873 113.973
12.7232 114.006
12.8464 114.278
12.8841 114.33
12.9236 114.401
12.9656 114.501
13.0024 114.541
