19.7874 149.325
19.8202 149.243
19.8523 149.154
19.8798 149.022
20.0104 149.081
20.0291 148.868
20.0602 148.772
20.1098 148.464
20.1426 148.385
20.1738 148.292
20.207 148.218
20.2438 148.176
20.3327 147.857
20.3658 147.784
20.3997 147.718
20.4618 147.535
20.4975 147.486
20.5357 147.459
20.5657 147.359
20.5997 147.296
20.6396 147.286
20.6717 147.206
20.707 147.155
20.7407 147.089
20.7776 147.052
20.8101 146.977
20.8461 146.934
20.8827 146.895
20.9146 146.815
20.9501 146.766
20.9841 146.706
21.0233 146.691
21.0593 146.648
21.0932 146.587
21.1283 146.536
21.165 146.5
21.2011 146.459
21.2347 146.396
21.2736 146.379
21.3094 146.336
21.348 146.316
21.3848 146.283
21.4234 146.263
21.4599 146.227
21.4965 146.191
21.5333 146.157
21.5645 146.075
21.6033 146.058
21.6401 146.025
21.6771 145.993
21.7147 145.967
21.754 145.955
21.7887 145.904
21.828 145.892
21.8669 145.878
21.903 145.839
21.9377 145.789
21.9712 145.729
22.007 145.688
22.0442 145.659
22.0842 145.654
22.1205 145.618
22.1597 145.606
22.196 145.57
22.2345 145.554
22.2737 145.541
22.3134 145.534
22.3508 145.508
22.3881 145.481
22.4264 145.462
22.4628 145.429
22.4987 145.39
22.5384 145.383
22.578 145.376
22.6124 145.326
22.6491 145.295
22.6867 145.271
22.7278 145.275
22.7674 145.268
22.802 145.22
22.8404 145.203
22.88 145.196
22.9196 145.189
22.958 145.172
22.9952 145.146
23.0339 145.131
23.0732 145.121
23.1115 145.105
23.1496 145.085
23.1907 145.09
23.2293 145.076
23.264 145.03
23.3039 145.025
23.3455 145.035
23.3826 145.008
23.4176 144.966
23.4574 144.961
23.4969 144.953
23.5328 144.918
23.551 144.745
23.5874 144.714
23.6262 144.702
23.6727 144.749
23.7243 144.836
23.7616 144.812
23.798 144.782
23.8375 144.774
23.879 144.784
23.9194 144.783
23.9619 144.8
24.0004 144.785
24.0386 144.768
24.0799 144.775
24.1175 144.754
24.1541 144.725
24.1981 144.753
24.2379 144.749
24.2745 144.72
24.3138 144.713
24.3532 144.705
24.3951 144.717
24.4399 144.75
24.4815 144.759
24.5212 144.754
24.5574 144.723
24.5993 144.735
24.6425 144.756
24.6812 144.744
24.7203 144.734
24.7606 144.734
24.8003 144.729
24.8409 144.731
24.8829 144.743
24.9241 144.749
24.9635 144.742
25.0025 144.732
25.0435 144.737
25.0848 144.744
25.1251 144.744
25.1651 144.741
25.2047 144.736
25.2457 144.741
25.2889 144.762
25.3289 144.759
25.366 144.735
25.4059 144.733
25.4495 144.756
25.4911 144.765
25.5321 144.77
25.5757 144.793
25.616 144.793
25.657 144.797
25.6973 144.797
25.7373 144.794
25.7786 144.801
25.8195 144.806
25.8598 144.805
25.8998 144.803
25.9398 144.8
25.9821 144.814
26.0298 144.866
26.0707 144.87
26.1121 144.877
26.1531 144.882
26.193 144.879
26.2327 144.874
26.2736 144.879
26.3184 144.909
26.3597 144.916
26.4007 144.92
26.4444 144.944
26.4864 144.955
26.5315 144.988
26.5718 144.988
26.6122 144.988
26.6569 145.018
26.7021 145.051
26.7438 145.06
26.7855 145.07
26.8255 145.067
26.8707 145.1
26.9162 145.135
26.958 145.144
26.999 145.149
27.0442 145.182
27.0891 145.212
27.1305 145.219
27.1751 145.247
27.2151 145.245
27.2558 145.247
27.3018 145.284
27.3439 145.296
27.3885 145.324
27.4342 145.36
27.4763 145.371
27.5174 145.376
27.5664 145.432
27.6121 145.468
27.6546 145.482
27.6965 145.491
27.7419 145.524
27.7887 145.567
27.8367 145.616
27.8789 145.628
27.9208 145.637
27.9656 145.665
28.0107 145.696
28.0566 145.732
28.0995 145.748
28.7691 146.409
