4.02287 138.067
4.06122 138.036
5.12453 135.701
5.16268 135.688
5.20057 135.667
5.23813 135.635
5.27542 135.595
5.31263 135.553
5.34923 135.491
5.38666 135.458
5.42401 135.422
5.46115 135.379
5.49814 135.333
5.53638 135.327
5.57422 135.308
5.61081 135.251
5.64876 135.236
5.68643 135.213
5.72304 135.158
5.76005 135.116
5.79725 135.08
5.83437 135.042
5.87125 134.998
5.9092 134.986
5.94699 134.969
5.98383 134.925
6.02175 134.912
6.0593 134.889
6.09632 134.852
6.1334 134.816
6.17076 134.789
6.20849 134.772
6.2459 134.747
6.28323 134.72
6.32101 134.705
6.35839 134.68
6.39561 134.651
6.43337 134.636
6.47049 134.605
6.50799 134.584
6.5458 134.571
6.5836 134.559
6.62124 134.542
6.65839 134.513
6.69617 134.5
6.73346 134.475
6.77081 134.452
6.80849 134.438
6.84584 134.415
6.88367 134.404
6.92099 134.381
6.95839 134.361
6.99603 134.346
7.03376 134.333
7.07147 134.321
7.10927 134.311
7.14672 134.292
7.18424 134.275
7.22141 134.25
7.25892 134.234
7.29687 134.227
7.33472 134.219
7.37248 134.209
7.40961 134.184
7.44699 134.165
7.48455 134.151
7.5222 134.138
7.55993 134.128
7.59784 134.122
7.63575 134.115
7.67347 134.105
7.71099 134.091
7.74908 134.089
7.78697 134.082
7.8242 134.062
7.86171 134.047
7.8993 134.035
7.93728 134.031
7.97467 134.014
8.01205 133.997
8.05001 133.993
8.08827 133.995
8.12593 133.985
8.163 133.962
8.20075 133.954
8.2387 133.95
8.27665 133.946
8.3149 133.948
8.35304 133.948
8.39089 133.942
8.42913 133.944
8.46738 133.946
8.50501 133.936
8.54233 133.919
8.58068 133.923
8.6183 133.913
8.65654 133.915
8.69521 133.926
8.73314 133.922
8.77128 133.922
8.80932 133.92
8.84746 133.92
8.8843 133.895
8.92211 133.889
8.9609 133.901
9.00035 133.926
9.03794 133.916
9.07597 133.914
9.11488 133.928
9.15358 133.939
9.19117 133.928
9.22875 133.918
9.267 133.92
9.30548 133.927
9.34396 133.933
9.38234 133.937
9.42037 133.935
9.45839 133.933
9.49688 133.939
9.53595 133.956
9.57434 133.96
9.61248 133.96
9.65122 133.971
9.68996 133.981
9.72847 133.987
9.76662 133.988
9.80513 133.994
9.84437 134.013
9.88289 134.019
9.92117 134.021
9.95909 134.017
9.99786 134.027
10.0374 134.05
10.0758 134.055
10.1148 134.069
10.1535 134.078
10.1918 134.08
10.2301 134.082
10.2687 134.09
10.3075 134.101
10.3469 134.12
10.3855 134.128
10.4247 134.145
10.4633 134.151
10.5023 134.163
10.542 134.189
10.5811 134.203
10.6189 134.197
10.6571 134.197
10.697 134.224
10.7355 134.228
10.7753 134.254
10.814 134.262
10.8541 134.291
10.8939 134.316
10.9326 134.325
10.9727 134.354
11.0116 134.365
11.0507 134.377
11.0893 134.383
11.1289 134.404
11.1687 134.428
11.2086 134.453
11.2472 134.459
11.2866 134.476
11.3261 134.495
11.3659 134.518
11.4048 134.528
11.4449 134.556
11.485 134.583
11.5237 134.589
11.5641 134.621
11.604 134.644
11.6431 134.656
11.6837 134.69
11.7243 134.724
11.763 134.73
11.8034 134.759
11.8441 134.795
11.8842 134.82
11.9249 134.854
11.966 134.894
12.0063 134.921
12.0467 134.951
12.0878 134.991
12.1289 135.029
12.1693 135.059
12.208 135.063
12.249 135.099
12.2914 135.156
12.3304 135.164
12.3711 135.196
12.5821 135.456
12.6212 135.465
12.6621 135.498
12.7034 135.537
12.7445 135.573
12.7849 135.598
12.824 135.607
14.0021 138.324
14.0409 138.32
