-7.18257 143.154
-7.0167 143.036
-6.97506 143.002
-6.93433 142.99
-6.89308 142.965
-6.85264 142.961
-6.81113 142.929
-6.76964 142.896
-6.72913 142.89
-6.68774 142.86
-6.64715 142.851
-6.60665 142.844
-6.56444 142.791
-6.52294 142.756
-6.48271 142.757
-6.44274 142.764
-6.40243 142.762
-6.36171 142.748
-6.32033 142.716
-6.27962 142.702
-6.23908 142.693
-6.19765 142.659
-6.15753 142.661
-6.11724 142.659
-6.07663 142.648
-6.03603 142.637
-5.99489 142.609
-5.95337 142.57
-5.91272 142.556
-5.87322 142.577
-5.83295 142.575
-5.792 142.552
-5.75121 142.534
-5.7108 142.528
-5.67032 142.519
-5.63021 142.521
-5.58944 142.503
-5.54933 142.505
-5.50893 142.499
-5.46854 142.492
-5.42786 142.476
-5.3874 142.467
-5.34687 142.456
-5.30642 142.447
-5.26618 142.445
-5.22587 142.44
-5.18522 142.424
-5.14485 142.418
-5.10475 142.42
-5.06458 142.42
-5.02447 142.423
-4.98391 142.409
-4.94348 142.4
-4.90319 142.396
-4.86296 142.394
-4.82266 142.389
-4.78224 142.38
-4.74152 142.36
-4.70161 142.369
-4.66132 142.365
-4.62134 142.372
-4.58057 142.349
-4.54065 142.358
-4.50107 142.382
-4.46108 142.389
-4.42004 142.354
-4.3797 142.348
-4.33931 142.339
-4.29893 142.33
-4.2581 142.302
-4.21805 142.307
-4.17844 142.33
-4.13926 142.372
-4.0993 142.381
-4.05955 142.4
-4.02026 142.439
-3.98039 142.454
-3.94025 142.456
-3.90001 142.454
-3.85966 142.447
-3.81957 142.452
-3.77967 142.466
-3.73957 142.471
-3.69967 142.485
-3.65951 142.487
-3.61945 142.495
-3.57962 142.513
-3.53969 142.527
-3.49948 142.527
-3.4594 142.535
-3.41964 142.558
-3.37951 142.563
-3.33906 142.551
-3.29923 142.572
-3.25918 142.582
-3.21942 142.607
-3.17939 142.619
-3.1392 142.622
-3.09917 142.633
-3.05969 142.678
-3.01964 142.689
-2.9795 142.696
-2.93944 142.708
-2.8993 142.715
-2.85934 142.734
-2.81956 142.764
-2.77943 142.774
-2.7392 142.776
-2.69928 142.8
-2.6591 142.807
-2.61896 142.816
-2.57908 142.844
-2.53893 142.854
-2.499 142.879
-2.4588 142.886
-2.41891 142.917
-2.37901 142.947
-2.33879 142.954
-2.29887 142.985
-2.2587 142.996
-2.21878 143.029
-2.17857 143.039
-2.13854 143.064
-2.09854 143.092
-2.0583 143.102
-2.01829 143.132
-1.97836 143.17
-1.93823 143.191
-1.89818 143.221
-1.85813 143.252
-1.81784 143.261
-1.7775 143.266
-1.73737 143.292
-1.69757 143.352
-1.65727 143.364
-1.61725 143.406
-1.5774 143.47
-1.53709 143.484
-1.49688 143.51
-1.45653 143.521
-1.41637 143.557
-1.3762 143.592
-1.33608 143.637
-1.29585 143.669
-1.25543 143.677
-1.21534 143.733
-1.17512 143.773
-1.05416 143.862
-1.014 143.924
-0.933372 144.004
-0.892867 144.013
-0.651068 144.403
-0.61046 144.412
-0.569838 144.419
-0.529324 144.46
-0.488886 144.531
-0.44835 144.578
-0.407849 144.647
-0.164263 145.1
-0.123477 145.112
-0.0826859 145.124
