-17.8189 137.931
-17.7807 137.931
-17.7425 137.931
-17.3745 136.565
-17.3327 136.527
-17.2935 136.515
-17.2516 136.475
-17.2014 136.353
-17.1061 136.158
-16.8829 135.816
-16.8443 135.808
-16.667 135.542
-16.6234 135.482
-16.5826 135.45
-16.5417 135.417
-16.5004 135.38
-16.4564 135.316
-16.4149 135.276
-16.3729 135.231
-16.3344 135.223
-16.2959 135.214
-16.2555 135.186
-16.207 135.072
-16.1676 135.053
-16.126 135.012
-16.0829 134.954
-16.0441 134.942
-16.0045 134.921
-15.9644 134.895
-15.925 134.876
-15.882 134.818
-15.8412 134.783
-15.7988 134.732
-15.7599 134.718
-15.72 134.693
-15.6817 134.685
-15.6392 134.631
-15.598 134.592
-15.5574 134.559
-15.5188 134.547
-15.4807 134.541
-15.4414 134.523
-15.4013 134.494
-15.3606 134.459
-15.3206 134.432
-15.2826 134.426
-15.243 134.404
-15.204 134.387
-15.1619 134.336
-15.1211 134.299
-15.0825 134.287
-15.0447 134.283
-15.007 134.281
-14.9679 134.263
-14.93 134.259
-14.8904 134.234
-14.8497 134.197
-14.8093 134.164
-14.7695 134.138
-14.7313 134.13
-14.6939 134.13
-14.6545 134.107
-14.6163 134.099
-14.5757 134.062
-14.5373 134.052
-14.5002 134.056
-14.4628 134.056
-14.4234 134.034
-14.3849 134.022
-14.3466 134.012
-14.3061 133.975
-14.2681 133.969
-14.2303 133.965
-14.1926 133.961
-14.1536 133.942
-14.1156 133.936
-14.0772 133.924
-14.0379 133.902
-14.0003 133.9
-13.963 133.902
-13.9249 133.894
-13.8855 133.869
-13.8467 133.853
-13.8092 133.851
-13.7719 133.853
-13.7347 133.855
-13.6969 133.851
-13.659 133.845
-13.6208 133.835
-13.5827 133.827
-13.5448 133.82
-13.507 133.816
-13.4698 133.818
-13.4322 133.816
-13.3942 133.808
-13.3556 133.794
-13.3174 133.784
-13.28 133.784
-13.2434 133.794
-13.2063 133.798
-13.1678 133.784
-13.1297 133.776
-13.0926 133.78
-13.0562 133.792
-13.0191 133.796
-12.9816 133.796
-12.9439 133.792
-12.9059 133.784
-12.8678 133.776
-12.8298 133.768
-12.7919 133.762
-12.7539 133.754
-12.7179 133.772
-12.6818 133.79
-12.6433 133.776
-12.6055 133.77
-12.569 133.782
-12.5323 133.792
-12.4955 133.801
-12.4587 133.809
-12.4208 133.803
-12.3838 133.809
-12.348 133.831
-12.3098 133.821
-12.2717 133.811
-12.2344 133.813
-12.1972 133.817
-12.1601 133.821
-12.1232 133.829
-12.086 133.831
-12.0488 133.835
-12.0117 133.84
-11.9746 133.846
-11.9379 133.856
-11.9016 133.872
-11.8642 133.872
-11.8266 133.87
-11.7891 133.87
-11.7528 133.887
-11.7154 133.887
-11.6796 133.911
-11.6423 133.913
-11.6044 133.907
-11.5666 133.903
-11.5297 133.911
-11.4937 133.932
-11.457 133.944
-11.42 133.95
-11.3835 133.964
-11.3471 133.981
-11.3103 133.991
-11.2733 133.999
-11.2364 134.007
-11.2005 134.032
-11.1645 134.054
-11.1273 134.058
-11.0901 134.062
-11.0534 134.075
-11.0172 134.095
-10.981 134.116
-10.9441 134.126
-10.9073 134.136
-10.8712 134.158
-10.8342 134.167
-10.7975 134.179
-10.7624 134.218
-10.7252 134.224
-10.6886 134.238
-10.6527 134.265
-10.6167 134.29
-10.5794 134.294
-10.5421 134.298
-10.505 134.306
-10.4704 134.353
-10.4337 134.368
-10.3975 134.39
-10.3604 134.398
-10.3243 134.423
-10.2874 134.433
-10.2503 134.441
-10.2153 134.485
-10.1785 134.499
-10.1423 134.522
-10.1062 134.548
-10.0695 134.563
-10.034 134.6
-9.99833 134.633
-9.96092 134.637
-9.9246 134.659
-9.88886 134.692
-9.85312 134.725
-9.81724 134.756
-9.78039 134.771
-9.74568 134.822
-9.70952 134.849
-9.67217 134.855
-9.63469 134.859
-9.59874 134.89
-9.56313 134.927
-9.52703 134.956
-9.49115 134.989
-9.45538 135.025
-9.41924 135.053
-9.38332 135.087
-9.27729 135.219
-8.35362 136.425
-8.3173 136.461
-8.14771 136.898
-8.11334 136.978
-8.08095 137.101
-8.04432 137.135
-8.00768 137.169
-7.97241 137.232
