33.1269 127.049
33.1505 126.988
33.1598 126.857
33.1455 126.61
33.1575 126.493
33.1664 126.36
33.1764 126.234
32.9877 123.597
33.0108 123.539
33.0351 123.486
33.0624 123.448
33.0813 123.369
33.0991 123.286
33.1206 123.22
33.1444 123.166
33.172 123.13
33.1973 123.083
33.2249 123.047
33.249 122.994
33.2719 122.936
33.2945 122.877
33.3189 122.826
33.3453 122.784
33.3682 122.727
33.396 122.693
33.4208 122.644
33.4448 122.592
33.4672 122.532
33.4908 122.478
33.5182 122.443
33.5475 122.416
33.5725 122.369
33.6003 122.335
33.6299 122.31
33.6634 122.303
33.6923 122.274
33.7068 122.179
33.7299 122.124
33.7602 122.102
33.7914 122.084
33.8225 122.067
33.8493 122.029
33.875 121.986
33.9045 121.961
33.9337 121.935
33.9593 121.892
33.9772 121.813
34.0106 121.806
34.0412 121.787
34.0684 121.751
34.0959 121.718
34.1284 121.707
34.159 121.687
34.1857 121.65
34.2144 121.622
34.2419 121.588
34.2701 121.558
34.2979 121.526
34.3273 121.501
34.3598 121.491
34.3868 121.455
34.4146 121.423
34.4389 121.376
34.4698 121.358
34.4995 121.335
34.5268 121.301
34.5569 121.28
34.5897 121.272
34.6186 121.245
34.6487 121.224
34.6764 121.192
34.7053 121.166
34.7345 121.141
34.7661 121.127
34.7918 121.087
34.8214 121.064
34.8526 121.048
34.883 121.029
34.913 121.007
34.9442 120.992
34.9722 120.962
35.0049 120.953
35.0368 120.941
35.068 120.925
35.0948 120.89
35.1231 120.862
35.1522 120.837
35.1778 120.797
35.2005 120.744
35.2292 120.718
35.2619 120.709
35.2942 120.699
35.3205 120.662
35.3499 120.639
35.377 120.606
35.4028 120.568
35.4255 120.515
35.4569 120.501
35.4967 120.524
35.5422 120.572
35.5788 120.58
35.6106 120.568
35.6392 120.542
35.6694 120.523
