26.5772 154.646
26.6104 154.578
26.6257 154.38
26.6588 154.312
26.6955 154.271
26.7229 154.162
26.7778 150.056
27.0403 149.571
27.0753 149.527
27.107 149.46
27.1469 149.45
27.1787 149.383
27.2139 149.341
27.2488 149.296
27.284 149.254
27.3189 149.21
27.3509 149.146
27.386 149.104
27.4244 149.084
27.4578 149.03
27.4961 149.01
27.5273 148.941
27.5624 148.899
27.5974 148.857
27.6278 148.783
27.6618 148.734
27.6979 148.7
27.7361 148.68
27.7769 148.677
27.8151 148.658
27.8508 148.621
27.8909 148.613
27.9236 148.557
27.9611 148.532
27.9934 148.474
28.029 148.437
28.0687 148.427
28.1053 148.397
28.1442 148.383
28.1798 148.346
28.2153 148.309
28.2531 148.287
28.2934 148.282
28.3285 148.243
28.3618 148.192
28.3965 148.15
28.4323 148.116
28.4722 148.108
28.5103 148.089
28.5501 148.081
28.5885 148.064
28.6254 148.037
28.6623 148.01
28.6999 147.988
28.7364 147.959
28.7743 147.939
28.8141 147.932
28.8525 147.915
28.8893 147.888
28.9242 147.849
28.9629 147.834
29.0008 147.815
29.042 147.817
29.0818 147.81
29.1205 147.795
29.1595 147.783
29.1966 147.758
29.2295 147.707
29.2662 147.68
29.3033 147.656
29.3445 147.658
29.3839 147.648
29.4182 147.607
29.4568 147.592
29.4988 147.6
29.5393 147.597
29.5755 147.568
29.6102 147.529
29.6487 147.514
29.6884 147.507
29.7292 147.507
29.7712 147.514
29.8112 147.509
29.8509 147.501
29.8859 147.465
29.9189 147.417
29.9566 147.397
29.9982 147.402
30.0362 147.385
30.0766 147.382
30.1127 147.353
30.15 147.331
30.186 147.302
30.2272 147.304
30.2699 147.316
30.3138 147.335
30.3597 147.367
30.4009 147.369
30.4353 147.33
30.4757 147.327
30.5177 147.335
30.5537 147.305
30.5892 147.274
30.6312 147.281
30.6771 147.312
30.7198 147.324
30.7622 147.334
30.8018 147.326
30.8389 147.304
30.8788 147.299
30.92 147.302
30.9599 147.297
31.0007 147.296
31.0422 147.301
31.0825 147.299
31.1225 147.294
31.1632 147.293
31.2039 147.293
31.2426 147.281
31.2821 147.274
31.3241 147.281
31.3656 147.285
31.4055 147.28
31.4462 147.28
31.4886 147.29
31.5306 147.297
31.5741 147.314
31.6173 147.328
31.6576 147.325
31.6951 147.306
31.735 147.301
31.7778 147.313
31.8222 147.334
31.8662 147.353
31.9078 147.358
31.9493 147.363
31.9901 147.363
32.027 147.341
32.0715 147.362
32.1143 147.374
32.1575 147.388
32.1983 147.388
32.2398 147.393
32.2805 147.393
32.3179 147.373
32.3578 147.368
32.3993 147.373
32.4459 147.407
32.496 147.459
32.5371 147.462
32.5757 147.449
32.6215 147.478
32.672 147.534
32.7166 147.555
32.7582 147.56
32.7943 147.533
32.8397 147.56
32.8847 147.584
32.9276 147.595
32.9722 147.617
33.0125 147.614
33.055 147.624
33.0992 147.643
33.146 147.677
33.1923 147.708
33.2387 147.739
33.2812 147.749
33.3216 147.746
33.3632 147.751
33.4096 147.782
33.4569 147.818
33.5012 147.838
33.5463 147.862
33.5867 147.859
33.6297 147.871
33.6775 147.91
33.7209 147.924
33.767 147.953
33.8139 147.987
33.8622 148.028
33.9141 148.088
33.9558 148.093
34.2297 148.25
