-24.8728 83.9148
-24.8441 83.9025
1.64153 146.982
1.68182 146.941
2.24042 146.071
2.43972 145.844
2.51944 145.763
2.55937 145.73
2.59925 145.695
2.71808 145.539
2.75793 145.506
2.79808 145.494
2.83801 145.468
2.87812 145.454
2.91754 145.397
2.95725 145.36
2.9969 145.32
3.03649 145.277
3.07622 145.244
3.19553 145.157
3.23562 145.148
3.27482 145.089
3.31443 145.054
3.3541 145.023
3.39407 145.009
3.43407 144.998
3.47384 144.974
3.51396 144.969
3.55299 144.908
3.59296 144.897
3.6326 144.869
3.6726 144.859
3.71203 144.822
3.75158 144.791
3.79151 144.78
3.83109 144.752
3.87071 144.726
3.91072 144.719
3.95072 144.712
3.99067 144.702
4.03071 144.698
4.06983 144.651
4.10954 144.632
4.14952 144.625
4.18912 144.602
4.22908 144.595
4.26893 144.583
4.30872 144.569
4.34818 144.541
4.3879 144.525
4.42772 144.513
4.46789 144.515
4.5073 144.487
4.54688 144.466
4.58674 144.457
4.62654 144.445
4.66627 144.431
4.706 144.417
4.74578 144.406
4.78531 144.385
4.82532 144.382
4.86527 144.378
4.90509 144.368
4.94497 144.361
4.98473 144.35
5.0246 144.343
5.06434 144.331
5.10388 144.312
5.14368 144.303
5.18353 144.296
5.22325 144.284
5.26263 144.261
5.30275 144.263
5.343 144.27
5.38325 144.277
5.42351 144.284
5.46362 144.286
5.50318 144.27
5.54266 144.252
5.58263 144.249
5.62267 144.249
5.66272 144.249
5.70276 144.249
5.74287 144.251
5.78313 144.258
5.82295 144.251
5.86224 144.228
5.90198 144.219
5.94315 144.254
5.98632 144.349
6.02246 144.23
6.06389 144.272
6.10385 144.27
6.14311 144.246
6.18259 144.23
6.22263 144.23
6.26266 144.23
6.30261 144.228
6.34257 144.225
6.38251 144.223
6.42263 144.225
6.46324 144.241
6.50344 144.246
6.54331 144.241
6.58334 144.241
6.62363 144.248
6.66366 144.248
6.7037 144.248
6.74373 144.248
6.78368 144.246
6.82389 144.25
6.86428 144.26
6.90475 144.271
6.94515 144.28
6.98546 144.287
7.02586 144.297
7.0659 144.296
7.1064 144.308
7.147 144.322
7.18751 144.334
7.22746 144.331
7.26779 144.338
7.30803 144.343
7.34855 144.354
7.38908 144.366
7.42962 144.378
7.47082 144.405
7.51108 144.41
7.55115 144.41
7.5918 144.424
7.63216 144.431
7.67262 144.44
7.71329 144.454
7.75445 144.48
7.79503 144.491
7.83592 144.51
7.8756 144.5
7.9165 144.519
7.95761 144.542
7.9978 144.544
8.0381 144.549
8.07871 144.561
8.12131 144.617
8.16183 144.626
8.20331 144.656
8.24407 144.67
8.28525 144.694
8.32569 144.7
8.36603 144.705
8.40637 144.71
8.4478 144.738
8.49023 144.787
8.53355 144.855
8.57371 144.854
8.61364 144.85
8.65402 144.854
8.69574 144.887
8.73793 144.929
8.82066 144.978
8.86244 145.011
8.90412 145.041
8.94489 145.053
8.98787 145.109
9.03006 145.149
9.07086 145.161
9.11249 145.189
9.15448 145.224
9.19543 145.238
9.23734 145.271
9.27949 145.308
9.32167 145.346
9.3635 145.377
9.40583 145.417
9.44818 145.457
9.4903 145.492
9.53121 145.503
9.57447 145.56
9.61564 145.576
9.65944 145.642
9.7014 145.673
9.74236 145.685
9.78623 145.751
9.83064 145.826
9.87369 145.876
9.91637 145.919
9.95946 145.968
10.0009 145.987
10.0454 146.063
10.0899 146.136
10.1324 146.174
10.1753 146.217
