-16.1319 132.352
-16.0935 132.338
-16.0025 132.162
-15.9628 132.134
-15.9251 132.126
-15.885 132.094
-15.8467 132.081
-15.8042 132.023
-15.7614 131.961
-15.7169 131.881
-15.676 131.84
-15.6342 131.788
-15.596 131.774
-15.5579 131.762
-15.5191 131.742
-15.4772 131.689
-15.4349 131.631
-15.3968 131.617
-15.3593 131.611
-15.32 131.585
-15.278 131.53
-15.1954 131.433
-15.1574 131.421
-15.1184 131.397
-15.081 131.391
-15.04 131.346
-15.0021 131.334
-14.9646 131.326
-14.9277 131.326
-14.8889 131.304
-14.8503 131.285
-14.8089 131.233
-14.7696 131.206
-14.7317 131.194
-14.6928 131.17
-14.6525 131.131
-14.6147 131.119
-14.5773 131.113
-14.5397 131.103
-14.5019 131.091
-14.4611 131.046
-14.4219 131.018
-14.3849 131.017
-14.3464 130.997
-14.308 130.977
-14.269 130.952
-14.2314 130.942
-14.1907 130.896
-14.1536 130.893
-14.1169 130.893
-14.0794 130.885
-14.0393 130.845
-14.0014 130.832
-13.9633 130.816
-13.9249 130.796
-13.8874 130.786
-13.8482 130.757
-13.8108 130.749
-13.7742 130.751
-13.7363 130.737
-13.699 130.73
-13.6619 130.726
-13.6232 130.702
-13.5855 130.69
-13.5477 130.677
-13.5102 130.667
-13.473 130.661
-13.4359 130.657
-13.3981 130.643
-13.3611 130.639
-13.3239 130.633
-13.2869 130.63
-13.2498 130.626
-13.2124 130.616
-13.1742 130.598
-13.1371 130.592
-13.0997 130.584
-13.0626 130.579
-13.0259 130.579
-12.9892 130.579
-12.9522 130.575
-12.9148 130.567
-12.8778 130.563
-12.8408 130.559
-12.8031 130.545
-12.7653 130.532
-12.7281 130.526
-12.6911 130.522
-12.6543 130.52
-12.6181 130.526
-12.5824 130.539
-12.5456 130.538
-12.5081 130.528
-12.472 130.536
-12.4359 130.543
-12.3989 130.539
-12.3615 130.53
-12.3236 130.514
-12.2865 130.508
-12.2498 130.508
-12.2129 130.506
-12.1764 130.508
-12.141 130.526
-12.1047 130.532
-12.0677 130.528
-12.0317 130.538
-11.996 130.551
-11.9576 130.528
-11.9206 130.524
-11.8841 130.526
-11.8485 130.541
-11.8109 130.53
-11.7753 130.545
-11.7393 130.555
-11.7022 130.549
-11.6658 130.553
-11.6296 130.561
-11.5936 130.571
-11.5574 130.579
-11.5214 130.588
-11.4851 130.594
-11.4483 130.594
-11.4109 130.584
-11.3745 130.588
-11.3387 130.602
-11.3025 130.61
-11.2658 130.61
-11.2288 130.606
-11.193 130.62
-11.1568 130.628
-11.1198 130.624
-11.0832 130.626
-11.0475 130.641
-11.0122 130.663
-10.9765 130.679
-10.9403 130.686
-10.904 130.694
-10.8678 130.702
-10.8314 130.708
-10.7952 130.716
-10.7597 130.735
-10.7242 130.755
-10.6878 130.761
-10.6514 130.767
-10.6157 130.783
-10.5797 130.794
-10.543 130.796
-10.5065 130.8
-10.4708 130.818
-10.4349 130.832
-10.3993 130.851
-10.3629 130.857
-10.327 130.871
-10.2912 130.887
-10.2557 130.908
-10.2195 130.918
-10.1837 130.934
-10.1481 130.954
-10.1124 130.973
-10.0765 130.987
-10.0416 131.019
-10.0054 131.03
-9.96895 131.036
-9.93246 131.042
-9.89632 131.054
-9.86124 131.084
-9.82615 131.113
-9.79093 131.141
-9.75511 131.159
-9.7187 131.166
-9.68263 131.18
-9.64725 131.206
-9.61198 131.234
-9.57589 131.247
-9.54036 131.271
-9.50506 131.299
-9.46974 131.326
-9.43429 131.352
-9.39827 131.368
-9.36257 131.39
-9.3271 131.416
-9.29194 131.447
-9.25577 131.461
-9.22137 131.507
-9.18518 131.521
-9.14997 131.552
-9.11355 131.562
-9.07941 131.614
-9.04427 131.647
-9.00912 131.681
-8.97373 131.711
-8.93844 131.743
-8.90324 131.777
-8.86675 131.787
-8.83099 131.81
-8.79565 131.842
-8.76124 131.892
-8.72503 131.908
-8.68964 131.94
-8.6555 131.996
-8.62029 132.032
-8.58496 132.065
-8.54951 132.097
-8.51384 132.125
-8.4796 132.181
-8.4442 132.215
-8.409 132.253
-8.37378 132.291
-8.33945 132.347
-8.30409 132.383
-8.26831 132.411
-8.23263 132.441
-8.19831 132.5
-8.16407 132.56
-8.12912 132.606
-8.09473 132.664
-8.05925 132.7
-8.02385 132.739
-7.99056 132.821
-7.95406 132.837
-7.9185 132.874
-7.85239 133.053
-7.71495 133.31
-7.67934 133.349
