-12.5842 144.997
-12.5426 144.983
-12.2129 144.312
-12.1684 144.251
-12.1273 144.242
-11.6383 143.565
-11.5958 143.53
-11.5531 143.493
-11.3771 143.261
-11.3329 143.199
-11.2924 143.195
-11.2521 143.193
-11.2063 143.105
-11.1654 143.093
-11.1232 143.061
-11.0807 143.024
-11.0399 143.015
-10.996 142.955
-10.955 142.942
-10.9112 142.882
-10.8706 142.875
-10.8297 142.864
-10.7876 142.832
-10.745 142.79
-10.7027 142.756
-10.6607 142.724
-10.6201 142.717
-10.5779 142.683
-10.3286 142.537
-10.288 142.528
-10.2462 142.498
-10.2045 142.471
-10.1639 142.462
-10.1203 142.4
-10.0798 142.393
-10.04 142.398
-9.99997 142.399
-9.95783 142.362
-9.91571 142.325
-9.87399 142.296
-9.83369 142.292
-9.79314 142.283
-9.75145 142.253
-9.70964 142.221
-9.66923 142.214
-9.62895 142.21
-9.58867 142.206
-9.54839 142.201
-9.507 142.176
-9.46599 142.158
-9.42572 142.154
-9.38484 142.138
-9.34421 142.127
-9.30419 142.127
-9.26333 142.111
-9.22283 142.103
-9.18234 142.094
-9.14113 142.071
-9.10041 142.057
-9.05911 142.032
-9.0177 142.005
-8.97735 141.999
-8.93746 142.001
-8.89746 142.001
-8.85723 141.997
-8.81585 141.97
-8.77529 141.959
-8.73529 141.959
-8.69518 141.957
-8.65474 141.948
-8.61452 141.944
-8.57397 141.932
-8.53408 141.935
-8.49409 141.935
-8.45365 141.926
-8.41344 141.922
-8.37301 141.913
-8.33269 141.906
-8.2927 141.907
-8.25238 141.9
-8.21207 141.893
-8.1725 141.903
-8.13345 141.924
-8.09293 141.913
-8.0524 141.901
-8.01199 141.892
-7.97168 141.886
-7.93189 141.891
-7.89189 141.891
-7.85179 141.889
-7.81159 141.885
-7.77008 141.85
-7.72918 141.83
-7.68979 141.844
-7.65099 141.872
-7.61 141.849
-7.56794 141.801
-7.53011 141.852
-7.48933 141.834
-7.44905 141.827
-7.40896 141.825
-7.36887 141.823
-7.33011 141.853
-7.29115 141.879
-7.25123 141.881
-7.21169 141.893
-7.17252 141.914
-7.13398 141.951
-7.09525 141.983
-7.05558 141.992
-7.01526 141.986
-6.97559 141.995
-6.93627 142.014
-6.89631 142.016
-6.856 142.01
-6.81595 142.01
-6.7759 142.01
-6.73638 142.024
-6.69676 142.036
-6.65731 142.052
-6.61828 142.08
-6.5789 142.099
-6.53917 142.108
-6.49968 142.124
-6.46028 142.143
-6.42053 142.152
-6.38069 142.16
-6.34134 142.18
-6.30165 142.192
-6.26156 142.192
-6.22129 142.188
-6.18152 142.197
-6.14261 142.232
-6.10274 142.239
-6.06302 142.251
-6.02361 142.272
-5.98411 142.291
-5.94437 142.302
-5.90486 142.321
-5.86564 142.349
-5.82641 142.377
-5.78717 142.405
-5.74731 142.414
-5.7076 142.428
-5.66817 142.452
-5.62815 142.456
-5.58813 142.461
-5.5481 142.466
-5.50893 142.499
-5.47032 142.55
-5.43048 142.561
-5.39056 142.571
-5.35134 142.603
-5.31155 142.618
-5.27306 142.676
-5.23379 142.708
-5.1939 142.72
-5.15386 142.727
-5.11456 142.76
-5.07531 142.795
-5.03597 142.827
-4.99597 142.837
-4.95668 142.872
-4.87823 142.949
-4.83819 142.958
-4.79859 142.984
-4.75922 143.019
-4.71983 143.054
-4.68043 143.089
-4.60177 143.166
-4.52285 143.237
-4.48284 143.251
-4.44393 143.309
-4.40378 143.319
-4.28612 143.464
-4.24648 143.497
-4.20628 143.506
-4.16673 143.544
-3.97132 143.849
-3.93154 143.882
-3.89123 143.892
-3.85152 143.929
