-3.79081 155.063
-3.03549 153.546
-2.99168 153.474
-2.64476 153.067
-2.34278 152.743
-2.3002 152.736
-2.25684 152.664
-2.21425 152.654
-2.12837 152.572
-2.08576 152.557
-2.04285 152.516
-1.99971 152.452
-1.95716 152.439
-1.91437 152.403
-1.87161 152.37
-1.82906 152.355
-1.78631 152.319
-1.74352 152.278
-1.70109 152.273
-1.6584 152.24
-1.61596 152.233
-1.57337 152.207
-1.53076 152.179
-1.48827 152.164
-1.44556 152.121
-1.4029 152.083
-1.36045 152.068
-1.31784 152.032
-1.27529 152.002
-1.23273 151.968
-1.19038 151.964
-1.14785 151.931
-1.10544 151.915
-1.06304 151.9
-1.02059 151.875
-0.978282 151.873
-0.935874 151.852
-0.893516 151.84
-0.851176 151.83
-0.808828 151.817
-0.766305 151.766
-0.723987 151.756
-0.681652 151.741
-0.639168 151.688
-0.596884 151.68
-0.55452 151.65
-0.51223 151.637
-0.469977 151.635
-0.427733 151.635
-0.385468 151.628
-0.343161 151.602
-0.300906 151.595
-0.258664 151.593
-0.216362 151.557
-0.174064 151.514
-0.131834 151.507
-0.0896197 151.509
-0.0474115 151.52
-0.00519672 151.527
0.0370271 151.525
0.0792493 151.525
0.121472 151.518
0.16369 151.49
0.205897 151.47
0.248108 151.47
0.290315 151.465
0.332514 151.455
0.3747 151.437
0.416897 151.432
0.459109 151.438
0.501313 151.438
0.543486 151.423
0.585645 151.405
0.627778 151.38
0.669906 151.357
0.712109 151.362
0.754388 151.39
0.79639 151.335
0.838415 151.292
0.880479 151.264
0.922542 151.239
0.964726 151.244
1.00719 151.31
1.04948 151.333
1.09162 151.326
1.13394 151.351
1.17618 151.361
1.21863 151.407
1.26086 151.412
1.303 151.402
1.3452 151.403
1.38747 151.413
1.42988 151.443
1.47216 151.454
1.51432 151.446
1.55654 151.449
1.59879 151.454
1.64107 151.462
1.68334 151.47
1.72547 151.46
1.76762 151.452
1.80988 151.457
1.85216 151.465
1.89466 151.496
1.93705 151.514
1.97935 151.521
2.02163 151.527
2.06383 151.524
2.10593 151.512
2.14858 151.552
2.1909 151.56
2.23311 151.558
2.27546 151.568
2.31785 151.581
2.36015 151.586
2.40267 151.609
2.44525 151.637
2.4876 151.645
2.52992 151.65
2.57218 151.65
2.61444 151.65
2.65676 151.655
2.69933 151.678
2.74163 151.681
2.78429 151.709
2.82692 151.735
2.8696 151.763
2.91203 151.773
2.95477 151.804
2.99722 151.814
3.03959 151.819
3.08224 151.843
3.1247 151.853
3.16761 151.891
3.21067 151.937
3.25358 151.973
3.29591 151.973
3.33828 151.976
3.38074 151.984
3.42413 152.045
3.46666 152.055
3.50964 152.091
3.55209 152.096
3.595 152.127
3.63746 152.132
3.68054 152.171
3.7231 152.181
3.76675 152.248
3.80934 152.258
3.85193 152.269
3.89443 152.274
4.02465 152.423
4.06723 152.431
4.10977 152.436
4.15383 152.513
4.19715 152.554
4.24033 152.588
4.28285 152.59
4.54345 152.843
4.67383 152.962
4.71737 153.003
4.76067 153.034
5.06859 153.423
5.11339 153.506
5.15701 153.542
