-24.8698 83.9006
10.3576 139.028
10.3968 139.035
10.4353 139.028
11.1676 137.724
11.5166 137.171
11.5882 137.092
11.6243 137.057
11.6589 137.001
11.6945 136.958
11.7286 136.896
11.7661 136.883
11.8039 136.875
11.8421 136.872
11.8773 136.825
11.9109 136.757
11.9466 136.718
11.9829 136.688
12.0206 136.679
12.0545 136.615
12.0886 136.555
12.1599 136.481
12.1964 136.455
12.2344 136.451
12.272 136.442
12.3059 136.38
12.3415 136.344
12.3789 136.331
12.4157 136.312
12.4532 136.301
12.4871 136.241
12.5229 136.207
12.5589 136.178
12.5946 136.144
12.6302 136.107
12.6677 136.099
12.7043 136.077
12.7421 136.071
12.7779 136.039
12.814 136.011
12.8515 136.003
12.8874 135.973
12.9246 135.96
12.9591 135.912
12.9968 135.905
13.0339 135.892
13.0684 135.844
13.1058 135.835
13.1439 135.835
13.1804 135.814
13.2174 135.799
13.2532 135.769
13.2894 135.744
13.327 135.737
13.3642 135.727
13.4013 135.714
13.4376 135.69
13.4742 135.671
13.5109 135.654
13.5473 135.633
13.5852 135.631
13.6226 135.622
13.6598 135.612
13.6972 135.603
13.7329 135.574
13.7699 135.561
13.8074 135.555
13.8436 135.531
13.8801 135.512
13.9171 135.499
13.9542 135.489
13.9916 135.48
14.0291 135.474
14.0671 135.474
14.1039 135.459
14.1407 135.444
14.1776 135.431
14.2149 135.423
14.2528 135.421
14.2901 135.412
14.3256 135.383
14.3629 135.374
14.4007 135.372
14.4378 135.361
14.475 135.353
14.5123 135.344
14.5503 135.344
14.5886 135.348
14.6277 135.361
14.6629 135.329
14.6993 135.31
14.7361 135.297
14.7741 135.297
14.811 135.285
14.8482 135.276
14.8832 135.242
14.921 135.24
14.9562 135.209
14.9987 135.261
15.0437 135.341
15.0835 135.362
15.1163 135.303
15.1524 135.282
15.1879 135.254
15.2258 135.254
15.2641 135.258
15.3024 135.262
15.3406 135.264
15.3793 135.273
15.4174 135.275
15.4546 135.266
15.4923 135.264
15.5305 135.266
15.568 135.262
15.6054 135.255
15.6439 135.261
15.6824 135.268
15.7205 135.27
15.7584 135.27
15.797 135.276
15.8357 135.284
15.8744 135.292
15.9115 135.284
15.9489 135.277
15.9874 135.284
16.0269 135.3
16.065 135.302
16.1028 135.3
16.1401 135.294
16.1782 135.296
16.2174 135.308
16.2563 135.319
16.2948 135.325
16.3332 135.329
16.3703 135.32
16.4092 135.331
16.4474 135.333
16.4859 135.339
16.525 135.351
16.564 135.362
16.6025 135.368
16.6425 135.389
16.6821 135.406
16.7213 135.418
16.7594 135.42
16.798 135.426
16.837 135.437
16.878 135.468
16.9168 135.477
16.956 135.489
16.9954 135.504
17.0338 135.508
17.072 135.51
17.1112 135.522
17.1508 135.539
17.1896 135.547
17.2289 135.56
17.2717 135.608
17.3112 135.623
17.3511 135.642
17.3901 135.652
17.4303 135.673
17.47 135.69
17.506 135.671
17.5438 135.669
17.5839 135.69
17.6275 135.744
17.6664 135.753
17.707 135.778
17.7455 135.782
17.7867 135.814
17.8261 135.826
17.8678 135.862
17.9085 135.887
17.9502 135.923
17.9914 135.953
18.0303 135.961
18.0699 135.976
18.1095 135.99
18.1527 136.039
18.1925 136.056
18.2333 136.081
18.2731 136.098
18.3148 136.132
18.3558 136.159
18.3977 136.195
18.4422 136.254
18.4816 136.267
18.5222 136.29
18.5619 136.305
18.6041 136.343
18.6441 136.36
18.6857 136.392
18.7275 136.426
18.7693 136.46
18.8116 136.498
18.8537 136.534
18.8953 136.566
18.9379 136.606
18.9831 136.67
19.0248 136.702
19.0649 136.719
19.1094 136.776
19.1575 136.866
19.2003 136.906
19.2416 136.934
19.2843 136.974
19.3273 137.017
19.3725 137.079
19.4177 137.141
19.464 137.212
19.5102 137.283
19.5536 137.328
19.6018 137.416
19.6475 137.48
19.6914 137.529
19.7378 137.6
19.7865 137.691
19.8335 137.766
19.8798 137.835
