-26.8698 143.073
-26.4144 141.854
-25.9012 141.006
-25.629 140.731
-25.4047 140.517
-25.1816 140.307
-25.138 140.272
-25.0945 140.237
-25.0506 140.2
-25.0105 140.189
-24.9676 140.159
-24.8813 140.093
-24.8341 140.032
-24.7943 140.024
-24.7512 139.991
-24.7047 139.934
-24.6647 139.924
-24.6219 139.893
-24.5819 139.883
-24.54 139.859
-24.5006 139.852
-24.4543 139.796
-24.414 139.783
-24.3713 139.752
-24.3283 139.72
-24.2883 139.709
-24.2462 139.683
-24.2069 139.677
-24.1642 139.646
-24.1225 139.623
-24.0831 139.616
-24.0432 139.606
-24.0009 139.577
-23.9591 139.554
-23.9186 139.539
-23.8763 139.51
-23.8376 139.508
-23.7983 139.502
-23.7563 139.476
-23.7135 139.444
-23.673 139.429
-23.6343 139.427
-23.5933 139.407
-23.5534 139.396
-23.512 139.375
-23.4731 139.371
-23.4341 139.367
-23.3942 139.356
-23.3514 139.323
-23.3116 139.313
-23.2717 139.302
-23.2325 139.296
-23.1938 139.294
-23.1534 139.279
-23.1112 139.251
-23.0726 139.248
-23.0333 139.242
-22.9935 139.231
-22.9548 139.229
-22.9161 139.227
-22.8769 139.221
-22.8362 139.204
-22.7975 139.202
-22.7591 139.202
-22.7207 139.202
-22.6818 139.198
-22.6423 139.189
-22.6027 139.181
-22.5638 139.176
-22.5257 139.179
-22.4864 139.172
-22.4461 139.157
-22.4057 139.142
-22.3665 139.136
-22.3287 139.14
-22.2922 139.156
-22.256 139.173
-22.2182 139.178
-22.1789 139.171
-22.1391 139.16
-22.1007 139.161
-22.0612 139.152
-22.0215 139.141
-21.9831 139.142
-21.9438 139.135
-21.9049 139.131
-21.8681 139.144
-21.83 139.146
-21.7897 139.131
-21.751 139.129
-21.7142 139.142
-21.6768 139.151
-21.6392 139.158
-21.6016 139.164
-21.5621 139.156
-21.5242 139.16
-21.4831 139.139
-21.4466 139.154
-21.4089 139.161
-21.371 139.165
-21.3342 139.178
-21.2989 139.204
-21.26 139.2
-21.2207 139.194
-21.1826 139.196
-21.1452 139.205
-21.1075 139.211
-21.0722 139.237
-21.033 139.231
-20.9943 139.229
-20.9571 139.24
-20.9202 139.253
-20.8838 139.271
-20.8479 139.292
-20.8092 139.29
-20.7692 139.277
-20.7305 139.275
-20.6925 139.28
-20.6543 139.282
-20.6161 139.284
-20.5789 139.295
-20.5422 139.311
-20.505 139.322
-20.4685 139.339
-20.4318 139.354
-20.3943 139.363
-20.3568 139.372
-20.3211 139.396
-20.2843 139.411
-20.2473 139.424
-20.2098 139.433
-20.1728 139.446
-20.1363 139.464
-20.099 139.475
-20.0612 139.481
-20.0244 139.497
-19.9871 139.508
-19.9503 139.523
-19.9138 139.541
-19.877 139.556
-19.8394 139.565
-19.8028 139.582
-19.7664 139.602
-19.7306 139.626
-19.6945 139.648
-19.6569 139.657
-19.6222 139.692
-19.5855 139.709
-19.5494 139.731
-19.5117 139.74
-19.4763 139.768
-19.4394 139.784
-19.4029 139.804
-19.3658 139.817
-19.3293 139.836
-19.2933 139.861
-19.2564 139.876
-19.2208 139.904
-19.1834 139.916
-19.1476 139.942
-19.1123 139.973
-19.0774 140.008
-19.0397 140.017
-19.0036 140.041
-18.9664 140.054
-18.9336 140.109
-18.8965 140.124
-18.859 140.135
-18.8252 140.181
-18.7905 140.219
-18.7532 140.232
-18.7198 140.283
-18.682 140.291
-18.647 140.327
-18.612 140.362
-18.5769 140.397
-18.5395 140.41
-18.5054 140.454
-18.468 140.468
-18.4336 140.51
-18.4012 140.571
-18.3636 140.583
-18.3284 140.618
-18.2953 140.673
-18.2258 140.753
-18.1874 140.757
-18.1549 140.819
-18.1172 140.83
-18.0849 140.894
-17.845 141.216
-17.8119 141.274
-17.7747 141.292
-17.7422 141.356
-17.7096 141.421
-17.6744 141.459
-17.6396 141.501
-17.6103 141.599
-17.5741 141.628
-17.5383 141.662
-17.5043 141.713
