16.7206 153.744
16.7622 153.733
16.801 153.689
16.8326 153.564
17.0292 152.901
17.095 152.687
17.1297 152.602
17.1617 152.487
17.1971 152.409
17.2329 152.337
17.2698 152.278
17.3021 152.168
17.3372 152.089
17.3719 152.007
17.6971 151.42
17.7341 151.367
17.7705 151.306
17.8089 151.267
17.8469 151.224
17.8848 151.181
17.9234 151.145
17.9611 151.1
18.0682 150.902
18.1087 150.887
18.1445 150.824
18.185 150.808
18.2256 150.795
18.2639 150.757
18.2994 150.692
18.3374 150.651
18.3758 150.616
18.4521 150.54
18.4892 150.492
18.5237 150.417
18.5642 150.404
18.6055 150.399
18.6418 150.343
18.6823 150.331
18.7226 150.315
18.7591 150.263
18.7996 150.25
18.8366 150.202
18.8738 150.157
18.912 150.122
18.9527 150.112
18.9881 150.049
19.0281 150.031
19.0667 150.001
19.1048 149.966
19.1419 149.921
19.1833 149.918
19.2245 149.913
19.2653 149.905
19.3047 149.882
19.3427 149.847
19.3805 149.81
19.419 149.78
19.4589 149.762
19.4974 149.732
19.5387 149.729
19.5777 149.704
19.619 149.701
19.6598 149.694
19.6999 149.679
19.7383 149.649
19.7765 149.616
19.8133 149.571
19.8538 149.561
19.8951 149.558
19.9337 149.531
19.9726 149.506
20.0134 149.498
20.053 149.48
20.0927 149.463
20.1339 149.46
20.1725 149.433
20.2122 149.415
20.2523 149.402
20.2919 149.385
20.3307 149.36
20.372 149.357
20.4121 149.345
20.4522 149.332
20.4913 149.309
20.5308 149.292
20.5712 149.282
20.6116 149.272
20.6487 149.232
20.689 149.222
20.7272 149.192
20.7672 149.179
20.8101 149.191
20.8523 149.199
20.8904 149.169
20.928 149.134
20.9658 149.101
21.0061 149.091
21.0481 149.096
21.0884 149.086
21.13 149.088
21.1717 149.09
21.2165 149.12
21.2568 149.11
21.2951 149.082
21.3396 149.109
21.3846 149.141
21.4226 149.111
21.4655 149.124
21.5086 149.138
21.55 149.138
21.5905 149.13
21.631 149.123
21.6713 149.113
21.7138 149.122
21.7558 149.127
21.7963 149.119
21.8374 149.117
21.8794 149.121
21.9199 149.114
21.9598 149.101
22.0012 149.101
22.0438 149.111
22.0857 149.115
22.1259 149.105
22.1667 149.1
22.2087 149.105
22.2539 149.137
22.2976 149.156
22.3372 149.141
22.3777 149.134
22.4217 149.156
22.4643 149.165
22.5081 149.185
22.5489 149.18
22.5884 149.165
22.6331 149.192
22.6754 149.199
22.7171 149.201
22.7618 149.228
22.804 149.235
22.8445 149.228
22.8826 149.2
22.9279 149.232
22.9711 149.247
23.0149 149.266
23.0596 149.293
23.1016 149.298
23.143 149.298
23.1857 149.307
23.2301 149.332
23.273 149.344
23.3132 149.334
23.3574 149.356
23.3991 149.358
23.4433 149.38
23.4856 149.388
23.5317 149.425
23.574 149.432
23.6157 149.434
23.6615 149.469
23.707 149.501
23.7494 149.508
23.7921 149.518
23.8366 149.542
23.8781 149.542
23.9198 149.544
23.9647 149.571
24.008 149.586
24.0542 149.623
24.1008 149.662
24.1429 149.667
24.1853 149.674
24.2303 149.701
24.273 149.711
24.318 149.738
24.3607 149.748
24.4106 149.813
24.4524 149.815
24.4978 149.844
24.5415 149.862
24.5849 149.876
24.6297 149.901
24.6764 149.941
24.7264 150.005
24.7696 150.017
24.816 150.055
24.8592 150.067
24.9056 150.104
