-25.0788 163.907
-24.2779 162.01
-24.2291 161.966
-24.1203 161.785
-24.067 161.703
-24.0184 161.659
-23.9698 161.615
-23.9215 161.575
-23.8723 161.526
-23.7166 161.31
-23.6687 161.272
-23.6239 161.259
-23.5228 161.136
-23.4744 161.093
-23.4277 161.063
-23.3822 161.044
-23.3329 160.993
-23.2814 160.922
-23.2376 160.917
-23.1414 160.833
-23.0944 160.801
-23.0503 160.793
-23.0059 160.782
-22.9536 160.703
-22.9048 160.655
-22.8576 160.62
-22.8105 160.585
-22.767 160.582
-22.723 160.574
-22.6749 160.531
-22.6275 160.494
-22.5831 160.483
-22.536 160.448
-22.4889 160.413
-22.4443 160.4
-22.3994 160.384
-22.3529 160.354
-22.3068 160.327
-22.2625 160.317
-22.2176 160.301
-22.1682 160.244
-22.1239 160.234
-22.0794 160.22
-22.0333 160.194
-21.9888 160.18
-21.9445 160.17
-21.8973 160.132
-21.8516 160.108
-21.8082 160.106
-21.7649 160.103
-21.7219 160.104
-21.6765 160.082
-21.6302 160.053
-21.5839 160.023
-21.5412 160.026
-21.4985 160.029
-21.4546 160.022
-21.4104 160.011
-21.3662 160.001
-21.3229 159.998
-21.2793 159.993
-21.2337 159.969
-21.1884 159.948
-21.1445 159.94
-21.1015 159.94
-21.0599 159.954
-21.0166 159.952
-20.9713 159.93
-20.926 159.909
-20.8822 159.901
-20.8375 159.885
-20.7933 159.875
-20.7512 159.883
-20.7093 159.894
-20.6657 159.889
-20.621 159.873
-20.5775 159.868
-20.535 159.874
-20.492 159.874
-20.4485 159.869
-20.4052 159.866
-20.3605 159.85
-20.3189 159.864
-20.277 159.875
-20.2345 159.881
-20.1899 159.865
-20.1455 159.852
-20.1019 159.847
-20.06 159.858
-20.0192 159.88
-19.9792 159.91
-19.9361 159.91
-19.8928 159.908
-19.8446 159.857
-19.8 159.841
-19.7591 159.862
-19.7161 159.863
-19.6728 159.86
-19.6336 159.898
-19.5924 159.918
-19.5491 159.915
-19.5082 159.937
-19.4665 159.951
-19.4235 159.951
-19.3778 159.924
-19.3355 159.933
-19.2927 159.936
-19.2499 159.939
-19.2077 159.947
-19.167 159.972
-19.1247 159.98
-19.0824 159.988
-19.0396 159.991
-18.9961 159.986
-18.953 159.986
-18.9104 159.992
-18.8676 159.995
-18.8253 160.003
-18.7841 160.023
-18.7418 160.031
-18.6992 160.037
-18.6579 160.056
-18.6153 160.062
-18.5735 160.075
-18.5317 160.089
-18.4903 160.108
-18.4503 160.141
-18.4084 160.155
-18.3671 160.174
-18.3252 160.188
-18.2836 160.205
-18.242 160.221
-18.1988 160.221
-18.1565 160.23
-18.1158 160.257
-18.0756 160.29
-18.034 160.306
-17.9918 160.318
-17.9516 160.35
-17.9104 160.372
-17.8675 160.375
-17.8258 160.392
-17.7843 160.411
-17.7431 160.433
-17.7025 160.463
-17.6608 160.48
-17.6183 160.488
-17.578 160.521
-17.5355 160.529
-17.4952 160.562
-17.4558 160.606
-17.414 160.623
-17.3737 160.656
-17.3311 160.664
-17.2907 160.697
-17.2506 160.733
-17.2085 160.746
-17.1692 160.793
-17.1309 160.851
-17.0892 160.87
-17.0476 160.889
-17.0085 160.939
-16.9668 160.958
-16.9249 160.975
-16.8844 161.008
-16.8471 161.079
-16.8072 161.12
-16.7652 161.137
-16.7251 161.176
-16.6826 161.187
-16.642 161.22
-16.5998 161.234
-16.4041 161.493
-16.3636 161.529
-16.323 161.565
-16.2812 161.584
-16.2446 161.67
-16.2076 161.75
-16.1679 161.797
-16.126 161.816
-16.088 161.885
-16.0456 161.899
-16.0078 161.971
-15.9655 161.988
-15.9253 162.03
-15.8936 162.179
-15.8544 162.235
-15.8142 162.279
-15.7741 162.324
-15.7344 162.374
-15.627 162.677
-15.5846 162.694
-15.5445 162.741
-15.5098 162.859
-15.4697 162.906
-15.4328 162.995
-15.132 166.026
-15.085 165.992
