-21.5321 129.963
-21.4906 129.926
-21.4496 129.892
-21.2271 129.588
-21.187 129.561
-21.1489 129.549
-21.1063 129.502
-20.8567 129.266
-20.816 129.233
-20.7731 129.182
-20.7328 129.153
-20.6949 129.141
-20.6133 129.073
-20.5707 129.025
-20.5332 129.017
-20.4931 128.988
-20.4527 128.957
-20.4121 128.924
-20.3696 128.875
-20.3295 128.846
-20.2919 128.836
-20.2518 128.807
-20.2142 128.798
-20.1718 128.749
-20.1341 128.74
-20.092 128.693
-20.0539 128.679
-20.0144 128.654
-19.9773 128.649
-19.9404 128.645
-19.9011 128.621
-19.8617 128.596
-19.8236 128.583
-19.7837 128.554
-19.7442 128.529
-19.7067 128.519
-19.6654 128.478
-19.6274 128.465
-19.5898 128.455
-19.5511 128.436
-19.5138 128.428
-19.4745 128.403
-19.4351 128.378
-19.3969 128.363
-19.3575 128.338
-19.3214 128.34
-19.2866 128.353
-19.248 128.334
-19.2089 128.311
-19.1705 128.293
-19.1296 128.255
-19.0928 128.251
-19.056 128.247
-19.0188 128.24
-18.9802 128.22
-18.9413 128.199
-18.9041 128.191
-18.8671 128.186
-18.8303 128.182
-18.7933 128.176
-18.7552 128.161
-18.7182 128.155
-18.6805 128.143
-18.6449 128.149
-18.6079 128.143
-18.5698 128.128
-18.5312 128.109
-18.494 128.101
-18.4571 128.095
-18.4207 128.095
-18.384 128.092
-18.3461 128.078
-18.3085 128.067
-18.2717 128.063
-18.2348 128.057
-18.1976 128.049
-18.161 128.048
-18.1243 128.044
-18.0875 128.04
-18.0512 128.04
-18.0149 128.04
-17.9781 128.036
-17.9416 128.034
-17.9055 128.036
-17.8696 128.04
-17.8326 128.034
-17.7954 128.027
-17.7585 128.021
-17.7217 128.017
-17.6841 128.006
-17.6474 128.002
-17.6115 128.006
-17.5753 128.008
-17.539 128.008
-17.5023 128.004
-17.4659 128.004
-17.43 128.008
-17.3941 128.012
-17.3586 128.02
-17.3225 128.022
-17.2859 128.02
-17.2496 128.02
-17.2134 128.022
-17.1771 128.022
-17.1412 128.026
-17.1052 128.03
-17.0693 128.033
-17.0333 128.037
-16.9976 128.043
-16.9626 128.057
-16.9291 128.084
-16.8933 128.09
-16.8558 128.078
-16.8192 128.076
-16.7824 128.072
-16.3567 124.314
-16.7081 128.057
-16.6718 128.057
-16.636 128.063
-16.6004 128.071
-16.5646 128.076
-16.5288 128.082
-16.4929 128.086
-16.4573 128.094
-16.4223 128.107
-16.387 128.119
-16.3514 128.127
-16.3148 128.125
-16.2802 128.142
-16.2457 128.162
-16.2103 128.171
-16.176 128.193
-16.14 128.197
-16.1042 128.202
-16.0676 128.201
-16.0311 128.201
-15.9951 128.204
-15.9595 128.212
-15.9257 128.239
-15.8908 128.255
-15.8562 128.274
-15.8202 128.278
-15.7849 128.29
-15.7499 128.305
-15.7171 128.342
-15.6808 128.344
-15.6453 128.354
-15.6105 128.371
-15.5748 128.379
-15.54 128.397
-15.5063 128.426
-15.4709 128.437
-15.4368 128.463
-15.4014 128.474
-15.3655 128.48
-15.3325 128.517
-15.2971 128.529
-15.2631 128.556
-15.2271 128.562
-15.1915 128.571
-15.1584 128.608
-15.1232 128.622
-15.0881 128.638
-15.0521 128.644
-15.0181 128.671
-14.9831 128.688
-14.9507 128.733
-14.9149 128.741
-14.8788 128.747
-14.843 128.755
-14.8101 128.796
-14.7757 128.819
-14.7423 128.854
-14.7078 128.877
-14.6731 128.899
-14.6349 128.881
-14.6029 128.932
-14.5696 128.969
-14.5342 128.983
-14.5008 129.02
-14.4645 129.024
-14.4303 129.051
-14.3968 129.087
-14.3627 129.116
-14.3266 129.122
-14.2925 129.151
-14.193 129.273
-14.157 129.281
-14.0888 129.341
-14.0211 129.408
-13.9872 129.442
-13.9528 129.469
-13.9168 129.477
-13.6527 129.838
-13.6167 129.847
-13.5827 129.881
-13.4848 130.035
-13.451 130.073
-13.4183 130.124
-13.3843 130.16
-13.3524 130.221
-13.3186 130.261
-13.2846 130.297
-13.2504 130.331
-12.8357 131.179
-12.6334 133.424
-12.5975 133.448
-12.5637 133.5
-12.5263 133.504
