-13.7849 130.006
-13.6629 129.422
-13.3677 128.494
-12.4267 127.104
-12.3903 127.098
-12.3523 127.072
-12.2327 126.918
-12.193 126.868
-12.1547 126.836
-12.1161 126.8
-12.0764 126.75
-12.0383 126.72
-12.0002 126.69
-11.9638 126.682
-11.9243 126.633
-11.8876 126.622
-11.8495 126.592
-11.8112 126.559
-11.7735 126.533
-11.7344 126.488
-11.6974 126.473
-11.6609 126.463
-11.6223 126.424
-11.584 126.391
-11.5462 126.363
-11.5096 126.352
-11.4721 126.327
-11.4344 126.301
-11.3967 126.273
-11.3581 126.234
-11.3192 126.19
-11.283 126.184
-11.2468 126.176
-11.2098 126.16
-11.1734 126.15
-11.1355 126.119
-11.0982 126.096
-11.062 126.091
-11.026 126.087
-10.9884 126.059
-10.9506 126.03
-10.9141 126.018
-10.8771 126
-10.8398 125.976
-10.8034 125.966
-10.7662 125.944
-10.7289 125.92
-10.6927 125.913
-10.6565 125.905
-10.6193 125.883
-10.5831 125.875
-10.5464 125.861
-10.5102 125.853
-10.4739 125.844
-10.437 125.825
-10.4005 125.812
-10.3636 125.794
-10.3274 125.786
-10.2914 125.781
-10.2548 125.766
-10.2185 125.757
-10.1815 125.736
-10.1453 125.727
-10.1096 125.727
-10.0732 125.716
-10.0369 125.705
-10.0005 125.694
-9.96426 125.684
-9.9271 125.66
-9.89087 125.651
-9.8551 125.649
-9.81945 125.649
-9.78323 125.64
-9.74724 125.634
-9.71125 125.629
-9.67515 125.621
-9.63927 125.617
-9.60363 125.617
-9.56832 125.623
-9.53256 125.621
-9.49558 125.599
-9.45949 125.591
-9.42385 125.591
-9.38832 125.593
-9.35289 125.597
-9.31714 125.595
-9.28117 125.589
-9.24553 125.589
-9.20945 125.582
-9.17295 125.567
-9.13742 125.569
-9.10167 125.567
-9.06539 125.556
-9.02954 125.552
-8.99433 125.56
-8.959 125.565
-8.92326 125.563
-8.88751 125.561
-8.85166 125.558
-8.81613 125.559
-8.78069 125.563
-8.74443 125.552
-8.709 125.556
-8.67315 125.552
-8.63731 125.548
-8.60096 125.535
-8.56583 125.544
-8.53218 125.581
-8.49634 125.577
-8.46059 125.576
-8.42484 125.574
-8.38968 125.583
-8.35384 125.579
-8.31848 125.585
-8.28331 125.594
-8.24775 125.596
-8.2122 125.597
-8.17673 125.601
-8.14126 125.605
-8.1057 125.606
-8.07004 125.606
-8.03448 125.608
-7.99891 125.61
-7.96344 125.614
-7.92889 125.636
-7.89341 125.639
-7.85783 125.641
-7.82225 125.643
-7.78649 125.641
-7.75091 125.643
-7.71579 125.654
-7.68083 125.669
-7.64569 125.68
-7.61037 125.687
-7.57513 125.696
-7.53989 125.705
-7.50429 125.707
-7.46869 125.709
-7.43327 125.715
-7.39775 125.718
-7.36215 125.72
-7.3274 125.74
-7.29248 125.757
-7.25737 125.77
-7.22226 125.783
-7.18706 125.794
-7.15211 125.81
-7.11665 125.816
-7.08151 125.829
-7.04621 125.838
-7.01098 125.849
-6.97657 125.879
-6.94182 125.901
-6.90649 125.91
-6.87148 125.927
-6.83606 125.934
-6.80111 125.952
-6.7656 125.958
-6.73025 125.967
-6.69481 125.975
-6.66 125.997
-6.62486 126.012
-6.58956 126.023
-6.55418 126.032
-6.51933 126.054
-6.48394 126.063
-6.44984 126.104
-6.41458 126.117
-6.37984 126.143
-6.34487 126.163
-6.30944 126.173
-6.27408 126.184
-6.23968 126.219
-6.20437 126.232
-6.16965 126.26
-6.13404 126.265
-6.0993 126.293
-6.06461 126.323
-6.02977 126.349
-5.99421 126.356
-5.95934 126.382
-5.92475 126.416
-5.8905 126.459
-5.85497 126.468
-5.82041 126.503
-5.78555 126.531
-5.75055 126.556
-5.71581 126.587
-5.68085 126.613
-5.64587 126.64
-5.61022 126.647
-5.5753 126.675
-5.53977 126.686
-5.50548 126.733
-5.47084 126.77
-5.43593 126.8
-5.40023 126.808
-5.36594 126.856
-5.33105 126.888
-5.15702 127.066
-5.12302 127.128
-5.08784 127.155
-5.05223 127.168
-5.01727 127.201
-4.98271 127.249
-4.94766 127.281
-4.9133 127.335
-4.87751 127.345
-4.84288 127.392
-4.808 127.431
-4.77442 127.514
-4.74001 127.571
-4.70422 127.582
-4.66915 127.618
-4.63479 127.679
-4.60112 127.764
-4.56665 127.823
-4.53166 127.864
-4.49601 127.883
-4.46061 127.912
-4.42547 127.95
-4.32261 128.161
-4.28867 128.246
-4.25409 128.309
-4.21937 128.369
-4.18539 128.456
-0.85588 206.798
-0.802118 206.736
-0.748585 206.723
-0.694927 206.678
-0.64144 206.673
-0.588099 206.71
