-24.8704 83.9037
-24.8434 83.8995
-1.14951 151.179
-1.10768 151.139
-1.06593 151.109
-0.565419 150.582
-0.52384 150.54
-0.482358 150.525
-0.440765 150.466
-0.399306 150.451
-0.357751 150.389
-0.31632 150.376
-0.274907 150.371
-0.233399 150.302
-0.191995 150.289
-0.150587 150.267
-0.1092 150.26
-0.0677924 150.213
-0.026388 150.118
0.0149619 150.106
0.0563066 150.099
0.138962 150.037
0.180282 150.022
0.22158 149.992
0.262895 149.988
0.304169 149.955
0.345417 149.916
0.386698 149.904
0.427933 149.871
0.469147 149.837
0.510421 149.832
0.551679 149.822
0.592795 149.765
0.634026 149.753
0.67526 149.743
0.716508 149.738
0.757574 149.687
0.798807 149.682
0.839996 149.667
0.881144 149.645
0.92233 149.632
0.963523 149.623
1.00465 149.6
1.0458 149.586
1.08696 149.573
1.12808 149.554
1.16924 149.544
1.21035 149.527
1.25151 149.517
1.29264 149.505
1.33377 149.492
1.37491 149.482
1.4159 149.453
1.45706 149.448
1.49822 149.443
1.53931 149.428
1.58038 149.414
1.62147 149.401
1.66253 149.387
1.70361 149.374
1.74472 149.367
1.78586 149.362
1.82694 149.352
1.868 149.34
1.90903 149.325
1.95018 149.323
1.99138 149.325
2.0325 149.321
2.07359 149.313
2.11465 149.303
2.15582 149.303
2.19704 149.308
2.2383 149.316
2.27944 149.313
2.32048 149.303
2.36156 149.296
2.40251 149.279
2.44364 149.276
2.48489 149.284
2.52583 149.267
2.56669 149.245
2.6076 149.227
2.64868 149.222
2.68987 149.225
2.73102 149.225
2.77256 149.252
2.81423 149.286
2.85532 149.282
2.89671 149.296
2.93695 149.237
2.97783 149.22
3.01894 149.218
3.06017 149.223
3.10144 149.23
3.14271 149.237
3.1839 149.24
3.22514 149.245
3.26659 149.262
3.30804 149.279
3.34934 149.286
3.39036 149.279
3.43148 149.277
3.47277 149.284
3.51407 149.291
3.55523 149.291
3.59649 149.296
3.63784 149.306
3.67915 149.314
3.72042 149.318
3.76163 149.321
3.80275 149.318
3.84422 149.333
3.88565 149.345
3.92718 149.363
3.96872 149.38
4.01006 149.387
4.05172 149.409
4.09312 149.419
4.13426 149.417
4.1755 149.419
4.2168 149.424
4.25805 149.427
4.29941 149.434
4.34088 149.446
4.38254 149.466
4.42397 149.476
4.46552 149.49
4.5072 149.51
4.54924 149.545
4.59076 149.557
4.63234 149.572
4.67375 149.579
4.71535 149.594
4.75689 149.606
4.79862 149.626
4.84011 149.636
4.88218 149.668
4.92394 149.687
4.9661 149.722
5.00742 149.724
5.04888 149.732
5.09054 149.747
5.13294 149.788
5.17523 149.826
5.21686 149.838
5.2582 149.84
5.30011 149.862
5.34175 149.875
5.38332 149.885
5.42597 149.932
5.46756 149.941
5.5101 149.984
5.55251 150.021
5.59405 150.028
5.63641 150.063
5.67872 150.095
5.72058 150.112
5.76352 150.164
5.80556 150.186
5.848 150.221
5.89022 150.248
5.93214 150.266
5.97541 150.325
6.01743 150.345
6.05994 150.38
6.10255 150.417
6.14534 150.459
6.1884 150.509
6.23106 150.546
6.27333 150.571
6.31535 150.589
6.35916 150.658
6.40214 150.703
6.44507 150.745
6.48913 150.82
6.53123 150.838
6.57447 150.888
6.6173 150.925
6.65952 150.945
6.70345 151.012
6.74669 151.06
6.78977 151.102
6.83369 151.168
6.877 151.215
6.92134 151.29
6.9646 151.335
7.00789 151.381
7.05223 151.453
7.09575 151.504
7.23137 151.783
7.27637 151.869
7.32103 151.944
7.36542 152.013
7.40915 152.063
7.45311 152.119
