12.4313 143.981
12.4735 144.009
12.5155 144.033
12.5569 144.049
12.5747 141.402
12.7315 140.806
12.7664 140.739
12.803 140.696
13.005 140.203
13.0394 140.134
13.074 140.067
13.1125 140.054
13.213 139.811
13.25 139.778
13.2863 139.735
13.3207 139.669
13.3571 139.629
13.394 139.595
13.4283 139.529
13.4647 139.489
13.5015 139.456
13.538 139.418
13.5741 139.376
13.6099 139.33
13.6443 139.265
13.6792 139.208
13.7176 139.197
13.7547 139.168
13.7909 139.129
13.8252 139.065
13.8613 139.025
13.8975 138.985
13.9322 138.928
13.9701 138.91
14.0055 138.862
14.0438 138.851
14.0809 138.824
14.1173 138.789
14.1533 138.75
14.1897 138.715
14.2262 138.682
14.2638 138.662
14.2992 138.616
14.3368 138.596
14.3723 138.552
14.4109 138.546
14.4494 138.537
14.4876 138.526
14.524 138.493
14.5599 138.454
14.5955 138.412
14.6337 138.401
14.6716 138.386
14.7088 138.364
14.7452 138.331
14.7817 138.3
14.8198 138.289
14.8569 138.265
14.8945 138.248
14.9311 138.22
14.9672 138.185
15.0055 138.176
15.043 138.158
15.081 138.145
15.1172 138.113
15.1541 138.089
15.1924 138.08
15.2293 138.056
15.267 138.041
15.3047 138.025
15.3407 137.99
15.3787 137.98
15.4167 137.969
15.4532 137.94
15.4905 137.921
15.5283 137.908
15.5648 137.879
15.6022 137.862
15.64 137.849
15.677 137.827
15.7148 137.814
15.7535 137.812
15.7926 137.814
15.8304 137.801
15.8674 137.779
15.9053 137.768
15.9429 137.753
15.9812 137.747
16.0193 137.738
16.0575 137.729
16.095 137.714
16.1321 137.695
16.1698 137.682
16.2081 137.675
16.2458 137.662
16.2833 137.647
16.3198 137.621
16.3572 137.606
16.3959 137.603
16.4338 137.593
16.4712 137.577
16.5101 137.577
16.549 137.577
16.586 137.558
16.623 137.538
16.6609 137.527
16.6999 137.53
16.7402 137.545
16.7789 137.543
16.8161 137.525
16.8547 137.523
16.8934 137.521
16.9314 137.512
16.9698 137.508
17.007 137.491
17.0458 137.491
17.0881 137.525
17.1276 137.532
17.163 137.497
17.2006 137.484
17.2386 137.475
17.2778 137.48
17.3184 137.497
17.3587 137.512
17.3984 137.521
17.4362 137.51
17.475 137.51
17.5143 137.514
17.5536 137.519
17.592 137.514
17.6297 137.503
17.6688 137.506
17.7098 137.527
17.7493 137.534
17.7881 137.534
17.8274 137.538
17.8665 137.54
17.9062 137.549
17.9453 137.551
17.9839 137.549
18.0234 137.555
18.0631 137.564
18.1026 137.57
18.1417 137.573
18.1808 137.575
18.2198 137.577
18.2596 137.586
18.3007 137.607
18.3416 137.627
18.3809 137.631
18.4204 137.637
18.459 137.635
18.4977 137.633
18.5367 137.635
18.5763 137.642
18.6167 137.657
18.6563 137.663
18.6958 137.67
18.7351 137.674
18.7761 137.694
18.8175 137.718
18.8568 137.722
18.8957 137.722
18.9357 137.733
18.9758 137.744
19.0174 137.77
19.0589 137.793
19.0985 137.8
19.1378 137.804
19.1777 137.813
19.2208 137.852
19.2607 137.861
19.301 137.874
19.3403 137.878
19.3797 137.882
19.422 137.913
19.4647 137.948
19.5048 137.958
19.5457 137.976
19.5851 137.98
19.624 137.98
19.6663 138.011
19.7079 138.034
19.75 138.063
19.7894 138.067
19.8325 138.104
19.8732 138.119
19.915 138.145
19.958 138.18
19.9981 138.191
20.0398 138.215
20.0773 138.202
20.122 138.252
20.1649 138.287
20.2074 138.318
20.2504 138.353
20.2937 138.39
20.3367 138.425
20.3769 138.436
20.4615 138.493
20.5054 138.534
20.5457 138.545
20.5883 138.576
20.6309 138.606
20.6761 138.659
20.7169 138.674
20.7609 138.716
20.8072 138.777
20.8501 138.81
20.8941 138.852
20.94 138.909
20.9817 138.931
21.0273 138.986
21.0712 139.026
21.1145 139.061
21.1589 139.105
21.2059 139.171
21.2496 139.209
21.2938 139.25
21.3409 139.317
21.3884 139.385
21.4356 139.451
21.4769 139.469
21.5234 139.529
21.5707 139.595
21.6189 139.668
21.667 139.742
21.7145 139.808
21.7619 139.875
21.8102 139.948
