-9.6425 130.168
-9.60187 130.112
-9.56385 130.1
-9.52478 130.071
-9.44123 129.917
-9.40234 129.89
-9.24678 129.777
-9.20761 129.743
-9.16677 129.68
-9.12641 129.624
-9.08741 129.593
-9.04842 129.561
-9.01099 129.557
-8.97357 129.553
-8.89436 129.466
-8.85684 129.461
-8.73885 129.342
-8.69966 129.305
-8.66091 129.275
-8.6225 129.252
-8.58514 129.248
-8.54779 129.244
-8.50772 129.189
-8.46893 129.157
-8.43149 129.152
-8.39313 129.128
-8.3555 129.118
-8.31797 129.111
-8.27822 129.059
-8.24101 129.058
-8.2038 129.056
-8.16459 129.015
-8.12669 128.999
-8.08831 128.973
-8.05092 128.968
-8.01344 128.96
-7.97488 128.931
-7.93546 128.883
-7.89819 128.88
-7.86093 128.876
-7.82356 128.87
-7.78525 128.845
-7.74761 128.833
-7.70828 128.786
-7.67066 128.774
-7.63229 128.747
-7.59422 128.725
-7.55699 128.722
-7.51995 128.722
-7.48272 128.718
-7.4454 128.712
-7.40727 128.689
-7.36996 128.683
-7.33166 128.656
-7.29409 128.644
-7.2568 128.638
-7.21888 128.619
-7.18177 128.617
-7.14457 128.613
-7.10676 128.596
-7.06939 128.588
-7.03194 128.578
-6.99329 128.541
-6.95551 128.524
-6.9185 128.524
-6.88175 128.53
-6.84457 128.526
-6.80731 128.52
-6.7703 128.52
-6.7328 128.509
-6.6948 128.485
-6.65788 128.488
-6.6208 128.486
-6.58307 128.468
-6.54575 128.461
-6.50875 128.461
-6.47167 128.459
-6.43467 128.459
-6.39744 128.453
-6.35981 128.438
-6.32266 128.434
-6.28551 128.43
-6.24821 128.423
-6.21145 128.429
-6.17468 128.435
-6.13754 128.431
-6.10039 128.427
-6.06332 128.425
-6.02618 128.421
-5.98933 128.425
-5.95248 128.429
-5.91548 128.43
-5.87812 128.42
-5.84077 128.41
-5.80313 128.393
-5.76642 128.401
-5.72907 128.391
-5.69244 128.401
-5.65621 128.423
-5.61963 128.435
-5.58242 128.429
-5.54514 128.421
-5.50855 128.433
-5.47128 128.425
-5.43408 128.42
-5.39714 128.422
-5.36054 128.434
-5.32413 128.451
-5.28673 128.44
-5.24959 128.436
-5.21258 128.436
-5.17596 128.448
-5.13953 128.466
-5.10264 128.47
-5.06613 128.486
-5.02961 128.501
-4.99277 128.507
-4.95568 128.506
-4.91872 128.508
-4.88193 128.516
-4.84527 128.528
-4.80848 128.536
-4.7715 128.538
-4.73441 128.536
-4.69755 128.542
-4.66115 128.564
-4.62469 128.583
-4.58764 128.583
-4.55065 128.586
-4.51366 128.588
-4.47678 128.594
-4.44028 128.613
-4.40378 128.633
-4.36705 128.645
-4.33009 128.649
-4.29308 128.651
-4.25612 128.655
-4.21953 128.673
-4.18314 128.699
-4.14638 128.711
-4.11007 128.74
-4.07339 128.756
-4.03665 128.77
-3.99961 128.772
-3.96256 128.774
-3.92645 128.814
-3.88949 128.82
-3.85258 128.828
-3.816 128.85
-3.7795 128.875
-3.74271 128.889
-3.70582 128.899
-3.6692 128.921
-3.63257 128.943
-3.59562 128.951
-3.5587 128.961
-3.52209 128.985
-3.48543 129.007
-3.44858 129.021
-3.4119 129.042
-3.37503 129.056
-3.33833 129.078
-3.30166 129.102
-3.2651 129.132
-3.22817 129.144
-3.19159 129.174
-3.15503 129.205
-3.11803 129.215
-3.08153 129.251
-3.04459 129.265
-3.00802 129.299
-2.97132 129.327
-2.93428 129.337
-2.89753 129.363
-2.86083 129.392
-2.82416 129.424
-2.78755 129.46
-2.75088 129.494
-2.71403 129.518
-2.67685 129.524
-2.64011 129.556
-2.60339 129.59
-2.56656 129.618
-2.52949 129.632
-2.49311 129.69
-2.45658 129.74
-2.41978 129.774
-2.3829 129.804
-2.34568 129.812
-2.30878 129.842
-2.27192 129.876
-2.23534 129.93
-2.19808 129.938
-1.86641 130.329
-1.82964 130.387
-1.7929 130.452
-1.75612 130.514
-1.71901 130.551
-1.68182 130.581
-1.64494 130.641
-1.49741 130.91
