5.64514 154.989
5.688 154.991
5.73078 154.992
5.86383 150.932
5.90511 150.912
5.94592 150.877
5.98633 150.829
6.1813 150.383
6.22065 150.308
6.69637 149.585
6.73632 149.538
6.77686 149.509
6.81729 149.477
6.85736 149.435
6.97637 149.28
7.01627 149.236
7.05515 149.165
7.09528 149.128
7.13604 149.108
7.17652 149.081
7.21782 149.077
7.37633 148.885
7.4174 148.876
7.4573 148.837
7.49747 148.805
7.53871 148.8
7.57867 148.763
7.61841 148.722
7.65735 148.661
7.69825 148.649
7.73934 148.641
7.77932 148.607
7.81919 148.571
7.85894 148.532
7.89888 148.497
7.93953 148.48
7.98047 148.471
8.02048 148.439
8.05953 148.386
8.09993 148.364
8.1402 148.339
8.18068 148.32
8.22158 148.31
8.26204 148.291
8.30218 148.264
8.34316 148.257
8.38414 148.25
8.42425 148.223
8.46457 148.201
8.50399 148.16
8.54428 148.138
8.58501 148.126
8.62562 148.111
8.66588 148.09
8.70625 148.07
8.74627 148.044
8.78674 148.027
8.8272 148.01
8.86764 147.993
8.90855 147.986
8.94852 147.959
8.98906 147.945
9.0303 147.945
9.07141 147.942
9.11206 147.93
9.15235 147.911
9.19275 147.894
9.23337 147.882
9.27423 147.875
9.31497 147.865
9.35546 147.851
9.39559 147.829
9.43619 147.817
9.47654 147.8
9.51712 147.788
9.55832 147.788
9.59903 147.778
9.6391 147.757
9.67967 147.745
9.72011 147.73
9.76117 147.728
9.80197 147.721
9.84303 147.718
9.8837 147.709
9.92424 147.697
9.9649 147.687
10.004 147.648
10.0452 147.648
10.0849 147.622
10.1256 147.612
10.167 147.617
10.2071 147.598
10.2482 147.598
10.2891 147.593
10.3315 147.615
10.3732 147.625
10.4138 147.615
10.4549 147.615
10.4961 147.615
10.5373 147.615
10.5786 147.618
10.6193 147.611
10.6606 147.613
10.702 147.618
10.7446 147.642
10.7871 147.667
10.8284 147.669
10.8692 147.662
10.9105 147.664
10.9532 147.691
10.9952 147.706
11.0364 147.706
11.0774 147.703
11.119 147.711
11.1609 147.723
11.2025 147.73
11.2437 147.73
11.2853 147.738
11.3269 147.745
11.3689 147.757
11.4099 147.755
11.4511 147.755
11.4924 147.757
11.534 147.765
11.5755 147.77
11.617 147.775
11.6599 147.801
11.703 147.833
11.7448 147.843
11.7859 147.84
11.8269 147.838
11.8686 147.845
11.9101 147.85
11.952 147.862
11.9959 147.904
12.0376 147.911
12.0791 147.916
12.1208 147.923
12.1623 147.928
12.2048 147.948
12.2465 147.955
12.2879 147.957
12.3294 147.962
12.3727 147.994
12.4157 148.021
12.4574 148.028
12.4993 148.038
12.5433 148.079
12.5863 148.106
12.6281 148.113
12.6698 148.121
12.7129 148.148
12.7545 148.153
12.7976 148.179
12.8392 148.184
12.8829 148.221
12.9247 148.228
12.9687 148.267
13.0123 148.301
13.0539 148.306
13.0959 148.316
13.1396 148.35
13.1831 148.382
13.3565 148.497
13.3983 148.504
13.4857 148.571
13.5278 148.58
13.8395 148.884
13.8818 148.897
13.9243 148.911
13.9695 148.963
14.0142 149.007
14.0586 149.047
14.1039 149.098
14.1481 149.135
14.1925 149.175
14.239 149.241
14.2816 149.256
14.5094 149.523
