-24.8719 83.9108
-24.8441 83.9025
-21.8936 171.893
-21.8476 171.891
-21.8018 171.891
-11.5394 144.732
-11.4951 144.664
-10.9294 143.921
-10.8888 143.91
-10.8014 143.783
-10.7594 143.746
-10.7175 143.712
-10.677 143.7
-10.5487 143.551
-10.5055 143.493
-10.3409 143.4
-10.2561 143.308
-10.2159 143.299
-10.1757 143.293
-10.1327 143.235
-10.0892 143.169
-10.0489 143.158
-10.0087 143.149
-9.96702 143.114
-9.92579 143.087
-9.88571 143.08
-9.84563 143.074
-9.80568 143.069
-9.76272 143.01
-9.72104 142.973
-9.68037 142.955
-9.63921 142.928
-9.59832 142.905
-9.55816 142.896
-9.51728 142.874
-9.47701 142.863
-9.43518 142.822
-9.39348 142.783
-9.35204 142.749
-9.31217 142.744
-9.27218 142.738
-9.23255 142.738
-9.19162 142.713
-9.1507 142.688
-9.11061 142.679
-9.07064 142.672
-9.03067 142.666
-8.99002 142.645
-8.94948 142.627
-8.90896 142.609
-8.86901 142.603
-8.82917 142.598
-8.78934 142.594
-8.74883 142.576
-8.70901 142.572
-8.66896 142.563
-8.62792 142.533
-8.58777 142.522
-8.54731 142.504
-8.50728 142.495
-8.4665 142.47
-8.42616 142.454
-8.38572 142.436
-8.34604 142.434
-8.30614 142.427
-8.26603 142.416
-8.22614 142.41
-8.18657 142.41
-8.14709 142.412
-8.1069 142.399
-8.06629 142.376
-8.02662 142.374
-7.98675 142.368
-7.94718 142.368
-7.90761 142.368
-7.86804 142.368
-7.82807 142.359
-7.7881 142.35
-7.74824 142.344
-7.70858 142.342
-7.66852 142.33
-7.62886 142.328
-7.5891 142.324
-7.54944 142.322
-7.50988 142.322
-7.47051 142.327
-7.43094 142.327
-7.39119 142.322
-7.35172 142.325
-7.31253 142.334
-7.27315 142.339
-7.23376 142.344
-7.1941 142.342
-7.15462 142.344
-7.11505 142.344
-7.07548 142.344
-7.03563 142.338
-6.99758 142.377
-6.95773 142.37
-6.91816 142.37
-6.87761 142.345
-6.83804 142.345
-6.79846 142.346
-6.75854 142.337
-6.71922 142.344
-6.67854 142.314
-6.63736 142.271
-6.59721 142.255
-6.55849 142.278
-6.51926 142.288
-6.47962 142.286
-6.4403 142.293
-6.40147 142.313
-6.36295 142.343
-6.32443 142.373
-6.28556 142.393
-6.24709 142.426
-6.20789 142.437
-6.16845 142.442
-6.12932 142.456
-6.0901 142.467
-6.05072 142.474
-6.01119 142.477
-5.97173 142.481
-5.93235 142.488
-5.89311 142.5
-5.85379 142.509
-5.81462 142.523
-5.77566 142.544
-5.73677 142.567
-5.6975 142.578
-5.65823 142.59
-5.61866 142.592
-5.57916 142.597
-5.54002 142.613
-5.50072 142.625
-5.46163 142.643
-5.42274 142.669
-5.38364 142.687
-5.34425 142.696
-5.30506 142.713
-5.26579 142.726
-5.22618 142.729
-5.18724 142.754
-5.14776 142.761
-5.10834 142.771
-5.06956 142.803
-5.03083 142.837
-4.99133 142.844
-4.95188 142.854
-4.91356 142.904
-4.87422 142.918
-4.83487 142.932
-4.79576 142.955
-4.75609 142.958
-4.71703 142.983
-4.67765 142.997
-4.63892 143.036
-4.6 143.068
-4.56094 143.096
-4.52141 143.105
-4.4825 143.14
-4.44353 143.172
-4.40397 143.182
-4.36497 143.214
-4.32596 143.246
-4.28643 143.258
-4.24728 143.286
-4.20834 143.323
-4.16943 143.362
-4.13034 143.394
-4.09067 143.401
-4.05156 143.434
-4.01264 143.475
-3.97304 143.487
-3.9345 143.547
-3.89488 143.559
-3.85619 143.615
-3.81723 143.659
-3.77753 143.668
-3.73816 143.694
-3.69896 143.728
-3.6605 143.8
-3.62173 143.858
-3.58294 143.916
-3.54366 143.951
-3.50392 143.963
-3.46449 143.991
-3.42535 144.035
-3.38658 144.1
-3.34722 144.135
-3.30793 144.175
-3.26917 144.245
-3.03409 144.553
-2.99472 144.598
-2.95574 144.668
-2.91662 144.731
-2.87721 144.778
-2.83819 144.851
-2.79909 144.921
-2.76109 145.067
-2.72157 145.114
-2.68189 145.152
-2.64229 145.197
