0.570744 160.546
0.61471 160.547
0.658685 160.55
1.92455 155.027
1.96688 154.983
2.00953 154.973
2.05191 154.936
2.09428 154.9
2.13652 154.853
2.22058 154.729
2.26317 154.719
2.30541 154.68
2.34765 154.641
2.38952 154.573
2.43158 154.524
2.51595 154.449
2.55853 154.444
2.60111 154.439
2.6853 154.359
2.81245 154.308
2.8545 154.269
2.89654 154.231
2.93845 154.184
2.98049 154.148
3.02256 154.115
3.06497 154.105
3.10747 154.1
3.1495 154.066
3.19157 154.035
3.23353 153.999
3.27583 153.984
3.31777 153.948
3.36022 153.943
3.40241 153.923
3.44467 153.907
3.48693 153.892
3.52909 153.872
3.57148 153.864
3.61377 153.851
3.65562 153.815
3.6977 153.792
3.74001 153.782
3.78188 153.749
3.82393 153.726
3.86591 153.7
3.90846 153.703
3.9509 153.701
3.99313 153.688
4.03509 153.662
4.07704 153.637
4.11936 153.629
4.16156 153.617
4.2036 153.596
4.2454 153.565
4.28786 153.566
4.33039 153.568
4.37268 153.561
4.41486 153.548
4.45714 153.541
4.49937 153.531
4.54123 153.505
4.58326 153.487
4.62565 153.485
4.66785 153.475
4.71005 153.465
4.75237 153.46
4.79469 153.455
4.83663 153.434
4.87868 153.419
4.92105 153.417
4.96343 153.414
5.00566 153.407
5.04757 153.386
5.08966 153.374
5.13202 153.371
5.17459 153.377
5.21695 153.374
5.25889 153.356
5.30089 153.341
5.34289 153.326
5.38538 153.329
5.42659 153.285
5.46892 153.283
5.51141 153.285
5.55323 153.265
5.59637 153.291
5.63916 153.304
5.68232 153.33
5.72436 153.317
5.76724 153.333
5.80935 153.323
5.85177 153.323
5.89427 153.326
5.937 153.336
5.98029 153.364
6.02319 153.38
6.0657 153.383
6.10814 153.383
6.15081 153.391
6.19349 153.399
6.23601 153.401
6.27878 153.412
6.32147 153.42
6.36424 153.43
6.40711 153.443
6.44964 153.446
6.49217 153.449
6.53445 153.444
6.57689 153.444
6.61986 153.46
6.66302 153.48
6.70618 153.501
6.74908 153.514
6.79226 153.535
6.83491 153.54
6.87665 153.52
6.91911 153.52
6.9624 153.543
7.00505 153.548
7.0478 153.556
7.09121 153.582
7.13425 153.598
7.17683 153.601
7.21931 153.601
7.26217 153.611
7.30658 153.663
7.34956 153.676
7.39235 153.684
7.43593 153.712
7.47893 153.725
7.52164 153.731
7.56525 153.759
7.60797 153.765
7.6519 153.801
7.69554 153.829
7.73838 153.837
7.78122 153.845
7.82572 153.895
7.87014 153.941
7.91312 153.952
7.95599 153.96
7.99844 153.957
8.0426 153.996
8.08591 154.014
8.12978 154.046
8.17257 154.051
8.21678 154.09
8.26112 154.131
8.30405 154.139
8.3482 154.176
8.39225 154.21
8.43643 154.246
8.47939 154.254
8.52337 154.285
8.56657 154.298
8.6108 154.335
8.65378 154.343
8.69839 154.387
8.74418 154.457
8.78719 154.465
8.83021 154.473
8.87418 154.502
8.91745 154.515
8.9649 154.619
9.05464 154.713
9.23339 154.881
9.27702 154.899
9.32326 154.973
9.36754 155.004
9.4112 155.023
9.4574 155.093
9.50248 155.141
9.54734 155.183
9.59195 155.219
9.91336 155.648
