-4.77407 125.032
-4.73685 125
-4.69891 124.944
-4.66099 124.888
-4.54784 124.735
-4.51003 124.679
-4.32268 124.446
-4.28621 124.433
-4.24917 124.4
-4.2117 124.35
-4.17485 124.322
-4.13792 124.29
-4.1009 124.255
-4.06341 124.201
-4.02668 124.175
-3.99005 124.153
-3.95381 124.146
-3.91687 124.111
-3.87994 124.076
-3.84262 124.024
-3.80527 123.97
-3.76849 123.939
-3.73181 123.911
-3.69569 123.906
-3.58607 123.836
-3.54898 123.788
-3.5123 123.756
-3.47579 123.732
-3.43934 123.71
-3.40327 123.705
-3.36716 123.698
-3.33073 123.676
-3.29463 123.668
-3.25814 123.643
-3.22166 123.617
-3.18496 123.58
-3.14847 123.553
-3.11241 123.545
-3.07598 123.52
-3.03915 123.474
-3.00285 123.454
-2.96614 123.411
-2.93018 123.408
-2.89427 123.406
-2.858 123.386
-2.82196 123.377
-2.78561 123.351
-2.74917 123.32
-2.71328 123.318
-2.67738 123.317
-2.64145 123.313
-2.60512 123.286
-2.56879 123.258
-2.53279 123.249
-2.49661 123.229
-2.46064 123.222
-2.42451 123.204
-2.38858 123.198
-2.35277 123.2
-2.31699 123.204
-2.28099 123.193
-2.24457 123.155
-2.20858 123.144
-2.17265 123.136
-2.13651 123.115
-2.10041 123.095
-2.06452 123.089
-2.02866 123.086
-1.99277 123.08
-1.95667 123.058
-1.92072 123.047
-1.88466 123.027
-1.84875 123.018
-1.81293 123.017
-1.77717 123.02
-1.74131 123.015
-1.70515 122.984
-1.66926 122.975
-1.63347 122.975
-1.59762 122.97
-1.56167 122.955
-1.52579 122.946
-1.49005 122.95
-1.45434 122.957
-1.41853 122.956
-1.38273 122.954
-1.34684 122.943
-1.31096 122.932
-1.27516 122.93
-1.23938 122.93
-1.20349 122.918
-1.1676 122.903
-1.13178 122.898
-1.09599 122.896
-1.06018 122.891
-1.02437 122.885
-0.988594 122.885
-0.952823 122.886
-0.917076 122.889
-0.881361 122.899
-0.84543 122.873
-0.809629 122.868
-0.773851 122.866
-0.738143 122.877
-0.702373 122.877
-0.666557 122.868
-0.631015 122.916
-0.595161 122.899
-0.559284 122.876
-0.523543 122.883
-0.4878 122.891
-0.452046 122.896
-0.416258 122.893
-0.380443 122.88
-0.344699 122.889
-0.30897 122.906
-0.27317 122.897
-0.237377 122.889
-0.201611 122.893
-0.165856 122.904
-0.130099 122.917
-0.0943335 122.928
-0.0585588 122.936
-0.0227791 122.941
0.0130019 122.949
0.0487879 122.952
0.0845757 122.956
0.120365 122.965
0.156157 122.967
0.191951 122.971
0.227748 122.977
0.263545 122.981
0.299345 122.984
0.335161 122.999
0.370969 123.005
0.406763 123.001
0.442571 123.005
0.478417 123.025
0.514245 123.034
0.550072 123.042
0.58593 123.058
0.621795 123.075
0.657643 123.084
0.693508 123.097
0.729351 123.103
0.765175 123.103
0.801014 123.107
0.836863 123.112
0.872732 123.121
0.908569 123.123
0.944454 123.134
0.980443 123.164
1.01643 123.19
1.05231 123.197
1.08835 123.228
1.12426 123.238
1.16017 123.247
1.19608 123.254
1.23209 123.277
1.26804 123.29
1.30414 123.321
1.34011 123.334
1.37606 123.343
1.41208 123.36
1.44816 123.384
1.48411 123.391
1.52 123.391
1.55594 123.397
1.59193 123.408
1.62803 123.43
1.66432 123.471
1.70052 123.5
1.73664 123.521
1.77296 123.56
1.80899 123.569
1.845 123.576
1.88115 123.597
1.91732 123.617
1.95337 123.626
1.98939 123.634
2.02558 123.654
2.06164 123.664
2.09822 123.714
2.13437 123.728
2.17067 123.754
2.20703 123.784
2.24328 123.805
2.27956 123.827
2.3158 123.845
2.35242 123.89
2.38858 123.901
2.42499 123.929
2.46163 123.972
2.49785 123.985
2.53432 124.015
2.5709 124.05
2.60772 124.1
2.64395 124.111
2.68072 124.156
2.71733 124.19
2.75423 124.24
2.79063 124.259
2.82719 124.287
2.86403 124.329
2.90075 124.365
2.93805 124.432
2.97522 124.49
3.01187 124.518
3.04843 124.541
3.08479 124.552
3.1214 124.576
3.1586 124.63
3.19546 124.666
3.23223 124.696
3.53148 125.151
3.56789 125.157
3.60481 125.185
