1.86549 141.252
2.0562 140.793
2.09521 140.788
2.13386 140.753
2.24831 140.532
2.28648 140.465
2.32469 140.404
2.51562 140.12
2.55443 140.113
2.59249 140.054
2.82125 139.76
2.85952 139.724
2.89778 139.689
2.93601 139.654
2.97431 139.624
3.04964 139.49
3.08828 139.484
3.12693 139.477
3.16461 139.416
3.20273 139.381
3.24135 139.374
3.27992 139.365
3.35522 139.25
3.39327 139.215
3.4318 139.206
3.47024 139.193
3.50786 139.139
3.54632 139.128
3.58482 139.119
3.62297 139.093
3.66043 139.034
3.69873 139.017
3.73565 138.934
3.7741 138.925
3.81277 138.927
3.85139 138.927
3.88974 138.914
3.92717 138.86
3.96563 138.853
4.00361 138.825
4.04187 138.81
4.07928 138.758
4.11766 138.749
4.15564 138.723
4.19401 138.714
4.23238 138.705
4.27013 138.671
4.30801 138.642
4.34657 138.642
4.38443 138.614
4.42272 138.603
4.46056 138.575
4.49845 138.549
4.53682 138.542
4.57518 138.536
4.61344 138.525
4.65134 138.501
4.68913 138.473
4.72718 138.455
4.76541 138.444
4.80339 138.425
4.84119 138.399
4.87933 138.386
4.91765 138.379
4.95602 138.375
4.99415 138.362
5.0324 138.353
5.07033 138.333
5.10875 138.331
5.14723 138.331
5.18578 138.333
5.22413 138.328
5.26191 138.305
5.2998 138.285
5.33801 138.276
5.37628 138.27
5.41462 138.265
5.45209 138.233
5.49001 138.216
5.52826 138.209
5.56678 138.211
5.60503 138.204
5.643 138.189
5.68144 138.189
5.71996 138.191
5.75855 138.195
5.7972 138.201
5.83523 138.188
5.87317 138.173
5.9114 138.166
5.94954 138.158
5.98769 138.149
6.02561 138.134
6.06397 138.131
6.10351 138.163
6.14158 138.153
6.17979 138.146
6.21708 138.114
6.2549 138.096
6.29386 138.111
6.33282 138.126
6.37226 138.154
6.4114 138.173
6.44952 138.164
6.48716 138.142
6.52583 138.149
6.56442 138.153
6.60301 138.157
6.64161 138.161
6.67996 138.159
6.71831 138.156
6.75658 138.152
6.79492 138.149
6.83327 138.147
6.8717 138.147
6.91013 138.147
6.94855 138.147
6.98698 138.146
7.02524 138.142
7.06375 138.144
7.10269 138.156
7.14182 138.173
7.18051 138.18
7.21921 138.186
7.25782 138.19
7.2967 138.201
7.33558 138.211
7.37393 138.209
7.41228 138.206
7.45081 138.208
7.48997 138.225
7.5286 138.229
7.56731 138.236
7.60585 138.238
7.64438 138.24
7.68311 138.246
7.72202 138.256
7.76094 138.267
7.80081 138.299
7.83974 138.309
7.8783 138.311
7.91685 138.313
7.95559 138.32
7.99463 138.332
8.03466 138.366
8.07382 138.381
8.11268 138.39
8.15105 138.387
8.18952 138.387
8.2293 138.415
8.26838 138.428
8.30726 138.436
8.34737 138.47
8.38637 138.481
8.42506 138.485
8.46406 138.495
8.50401 138.525
8.54355 138.547
8.58268 138.559
8.62266 138.589
8.66169 138.6
8.70148 138.625
8.74139 138.653
8.78023 138.66
8.81983 138.681
8.85868 138.687
8.89786 138.7
8.93671 138.706
8.97645 138.73
9.01664 138.762
9.05707 138.798
9.09718 138.828
9.13618 138.837
9.17518 138.845
9.21498 138.869
9.2549 138.894
9.29529 138.929
9.33478 138.946
9.37658 139.006
9.41574 139.017
9.45689 139.064
9.49642 139.081
9.53666 139.111
9.57691 139.142
9.61706 139.17
9.6577 139.206
9.69823 139.241
9.73878 139.275
9.7791 139.305
9.8198 139.342
9.85918 139.355
9.90125 139.415
9.942 139.452
9.98337 139.5
10.0228 139.513
10.0624 139.528
10.1046 139.591
10.1456 139.63
10.1892 139.714
10.2289 139.732
10.271 139.788
10.3121 139.829
10.3527 139.86
10.3936 139.897
10.4348 139.938
