-24.8702 83.9027
-24.8439 83.9015
-17.1164 139.581
-17.0761 139.566
-16.8915 139.259
-16.8496 139.226
-16.8099 139.215
-16.6325 138.978
-16.5882 138.919
-16.5453 138.873
-16.5011 138.814
-16.4611 138.799
-16.4169 138.741
-16.1626 138.496
-16.1253 138.509
-16.0813 138.451
-16.037 138.388
-15.9959 138.36
-15.9566 138.351
-15.9149 138.317
-15.8708 138.256
-15.8314 138.246
-15.7905 138.22
-15.7509 138.207
-15.7094 138.175
-15.668 138.143
-15.6263 138.106
-15.5851 138.076
-15.5457 138.066
-15.5031 138.02
-15.4628 137.999
-15.4215 137.967
-15.3811 137.945
-15.3421 137.939
-15.3012 137.911
-15.2605 137.886
-15.2207 137.871
-15.1793 137.836
-15.1399 137.826
-15.0993 137.8
-15.0584 137.772
-15.0196 137.768
-14.9792 137.745
-14.9399 137.734
-14.9005 137.724
-14.8597 137.696
-14.8191 137.67
-14.7796 137.658
-14.7389 137.63
-14.7001 137.626
-14.6603 137.609
-14.621 137.598
-14.5792 137.558
-14.539 137.536
-14.4992 137.519
-14.461 137.522
-14.4216 137.509
-14.3816 137.49
-14.3425 137.482
-14.304 137.48
-14.2654 137.478
-14.2264 137.469
-14.1852 137.435
-14.1465 137.431
-14.1094 137.447
-14.0698 137.432
-14.0309 137.426
-13.9912 137.409
-13.9523 137.402
-13.9132 137.394
-13.8751 137.396
-13.8364 137.392
-13.797 137.38
-13.7569 137.358
-13.7181 137.352
-13.6797 137.353
-13.6415 137.355
-13.6023 137.344
-13.5638 137.343
-13.5255 137.343
-13.4859 137.328
-13.4474 137.326
-13.4094 137.331
-13.3707 137.327
-13.3317 137.318
-13.2925 137.308
-13.254 137.306
-13.2163 137.315
-13.1785 137.321
-13.1394 137.313
-13.1003 137.303
-13.0616 137.299
-13.0234 137.301
-12.9855 137.308
-12.947 137.306
-12.908 137.297
-12.8701 137.304
-12.8319 137.306
-12.7937 137.309
-12.7559 137.316
-12.718 137.322
-12.6796 137.323
-12.6419 137.331
-12.6043 137.342
-12.5643 137.321
-12.5253 137.313
-12.4862 137.302
-12.4464 137.283
-12.4099 137.309
-12.3737 137.34
-12.3362 137.353
-12.2988 137.366
-12.261 137.375
-12.2226 137.375
-12.1836 137.367
-12.1445 137.356
-12.1056 137.35
-12.0665 137.339
-12.0276 137.333
-11.9885 137.322
-11.95 137.321
-11.9119 137.325
-11.8738 137.33
-11.8356 137.332
-11.7983 137.349
-11.7629 137.393
-11.7256 137.41
-11.6872 137.41
-11.6492 137.417
-11.612 137.435
-11.5736 137.435
-11.5359 137.446
-11.4984 137.461
-11.4607 137.472
-11.4227 137.479
-11.3853 137.494
-11.3477 137.507
-11.3097 137.514
-11.2725 137.534
-11.2353 137.553
-11.1977 137.566
-11.161 137.595
-11.1235 137.61
-11.0855 137.617
-11.0473 137.621
-11.0094 137.63
-10.9715 137.639
-10.9342 137.659
-10.8968 137.676
-10.8602 137.707
-10.8223 137.715
-10.7855 137.744
-10.7475 137.753
-10.7092 137.755
-10.6713 137.766
-10.6345 137.794
-10.5975 137.818
-10.5597 137.832
-10.5219 137.843
-10.4859 137.886
-10.4481 137.897
-10.4103 137.91
-10.3745 137.956
-10.3366 137.967
-10.2998 137.998
-10.2617 138.007
-10.2251 138.039
-10.1887 138.076
-10.1517 138.105
-10.1148 138.133
-10.0767 138.142
-10.0387 138.153
-10.0017 138.182
-9.96483 138.212
-9.92769 138.239
-9.88981 138.252
-9.85216 138.269
-9.81414 138.28
-9.77758 138.318
-9.74246 138.381
-9.70464 138.396
-9.66634 138.403
-9.62948 138.436
-9.5938 138.491
-9.5569 138.524
-9.52035 138.563
-9.4833 138.594
-9.44625 138.625
-9.40823 138.638
-9.37279 138.699
-9.33475 138.713
-9.29904 138.77
-9.26202 138.803
-9.22361 138.809
-9.18542 138.821
-9.15009 138.887
-9.11484 138.955
-9.07764 138.986
-9.0394 138.997
-8.31755 140.153
-8.28297 140.249
-8.24606 140.296
-8.20944 140.349
-8.1759 140.47
-8.13881 140.515
-8.10181 140.562
