-29.9743 175.339
-29.9255 175.321
-29.8719 175.268
-29.3733 174.671
-29.256 174.488
-29.198 174.402
-29.1504 174.39
-28.8 174.182
-28.7532 174.177
-28.5323 173.903
-28.4815 173.867
-28.4339 173.855
-28.3872 173.849
-28.3352 173.803
-28.2827 173.755
-28.2298 173.703
-28.177 173.651
-28.1263 173.614
-28.0804 173.615
-28.0342 173.612
-27.9872 173.603
-27.9405 173.598
-27.8902 173.564
-27.8436 173.559
-27.7925 173.519
-27.7415 173.479
-27.6953 173.477
-27.6482 173.468
-27.6004 173.453
-27.549 173.411
-27.5028 173.408
-27.4558 173.399
-27.406 173.369
-27.3606 173.373
-27.3097 173.333
-27.2631 173.327
-27.2165 173.322
-27.1691 173.31
-27.1222 173.301
-27.0685 173.24
-27.0207 173.225
-26.9742 173.22
-26.9245 173.189
-26.8787 173.19
-26.833 173.19
-26.7868 173.188
-26.7407 173.185
-26.6937 173.176
-26.6445 173.149
-26.5975 173.141
-26.551 173.135
-26.5048 173.132
-26.4587 173.13
-26.4114 173.118
-26.3648 173.112
-26.3187 173.11
-26.2729 173.11
-26.2256 173.098
-26.1783 173.086
-26.1333 173.093
-26.0902 173.115
-26.0449 173.119
-25.9976 173.107
-25.9506 173.098
-25.9049 173.099
-25.8568 173.081
-25.8118 173.087
-25.7653 173.081
-25.7188 173.076
-25.6715 173.064
-25.6268 173.074
-25.5807 173.071
-25.5327 173.053
-25.4865 173.05
-25.4437 173.075
-25.4001 173.094
-25.3525 173.079
-25.3078 173.089
-25.2609 173.08
-25.2115 173.05
-25.1745 173.124
-25.125 173.094
-25.0781 173.085
-25.0323 173.086
-24.9913 173.126
-24.9458 173.13
-24.9029 173.155
-24.8575 173.158
-24.8113 173.155
-24.7658 173.159
-24.72 173.159
-24.6771 173.184
-24.6298 173.173
-24.5843 173.176
-24.541 173.198
-24.4973 173.217
-24.4529 173.23
-24.4085 173.242
-24.3641 173.255
-24.3203 173.274
-24.2798 173.321
-24.2364 173.343
-24.1912 173.349
-24.1454 173.35
-24.1005 173.359
-24.0561 173.372
-24.0126 173.394
-23.9709 173.431
-23.9289 173.466
-23.8844 173.478
-23.8398 173.491
-23.7946 173.498
-23.7504 173.514
-23.7052 173.52
-23.66 173.527
-23.6164 173.549
-23.5712 173.555
-23.527 173.571
-23.4845 173.603
-23.4406 173.621
-23.3977 173.65
-23.3524 173.656
-23.3078 173.669
-23.2652 173.7
-23.2247 173.75
-23.1818 173.778
-23.1385 173.803
-23.0925 173.804
-23.0512 173.848
-23.0102 173.894
-22.9652 173.904
-22.9205 173.917
-22.8785 173.954
-22.8372 173.998
-22.7958 174.042
-22.7514 174.058
-22.6649 174.111
-22.6191 174.115
-22.581 174.19
-22.5372 174.212
-22.4957 174.256
-22.4509 174.268
-22.4134 174.35
-21.2402 176.02
-21.194 176.024
-21.1515 176.065
-21.1112 176.129
-21.0771 176.255
-21.0374 176.325
-21.0085 176.506
-20.9722 176.611
-20.9273 176.631
-20.8903 176.729
-20.8578 176.876
-20.9154 179.409
-20.8869 179.605
-20.86 179.817
