30.2059 159.8
30.2545 159.832
30.2887 159.771
30.2963 159.537
30.2963 159.253
30.3085 159.05
30.3308 158.913
30.3585 158.811
30.3917 158.745
30.5736 157.968
30.6107 157.929
30.6517 157.915
30.8538 157.284
30.8924 157.257
30.9285 157.213
30.9591 157.135
30.9938 157.084
31.0265 157.019
31.0608 156.965
31.0959 156.916
31.1319 156.873
31.1661 156.819
31.1957 156.735
31.232 156.695
31.2679 156.652
31.3051 156.617
31.3422 156.581
31.4424 156.407
31.4834 156.396
31.5153 156.329
31.6587 156.159
31.6939 156.114
31.7353 156.105
31.7774 156.102
31.8135 156.062
31.8439 155.987
31.8839 155.971
31.9191 155.925
31.9547 155.883
31.9902 155.84
32.0315 155.831
32.0679 155.794
32.1043 155.756
32.1411 155.722
32.1814 155.708
32.2165 155.663
32.2528 155.625
32.2944 155.619
32.3321 155.59
32.3684 155.552
32.4086 155.539
32.4405 155.475
32.4798 155.456
32.5143 155.408
32.5514 155.376
32.5929 155.37
32.6296 155.336
32.6675 155.309
32.7015 155.258
32.7434 155.255
32.7854 155.252
32.8273 155.249
32.863 155.209
32.8996 155.175
32.9428 155.179
32.9794 155.145
33.0186 155.126
33.056 155.097
33.0925 155.062
33.1321 155.046
33.1717 155.029
33.2113 155.013
33.2528 155.008
33.2937 154.999
33.3351 154.994
33.1306 153.567
33.1699 153.551
33.4461 154.9
33.488 154.897
33.5271 154.878
33.5666 154.862
33.5445 154.493
33.5821 154.466
33.6152 154.414
33.6565 154.408
33.7633 154.776
33.795 154.715
33.8363 154.71
33.8822 154.73
33.9235 154.724
33.9639 154.714
33.995 154.65
34.0294 154.605
34.0725 154.61
34.1152 154.612
34.1639 154.648
34.2009 154.619
34.2403 154.603
34.2821 154.6
34.328 154.62
34.3706 154.623
34.4105 154.609
34.4485 154.585
34.4789 154.519
34.5183 154.503
34.5647 154.526
34.6115 154.552
34.6542 154.554
34.6958 154.551
34.7333 154.524
34.7716 154.503
34.8114 154.489
34.855 154.497
34.9014 154.52
34.9431 154.517
34.9852 154.516
35.0288 154.523
35.0704 154.52
35.1116 154.515
35.1499 154.493
35.1954 154.511
35.2432 154.542
35.2868 154.549
35.3294 154.551
35.372 154.554
35.4142 154.553
35.4539 154.54
35.4921 154.518
35.5362 154.528
35.5875 154.577
35.6306 154.582
35.6722 154.579
35.7153 154.584
35.7598 154.596
35.8034 154.604
35.846 154.606
35.8881 154.605
35.9361 154.636
35.9787 154.638
36.0213 154.64
36.058 154.611
36.1031 154.626
36.1462 154.631
36.1883 154.63
36.2402 154.682
36.2922 154.734
36.3344 154.734
36.372 154.71
36.4052 154.662
36.4468 154.659
36.4869 154.648
36.5266 154.634
36.5746 154.665
36.6222 154.693
36.6723 154.735
36.7159 154.742
36.7595 154.749
36.8041 154.762
36.8562 154.814
36.8998 154.821
36.9419 154.821
36.984 154.82
37.0251 154.814
37.0723 154.84
37.1169 154.853
37.1626 154.871
37.2072 154.883
37.2544 154.909
37.5418 155.084
37.5916 155.123
37.6348 155.128
37.6831 155.159
37.7252 155.158
37.7679 155.16
37.809 155.154
