-33.4937 123.714
-33.4521 123.681
-33.4075 123.634
-33.3679 123.611
-33.3324 123.607
-33.2966 123.602
-32.9137 123.428
-32.873 123.399
-32.8297 123.358
-32.7943 123.354
-32.7627 123.369
-32.7228 123.343
-32.6867 123.336
-32.6472 123.313
-32.6118 123.309
-32.5697 123.273
-32.5332 123.264
-32.4985 123.264
-32.4672 123.28
-32.4248 123.242
-32.3875 123.23
-32.3511 123.221
-32.3134 123.206
-32.281 123.217
-32.243 123.201
-32.2032 123.176
-32.1664 123.165
-32.1281 123.147
-32.0934 123.147
-32.0606 123.156
-32.0263 123.158
-31.9909 123.154
-31.9548 123.147
-31.919 123.141
-31.8807 123.123
-31.8442 123.114
-31.8096 123.114
-31.7742 123.111
-31.7355 123.091
-31.6998 123.085
-31.6655 123.087
-31.6308 123.087
-31.5947 123.08
-31.56 123.08
-31.5253 123.08
-31.4906 123.08
-31.456 123.08
-31.4213 123.08
-31.3862 123.078
-31.3505 123.073
-31.3154 123.071
-31.2807 123.071
-31.2464 123.073
-31.2113 123.071
-31.1745 123.06
-31.1416 123.069
-31.1079 123.074
-31.0743 123.08
-31.0392 123.078
-31.0045 123.078
-30.9687 123.072
-30.9284 123.044
-30.8926 123.038
-30.8618 123.058
-30.8295 123.071
-30.792 123.056
-30.7569 123.054
-30.7232 123.06
-30.6888 123.062
-30.6534 123.058
-30.6187 123.058
-30.5864 123.07
-30.5537 123.081
-30.5211 123.092
-30.4874 123.097
-30.453 123.099
-30.4182 123.099
-30.3835 123.099
-30.3498 123.104
-30.3174 123.117
-30.283 123.119
-30.2482 123.119
-30.2141 123.122
-30.1808 123.13
-30.1491 123.146
-30.1177 123.164
-30.084 123.169
-30.0492 123.169
-30.0158 123.176
-29.9848 123.196
-29.9513 123.203
-29.9186 123.214
-29.8848 123.22
-29.8483 123.21
-29.8117 123.201
-29.7779 123.207
-29.7448 123.216
-29.7121 123.227
-29.6782 123.232
-29.6441 123.236
-29.6113 123.246
-29.5799 123.264
-29.5481 123.281
-29.5146 123.288
-29.4831 123.306
-29.4516 123.324
-29.4191 123.337
-29.3863 123.347
-29.3538 123.36
-29.3206 123.369
-29.2877 123.38
-29.2542 123.387
-29.2203 123.392
-29.1871 123.401
-29.1545 123.414
-29.1216 123.425
-29.088 123.432
-29.0541 123.438
-29.0249 123.468
-28.9923 123.481
-28.9591 123.49
-28.9258 123.499
-28.8955 123.524
-28.8632 123.539
-28.8299 123.548
-28.801 123.58
-28.77 123.602
-28.739 123.624
-28.7053 123.631
-28.6776 123.671
-28.6449 123.684
-28.6103 123.686
-28.5753 123.686
-28.5446 123.709
-28.5132 123.729
-28.4808 123.744
-28.4501 123.767
-28.417 123.778
-28.3833 123.785
-28.3522 123.807
-28.3257 123.855
-28.2962 123.885
-28.2654 123.909
-28.2326 123.922
-28.1998 123.935
-28.1703 123.966
-28.1375 123.978
-28.1072 124.006
-28.0761 124.027
-28.0426 124.037
-28.0117 124.06
-27.9831 124.097
-27.9525 124.122
-27.9225 124.152
-27.8935 124.186
-27.8625 124.21
-27.8281 124.214
-27.7984 124.245
-27.7684 124.274
-27.7386 124.305
-27.7086 124.334
-27.6782 124.362
-27.6482 124.391
-27.6184 124.422
-27.5883 124.452
-27.5582 124.481
-27.5316 124.531
-27.4986 124.543
-27.4669 124.564
-27.4326 124.569
-27.4021 124.597
-27.372 124.626
-27.1702 124.889
-27.1405 124.923
-27.1134 124.971
-27.0799 124.982
-27.0493 125.009
-27.0196 125.043
-26.994 125.1
-26.967 125.15
-26.9376 125.185
-26.9085 125.222
-26.8784 125.254
-26.8263 125.365
-26.7961 125.397
-26.7644 125.419
-26.7306 125.428
-26.7128 125.534
-26.6932 125.629
-26.6624 125.657
-26.6309 125.681
-26.6013 125.717
-26.1218 127.812
-26.0987 127.892
-26.0913 128.07
-26.0774 128.209
-26.0515 128.272
-26.0237 128.324
-26.0616 128.788
-26.0334 128.838
-26.0003 128.858
