12.822 106.033
12.8522 106.02
12.8834 106.019
12.9148 106.019
13.686 103.7
13.7126 103.658
13.7391 103.615
13.8971 103.352
13.9273 103.346
14.1416 103.043
14.17 103.021
14.1983 102.998
14.2279 102.988
14.2544 102.949
14.2812 102.912
14.3108 102.902
14.3374 102.864
14.5286 102.647
14.555 102.609
14.584 102.594
14.6115 102.565
14.6397 102.544
14.6691 102.533
14.6977 102.515
14.7265 102.499
14.7544 102.475
14.782 102.447
14.8085 102.411
14.836 102.384
14.8645 102.365
14.893 102.347
14.9216 102.33
14.9494 102.305
14.9773 102.282
15.0047 102.254
15.0325 102.229
15.0598 102.201
15.0895 102.194
15.1189 102.185
15.1456 102.151
15.1735 102.128
15.2033 102.123
15.2315 102.103
15.2577 102.065
15.2869 102.054
15.3153 102.037
15.3421 102.004
15.3713 101.994
15.3979 101.96
15.4267 101.946
15.4551 101.929
15.4838 101.914
15.5138 101.91
15.5428 101.898
15.5724 101.892
15.6022 101.886
15.6306 101.869
15.6594 101.855
15.6896 101.854
15.7186 101.842
15.7474 101.829
15.7747 101.802
15.803 101.784
15.8332 101.783
15.8631 101.779
15.8913 101.76
15.9207 101.752
15.9486 101.732
15.9752 101.7
16.003 101.679
16.032 101.668
16.0605 101.652
16.09 101.645
16.1187 101.632
16.1475 101.619
16.1767 101.609
16.2051 101.593
16.2341 101.583
16.2641 101.58
16.2929 101.568
16.3215 101.553
16.3505 101.543
16.3792 101.529
16.4082 101.519
16.437 101.507
16.4665 101.5
16.497 101.502
16.5279 101.507
16.5576 101.502
16.5861 101.487
16.6145 101.473
16.6422 101.451
16.6698 101.43
16.6986 101.418
16.7284 101.414
16.7578 101.407
16.7884 101.41
16.819 101.413
16.8497 101.416
16.8798 101.414
16.9082 101.4
16.9361 101.381
16.9655 101.375
16.996 101.376
17.0268 101.38
17.0567 101.378
17.0858 101.368
17.1126 101.342
17.1408 101.326
17.1725 101.336
17.2046 101.351
17.2366 101.365
17.2665 101.362
17.294 101.341
17.3239 101.338
17.3538 101.336
17.3841 101.336
17.4135 101.329
17.443 101.324
17.4728 101.32
17.503 101.32
17.5319 101.31
17.5607 101.299
17.5901 101.292
17.6191 101.283
17.6478 101.271
17.6777 101.269
17.7091 101.278
17.7399 101.282
17.7701 101.282
17.8004 101.282
17.8301 101.278
17.8596 101.273
17.8895 101.271
17.9197 101.271
17.9502 101.272
17.9804 101.272
18.0104 101.271
18.0409 101.273
18.0709 101.271
18.1002 101.265
18.1292 101.255
18.1591 101.253
18.1897 101.256
18.2204 101.26
18.2512 101.264
18.282 101.268
18.3128 101.272
18.3423 101.267
18.3721 101.264
18.4031 101.27
18.4343 101.277
18.4667 101.293
18.4975 101.297
18.5266 101.289
18.5557 101.281
18.5863 101.284
18.6168 101.285
18.6466 101.283
18.6767 101.281
18.7084 101.292
18.7392 101.296
18.7702 101.302
18.8026 101.318
18.8342 101.327
18.8648 101.33
18.8958 101.336
18.9281 101.35
18.9591 101.356
18.9899 101.36
19.0207 101.364
19.0519 101.371
19.0852 101.393
19.1157 101.394
19.1471 101.402
19.1788 101.413
19.2097 101.417
19.2395 101.414
19.271 101.423
19.3029 101.435
19.3338 101.439
19.3644 101.442
19.3956 101.448
19.4286 101.467
19.4597 101.473
19.4897 101.472
19.52 101.472
19.5544 101.5
19.5854 101.505
19.6161 101.508
19.6471 101.514
19.6807 101.537
19.7134 101.553
19.7444 101.558
19.7797 101.592
19.8115 101.603
19.8452 101.626
19.8777 101.641
19.9076 101.638
19.9379 101.638
19.9692 101.645
20.003 101.669
20.0366 101.691
20.0675 101.695
20.1016 101.721
20.1329 101.727
20.1666 101.75
20.2006 101.775
20.2358 101.807
20.2673 101.815
20.2989 101.824
20.3331 101.849
20.3663 101.868
20.3987 101.882
20.4314 101.898
20.4632 101.908
20.4979 101.936
20.5291 101.942
20.5602 101.947
20.5912 101.951
20.6245 101.97
20.6584 101.993
20.6941 102.029
20.7259 102.038
20.7613 102.071
20.7952 102.094
20.8292 102.117
20.8617 102.131
20.8971 102.163
20.9308 102.185
20.9648 102.208
20.9992 102.234
21.0345 102.265
21.0668 102.277
21.1036 102.318
21.1379 102.343
21.1734 102.376
21.206 102.389
21.2424 102.427
21.2791 102.467
21.3132 102.49
21.3477 102.516
21.3844 102.556
21.4207 102.593
21.4558 102.621
21.4904 102.647
21.525 102.673
21.5618 102.713
21.5995 102.758
21.6361 102.797
21.6699 102.817
21.8231 103.011
21.8576 103.035
21.8926 103.063
22.0497 103.278
22.1696 103.45
22.2021 103.462
