-15.9055 141.767
-15.8649 141.758
-15.8221 141.724
-15.7791 141.688
-15.7359 141.649
-15.6931 141.615
-15.6508 141.586
-15.6098 141.573
-15.5673 141.541
-15.525 141.512
-15.4845 141.503
-15.442 141.472
-15.3993 141.438
-15.359 141.431
-15.3165 141.4
-15.2741 141.368
-15.2336 141.36
-15.1884 141.296
-15.1458 141.262
-15.1057 141.258
-15.0657 141.254
-15.0254 141.248
-14.9834 141.221
-14.9432 141.214
-14.8985 141.156
-14.8579 141.145
-14.8175 141.136
-14.7778 141.136
-14.7361 141.111
-14.6938 141.08
-14.6534 141.071
-14.6111 141.04
-14.5694 141.015
-14.5292 141.009
-14.4868 140.975
-14.4447 140.946
-14.4046 140.94
-14.3642 140.931
-14.3238 140.922
-14.2815 140.889
-14.2418 140.889
-14.2024 140.891
-14.161 140.869
-14.1208 140.863
-14.0806 140.856
-14.0407 140.852
-14.0007 140.848
-13.9585 140.817
-13.917 140.792
-13.8768 140.785
-13.8369 140.781
-13.7965 140.773
-13.7571 140.775
-13.717 140.769
-13.6763 140.755
-13.636 140.747
-13.5948 140.727
-13.5549 140.723
-13.5156 140.727
-13.4757 140.723
-13.4352 140.712
-13.3944 140.697
-13.3546 140.695
-13.3137 140.677
-13.2732 140.666
-13.2333 140.662
-13.1938 140.664
-13.1551 140.676
-13.1163 140.688
-13.0776 140.699
-13.0378 140.697
-12.9968 140.68
-12.9559 140.662
-12.9161 140.66
-12.8767 140.662
-12.8371 140.663
-12.796 140.643
-12.7554 140.629
-12.7158 140.63
-12.6762 140.63
-12.6372 140.639
-12.5978 140.642
-12.558 140.64
-12.5178 140.631
-12.4777 140.625
-12.4376 140.618
-12.3985 140.625
-12.3611 140.657
-12.3227 140.676
-12.281 140.647
-12.24 140.627
-12.1987 140.602
-12.1612 140.634
-12.1208 140.623
-12.0791 140.592
-12.039 140.585
-11.9991 140.581
-11.9611 140.606
-11.9238 140.64
-11.886 140.668
-11.8476 140.686
-11.8095 140.709
-11.7711 140.728
-11.7328 140.748
-11.6939 140.76
-11.6541 140.758
-11.615 140.767
-11.5767 140.788
-11.5367 140.784
-11.4964 140.775
-11.4578 140.791
-11.4209 140.834
-11.382 140.846
-11.3436 140.867
-11.3045 140.876
-11.2657 140.89
-11.2277 140.917
-11.1886 140.927
-11.1493 140.934
-11.1107 140.952
-11.0715 140.959
-11.0319 140.962
-10.9926 140.969
-10.9536 140.981
-10.9164 141.022
-10.8771 141.029
-10.838 141.04
-10.7984 141.043
-10.7584 141.039
-10.7189 141.044
-10.6797 141.053
-10.6426 141.096
-10.6052 141.135
-10.5659 141.145
-10.5266 141.152
-10.4886 141.182
-10.4505 141.211
-10.4118 141.23
-10.3736 141.257
-10.3344 141.267
-10.2956 141.285
-10.2561 141.29
-10.2181 141.322
-10.1799 141.35
-10.1407 141.362
-10.103 141.398
-10.065 141.43
-10.0273 141.47
-9.98811 141.481
-9.94979 141.509
-9.91031 141.516
-9.87095 141.525
-9.83401 141.578
-9.79628 141.617
-9.75891 141.663
-9.72089 141.698
-9.6826 141.728
-9.64356 141.744
-9.60537 141.776
-9.5663 141.793
-9.52723 141.809
-9.48765 141.816
-9.44881 141.837
-9.41069 141.872
-9.37291 141.913
-9.2596 142.04
-9.22271 142.1
-9.18436 142.133
-9.14457 142.138
-9.10644 142.175
-8.8442 142.538
-8.80453 142.548
-8.76771 142.615
-8.05899 143.823
-8.02013 143.858
-7.59807 144.402
-7.55848 144.425
-7.51722 144.409
