-15.4334 128.505
-15.3935 128.467
-14.7614 127.493
-14.7204 127.438
-14.6814 127.404
-14.6447 127.397
-14.6043 127.348
-14.5625 127.284
-14.5224 127.237
-14.4854 127.225
-14.4466 127.193
-14.4058 127.139
-14.3646 127.08
-14.3257 127.047
-14.289 127.037
-14.2504 127.007
-14.2115 126.973
-14.1714 126.925
-14.1309 126.872
-14.094 126.861
-14.0558 126.835
-14.0174 126.805
-13.9796 126.782
-13.9429 126.773
-13.9023 126.719
-13.8618 126.664
-13.8249 126.651
-13.7868 126.625
-13.7505 126.619
-13.7124 126.593
-13.6717 126.535
-13.6333 126.506
-13.5971 126.5
-13.5599 126.483
-13.5219 126.457
-13.4847 126.44
-13.4465 126.412
-13.4081 126.381
-13.3703 126.356
-13.3339 126.349
-13.2966 126.33
-13.2578 126.293
-13.2199 126.267
-13.1837 126.261
-13.1461 126.239
-13.1083 126.215
-13.072 126.207
-13.0353 126.196
-12.9989 126.187
-12.9613 126.165
-12.9248 126.155
-12.8884 126.146
-12.8505 126.12
-12.8126 126.092
-12.776 126.081
-12.7385 126.059
-12.7013 126.04
-12.6652 126.035
-12.629 126.029
-12.5924 126.018
-12.5544 125.988
-12.5183 125.983
-12.4815 125.97
-12.445 125.958
-12.4084 125.947
-12.3729 125.949
-12.3363 125.938
-12.2992 125.919
-12.263 125.912
-12.225 125.882
-12.1881 125.866
-12.1522 125.864
-12.1176 125.877
-12.0823 125.882
-12.0459 125.873
-12.0087 125.853
-11.9725 125.845
-11.9371 125.849
-11.901 125.843
-11.8642 125.828
-11.8277 125.817
-11.7915 125.81
-11.7554 125.804
-11.7195 125.8
-11.6833 125.793
-11.647 125.784
-11.6109 125.778
-11.5748 125.773
-11.5386 125.765
-11.5028 125.763
-11.4674 125.767
-11.4318 125.767
-11.3959 125.763
-11.3602 125.763
-11.3243 125.759
-11.2883 125.756
-11.2528 125.758
-11.2169 125.754
-11.1803 125.741
-11.1443 125.735
-11.1087 125.737
-11.0733 125.741
-11.0379 125.744
-11.0023 125.744
-10.9661 125.737
-10.9301 125.731
-10.8943 125.73
-10.859 125.735
-10.8241 125.746
-10.7891 125.755
-10.7539 125.763
-10.7177 125.755
-10.6803 125.729
-10.6455 125.742
-10.6112 125.763
-10.5754 125.761
-10.5404 125.77
-10.5053 125.779
-10.4692 125.772
-10.4337 125.775
-10.398 125.773
-10.3625 125.777
-10.3272 125.783
-10.2912 125.777
-10.2551 125.771
-10.2202 125.783
-10.1853 125.795
-10.1501 125.803
-10.1149 125.81
-10.0794 125.812
-10.0435 125.81
-10.0076 125.806
-9.97229 125.812
-9.93719 125.821
-9.90219 125.832
-9.86731 125.845
-9.83173 125.847
-9.79661 125.856
-9.76137 125.863
-9.72612 125.871
-9.69088 125.878
-9.65562 125.886
-9.62059 125.897
-9.58612 125.917
-9.55074 125.923
-9.51514 125.924
-9.47998 125.934
-9.44481 125.943
-9.40964 125.952
-9.3748 125.967
-9.33995 125.982
-9.30433 125.983
-9.26903 125.991
-9.23481 126.017
-9.20069 126.045
-9.16537 126.052
-9.13016 126.061
-9.09537 126.078
-9.06004 126.085
-9.02492 126.096
-8.98948 126.102
-8.95435 126.113
-8.91943 126.128
-8.88554 126.161
-8.85132 126.189
-8.81585 126.195
-8.78027 126.198
-8.7448 126.204
-8.71034 126.228
-8.67618 126.258
-8.6411 126.271
-8.60651 126.293
-8.57191 126.315
-8.5364 126.321
-8.50159 126.339
-8.46657 126.354
-8.43223 126.382
-8.39729 126.399
-8.36294 126.427
-8.32739 126.432
-8.29204 126.442
-8.25766 126.47
-8.22229 126.479
-8.1876 126.501
-8.15318 126.529
-8.11904 126.563
-8.08469 126.593
-8.04938 126.604
-8.01558 126.645
-7.98025 126.656
-7.94567 126.682
-7.91117 126.71
-7.87684 126.742
-7.84241 126.772
-7.8076 126.794
-7.77332 126.828
-7.73812 126.843
-7.704 126.88
-7.6695 126.91
-7.63427 126.925
-7.59975 126.955
-7.56522 126.985
-7.53067 127.015
-7.49708 127.066
-7.46154 127.075
-7.42809 127.13
-7.39252 127.139
-7.35895 127.192
-7.32441 127.224
-7.28942 127.246
-7.22249 127.359
-7.18796 127.393
-7.15249 127.406
-7.11785 127.438
-7.0832 127.471
-7.05046 127.546
-7.01603 127.584
-6.98124 127.614
-6.94653 127.646
-6.91278 127.701
-6.87721 127.714
-6.84335 127.767
-6.80971 127.826
-6.77636 127.892
-6.74258 127.949
-6.70766 127.98
-6.67265 128.008
-6.63779 128.04
-6.43642 128.437
-6.40263 128.5
-6.36874 128.561
-6.33452 128.615
