-24.8724 83.9128
0.515074 151.707
0.556748 151.697
0.763592 151.262
0.805194 151.262
0.846776 151.257
0.888366 151.255
1.09401 150.832
1.13546 150.822
1.38224 150.508
1.42364 150.503
1.66989 150.232
1.71117 150.222
1.7523 150.195
1.79355 150.182
1.8345 150.14
1.87518 150.071
1.91636 150.056
1.95765 150.051
1.99864 150.019
2.03923 149.95
2.08013 149.912
2.12135 149.905
2.16251 149.893
2.2035 149.866
2.24444 149.836
2.2856 149.826
2.32646 149.791
2.36725 149.752
2.40807 149.717
2.4492 149.708
2.48997 149.671
2.53109 149.661
2.57193 149.631
2.613 149.619
2.65355 149.569
2.6946 149.557
2.73561 149.542
2.77639 149.513
2.81731 149.493
2.85844 149.488
2.89908 149.451
2.94013 149.441
2.98121 149.434
3.02221 149.422
3.06316 149.407
3.10386 149.377
3.14472 149.358
3.18569 149.345
3.22673 149.338
3.26774 149.328
3.30861 149.311
3.34942 149.291
3.39032 149.277
3.43117 149.259
3.47205 149.245
3.51288 149.228
3.55375 149.213
3.59485 149.21
3.6358 149.201
3.6767 149.188
3.71775 149.183
3.75854 149.166
3.79933 149.149
3.84021 149.137
3.88118 149.129
3.9221 149.119
3.96312 149.115
4.00414 149.11
4.04489 149.092
4.0859 149.088
4.12686 149.08
4.16775 149.07
4.20859 149.058
4.24931 149.041
4.29013 149.029
4.33112 149.024
4.372 149.014
4.41321 149.019
4.45437 149.021
4.49541 149.019
4.53639 149.014
4.57731 149.006
4.61841 149.006
4.65951 149.006
4.70048 149.001
4.74158 149.001
4.78298 149.014
4.82396 149.009
4.86569 149.033
4.90743 149.058
4.94841 149.053
4.98965 149.058
5.0299 149.026
5.07047 149.006
5.11157 149.006
5.15253 149.001
5.19356 148.999
5.23465 148.999
5.27588 149.004
5.31719 149.011
5.35814 149.006
5.3991 149.001
5.44033 149.006
5.48179 149.018
5.52332 149.033
5.56442 149.033
5.60545 149.03
5.6467 149.035
5.68787 149.037
5.72898 149.037
5.77038 149.047
5.81217 149.069
5.85366 149.081
5.89539 149.101
5.93666 149.106
5.97754 149.098
6.01866 149.098
6.06009 149.108
6.10153 149.118
6.14289 149.125
6.18425 149.133
6.22595 149.15
6.26773 149.169
6.30894 149.172
6.35024 149.176
6.39188 149.191
6.4336 149.208
6.47559 149.233
6.51682 149.235
6.55822 149.242
6.60024 149.267
6.642 149.284
6.68368 149.299
6.7244 149.286
6.76546 149.284
6.8076 149.311
6.84948 149.331
6.89155 149.355
6.93299 149.362
6.97508 149.387
7.01755 149.421
7.0592 149.433
7.10141 149.46
7.1427 149.463
7.18437 149.475
7.22613 149.49
7.26924 149.539
7.31084 149.549
7.35302 149.573
7.39482 149.588
7.43741 149.623
7.47923 149.637
7.52145 149.662
7.56318 149.674
7.60562 149.704
7.64767 149.723
7.68983 149.745
7.73251 149.78
7.7751 149.812
7.81802 149.851
7.86013 149.871
7.90266 149.901
7.94426 149.908
7.98818 149.97
8.03033 149.989
8.07302 150.022
8.11583 150.056
8.15898 150.098
8.20204 150.138
8.2449 150.172
8.288 150.212
8.33078 150.244
8.37302 150.264
8.41728 150.328
8.45966 150.351
8.50352 150.405
8.5474 150.46
8.59062 150.5
8.63375 150.537
8.67574 150.549
8.72005 150.611
8.76369 150.659
8.80712 150.701
8.85209 150.776
8.89663 150.84
8.94048 150.89
8.98424 150.938
9.02946 151.015
9.07339 151.065
9.11964 151.163
9.16216 151.183
9.20568 151.223
9.25105 151.3
9.29646 151.378
9.34178 151.453
9.38739 151.533
9.43316 151.616
9.47897 151.699
