-13.4501 129.052
-13.4125 129.036
-13.3734 129.004
-13.0655 127.894
-13.0265 127.858
-12.9872 127.818
-12.8557 127.526
-12.8132 127.445
-12.4867 126.952
-12.446 126.89
-12.4038 126.81
-12.3649 126.77
-12.325 126.718
-12.2449 126.608
-12.206 126.568
-12.1679 126.538
-12.1296 126.505
-12.0912 126.471
-12.0534 126.445
-12.0154 126.415
-11.9767 126.376
-11.9354 126.303
-11.8956 126.249
-11.8588 126.235
-11.8212 126.21
-11.783 126.177
-11.7429 126.117
-11.7052 126.091
-11.6687 126.08
-11.6316 126.062
-11.594 126.036
-11.5542 125.98
-11.5162 125.948
-11.48 125.941
-11.444 125.937
-11.4063 125.909
-11.3671 125.859
-11.329 125.826
-11.2911 125.795
-11.2535 125.767
-11.2172 125.758
-11.1798 125.733
-11.1436 125.726
-11.105 125.684
-11.0673 125.654
-10.9932 125.613
-10.9558 125.587
-10.9182 125.56
-10.8809 125.534
-10.8445 125.523
-10.8071 125.497
-10.7699 125.473
-10.734 125.469
-10.6982 125.465
-10.6608 125.44
-10.6247 125.432
-10.5879 125.414
-10.5516 125.403
-10.5128 125.355
-10.4765 125.344
-10.4398 125.327
-10.4041 125.325
-10.3678 125.314
-10.3295 125.272
-10.2926 125.252
-10.2555 125.228
-10.2192 125.217
-10.1828 125.204
-10.1468 125.196
-10.1114 125.198
-10.0754 125.191
-10.0394 125.183
-10.0031 125.172
-9.96711 125.165
-9.93052 125.148
-9.89441 125.139
-9.85841 125.132
-9.82173 125.114
-9.78574 125.106
-9.74998 125.102
-9.71388 125.093
-9.67756 125.08
-9.64125 125.067
-9.60517 125.058
-9.56909 125.049
-9.53334 125.045
-9.49749 125.04
-9.46175 125.036
-9.42579 125.029
-9.38951 125.016
-9.3541 125.018
-9.31869 125.019
-9.28231 125.005
-9.24615 124.994
-9.21064 124.994
-9.17502 124.992
-9.1394 124.99
-9.10357 124.984
-9.06785 124.981
-9.03149 124.966
-8.99504 124.949
-8.95954 124.949
-8.92413 124.951
-8.88873 124.953
-8.85312 124.951
-8.81731 124.946
-8.7816 124.942
-8.7466 124.951
-8.7113 124.955
-8.67549 124.949
-8.63887 124.929
-8.60286 124.92
-8.56726 124.918
-8.53156 124.914
-8.49586 124.91
-8.46066 124.916
-8.42584 124.929
-8.39043 124.93
-8.35542 124.94
-8.31952 124.932
-8.28353 124.923
-8.24802 124.923
-8.21338 124.939
-8.1794 124.969
-8.14474 124.985
-8.10903 124.981
-8.07313 124.974
-8.03761 124.974
-8.00181 124.968
-7.96629 124.968
-7.93105 124.974
-7.89562 124.976
-7.86019 124.977
-7.82476 124.979
-7.78942 124.983
-7.75381 124.981
-7.71819 124.979
-7.68285 124.983
-7.64768 124.99
-7.61233 124.994
-7.57645 124.986
-7.54163 125.001
-7.50645 125.008
-7.47179 125.026
-7.4373 125.048
-7.40202 125.054
-7.36682 125.061
-7.33127 125.061
-7.29573 125.061
-7.26035 125.065
-7.2254 125.077
-7.19077 125.097
-7.15539 125.101
-7.11958 125.095
-7.08444 125.105
-7.04946 125.117
-7.01505 125.143
-6.97973 125.148
-6.94432 125.152
-6.90924 125.163
-6.87374 125.165
-6.83905 125.185
-6.80403 125.198
-6.76917 125.214
-6.73406 125.225
-6.69886 125.234
-6.66397 125.251
-6.629 125.266
-6.59379 125.275
-6.55934 125.302
-6.52404 125.309
-6.48881 125.319
-6.45411 125.341
-6.4188 125.348
-6.38423 125.374
-6.34958 125.398
-6.31417 125.403
-6.27935 125.423
-6.24408 125.432
-6.20873 125.44
-6.17447 125.475
-6.13954 125.493
-6.10439 125.506
-6.06995 125.537
-6.03471 125.548
-5.99939 125.557
-5.96464 125.581
-5.92987 125.605
-5.8953 125.635
-5.86072 125.664
-5.82598 125.69
-5.79056 125.697
-5.75587 125.725
-5.72104 125.749
-5.68552 125.754
-5.65087 125.784
-5.61555 125.795
-5.58074 125.821
-5.54593 125.847
-5.51044 125.854
-5.47548 125.876
-5.37205 125.987
-5.33647 125.993
-5.30164 126.021
-5.26679 126.048
-5.23144 126.061
-5.05801 126.232
-4.98818 126.29
-4.95393 126.34
-4.91843 126.351
-4.8842 126.403
-4.84867 126.414
-4.74536 126.556
-4.71046 126.589
-4.67617 126.644
-4.6418 126.696
-4.60625 126.709
-4.57167 126.756
-4.53616 126.771
-4.50177 126.825
-4.46714 126.872
-4.43228 126.911
-4.39803 126.973
-4.36329 127.018
-4.32785 127.039
-4.29281 127.074
-4.25884 127.149
-4.22392 127.191
-4.12168 127.415
-4.08661 127.455
-4.05202 127.513
-4.01696 127.555
-3.98233 127.613
-3.94819 127.693
-3.91297 127.73
-3.6739 128.333
-3.41599 129.842
