-17.2232 139.784
-17.1783 139.727
-16.9148 139.441
-16.8726 139.41
-16.8332 139.408
-16.6198 139.228
-16.5779 139.199
-16.5378 139.191
-16.4926 139.127
-16.4526 139.118
-16.4082 139.063
-16.3655 139.026
-16.3258 139.02
-16.2403 138.943
-16.1956 138.883
-16.1538 138.855
-16.1145 138.853
-16.0752 138.851
-16.0355 138.845
-15.9955 138.836
-15.954 138.81
-15.7904 138.732
-15.7487 138.703
-15.709 138.697
-15.6669 138.664
-15.6227 138.607
-15.5832 138.603
-15.5435 138.597
-15.5017 138.566
-15.4621 138.56
-15.4222 138.552
-15.3845 138.567
-15.3427 138.537
-15.3023 138.522
-15.2615 138.502
-15.2217 138.494
-15.1803 138.468
-15.1407 138.461
-15.1012 138.457
-15.062 138.455
-15.0225 138.451
-14.9795 138.405
-14.9397 138.397
-14.9001 138.391
-14.8591 138.369
-14.8197 138.365
-14.7799 138.356
-14.74 138.346
-14.6994 138.328
-14.6604 138.329
-14.6212 138.327
-14.5817 138.323
-14.5425 138.321
-14.5015 138.297
-14.4613 138.284
-14.4225 138.286
-14.3834 138.287
-14.3426 138.265
-14.3035 138.265
-14.2658 138.281
-14.2255 138.266
-14.1848 138.247
-14.1451 138.238
-14.1064 138.243
-14.0661 138.228
-14.0251 138.204
-13.9859 138.202
-13.9483 138.22
-13.9096 138.224
-13.87 138.218
-13.8306 138.214
-13.7907 138.203
-13.7515 138.202
-13.7134 138.213
-13.674 138.209
-13.6339 138.196
-13.5952 138.201
-13.5567 138.207
-13.5166 138.194
-13.4767 138.184
-13.4377 138.184
-13.3995 138.195
-13.3608 138.2
-13.3215 138.198
-13.2823 138.196
-13.2438 138.203
-13.2024 138.173
-13.1638 138.18
-13.1256 138.191
-13.0861 138.185
-13.0488 138.209
-13.0098 138.209
-12.9719 138.225
-12.9312 138.203
-12.8898 138.173
-12.8493 138.153
-12.8114 138.169
-12.7762 138.222
-12.7384 138.24
-12.7018 138.273
-12.6627 138.273
-12.6231 138.267
-12.5857 138.289
-12.5491 138.325
-12.5105 138.332
-12.4711 138.328
-12.4329 138.341
-12.3948 138.355
-12.3561 138.361
-12.317 138.362
-12.2782 138.366
-12.241 138.393
-12.2011 138.382
-12.1631 138.398
-12.1252 138.416
-12.0865 138.423
-12.0489 138.445
-12.0108 138.461
-11.9731 138.481
-11.9351 138.499
-11.8967 138.51
-11.8585 138.524
-11.8198 138.531
-11.7833 138.571
-11.745 138.584
-11.7063 138.591
-11.6673 138.593
-11.6287 138.603
-11.5925 138.647
-11.5546 138.667
-11.5159 138.674
-11.4762 138.668
-11.4383 138.688
-11.4001 138.704
-11.3628 138.733
-11.325 138.755
-11.288 138.788
-11.2493 138.798
-11.2107 138.807
-11.1729 138.829
-11.1346 138.845
-11.0961 138.856
-11.0596 138.901
-11.0226 138.937
-10.9839 138.946
-10.9463 138.973
-10.9079 138.986
-10.8692 138.995
-10.8317 139.024
-10.7939 139.049
-10.755 139.056
-10.718 139.094
-10.6808 139.128
-10.6435 139.161
-10.6066 139.201
-10.5693 139.235
-10.5306 139.246
-10.4945 139.3
-10.4574 139.338
-10.4189 139.352
-10.3812 139.381
-10.3437 139.413
-10.306 139.442
-10.2674 139.455
-10.2319 139.523
-10.1947 139.561
-10.157 139.59
-10.1182 139.602
-10.081 139.64
-9.93454 139.84
-9.89695 139.874
-9.85796 139.883
-9.82199 139.946
-9.78322 139.96
-9.74533 139.989
-9.63491 140.138
-9.12211 140.934
-9.01437 141.16
-8.97816 141.231
-8.61262 142.729
-8.57457 142.774
-8.53516 142.79
-8.49575 142.807
-8.40481 141.741
