0.721092 153.266
1.05615 152.526
1.18138 152.29
1.22326 152.245
1.26494 152.171
1.30657 152.095
1.34838 152.05
1.3899 151.966
1.43138 151.883
1.47293 151.812
1.51489 151.8
1.5567 151.77
1.59846 151.735
1.64008 151.685
1.6817 151.637
1.72306 151.561
1.76443 151.491
1.80595 151.441
1.84755 151.401
1.88921 151.368
1.93077 151.328
1.9723 151.285
2.0139 151.253
2.05566 151.236
2.097 151.181
2.13865 151.156
2.17987 151.093
2.2216 151.078
2.26281 151.018
2.30449 151.001
2.34599 150.968
2.3874 150.931
2.42884 150.896
2.47055 150.884
2.51225 150.872
2.55345 150.822
2.5949 150.792
2.63627 150.757
2.67769 150.727
2.71939 150.717
2.76068 150.68
2.80225 150.663
2.84374 150.641
2.885 150.603
2.92628 150.568
2.96785 150.554
3.0091 150.519
3.05073 150.509
3.09212 150.484
3.13334 150.45
3.17466 150.422
3.21623 150.41
3.25783 150.4
3.29942 150.391
3.3405 150.351
3.3819 150.331
3.42335 150.314
3.46474 150.294
3.50612 150.275
3.54768 150.265
3.58928 150.258
3.63055 150.233
3.672 150.218
3.71354 150.208
3.75498 150.194
3.79641 150.179
3.83763 150.154
3.8789 150.132
3.92006 150.105
3.96146 150.09
4.00301 150.083
4.04461 150.078
4.0862 150.073
4.12753 150.056
4.16896 150.044
4.2106 150.041
4.2523 150.042
4.29389 150.037
4.33502 150.012
4.3762 149.99
4.41749 149.973
4.45894 149.963
4.50039 149.953
4.54183 149.944
4.58333 149.936
4.62494 149.934
4.66674 149.939
4.70848 149.942
4.75003 149.937
4.79146 149.927
4.83257 149.905
4.87393 149.893
4.91534 149.883
4.95636 149.859
4.99751 149.839
5.03884 149.827
5.08029 149.819
5.12188 149.817
5.16339 149.812
5.20417 149.78
5.24636 149.8
5.28814 149.805
5.33014 149.818
5.37186 149.821
5.41316 149.808
5.45389 149.776
5.49611 149.796
5.53847 149.821
5.58027 149.826
5.62193 149.826
5.66387 149.837
5.70575 149.844
5.74726 149.839
5.789 149.842
5.83103 149.855
5.873 149.865
5.91489 149.872
5.95671 149.877
5.99861 149.885
6.04028 149.885
6.0821 149.89
6.12409 149.9
6.16584 149.903
6.20776 149.91
6.24983 149.923
6.29216 149.943
6.33401 149.948
6.37519 149.933
6.41646 149.921
6.45822 149.924
6.5004 149.939
6.54344 149.979
6.58564 149.994
6.62784 150.009
6.66962 150.011
6.71141 150.014
6.75337 150.022
6.7955 150.034
6.83818 150.062
6.88015 150.069
6.92285 150.097
6.96501 150.109
7.00755 150.132
7.04936 150.134
7.09136 150.142
7.13327 150.147
7.17518 150.152
7.21718 150.16
7.26004 150.19
7.30282 150.217
7.34503 150.23
7.38725 150.242
7.43122 150.3
7.47317 150.305
7.51503 150.308
7.55669 150.305
7.59993 150.343
7.64328 150.383
7.68566 150.398
7.72783 150.408
7.77083 150.438
7.81282 150.443
7.85675 150.496
7.89896 150.506
7.94117 150.516
7.98443 150.551
8.02645 150.556
8.06952 150.586
8.11272 150.619
8.15613 150.656
8.19861 150.672
8.24195 150.707
8.28541 150.744
8.32878 150.78
8.37119 150.792
8.41448 150.825
8.45712 150.842
8.50177 150.905
8.54443 150.923
8.58912 150.986
8.63171 151.001
8.67622 151.059
8.71848 151.066
8.76086 151.077
8.80451 151.114
8.84956 151.182
8.89209 151.195
9.11363 151.445
9.15875 151.511
9.20149 151.526
9.24496 151.556
9.74159 152.239
9.92556 152.537
9.97201 152.619
10.0201 152.731
10.1188 153.003
10.1639 153.057
