-5.41137 129.936
-5.37248 129.891
-5.3319 129.793
-5.29103 129.686
-5.25211 129.636
-4.39039 128.155
-4.35198 128.103
-4.31343 128.044
-4.27554 128.009
-4.23762 127.973
-4.19966 127.934
-4.16187 127.901
-4.12364 127.85
-4.08548 127.802
-4.04825 127.788
-4.01058 127.757
-3.97352 127.75
-3.93592 127.721
-3.78418 127.545
-3.74717 127.537
-3.70934 127.494
-3.67225 127.483
-3.63463 127.448
-3.59671 127.4
-3.55961 127.387
-3.52212 127.356
-3.48473 127.329
-3.4477 127.317
-3.40973 127.263
-3.37285 127.258
-3.33501 127.208
-3.29814 127.202
-3.26078 127.173
-3.22339 127.142
-3.18614 127.117
-3.14922 127.108
-3.11195 127.081
-3.07457 127.048
-3.03737 127.023
-3.00055 127.018
-2.96328 126.989
-2.92603 126.96
-2.88887 126.935
-2.85204 126.928
-2.81518 126.918
-2.778 126.892
-2.74119 126.884
-2.70417 126.865
-2.66716 126.846
-2.63039 126.84
-2.5936 126.833
-2.55684 126.827
-2.51976 126.802
-2.48266 126.775
-2.44594 126.772
-2.40893 126.749
-2.3718 126.718
-2.33498 126.707
-2.29828 126.703
-2.26165 126.703
-2.22476 126.686
-2.1877 126.657
-2.15091 126.646
-2.11421 126.64
-2.07726 126.617
-2.04033 126.595
-2.00359 126.585
-1.96665 126.56
-1.93 126.557
-1.89344 126.561
-1.85691 126.566
-1.82025 126.563
-1.78334 126.538
-1.74652 126.519
-1.70992 126.519
-1.67321 126.51
-1.63643 126.492
-1.59975 126.485
-1.5632 126.489
-1.52663 126.491
-1.49002 126.489
-1.45328 126.474
-1.41652 126.457
-1.37959 126.421
-1.34287 126.405
-1.30651 126.428
-1.27005 126.442
-1.23343 126.438
-1.19671 126.421
-1.16004 126.41
-1.12345 126.408
-1.08688 126.408
-1.05029 126.406
-1.0137 126.405
-0.977099 126.401
-0.940487 126.395
-0.903903 126.393
-0.867331 126.394
-0.830736 126.39
-0.79412 126.382
-0.757594 126.39
-0.72095 126.377
-0.684372 126.375
-0.647841 126.383
-0.611271 126.383
-0.574735 126.391
-0.538155 126.389
-0.50156 126.383
-0.464953 126.374
-0.428466 126.397
-0.391841 126.382
-0.355235 126.37
-0.318624 126.355
-0.282064 126.357
-0.245535 126.372
-0.208962 126.371
-0.17239 126.369
-0.135847 126.384
-0.0992836 126.39
-0.0627101 126.39
-0.0261442 126.398
0.0104313 126.398
0.0470038 126.404
0.0835778 126.414
0.120157 126.418
0.156738 126.42
0.193322 126.429
0.229909 126.435
0.2665 126.443
0.303097 126.452
0.339708 126.47
0.376316 126.479
0.412914 126.481
0.449526 126.489
0.486153 126.503
0.522787 126.516
0.559396 126.518
0.59599 126.515
0.6326 126.517
0.669224 126.522
0.70583 126.523
0.74245 126.526
0.779182 126.557
0.815854 126.571
0.852566 126.592
0.889216 126.598
0.925897 126.609
0.962574 126.619
0.99937 126.65
1.03608 126.663
1.07276 126.669
1.10942 126.673
1.14618 126.692
1.18284 126.694
1.21959 126.71
1.25627 126.714
1.29301 126.725
1.32989 126.756
1.36675 126.781
1.40344 126.785
1.44021 126.797
1.47709 126.822
1.514 126.849
1.55099 126.884
1.58791 126.909
1.62461 126.909
1.66129 126.907
1.69804 126.913
1.73483 126.923
1.77191 126.959
1.80874 126.971
1.84562 126.986
1.8828 127.029
1.91983 127.056
1.95665 127.064
1.99345 127.07
2.03046 127.093
2.06734 127.104
2.10458 127.145
2.14151 127.159
2.17853 127.18
2.21615 127.246
2.25316 127.263
2.29025 127.287
2.32728 127.304
2.36423 127.316
2.40138 127.341
2.43857 127.368
2.47549 127.376
2.51258 127.395
2.54986 127.426
2.58721 127.461
2.62495 127.52
2.66268 127.576
2.69975 127.59
2.73714 127.623
3.26257 128.103
3.30004 128.128
3.3371 128.132
