-24.8726 83.9138
-24.8437 83.9005
-14.1622 140.501
-14.1213 140.479
-14.0821 140.477
-14.0426 140.47
-13.8393 139.872
-13.7976 139.836
-13.5238 139.313
-13.4828 139.285
-13.2621 138.932
-13.2209 138.9
-13.1816 138.891
-13.1401 138.854
-12.7617 138.446
-12.7223 138.435
-12.6796 138.379
-12.5953 138.282
-12.5561 138.273
-12.5155 138.245
-12.3515 138.109
-12.3125 138.103
-12.2305 138.034
-12.191 138.021
-11.9072 137.817
-11.8668 137.789
-11.8277 137.781
-11.7873 137.753
-11.7485 137.749
-11.7084 137.725
-11.6694 137.717
-11.629 137.689
-11.5887 137.661
-11.5493 137.649
-11.5089 137.619
-11.4687 137.593
-11.4303 137.593
-11.3914 137.587
-11.3502 137.546
-11.3109 137.533
-11.27 137.495
-11.231 137.486
-11.1907 137.459
-11.1519 137.452
-11.1133 137.45
-11.0745 137.444
-11.0352 137.431
-10.9964 137.425
-10.9567 137.406
-10.917 137.385
-10.878 137.376
-10.8382 137.355
-10.7993 137.347
-10.7598 137.33
-10.7207 137.319
-10.6817 137.309
-10.6427 137.3
-10.6038 137.292
-10.5644 137.275
-10.5256 137.268
-10.4872 137.269
-10.4486 137.267
-10.4097 137.258
-10.3703 137.241
-10.3314 137.233
-10.2927 137.229
-10.2533 137.212
-10.2142 137.199
-10.1756 137.197
-10.1373 137.197
-10.0981 137.185
-10.0592 137.176
-10.0207 137.174
-9.98196 137.168
-9.94345 137.166
-9.90494 137.164
-9.86607 137.156
-9.82744 137.152
-9.78905 137.152
-9.75042 137.148
-9.71156 137.139
-9.67317 137.14
-9.63479 137.14
-9.5964 137.14
-9.55814 137.142
-9.51963 137.14
-9.48136 137.143
-9.44332 137.149
-9.40516 137.154
-9.36677 137.154
-9.32826 137.152
-9.28975 137.15
-9.40685 140.063
-9.36663 140.041
-9.17673 137.191
-9.13856 137.196
-9.10038 137.2
-9.06298 137.22
-9.0258 137.244
-8.98593 137.216
-8.94564 137.18
-8.90734 137.182
-8.86948 137.193
-8.83108 137.193
-8.79267 137.193
-8.75361 137.18
-8.71455 137.168
-8.67593 137.164
-8.6371 137.155
-8.59827 137.147
-8.5605 137.16
-8.5222 137.162
-8.48432 137.173
-8.44737 137.203
-8.4101 137.227
-8.37261 137.247
-8.3346 137.255
-8.29648 137.262
-8.25856 137.273
-8.22073 137.286
-8.1824 137.288
-8.14396 137.289
-8.10582 137.295
-8.06798 137.308
-8.02983 137.315
-7.99218 137.332
-7.95432 137.345
-7.91635 137.356
-7.87867 137.374
-7.84031 137.376
-7.80185 137.376
-7.76348 137.378
-7.7252 137.383
-7.68741 137.398
-7.65017 137.426
-7.61254 137.446
-7.57397 137.444
-7.53605 137.457
-7.49905 137.492
-7.46111 137.505
-7.42363 137.529
-7.38577 137.544
-7.34863 137.576
-7.31057 137.587
-7.27278 137.605
-7.23507 137.624
-7.19681 137.631
-7.1589 137.646
-7.1209 137.659
-7.08299 137.675
-7.04567 137.705
-7.00826 137.733
-6.97023 137.746
-6.93202 137.755
-6.89414 137.773
-6.85609 137.786
-6.81863 137.814
-6.78107 137.84
-6.743 137.853
-6.70558 137.884
-6.66799 137.91
-6.62981 137.921
-6.5922 137.947
-6.5549 137.982
-6.51775 138.021
-6.48042 138.056
-6.44243 138.074
-6.40524 138.113
-6.36699 138.124
-6.32874 138.135
-6.29182 138.183
-6.25363 138.196
-6.21613 138.229
-6.17877 138.266
-6.14224 138.327
-6.10408 138.342
-6.06584 138.356
-6.02872 138.402
-5.99046 138.415
-5.95376 138.474
-5.91651 138.518
-5.87873 138.546
-5.84028 138.555
-5.80343 138.612
-5.76597 138.651
-5.72899 138.706
-5.69057 138.717
-5.65285 138.75
-5.61533 138.79
-5.57772 138.827
-5.54065 138.882
-5.50259 138.906
-5.46561 138.966
-5.42855 139.023
-5.39024 139.04
-5.35232 139.071
-5.31553 139.14
-5.27871 139.208
-5.241 139.248
-5.20478 139.338
-5.16644 139.358
-5.12842 139.389
-5.09231 139.486
-5.05552 139.561
-5.01851 139.63
-4.98146 139.699
-4.94377 139.745
-4.90674 139.816
-4.86955 139.883
-4.83246 139.954
-4.79612 140.054
-4.75836 140.103
-4.72046 140.148
-4.57911 140.728
-4.5405 140.753
-4.50258 140.805
-4.46395 140.829
-4.37727 142.093
-4.34178 142.259
-4.30308 142.296
-4.26436 142.333
