8.11373 155.951
8.72838 154.247
8.80711 154.095
8.84797 154.053
8.88869 154.009
9.20639 153.499
9.24715 153.46
9.28765 153.416
9.32863 153.382
9.37071 153.371
9.41003 153.304
9.45184 153.288
9.49074 153.213
9.53265 153.2
9.57366 153.169
9.61389 153.123
9.65436 153.081
9.69429 153.03
9.73369 152.968
9.77539 152.952
9.81435 152.882
9.85472 152.841
9.89652 152.828
9.93739 152.797
9.97772 152.756
10.0178 152.709
10.0578 152.663
10.0986 152.632
10.1399 152.612
10.1822 152.609
10.2231 152.581
10.2637 152.547
10.3025 152.48
10.3434 152.452
10.3841 152.421
10.4263 152.418
10.4681 152.408
10.5076 152.354
10.5499 152.354
10.5924 152.357
10.6339 152.341
10.6751 152.321
10.7154 152.285
10.7546 152.228
10.7963 152.218
10.8364 152.177
10.8779 152.164
10.9185 152.133
10.959 152.102
11.0013 152.102
11.0427 152.087
11.0842 152.074
11.1256 152.059
11.1661 152.028
11.2078 152.018
11.2497 152.012
11.2917 152.007
11.332 151.974
11.3733 151.959
11.4141 151.933
11.4542 151.897
11.4958 151.887
11.5376 151.879
11.5795 151.874
11.6206 151.856
11.6624 151.848
11.7032 151.825
11.7448 151.815
11.7854 151.789
11.8272 151.782
11.8687 151.771
11.9108 151.769
11.9534 151.776
11.9958 151.779
12.0381 151.781
12.08 151.776
12.1211 151.758
12.1624 151.745
12.2022 151.707
12.2431 151.687
12.2851 151.684
12.3266 151.674
12.3676 151.656
12.4081 151.63
12.448 151.594
12.4873 151.551
12.5205 151.414
12.5628 151.416
12.6066 151.442
12.6503 151.467
12.6958 151.518
12.7395 151.54
12.7833 151.566
12.8261 151.576
12.8687 151.583
12.9059 151.509
12.947 151.494
12.9864 151.453
13.0254 151.408
13.0716 151.468
13.1189 151.545
13.1628 151.57
13.2053 151.575
13.2478 151.58
13.2894 151.572
13.3312 151.567
13.3736 151.572
13.4174 151.595
13.4608 151.612
13.5038 151.625
13.5459 151.625
13.5881 151.625
13.6307 151.632
13.674 151.647
13.7163 151.65
13.7573 151.634
13.7991 151.629
13.8433 151.657
13.8872 151.682
13.9296 151.685
13.9717 151.685
14.0144 151.692
14.0584 151.718
14.1011 151.725
14.1431 151.722
14.1849 151.717
14.228 151.73
14.2711 151.742
14.3134 151.745
14.3586 151.785
14.3997 151.77
14.4418 151.77
14.4886 151.831
14.5323 151.851
14.5753 151.861
14.6192 151.884
14.6623 151.897
14.7045 151.897
14.7465 151.894
14.7897 151.907
14.8329 151.919
14.8782 151.96
14.921 151.967
14.9644 151.983
15.0086 152.008
15.0512 152.013
15.0936 152.015
15.136 152.018
15.1829 152.076
15.2271 152.102
15.2724 152.14
15.3165 152.163
15.3591 152.168
15.4042 152.204
15.4471 152.211
15.491 152.231
15.5341 152.241
15.5782 152.264
15.6252 152.323
15.6681 152.331
15.7106 152.333
15.7531 152.335
15.7977 152.364
15.8404 152.369
15.8863 152.412
15.9319 152.453
15.9781 152.499
16.0234 152.535
16.0668 152.547
16.1125 152.588
16.2971 152.768
16.3401 152.775
16.3836 152.788
16.4323 152.862
16.478 152.901
16.5708 152.993
16.6194 153.065
16.6629 153.078
16.7114 153.148
16.853 153.31
16.8961 153.318
17.3801 153.976
17.4265 154.017
17.4736 154.066
