-25.2507 152.065
-25.2086 152.058
-25.1621 152.019
-25.1193 152.006
-25.0698 151.944
-25.0274 151.935
-24.9816 151.9
-24.9349 151.858
-24.8928 151.851
-24.8467 151.814
-24.805 151.809
-24.7632 151.805
-24.7185 151.778
-24.6728 151.743
-24.6301 151.731
-24.5844 151.696
-24.5388 151.662
-24.4964 151.652
-24.4543 151.645
-24.4068 151.596
-24.3641 151.584
-24.3227 151.581
-24.2778 151.552
-24.2348 151.537
-24.189 151.5
-24.1473 151.496
-24.1027 151.469
-24.061 151.464
-24.0193 151.459
-23.9751 151.435
-23.9331 151.428
-23.8908 151.418
-23.8475 151.401
-23.8034 151.376
-23.7601 151.359
-23.7181 151.352
-23.6758 151.342
-23.6314 151.315
-23.5888 151.303
-23.5468 151.296
-23.5055 151.294
-23.4648 151.297
-23.424 151.299
-23.3821 151.292
-23.3392 151.278
-23.2942 151.246
-23.2531 151.246
-23.2118 151.244
-23.1705 151.242
-23.1288 151.237
-23.0869 151.23
-23.0452 151.225
-23.0024 151.21
-22.9604 151.203
-22.92 151.208
-22.8778 151.199
-22.8362 151.194
-22.7945 151.189
-22.7532 151.187
-22.7119 151.185
-22.6702 151.18
-22.6292 151.18
-22.5888 151.186
-22.5469 151.178
-22.5049 151.171
-22.4657 151.186
-22.4252 151.192
-22.3827 151.179
-22.3399 151.165
-22.2977 151.155
-22.257 151.158
-22.2168 151.166
-22.1755 151.163
-22.1344 151.164
-22.0957 151.184
-22.057 151.204
-22.0165 151.209
-21.9737 151.194
-21.933 151.197
-21.8925 151.202
-21.8532 151.217
-21.8115 151.212
-21.7733 151.237
-21.7311 151.228
-21.6889 151.218
-21.6476 151.216
-21.6056 151.209
-21.5654 151.216
-21.5255 151.226
-21.4853 151.234
-21.447 151.259
-21.4062 151.262
-21.3679 151.287
-21.3313 151.326
-21.2894 151.319
-21.2483 151.319
-21.2064 151.312
-21.1644 151.305
-21.1233 151.305
-21.0817 151.3
-21.0425 151.318
-21.0039 151.34
-20.9647 151.358
-20.9255 151.376
-20.8874 151.403
-20.846 151.401
-20.8049 151.401
-20.7668 151.428
-20.7276 151.446
-20.6878 151.459
-20.6472 151.464
-20.6071 151.474
-20.5673 151.487
-20.5294 151.517
-20.4901 151.534
-20.4511 151.554
-20.4107 151.562
-20.3704 151.569
-20.3303 151.58
-20.2925 151.612
-20.2522 151.62
-20.2128 151.637
-20.1743 151.662
-20.137 151.7
-20.0972 151.713
-20.057 151.723
-20.0171 151.735
-19.979 151.765
-19.9407 151.793
-19.9007 151.806
-19.8603 151.813
-19.8214 151.836
-19.783 151.863
-19.7443 151.889
-19.7083 151.939
-19.6664 151.934
-19.6278 151.959
-19.587 151.964
-19.5488 151.994
-19.5093 152.012
-19.4741 152.072
-19.4349 152.092
-19.3946 152.102
-19.3558 152.127
-19.317 152.153
-19.2772 152.168
-19.2402 152.21
-19.2029 152.251
-19.1653 152.288
-19.128 152.329
-19.0898 152.361
-19.05 152.376
-19.0151 152.442
-18.9772 152.477
-18.9368 152.487
-18.8988 152.523
-18.8586 152.535
-18.8239 152.603
-18.7842 152.621
-18.746 152.654
-18.708 152.689
-18.6702 152.727
-18.6331 152.772
-18.5956 152.813
-18.5575 152.848
-18.5204 152.894
-18.4852 152.959
-18.4457 152.98
-18.4073 153.013
-18.3699 153.056
-18.3327 153.101
-18.2976 153.17
-18.2604 153.215
-18.2261 153.291
-18.1883 153.332
-18.1505 153.372
-18.1134 153.421
-18.0759 153.464
-17.7194 154.116
-17.5232 154.716
-17.4826 154.731
-17.4416 154.742
-17.4783 157.485
-17.4376 157.506
-17.3936 157.49
