-13.1807 127.671
-13.1378 127.59
-13.1 127.573
-13.0593 127.519
-13.0183 127.462
-12.9749 127.374
-12.9336 127.313
-12.7732 127.122
-12.7323 127.063
-12.6933 127.029
-12.6542 126.993
-12.6138 126.939
-12.5728 126.878
-12.5321 126.821
-12.4937 126.793
-12.4567 126.784
-12.4182 126.753
-12.3776 126.696
-12.337 126.639
-12.2991 126.617
-12.26 126.579
-12.2213 126.545
-12.1841 126.532
-12.1461 126.507
-12.1078 126.479
-12.0689 126.443
-12.0295 126.399
-11.9923 126.384
-11.9522 126.331
-11.9137 126.299
-11.8757 126.275
-11.8374 126.244
-11.7989 126.212
-11.7622 126.203
-11.723 126.162
-11.6861 126.15
-11.6481 126.124
-11.6109 126.109
-11.5732 126.086
-11.5355 126.064
-11.4974 126.035
-11.4589 126.002
-11.4209 125.973
-11.3839 125.96
-11.3462 125.938
-11.3083 125.911
-11.2704 125.885
-11.2321 125.853
-11.1954 125.844
-11.1592 125.84
-11.1218 125.821
-11.084 125.795
-11.0472 125.784
-11.0099 125.765
-10.9732 125.756
-10.9355 125.731
-10.8979 125.707
-10.8611 125.696
-10.8247 125.69
-10.7873 125.67
-10.7495 125.643
-10.7129 125.634
-10.6766 125.628
-10.6395 125.612
-10.6028 125.602
-10.5655 125.582
-10.5291 125.576
-10.4928 125.57
-10.4563 125.563
-10.4192 125.546
-10.382 125.527
-10.3455 125.518
-10.309 125.511
-10.2718 125.492
-10.2353 125.483
-10.1982 125.466
-10.1616 125.457
-10.125 125.445
-10.0881 125.43
-10.0517 125.425
-10.0148 125.41
-9.9789 125.41
-9.94318 125.414
-9.90723 125.414
-9.87093 125.408
-9.83404 125.393
-9.79751 125.384
-9.7611 125.376
-9.72469 125.369
-9.68828 125.361
-9.65153 125.348
-9.61444 125.33
-9.57804 125.322
-9.54199 125.32
-9.50627 125.324
-9.47033 125.324
-9.43416 125.32
-9.39799 125.317
-9.36172 125.311
-9.32566 125.309
-9.28983 125.311
-9.25366 125.307
-9.21716 125.298
-9.18111 125.296
-9.14506 125.294
-9.10879 125.289
-9.07295 125.291
-9.037 125.291
-9.00095 125.289
-8.96478 125.285
-8.92862 125.282
-8.89236 125.276
-8.8562 125.272
-8.81983 125.265
-8.78409 125.269
-8.74939 125.291
-8.71416 125.304
-8.49718 122.046
-8.64204 125.3
-8.60505 125.282
-8.5691 125.282
-8.53375 125.293
-8.49819 125.3
-8.46193 125.295
-8.42566 125.289
-8.3895 125.285
-8.35424 125.299
-8.31906 125.314
-8.28359 125.323
-8.24761 125.323
-8.21174 125.325
-8.17654 125.34
-8.14076 125.343
-8.10468 125.342
-8.06812 125.33
-8.03223 125.332
-7.99673 125.342
-7.9617 125.36
-7.92609 125.368
-7.89009 125.368
-7.85344 125.355
-7.81829 125.372
-7.78248 125.375
-7.74695 125.385
-7.71224 125.411
-7.67753 125.437
-7.64197 125.447
-7.60623 125.452
-7.57039 125.456
-7.53464 125.462
-7.49907 125.471
-7.46349 125.48
-7.42853 125.503
-7.39276 125.508
-7.35708 125.516
-7.32157 125.527
-7.28649 125.548
-7.25149 125.57
-7.21595 125.582
-7.18076 125.6
-7.14496 125.606
-7.10915 125.612
-7.07334 125.617
-7.0382 125.638
-7.0023 125.642
-6.96664 125.651
-6.93206 125.685
-6.89631 125.693
-6.86039 125.696
-6.82454 125.702
-6.7896 125.728
-6.75496 125.762
-6.72007 125.79
-6.68428 125.798
-6.6488 125.813
-6.61292 125.819
-6.57712 125.826
-6.54202 125.851
-6.50707 125.879
-6.47296 125.928
-6.4372 125.937
-6.40143 125.947
-6.3662 125.969
-6.33034 125.977
-6.29502 125.998
-6.25976 126.02
-6.22396 126.03
-6.18905 126.062
-6.15324 126.071
-6.11868 126.113
-6.08278 126.12
-6.04701 126.132
-6.01256 126.177
-5.97765 126.211
-5.94258 126.241
-5.90678 126.253
-5.87161 126.281
-5.83629 126.306
-5.80096 126.33
-5.76569 126.357
-5.72984 126.368
-5.69489 126.404
-5.66041 126.454
-5.62522 126.484
-5.59009 126.516
-5.55399 126.522
-5.51876 126.553
-5.48432 126.606
-5.4484 126.617
-5.41373 126.665
-5.3785 126.697
-5.34405 126.752
-5.30821 126.768
-5.27262 126.79
-5.23664 126.802
-5.203 126.884
-5.16851 126.941
-4.88709 127.255
-4.8521 127.303
-4.74741 127.46
-4.7118 127.491
-4.60736 127.666
-4.57202 127.709
-4.53733 127.774
-4.5024 127.832
-4.46688 127.871
-4.43206 127.935
