-24.8698 83.9006
-24.8437 83.9005
-7.5512 135.18
-7.51211 135.155
-7.47368 135.144
-7.43188 135.056
-7.3923 135.019
-7.35381 135.006
-7.31336 134.948
-7.27391 134.912
-7.23466 134.881
-7.19542 134.85
-7.15497 134.789
-7.11655 134.777
-7.07597 134.712
-6.95738 134.592
-6.9191 134.581
-6.88074 134.569
-6.84197 134.546
-6.80295 134.517
-6.76379 134.484
-6.7248 134.455
-6.56834 134.322
-6.5303 134.316
-6.4913 134.285
-6.45233 134.254
-6.41422 134.246
-6.37566 134.225
-6.33733 134.211
-6.29748 134.155
-6.25932 134.145
-6.22072 134.122
-6.18265 134.114
-6.14407 134.091
-6.10586 134.079
-6.067 134.048
-6.02829 134.021
-5.99026 134.013
-5.9523 134.007
-5.91376 133.984
-5.87509 133.957
-5.83708 133.949
-5.79857 133.927
-5.7607 133.923
-5.72221 133.9
-5.68428 133.894
-5.64643 133.89
-5.60782 133.863
-5.56949 133.845
-5.53098 133.82
-5.4932 133.818
-5.45497 133.801
-5.41674 133.785
-5.37792 133.75
-5.33984 133.738
-5.3019 133.73
-5.26427 133.732
-5.22626 133.722
-5.1882 133.709
-5.14995 133.691
-5.11227 133.691
-5.07453 133.689
-5.03654 133.679
-4.99862 133.671
-4.96088 133.669
-4.92314 133.667
-4.88505 133.652
-4.84666 133.628
-4.80852 133.611
-4.77074 133.607
-4.7329 133.601
-4.69444 133.572
-4.65661 133.566
-4.61889 133.564
-4.58129 133.567
-4.54347 133.561
-4.5057 133.557
-4.46799 133.555
-4.43017 133.549
-4.39251 133.549
-4.35475 133.545
-4.31683 133.534
-4.27902 133.528
-4.24157 133.537
-4.20407 133.543
-4.16652 133.547
-4.12876 133.543
-4.0908 133.531
-4.05305 133.527
-4.01539 133.527
-3.97779 133.529
-3.94008 133.527
-3.90238 133.525
-3.86468 133.523
-3.82693 133.519
-3.78955 133.532
-3.75217 133.544
-3.71523 133.577
-3.6773 133.565
-3.63981 133.573
-3.60271 133.6
-3.56525 133.611
-3.52612 133.541
-3.48799 133.518
-3.45033 133.518
-3.41251 133.51
-3.37465 133.5
-3.33703 133.502
-3.2995 133.508
-3.26196 133.514
-3.22438 133.519
-3.18688 133.527
-3.14937 133.535
-3.11186 133.544
-3.07457 133.564
-3.03716 133.579
-2.99949 133.579
-2.96178 133.577
-2.924 133.571
-2.88654 133.583
-2.84908 133.596
-2.81157 133.606
-2.77389 133.606
-2.73618 133.604
-2.69866 133.615
-2.66137 133.64
-2.62378 133.646
-2.58618 133.652
-2.54877 133.671
-2.51132 133.687
-2.47396 133.71
-2.43643 133.723
-2.39875 133.725
-2.36113 133.731
-2.32351 133.737
-2.28602 133.754
-2.2485 133.768
-2.21091 133.779
-2.17309 133.771
-2.13542 133.775
-2.09798 133.798
-2.06048 133.816
-2.02295 133.833
-1.98551 133.858
-1.94801 133.879
-1.91036 133.887
-1.87262 133.887
-1.83489 133.889
-1.79726 133.9
-1.75977 133.924
-1.72216 133.939
-1.68479 133.978
-1.64711 133.987
-1.60944 133.997
-1.57192 134.024
-1.53429 134.041
-1.49671 134.064
-1.4592 134.095
-1.42163 134.122
-1.38388 134.128
-1.34611 134.133
-1.30847 134.153
-1.27078 134.168
-1.23319 134.199
-1.19563 134.235
-1.15793 134.253
-1.12014 134.26
-1.08241 134.274
-1.04474 134.301
-1.00701 134.32
-0.969238 134.333
-0.931598 134.37
-0.894042 134.426
-0.856226 134.437
-0.818487 134.464
-0.780639 134.47
-0.743028 134.531
-0.705268 134.562
-0.667393 134.568
-0.629523 134.577
-0.591813 134.631
-0.554009 134.665
-0.516204 134.702
-0.478411 134.75
-0.440497 134.761
-0.326935 134.897
-0.288997 134.918
-0.251023 134.922
-0.213087 134.956
-0.175145 134.998
-0.023198 135.204
0.0148463 135.237
0.0528993 135.242
0.167202 135.404
0.205331 135.44
0.243474 135.473
0.281677 135.537
0.473171 135.873
0.511476 135.911
0.549883 135.977
0.58842 136.072
0.626727 136.092
0.665092 136.123
0.742493 136.336
0.781001 136.383
0.819549 136.434
0.858456 136.554
1.09287 137.246
1.25358 138.181
1.29232 138.185
