-3.35563 149.256
-3.31416 149.254
-2.40717 146.475
-2.36613 146.458
-2.32451 146.396
-2.28289 146.332
-2.24124 146.263
-2.20029 146.249
-2.15903 146.209
-2.11742 146.138
-2.07591 146.071
-2.03492 146.05
-1.99348 145.986
-1.95235 145.948
-1.91123 145.91
-1.87001 145.861
-1.82856 145.787
-1.78753 145.752
-1.74656 145.721
-1.70555 145.686
-1.66478 145.675
-1.58286 145.606
-1.54185 145.564
-1.50085 145.522
-1.41902 145.449
-1.37833 145.439
-1.33723 145.373
-1.29656 145.364
-1.25577 145.336
-1.21497 145.306
-1.17413 145.268
-1.1335 145.259
-1.09273 145.228
-1.05194 145.191
-1.01118 145.156
-0.970443 145.123
-0.929834 145.111
-0.889087 145.072
-0.848425 145.046
-0.80786 145.039
-0.767267 145.025
-0.726631 145
-0.685987 144.969
-0.645408 144.953
-0.60482 144.932
-0.564263 144.918
-0.523662 144.888
-0.483074 144.857
-0.442517 144.834
-0.402009 144.827
-0.361504 144.82
-0.320996 144.811
-0.28048 144.795
-0.239936 144.755
-0.199435 144.737
-0.158947 144.723
-0.118463 144.707
-0.0779852 144.69
-0.0375151 144.677
0.00294943 144.663
0.0434078 144.639
0.0838578 144.621
0.124302 144.607
0.164743 144.596
0.205184 144.589
0.24563 144.589
0.286073 144.587
0.326486 144.566
0.366895 144.547
0.407315 144.538
0.447732 144.529
0.488145 144.52
0.528542 144.506
0.568954 144.499
0.609341 144.485
0.649723 144.472
0.690116 144.462
0.730479 144.446
0.770882 144.442
0.811283 144.437
0.851694 144.435
0.892094 144.431
0.932514 144.431
0.9729 144.424
1.01327 144.415
1.05365 144.408
1.09404 144.404
1.13446 144.404
1.17486 144.402
1.21519 144.388
1.25556 144.381
1.29596 144.379
1.33634 144.374
1.37672 144.37
1.41714 144.37
1.45757 144.372
1.49804 144.38
1.53857 144.394
1.57886 144.378
1.61907 144.355
1.65938 144.343
1.69965 144.327
1.74004 144.325
1.78042 144.323
1.82079 144.318
1.86127 144.325
1.90172 144.33
1.94199 144.316
1.98235 144.312
2.02279 144.314
2.0633 144.324
2.10374 144.326
2.14432 144.341
2.18496 144.359
2.22544 144.364
2.26598 144.374
2.30667 144.395
2.34722 144.405
2.38768 144.407
2.42815 144.41
2.46862 144.412
2.50916 144.419
2.54973 144.429
2.5903 144.438
2.63095 144.453
2.67146 144.457
2.71198 144.462
2.75254 144.47
2.79317 144.481
2.83388 144.498
2.87445 144.505
2.91507 144.515
2.95561 144.52
2.99623 144.529
3.03682 144.536
3.07752 144.551
3.11816 144.56
3.15892 144.577
3.19956 144.586
3.24046 144.61
3.28108 144.617
3.3217 144.624
3.36232 144.631
3.40286 144.634
3.44371 144.653
3.48475 144.681
3.52579 144.71
3.5664 144.714
3.60701 144.719
3.64818 144.752
3.68876 144.755
3.72938 144.76
3.77063 144.795
3.81184 144.828
3.85254 144.835
3.89323 144.843
3.93433 144.869
3.97514 144.88
4.01652 144.918
4.05771 144.947
4.09896 144.977
4.1398 144.989
4.18177 145.051
4.22194 145.032
4.26248 145.03
4.30324 145.037
4.34467 145.073
4.38661 145.129
4.42751 145.141
4.46881 145.17
4.5099 145.189
4.55175 145.238
4.59274 145.253
4.63416 145.284
4.67517 145.298
4.71727 145.355
4.75824 145.367
4.79959 145.393
4.84002 145.384
4.88312 145.476
4.92414 145.488
4.96566 145.519
5.05004 145.628
5.09103 145.638
5.13176 145.638
5.17428 145.702
5.2171 145.776
5.25907 145.819
5.30032 145.836
5.34377 145.929
5.38587 145.974
5.42772 146.01
5.46917 146.031
5.5119 146.096
5.72495 146.385
5.76636 146.402
5.80928 146.467
5.98077 146.712
6.02391 146.779
