-12.6242 146.756
-12.5266 146.527
-12.4821 146.475
-12.4367 146.41
-11.6344 145.387
-11.5914 145.352
-11.5483 145.314
-11.2418 144.968
-11.2011 144.966
-11.1603 144.964
-11.1172 144.924
-10.8646 144.777
-10.6939 144.636
-10.6515 144.606
-10.6108 144.604
-10.3601 144.476
-10.3193 144.471
-10.277 144.441
-10.2362 144.437
-10.1946 144.418
-10.1533 144.404
-10.1109 144.372
-10.0683 144.334
-10.0274 144.328
-9.98551 144.302
-9.94449 144.293
-9.90271 144.27
-9.86157 144.258
-9.81941 144.228
-9.77804 144.212
-9.73539 144.172
-9.69568 144.187
-9.65432 144.17
-9.61322 144.159
-9.57238 144.152
-9.53166 144.148
-9.49057 144.136
-9.44763 144.09
-9.40692 144.085
-9.36658 144.088
-9.32612 144.088
-9.28517 144.079
-9.24338 144.054
-9.20233 144.042
-9.16175 144.04
-9.12094 144.033
-9.07965 144.017
-9.03932 144.02
-8.99863 144.016
-8.95736 143.999
-8.91702 144.002
-8.87622 143.995
-8.83508 143.981
-8.79405 143.97
-8.75372 143.973
-8.71361 143.98
-8.67282 143.973
-8.6318 143.962
-8.59079 143.95
-8.54967 143.937
-8.50845 143.92
-8.46745 143.909
-8.42712 143.912
-8.38668 143.912
-8.34558 143.898
-8.30503 143.896
-8.2648 143.901
-8.22393 143.892
-8.18242 143.869
-8.14113 143.85
-8.09857 143.804
-8.05752 143.79
-8.01636 143.774
-7.9774 143.807
-7.93873 143.847
-7.89953 143.875
-7.85878 143.869
-7.81721 143.843
-7.77768 143.864
-7.73663 143.851
-7.69678 143.865
-7.65664 143.872
-7.61678 143.887
-7.57603 143.88
-7.53636 143.899
-7.496 143.901
-7.45544 143.899
-7.41615 143.928
-7.37741 143.97
-7.33713 143.975
-7.29664 143.975
-7.25654 143.985
-7.217 144.009
-7.17782 144.042
-7.13779 144.054
-7.0972 144.052
-7.05688 144.057
-7.01665 144.064
-6.97614 144.064
-6.93554 144.062
-6.89521 144.067
-6.85506 144.077
-6.81499 144.089
-6.77456 144.091
-6.73475 144.111
-6.69501 144.132
-6.65466 144.137
-6.61456 144.149
-6.57488 144.173
-6.53477 144.185
-6.49431 144.187
-6.45385 144.19
-6.41381 144.204
-6.37409 144.228
-6.33386 144.238
-6.2938 144.252
-6.25373 144.266
-6.21438 144.302
-6.17388 144.305
-6.13379 144.319
-6.09384 144.338
-6.05397 144.359
-6.01409 144.381
-5.97419 144.402
-5.9346 144.433
-5.89476 144.457
-5.8543 144.462
-5.81399 144.472
-5.77389 144.488
-5.73492 144.541
-5.69473 144.555
-5.65439 144.565
-5.61448 144.589
-5.57478 144.62
-5.53455 144.634
-5.49432 144.648
-5.45423 144.667
-5.41448 144.698
-5.37402 144.706
-5.33355 144.713
-5.29425 144.761
-5.25425 144.785
-5.21396 144.799
-5.17455 144.844
-5.13444 144.866
-5.09539 144.925
-5.05572 144.963
-5.01531 144.976
-4.97594 145.026
-4.9357 145.045
-4.89532 145.059
-4.85603 145.114
-4.81563 145.129
-4.77635 145.186
-4.73618 145.21
-4.69625 145.243
-4.65623 145.275
-4.61651 145.318
-4.57665 145.356
-4.53653 145.385
-4.49681 145.43
-4.45761 145.497
-4.4172 145.517
-4.37714 145.55
-4.33712 145.586
-4.29748 145.639
-4.25759 145.682
-4.21762 145.723
-4.17786 145.774
-4.13868 145.851
-4.09876 145.896
-4.05898 145.949
-4.01859 145.976
-3.97914 146.046
-3.93945 146.106
-3.9 146.178
-3.85959 146.207
-3.81977 146.265
-3.77953 146.304
-3.73937 146.347
-3.69973 146.418
-3.65972 146.471
-3.62099 146.589
-3.58155 146.674
