-18.9393 133.285
-18.8946 133.218
-18.8495 133.147
-18.8021 133.057
-18.7568 132.984
-18.7116 132.912
-18.6689 132.861
-18.5157 132.484
-18.4719 132.422
-18.4322 132.398
-18.3897 132.348
-18.3463 132.29
-18.2986 132.192
-18.254 132.122
-18.2135 132.09
-18.1709 132.039
-18.1321 132.021
-18.0893 131.967
-18.0452 131.901
-18.0025 131.848
-17.9613 131.808
-17.918 131.748
-17.8771 131.711
-17.8368 131.679
-17.7959 131.641
-17.7529 131.584
-17.7099 131.526
-17.6695 131.493
-17.6315 131.481
-17.5898 131.435
-17.549 131.398
-17.5089 131.366
-17.4679 131.326
-17.4257 131.275
-17.3873 131.259
-17.3455 131.212
-17.3053 131.178
-17.2671 131.165
-17.2276 131.139
-17.1878 131.11
-17.1476 131.076
-17.1082 131.05
-17.0703 131.039
-17.0291 130.995
-16.9887 130.96
-16.9493 130.934
-16.911 130.919
-16.8717 130.893
-16.834 130.883
-16.7949 130.86
-16.7568 130.846
-16.7175 130.82
-16.6777 130.789
-16.6378 130.758
-16.5984 130.73
-16.5595 130.709
-16.5219 130.699
-16.4848 130.695
-16.4454 130.667
-16.406 130.64
-16.3668 130.615
-16.3282 130.595
-16.2887 130.566
-16.2512 130.558
-16.2142 130.554
-16.1764 130.542
-16.1388 130.532
-16.1008 130.519
-16.0631 130.507
-16.0255 130.497
-15.9871 130.48
-15.9473 130.446
-15.9082 130.421
-15.871 130.415
-15.8346 130.417
-15.7966 130.403
-15.758 130.382
-15.721 130.378
-15.6827 130.36
-15.6435 130.333
-15.6065 130.329
-15.5701 130.331
-15.5327 130.323
-15.4948 130.31
-15.4577 130.304
-15.4209 130.302
-15.3834 130.292
-15.345 130.273
-15.3077 130.265
-15.2705 130.259
-15.2337 130.257
-15.1968 130.253
-15.1589 130.24
-15.1209 130.224
-15.0839 130.22
-15.0474 130.22
-15.0108 130.22
-14.9738 130.216
-14.9372 130.216
-14.8999 130.208
-14.8626 130.201
-14.8255 130.195
-14.7882 130.187
-14.7516 130.187
-14.7152 130.189
-14.6781 130.183
-14.6407 130.173
-14.6043 130.175
-14.5677 130.175
-14.53 130.164
-14.4929 130.158
-14.4565 130.16
-14.4201 130.162
-14.3842 130.17
-14.3483 130.177
-14.3115 130.175
-14.2743 130.168
-14.2373 130.164
-14.2004 130.16
-14.1637 130.158
-14.1274 130.162
-14.091 130.164
-14.0557 130.179
-14.0196 130.185
-13.9819 130.172
-13.9444 130.162
-13.9082 130.166
-13.8731 130.183
-13.836 130.178
-13.7984 130.166
-13.7613 130.16
-13.7255 130.17
-13.6902 130.185
-13.6549 130.201
-13.6191 130.211
-13.5838 130.226
-13.5482 130.238
-13.5111 130.232
-13.4735 130.221
-13.4373 130.226
-13.4009 130.228
-13.3649 130.236
-13.3294 130.25
-13.2928 130.25
-13.2562 130.25
-13.2205 130.262
-13.1845 130.269
-13.1493 130.287
-13.1136 130.299
-13.0774 130.305
-13.0401 130.297
-13.0041 130.305
-12.9684 130.316
-12.9327 130.328
-12.8967 130.336
-12.8606 130.344
-12.8241 130.346
-12.789 130.365
-12.7537 130.383
-12.7183 130.398
-12.6824 130.408
-12.6467 130.422
-12.6107 130.43
-12.5749 130.442
-12.5388 130.449
-12.5024 130.453
-12.4667 130.465
-12.4322 130.494
-12.3964 130.506
-12.3609 130.522
-12.3251 130.534
-12.2891 130.543
-12.2525 130.545
-12.2167 130.557
-12.1809 130.569
-12.1453 130.585
-12.1108 130.614
-12.0754 130.632
-12.0397 130.645
-12.0054 130.679
-11.9705 130.704
-11.9352 130.724
-11.8991 130.734
-11.8637 130.751
-11.828 130.767
-11.793 130.791
-11.757 130.802
-11.722 130.826
-11.6873 130.856
-11.6513 130.867
-11.6157 130.883
-11.5797 130.895
-11.5451 130.926
-11.5103 130.954
-11.4755 130.984
-11.4401 131.003
-11.4056 131.037
-11.3699 131.053
-11.3345 131.074
-11.299 131.094
-11.2635 131.114
-11.2284 131.139
-11.1933 131.165
-11.1578 131.185
-11.1238 131.226
-11.0882 131.246
-11.0545 131.293
-11.0199 131.327
-10.9852 131.361
-10.949 131.371
-10.9135 131.392
-10.8773 131.402
-10.8423 131.432
-10.8108 131.515
-10.7764 131.553
-10.7421 131.595
-10.7079 131.636
-10.6714 131.644
-10.6362 131.672
-10.6018 131.712
-10.5656 131.724
-10.5314 131.767
-10.4956 131.787
-10.462 131.841
-10.4271 131.875
-10.3936 131.931
-10.3601 131.986
-10.3237 131.998
-10.2887 132.03
-10.2552 132.088
-10.2203 132.124
-10.1855 132.16
-10.1522 132.222
-10.1187 132.282
-10.0838 132.318
-10.0502 132.376
-10.0152 132.412
-9.41914 133.707
