-24.87 83.9017
-24.843 83.8975
3.40433 147.785
3.444 147.722
3.48387 147.671
3.75587 146.995
3.79603 146.971
3.8353 146.904
3.87449 146.834
3.91345 146.755
3.95253 146.684
3.99214 146.638
4.03121 146.569
4.07125 146.545
4.10969 146.45
4.14852 146.373
4.18807 146.331
4.22787 146.3
4.26755 146.264
4.30649 146.197
4.34624 146.166
4.38542 146.112
4.42497 146.074
4.46496 146.055
4.5039 145.993
4.54282 145.931
4.58206 145.884
4.62182 145.858
4.66127 145.82
4.70124 145.803
4.74071 145.768
4.7795 145.706
4.81931 145.685
4.85868 145.647
4.8979 145.605
4.93673 145.548
4.97674 145.536
5.01656 145.517
5.05546 145.465
5.09492 145.435
5.1349 145.423
5.17461 145.402
5.21384 145.364
5.25372 145.35
5.29313 145.319
5.33293 145.303
5.37224 145.27
5.41133 145.23
5.45061 145.197
5.49044 145.183
5.52991 145.157
5.5693 145.128
5.60853 145.095
5.6484 145.084
5.68833 145.074
5.72797 145.055
5.76701 145.018
5.80677 145.004
5.84668 144.994
5.88613 144.971
5.92542 144.943
5.96454 144.91
6.00434 144.898
6.04344 144.865
6.08261 144.835
6.12254 144.828
6.16176 144.8
6.20168 144.792
6.2416 144.785
6.28152 144.778
6.32135 144.769
6.35995 144.724
6.39993 144.72
6.43991 144.715
6.47964 144.703
6.51936 144.692
6.55873 144.67
6.59785 144.642
6.63763 144.633
6.67758 144.628
6.71684 144.605
6.7567 144.598
6.79681 144.598
6.83666 144.591
6.8765 144.584
6.91661 144.584
6.95654 144.579
6.99647 144.574
7.03622 144.565
7.07614 144.56
7.11597 144.553
7.15616 144.555
7.19617 144.553
7.2358 144.541
7.27506 144.52
7.31478 144.511
7.35383 144.485
7.39335 144.471
7.43314 144.464
7.47341 144.468
7.51349 144.468
7.55366 144.471
7.59355 144.466
7.63343 144.461
7.67351 144.461
7.71309 144.449
7.75068 144.391
7.79093 144.396
7.8324 144.428
7.87146 144.405
7.9103 144.377
7.94995 144.367
7.98959 144.358
8.02995 144.365
8.07073 144.381
8.11151 144.397
8.15126 144.39
8.19089 144.381
8.23095 144.381
8.27164 144.395
8.31223 144.406
8.3525 144.411
8.39256 144.411
8.43262 144.411
8.47289 144.415
8.5135 144.427
8.55389 144.434
8.59406 144.436
8.63379 144.429
8.67397 144.431
8.71425 144.436
8.75465 144.443
8.79539 144.457
8.83568 144.461
8.87563 144.459
8.91558 144.456
8.95576 144.459
8.99652 144.473
9.03752 144.491
9.07806 144.5
9.11848 144.507
9.15926 144.521
9.19993 144.533
9.24096 144.551
9.28187 144.568
9.3216 144.561
9.36277 144.581
9.40334 144.591
9.44343 144.591
9.48352 144.591
9.52385 144.595
9.56505 144.616
9.60526 144.618
9.64548 144.621
9.68595 144.627
9.72667 144.639
9.7684 144.669
9.80939 144.686
9.85038 144.702
9.89125 144.716
9.93188 144.725
9.97276 144.739
10.013 144.741
10.0545 144.767
10.0954 144.781
10.1375 144.816
10.1796 144.851
10.2211 144.874
10.2614 144.876
10.3014 144.874
10.3419 144.881
10.3841 144.916
10.4252 144.932
10.4671 144.963
10.509 144.993
10.5496 145
10.5901 145.007
10.6321 145.037
10.6746 145.077
10.717 145.115
10.7589 145.143
10.7995 145.15
10.8401 145.156
10.8823 145.189
10.9263 145.253
10.9669 145.26
11.0078 145.271
11.0505 145.311
11.0922 145.335
11.1338 145.358
11.1748 145.37
11.2172 145.405
11.2599 145.445
11.3031 145.492
11.3475 145.558
11.3885 145.569
11.4328 145.633
11.4756 145.673
11.518 145.706
11.5589 145.715
11.6016 145.753
11.6439 145.784
11.6868 145.824
11.73 145.869
11.774 145.925
11.8138 145.916
11.9059 146.091
11.9488 146.129
12.0356 146.221
12.0803 146.285
12.1232 146.323
12.1661 146.359
12.2095 146.404
12.2544 146.471
12.7612 147.36
