-6.12076 139.433
-6.08073 139.409
-5.73452 138.415
-5.69334 138.347
-5.65296 138.304
-5.52636 137.997
-5.48604 137.952
-5.44614 137.919
-5.40619 137.885
-5.36539 137.822
-5.32382 137.733
-5.28433 137.712
-5.24361 137.649
-5.20285 137.584
-5.16218 137.521
-5.12212 137.478
-5.08227 137.442
-5.0418 137.384
-5.00242 137.362
-4.962 137.304
-4.92228 137.27
-4.88251 137.233
-4.84216 137.175
-4.80153 137.106
-4.76242 137.091
-4.72272 137.055
-4.68258 137.001
-4.64361 136.991
-4.60339 136.933
-4.56376 136.896
-4.52482 136.886
-4.48394 136.8
-4.44497 136.787
-4.4054 136.751
-4.36596 136.719
-4.32713 136.711
-4.28739 136.666
-4.24819 136.642
-4.20844 136.595
-4.16958 136.585
-4.13073 136.574
-4.09071 136.515
-4.05133 136.481
-4.01226 136.459
-3.97329 136.442
-3.93414 136.417
-3.8949 136.387
-3.85591 136.368
-3.81651 136.33
-3.77768 136.317
-3.73872 136.298
-3.6999 136.285
-3.66091 136.264
-3.6217 136.232
-3.58295 136.222
-3.54421 136.211
-3.50512 136.184
-3.46626 136.167
-3.42723 136.141
-3.38821 136.116
-3.34917 136.088
-3.31034 136.072
-3.27168 136.063
-3.23274 136.04
-3.19393 136.023
-3.15536 136.019
-3.11676 136.013
-3.078 135.998
-3.03906 135.973
-3.00013 135.947
-2.9614 135.932
-2.92278 135.924
-2.8842 135.918
-2.84544 135.901
-2.80669 135.884
-2.76802 135.872
-2.72939 135.861
-2.69082 135.855
-2.65213 135.84
-2.61341 135.823
-2.57486 135.817
-2.53621 135.804
-2.49766 135.798
-2.45915 135.794
-2.42045 135.777
-2.38185 135.767
-2.34326 135.756
-2.30467 135.746
-2.26605 135.733
-2.22741 135.719
-2.18886 135.71
-2.15036 135.706
-2.11187 135.702
-2.07335 135.696
-2.03486 135.692
-1.99632 135.683
-1.95776 135.673
-1.91918 135.66
-1.88079 135.665
-1.84237 135.667
-1.80382 135.656
-1.76532 135.65
-1.72684 135.646
-1.68834 135.64
-1.64986 135.636
-1.61141 135.634
-1.57299 135.636
-1.53455 135.636
-1.49609 135.634
-1.45767 135.636
-1.4192 135.632
-1.38062 135.616
-1.3421 135.605
-1.30358 135.595
-1.26512 135.59
-1.22678 135.603
-1.18828 135.595
-1.15003 135.623
-1.11148 135.606
-1.07302 135.604
-1.03443 135.579
-0.995929 135.568
-0.957532 135.575
-0.919108 135.577
-0.880682 135.579
-0.842287 135.588
-0.803877 135.594
-0.765425 135.592
-0.727028 135.603
-0.688582 135.603
-0.650161 135.61
-0.611759 135.622
-0.573344 135.633
-0.534923 135.644
-0.49651 135.659
-0.458054 135.661
-0.419602 135.665
-0.381152 135.672
-0.342694 135.676
-0.304242 135.685
-0.265792 135.698
-0.227333 135.708
-0.188875 135.723
-0.150408 135.738
-0.111932 135.749
-0.0734447 135.751
-0.0349554 135.752
0.00353398 135.756
0.0420271 135.775
0.0805299 135.797
0.119033 135.799
0.157538 135.803
0.196057 135.818
0.234588 135.837
0.27311 135.844
0.311628 135.846
0.350164 135.857
0.388731 135.88
0.42731 135.904
0.465862 135.913
0.504412 135.919
0.542959 135.923
0.581632 135.966
0.620214 135.977
0.658794 135.986
0.697353 135.988
0.73601 136.013
0.774605 136.022
0.813273 136.046
0.8519 136.059
0.890608 136.086
0.929318 136.112
0.967923 136.116
1.00654 136.123
1.04518 136.132
1.08391 136.155
1.12268 136.183
1.1615 136.217
1.20033 136.25
1.23903 136.262
1.27787 136.292
1.31661 136.308
1.35558 136.353
1.39427 136.359
1.43316 136.389
1.47193 136.404
1.51082 136.432
1.54969 136.456
1.58849 136.471
1.62742 136.499
1.66633 136.525
1.7051 136.533
1.7441 136.566
1.78342 136.628
1.82228 136.643
1.86133 136.675
1.90012 136.682
1.9391 136.706
1.97821 136.74
2.01738 136.779
2.05657 136.818
2.09599 136.874
2.13486 136.883
2.17402 136.915
2.21325 136.952
2.25239 136.98
2.29129 136.989
2.33091 137.051
2.37064 137.12
2.40997 137.157
2.44892 137.166
2.60709 137.359
2.64609 137.367
2.76578 137.563
2.80571 137.626
2.92504 137.778
