-24.8702 83.9027
0.616954 133.334
0.654455 133.299
0.915494 132.858
0.952954 132.846
0.990303 132.816
1.02741 132.746
1.06457 132.691
1.102 132.681
1.62126 132.092
1.65831 132.059
1.69516 132.009
1.7324 131.999
1.76942 131.968
1.80639 131.934
1.84335 131.9
1.88031 131.867
1.91733 131.841
1.95431 131.813
1.99156 131.809
2.02855 131.782
2.10224 131.71
2.13888 131.66
2.17602 131.649
2.21315 131.639
2.2501 131.615
2.28703 131.591
2.32376 131.553
2.36058 131.523
2.3977 131.515
2.43456 131.488
2.47129 131.454
2.5081 131.426
2.54523 131.42
2.5821 131.398
2.61888 131.37
2.65593 131.36
2.693 131.352
2.72981 131.328
2.76681 131.316
2.80317 131.266
2.84025 131.26
2.87736 131.256
2.91433 131.244
2.95084 131.205
2.9878 131.193
3.02485 131.187
3.06162 131.165
3.09837 131.143
3.1353 131.131
3.17223 131.119
3.20926 131.113
3.24618 131.101
3.28282 131.075
3.3198 131.067
3.35673 131.057
3.39343 131.035
3.43043 131.029
3.46756 131.029
3.50436 131.013
3.5411 130.995
3.57784 130.977
3.61483 130.971
3.65177 130.963
3.68871 130.955
3.72582 130.955
3.76293 130.955
3.79968 130.939
3.83624 130.915
3.87307 130.903
3.90993 130.894
3.94665 130.878
3.98365 130.874
4.02084 130.878
4.05764 130.866
4.09381 130.828
4.13045 130.81
4.16733 130.802
4.20455 130.808
4.24183 130.816
4.27906 130.822
4.3166 130.84
4.35353 130.834
4.39035 130.824
4.42717 130.814
4.46414 130.81
4.50127 130.812
4.53829 130.81
4.57504 130.798
4.61178 130.786
4.64879 130.784
4.68592 130.786
4.72316 130.792
4.76085 130.814
4.79781 130.81
4.83437 130.792
4.87503 130.915
4.91189 130.907
4.94728 130.85
4.98282 130.798
5.01965 130.79
5.05623 130.774
5.09311 130.768
5.13036 130.774
5.16755 130.778
5.20461 130.778
5.24205 130.79
5.27892 130.784
5.31624 130.792
5.35343 130.796
5.39056 130.798
5.42769 130.8
5.46469 130.798
5.50176 130.798
5.53895 130.802
5.57602 130.802
5.61295 130.798
5.64995 130.796
5.68708 130.798
5.72441 130.806
5.76202 130.821
5.79971 130.839
5.83685 130.841
5.87392 130.841
5.91113 130.845
5.94835 130.849
5.98556 130.853
6.02285 130.859
6.06057 130.877
6.09815 130.891
6.13509 130.887
6.17224 130.889
6.20998 130.907
6.24736 130.915
6.28437 130.913
6.32205 130.929
6.35974 130.945
6.39782 130.971
6.43522 130.979
6.47254 130.985
6.51065 131.011
6.54814 131.021
6.58579 131.035
6.62305 131.039
6.6604 131.045
6.69758 131.047
6.73533 131.063
6.77333 131.085
6.81117 131.103
6.84837 131.105
6.88565 131.109
6.92384 131.135
6.96221 131.165
6.99984 131.177
7.03781 131.197
7.07579 131.217
7.11344 131.229
7.15083 131.235
7.18823 131.241
7.22632 131.263
7.26399 131.275
7.30175 131.289
7.34004 131.315
7.37755 131.323
7.41666 131.367
7.45409 131.373
7.49171 131.383
7.53139 131.44
7.56966 131.464
7.60876 131.506
7.64623 131.512
7.68379 131.52
7.72154 131.532
7.7605 131.57
7.7993 131.604
7.83689 131.612
7.87429 131.616
7.91302 131.649
7.95291 131.705
7.99091 131.721
8.03083 131.778
8.06934 131.804
8.10708 131.814
8.1458 131.844
8.18365 131.856
8.22328 131.905
8.26214 131.937
8.3023 131.996
8.3414 132.032
8.3792 132.042
8.41772 132.066
8.45675 132.101
8.49722 132.164
8.5365 132.202
8.57425 132.21
8.61438 132.265
8.6536 132.301
8.69367 132.354
8.73282 132.389
8.77209 132.425
8.81392 132.511
8.85334 132.549
8.89268 132.586
8.93225 132.627
8.97237 132.678
9.01209 132.721
9.05291 132.784
9.09245 132.823
9.13289 132.878
9.17291 132.925
9.21495 133.009
9.25625 133.078
9.29736 133.144
9.33682 133.179
9.37651 133.217
9.5485 133.606
9.85872 134.418
9.89955 134.47
