0.814207 144.919
0.894255 144.585
0.934579 144.507
0.974743 144.404
1.2548 143.709
1.29483 143.639
1.33482 143.569
1.37496 143.522
1.4151 143.481
1.45457 143.352
1.49461 143.304
1.53449 143.238
1.57475 143.222
1.69427 143.039
1.73407 142.979
1.77423 142.96
1.81389 142.891
1.85355 142.824
1.89338 142.777
1.93329 142.74
1.97289 142.676
2.01279 142.641
2.05292 142.63
2.09248 142.567
2.13222 142.524
2.17168 142.457
2.21143 142.418
2.2515 142.406
2.29095 142.344
2.33094 142.328
2.37048 142.278
2.41048 142.264
2.44981 142.199
2.48975 142.183
2.52913 142.126
2.56914 142.117
2.60887 142.087
2.64887 142.078
2.68824 142.025
2.72812 142.009
2.76769 141.973
2.80696 141.918
2.84685 141.904
2.8863 141.863
2.9258 141.826
2.9654 141.797
3.00528 141.785
3.0449 141.758
3.0845 141.731
3.12432 141.717
3.16339 141.66
3.20323 141.648
3.24314 141.642
3.28269 141.614
3.32259 141.608
3.36207 141.578
3.40184 141.564
3.4413 141.535
3.48109 141.523
3.52026 141.48
3.55982 141.457
3.59883 141.407
3.63872 141.403
3.67897 141.417
3.71895 141.417
3.7586 141.401
3.79792 141.369
3.83751 141.351
3.87742 141.349
3.91744 141.351
3.95701 141.333
3.99672 141.322
4.03598 141.29
4.07507 141.251
4.1146 141.233
4.15417 141.217
4.1939 141.208
4.23352 141.195
4.27307 141.179
4.31267 141.165
4.35254 141.163
4.39224 141.154
4.43189 141.143
4.47158 141.134
4.51099 141.113
4.55005 141.079
4.59012 141.086
4.63088 141.12
4.67062 141.113
4.71012 141.098
4.74978 141.089
4.78951 141.082
4.82916 141.073
4.86858 141.055
4.9078 141.03
4.94762 141.028
4.98757 141.03
5.02733 141.026
5.06703 141.019
5.10678 141.014
5.1466 141.012
5.18603 140.996
5.22539 140.978
5.26447 140.951
5.30315 140.91
5.34354 140.928
5.38333 140.926
5.42333 140.931
5.46312 140.929
5.5034 140.942
5.54499 140.999
5.58486 140.999
5.6246 140.995
5.66355 140.965
5.70335 140.963
5.74293 140.954
5.78323 140.968
5.82309 140.968
5.8631 140.972
5.90275 140.966
5.94247 140.961
5.98225 140.959
6.02234 140.966
6.06243 140.973
6.1023 140.973
6.14224 140.975
6.18272 140.993
6.22306 141.007
6.26285 141.005
6.30233 140.993
6.34196 140.987
6.38182 140.987
6.42177 140.989
6.4622 141.005
6.50296 141.03
6.543 141.035
6.58312 141.041
6.62383 141.064
6.66371 141.064
6.7035 141.062
6.74355 141.067
6.78377 141.076
6.82374 141.078
6.86388 141.085
6.90488 141.114
6.94503 141.121
6.98536 141.133
7.02552 141.14
7.06576 141.149
7.10637 141.167
7.14654 141.174
7.18761 141.203
7.22769 141.208
7.2676 141.208
7.30778 141.215
7.34861 141.238
7.38954 141.263
7.42992 141.274
7.46899 141.254
7.50796 141.231
7.54768 141.226
7.59026 141.29
7.63267 141.349
7.67415 141.386
7.71447 141.395
7.75568 141.425
7.79641 141.443
7.83775 141.475
7.87879 141.5
7.91906 141.507
7.95882 141.502
7.99868 141.5
8.04026 141.537
8.08196 141.576
8.12224 141.582
8.16366 141.614
8.20406 141.624
8.24529 141.651
8.28549 141.656
8.32706 141.69
8.36885 141.729
8.41066 141.768
8.45195 141.795
8.49272 141.811
8.53522 141.864
8.57558 141.871
8.61703 141.901
8.65751 141.91
8.69931 141.947
8.78307 142.022
8.82492 142.059
8.86656 142.091
8.90732 142.105
8.94887 142.135
9.58298 142.76
10.5708 144.559
10.6136 144.597
