-15.7762 146.144
-15.7327 146.105
-15.6862 146.03
-15.6399 145.958
-15.5944 145.895
-15.5532 145.881
-15.5098 145.841
-15.1983 145.469
-15.1554 145.434
-15.1126 145.4
-15.0694 145.36
-15.0244 145.3
-14.9828 145.279
-14.9383 145.224
-14.8976 145.214
-14.8569 145.205
-14.6828 145.027
-14.6422 145.018
-14.5977 144.96
-14.5552 144.928
-14.5146 144.919
-14.4722 144.887
-14.4294 144.85
-14.3885 144.836
-14.3442 144.781
-14.3037 144.772
-14.2631 144.763
-14.2211 144.735
-14.1782 144.696
-14.1355 144.659
-14.0936 144.631
-14.0534 144.627
-14.0117 144.602
-13.9713 144.595
-13.9305 144.581
-13.8882 144.549
-13.8458 144.514
-13.8055 144.508
-13.765 144.499
-13.7216 144.45
-13.6813 144.444
-13.6406 144.432
-13.6004 144.425
-13.559 144.405
-13.5189 144.4
-13.477 144.37
-13.436 144.354
-13.3944 144.329
-13.3536 144.315
-13.3122 144.293
-13.2719 144.286
-13.2307 144.265
-13.1903 144.256
-13.1501 144.249
-13.1102 144.247
-13.0704 144.247
-13.0305 144.245
-12.9888 144.217
-12.9464 144.181
-12.9056 144.165
-12.8655 144.16
-12.8257 144.158
-12.7858 144.156
-12.7459 144.154
-12.7051 144.138
-12.6642 144.122
-12.6239 144.113
-12.5835 144.103
-12.5432 144.094
-12.503 144.088
-12.4625 144.076
-12.4228 144.076
-12.3832 144.079
-12.3434 144.076
-12.3027 144.063
-12.2627 144.058
-12.2227 144.054
-12.1826 144.047
-12.1424 144.04
-12.1025 144.038
-12.0622 144.029
-12.0216 144.015
-11.9814 144.008
-11.9425 144.02
-11.9039 144.036
-11.864 144.034
-11.8242 144.031
-11.7848 144.036
-11.7449 144.034
-11.7055 144.038
-11.6658 144.038
-11.626 144.036
-11.5867 144.043
-11.5474 144.05
-11.5055 144.016
-11.4664 144.025
-11.4285 144.052
-11.3886 144.05
-11.3503 144.073
-11.3102 144.066
-11.2706 144.069
-11.2315 144.078
-11.1923 144.087
-11.1512 144.064
-11.1106 144.051
-11.0719 144.067
-11.0326 144.074
-10.9933 144.081
-10.9528 144.069
-10.9128 144.065
-10.8734 144.069
-10.8341 144.076
-10.7962 144.106
-10.7578 144.129
-10.7181 144.129
-10.6782 144.127
-10.6384 144.127
-10.5994 144.138
-10.5607 144.157
-10.5222 144.177
-10.4828 144.184
-10.4438 144.196
-10.4045 144.205
-10.365 144.21
-10.3254 144.212
-10.2856 144.212
-10.2461 144.217
-10.207 144.228
-10.1678 144.237
-10.1287 144.249
-10.0899 144.267
-10.051 144.283
-10.0123 144.302
-9.97313 144.313
-9.93347 144.316
-9.89444 144.33
-9.85604 144.355
-9.81686 144.366
-9.77744 144.373
-9.73838 144.387
-9.69981 144.41
-9.66111 144.431
-9.62228 144.449
-9.58417 144.482
-9.54618 144.516
-9.50658 144.521
-9.46735 144.532
-9.42811 144.544
-9.3885 144.549
-9.34901 144.556
-9.31071 144.586
-9.27168 144.602
-9.23478 144.659
-9.19562 144.673
-9.15703 144.699
-9.1182 144.719
-9.07971 144.747
-9.04016 144.754
-9.00118 144.773
-8.96185 144.784
-8.92321 144.81
-8.8841 144.826
-8.84668 144.877
-8.80743 144.891
-8.76874 144.916
-8.72947 144.93
-8.6921 144.983
-8.65259 144.993
-8.6133 145.007
-8.57632 145.069
-8.53667 145.076
-8.49746 145.092
-8.45999 145.146
-8.42064 145.16
-8.38345 145.22
-8.34398 145.232
-8.30557 145.266
-8.26725 145.304
-8.22882 145.338
-8.19163 145.401
-8.15326 145.438
-8.11382 145.452
-8.07667 145.518
-8.03794 145.548
-7.99827 145.557
-7.95972 145.592
-7.92157 145.637
-7.88441 145.704
-7.84581 145.739
-7.80749 145.781
-7.77016 145.847
-7.7322 145.898
-7.69393 145.943
-7.65602 145.996
-7.61653 146.013
-7.5777 146.046
-7.54043 146.116
-7.50332 146.191
-7.46599 146.261
-7.42641 146.278
-7.38778 146.318
-7.31427 146.492
-7.27567 146.534
-7.23714 146.579
-7.19934 146.643
-7.05117 146.983
-7.01259 147.03
-6.97479 147.099
