2.61877 151.982
2.66096 151.972
3.79973 149.597
4.53523 148.885
4.57657 148.873
4.61719 148.831
4.65792 148.794
4.69941 148.789
4.73968 148.735
4.78085 148.718
4.82133 148.673
4.86172 148.626
4.90311 148.619
4.94353 148.575
4.98491 148.567
5.02575 148.54
5.06711 148.533
5.1084 148.523
5.14956 148.508
5.19023 148.477
5.23164 148.472
5.27277 148.457
5.313 148.41
5.35356 148.376
5.39452 148.356
5.43442 148.3
5.47557 148.287
5.51643 148.265
5.55734 148.246
5.59854 148.236
5.63988 148.231
5.68092 148.216
5.72167 148.192
5.76314 148.192
5.80454 148.189
5.84556 148.175
5.88619 148.148
5.92651 148.111
5.96788 148.109
6.0088 148.091
6.05001 148.084
6.09177 148.094
6.13306 148.089
6.17372 148.065
6.21452 148.045
6.25595 148.045
6.29625 148.011
6.33727 147.998
6.37788 147.974
6.41913 147.969
6.45997 147.952
6.5008 147.935
6.54212 147.932
6.58362 147.935
6.6252 147.94
6.66644 147.935
6.70672 147.903
6.74752 147.886
6.78813 147.864
6.82908 147.852
6.8702 147.844
6.91159 147.845
6.95307 147.847
6.99455 147.849
7.03421 147.803
7.07349 147.747
7.11394 147.722
7.15483 147.71
7.196 147.705
7.23689 147.693
7.28012 147.742
7.32215 147.759
7.36579 147.818
7.40746 147.825
7.4473 147.786
7.48809 147.771
7.52868 147.752
7.57014 147.754
7.61238 147.776
7.65484 147.803
7.69641 147.808
7.73818 147.818
7.77986 147.825
7.82133 147.828
7.86291 147.832
7.9048 147.845
7.94669 147.857
7.98828 147.862
8.02976 147.864
8.07135 147.869
8.11347 147.886
8.15528 147.896
8.19666 147.896
8.23805 147.896
8.27965 147.901
8.32104 147.901
8.36199 147.891
8.4049 147.925
8.44683 147.938
8.48823 147.938
8.52951 147.935
8.57101 147.938
8.61341 147.96
8.65559 147.977
8.6971 147.979
8.73884 147.987
8.78046 147.991
8.82198 147.994
8.8643 148.013
8.90639 148.028
8.94792 148.031
8.98886 148.021
9.03026 148.021
9.07296 148.048
9.11625 148.087
9.15815 148.097
9.1998 148.102
9.24158 148.109
9.28517 148.153
9.32708 148.163
9.36912 148.175
9.41129 148.19
9.45517 148.239
9.49687 148.244
9.53868 148.251
9.58162 148.28
9.6237 148.293
9.66541 148.298
9.708 148.32
9.75009 148.332
9.7932 148.364
9.83506 148.371
9.87665 148.374
9.92134 148.435
9.96347 148.447
10.0052 148.452
10.0487 148.489
10.0921 148.526
10.1351 148.553
10.1772 148.565
10.2209 148.605
10.2629 148.615
10.3046 148.617
10.3495 148.679
10.3919 148.696
10.4354 148.73
10.4789 148.767
10.5225 148.804
10.5647 148.814
10.6099 148.881
10.6535 148.916
10.6954 148.923
10.739 148.958
10.7813 148.97
10.9146 149.118
10.958 149.15
11.0002 149.16
11.0442 149.2
11.0907 149.284
11.1343 149.317
11.1761 149.319
11.2187 149.336
11.5361 149.762
11.6247 149.844
11.6708 149.916
11.7169 149.986
12.0409 150.485
12.0831 150.49
