-24.87 83.9017
-24.8437 83.9005
6.66206 132.986
6.70032 133.004
6.73786 133.004
6.77483 132.99
6.81115 132.959
7.79965 130.813
7.83491 130.775
7.86931 130.719
7.90463 130.683
7.93899 130.627
7.97427 130.592
8.00982 130.562
8.04613 130.548
8.08079 130.5
8.11563 130.456
8.14977 130.399
8.18612 130.387
8.22051 130.335
8.25685 130.323
8.2911 130.27
8.32503 130.21
8.36153 130.202
8.39692 130.173
8.4311 130.119
8.46636 130.088
8.50282 130.08
8.53856 130.058
8.57481 130.046
8.60859 129.987
8.64358 129.951
8.67886 129.921
8.71538 129.916
8.74939 129.862
8.78348 129.811
8.81955 129.797
8.85476 129.768
8.89134 129.764
8.92664 129.736
8.96214 129.712
8.99849 129.705
9.03419 129.685
9.0702 129.671
9.10534 129.642
9.14047 129.612
9.17668 129.602
9.212 129.577
9.24566 129.522
9.28195 129.514
9.31735 129.49
9.35351 129.48
9.38867 129.453
9.42381 129.425
9.46007 129.417
9.49632 129.41
9.53041 129.364
9.56676 129.359
9.60322 129.355
9.63923 129.343
9.67315 129.296
9.70798 129.264
9.74395 129.253
9.78049 129.251
9.81669 129.243
9.85183 129.217
9.88719 129.196
9.92278 129.178
9.95871 129.166
9.99511 129.162
10.0316 129.161
10.068 129.157
10.1038 129.143
10.14 129.135
10.176 129.125
10.2114 129.106
10.2471 129.09
10.2828 129.076
10.3191 129.07
10.3552 129.063
10.3907 129.045
10.4268 129.037
10.4627 129.025
10.4983 129.01
10.5349 129.01
10.5712 129.006
10.6067 128.988
10.6427 128.978
10.6791 128.976
10.7153 128.971
10.7517 128.967
10.7877 128.959
10.8229 128.937
10.859 128.93
10.8954 128.928
10.9317 128.924
10.9683 128.924
11.0048 128.922
11.0411 128.918
11.0774 128.914
11.1136 128.908
11.1496 128.9
11.1858 128.894
11.2223 128.894
11.2594 128.902
11.2948 128.884
11.3332 128.912
11.3719 128.943
11.3989 128.804
11.4387 128.851
11.4779 128.888
11.5125 128.861
11.5482 128.849
11.5847 128.847
11.6212 128.847
11.6583 128.855
11.6954 128.862
11.7322 128.866
11.7685 128.862
11.8042 128.851
11.8402 128.843
11.8769 128.845
11.914 128.853
11.9513 128.862
11.9881 128.866
12.0251 128.872
12.062 128.878
12.0979 128.868
12.134 128.862
12.1714 128.874
12.2081 128.876
12.2442 128.87
12.2799 128.858
12.3159 128.85
12.3524 128.85
12.3894 128.856
12.4275 128.877
12.465 128.889
12.5011 128.883
12.5372 128.877
12.5742 128.883
12.6122 128.902
12.65 128.918
12.6868 128.922
12.7234 128.922
12.7608 128.933
12.7978 128.939
12.8344 128.939
12.8714 128.945
12.909 128.959
12.9462 128.966
12.9831 128.97
13.0197 128.97
13.0576 128.988
13.0949 128.997
13.1323 129.007
13.1696 129.017
13.2079 129.038
13.2467 129.066
13.2844 129.079
13.321 129.079
13.3588 129.095
13.3957 129.099
13.433 129.106
13.4703 129.116
13.5093 129.145
13.5482 129.173
13.5843 129.167
13.6214 129.172
13.6601 129.198
13.698 129.213
13.7354 129.223
13.773 129.235
13.8101 129.241
13.8487 129.264
13.8875 129.289
13.9246 129.295
13.9634 129.321
14.0023 129.348
14.0421 129.385
14.0798 129.397
14.1175 129.409
14.1551 129.42
14.1946 129.454
14.2333 129.477
14.2717 129.497
14.3095 129.51
14.3484 129.536
14.3861 129.547
14.4245 129.567
14.4633 129.591
14.5019 129.612
14.5429 129.661
14.5808 129.675
14.6196 129.698
14.6586 129.724
14.6962 129.734
14.7366 129.775
14.775 129.795
14.8162 129.844
14.8542 129.858
14.8937 129.889
14.9332 129.918
14.9728 129.95
15.0126 129.983
15.0528 130.021
15.0921 130.048
15.133 130.094
15.1716 130.114
15.2128 130.161
15.2507 130.173
15.2926 130.228
15.3351 130.289
15.3752 130.325
15.4132 130.337
15.4982 130.458
15.5408 130.519
15.5808 130.553
15.6228 130.606
15.6636 130.648
15.7052 130.698
15.7435 130.712
16.6156 132.433
16.6676 132.581
16.7082 132.614
