-23.4225 149.654
-23.3815 149.651
-23.3368 149.62
-22.7317 148.011
-22.6825 147.94
-22.3923 147.544
-22.3477 147.508
-22.3023 147.466
-22.2492 147.359
-22.2049 147.326
-22.1639 147.319
-22.1203 147.291
-22.0175 147.105
-21.9739 147.076
-21.9327 147.067
-21.8917 147.06
-21.663 146.825
-21.6199 146.8
-21.5756 146.764
-21.5308 146.725
-21.4866 146.689
-21.4424 146.654
-21.4004 146.638
-21.3546 146.589
-21.3074 146.528
-21.2654 146.512
-21.2249 146.507
-21.1807 146.472
-21.1391 146.458
-21.0953 146.426
-21.0512 146.391
-21.0098 146.379
-20.9639 146.328
-20.9222 146.314
-20.8812 146.305
-20.8382 146.279
-20.7945 146.246
-20.7534 146.237
-20.7129 146.233
-20.6687 146.195
-20.6271 146.181
-20.5821 146.137
-20.5421 146.137
-20.5042 146.156
-20.4603 146.121
-20.4161 146.084
-20.3751 146.075
-20.3292 146.021
-20.2884 146.014
-20.2479 146.01
-20.2049 145.982
-20.1642 145.975
-20.1224 145.959
-20.0824 145.959
-20.0409 145.945
-19.9992 145.929
-19.957 145.908
-19.9165 145.904
-19.8758 145.897
-19.8351 145.89
-19.7944 145.883
-19.7532 145.872
-19.7117 145.858
-19.67 145.842
-19.6283 145.826
-19.5876 145.819
-19.5467 145.81
-19.5065 145.808
-19.4651 145.794
-19.4256 145.799
-19.3857 145.799
-19.3448 145.79
-19.3029 145.771
-19.2622 145.764
-19.2205 145.748
-19.1777 145.72
-19.1375 145.718
-19.0988 145.73
-19.0586 145.728
-19.0187 145.728
-18.9793 145.733
-18.9388 145.728
-18.8972 145.712
-18.8575 145.715
-18.8188 145.727
-18.7793 145.731
-18.738 145.718
-18.6959 145.697
-18.6548 145.685
-18.6146 145.683
-18.5751 145.688
-18.5352 145.688
-18.4948 145.684
-18.4549 145.684
-18.4156 145.691
-18.3762 145.696
-18.3365 145.698
-18.2956 145.689
-18.2575 145.708
-18.2197 145.729
-18.1811 145.743
-18.1414 145.746
-18.1005 145.736
-18.0608 145.739
-18.0199 145.73
-17.982 145.751
-17.9407 145.737
-17.8998 145.728
-17.8626 145.756
-17.824 145.77
-17.7861 145.791
-17.7448 145.778
-17.705 145.78
-17.6653 145.782
-17.6237 145.766
-17.5831 145.759
-17.5438 145.767
-17.5063 145.792
-17.469 145.821
-17.429 145.821
-17.3877 145.807
-17.3441 145.77
-17.3039 145.768
-17.2659 145.789
-17.2279 145.81
-17.1915 145.847
-17.1532 145.866
-17.1154 145.89
-17.0763 145.899
-17.0369 145.906
-16.9974 145.911
-16.9578 145.916
-16.9195 145.935
-16.8805 145.947
-16.8418 145.961
-16.8026 145.97
-16.7641 145.987
-16.726 146.008
-16.6875 146.024
-16.6478 146.029
-16.6082 146.034
-16.5701 146.055
-16.5313 146.069
-16.4931 146.091
-16.4548 146.109
-16.417 146.135
-16.3784 146.152
-16.3412 146.185
-16.302 146.194
-16.2627 146.204
-16.2249 146.23
-16.1869 146.253
-16.1493 146.282
-16.1098 146.289
-16.0707 146.301
-16.0351 146.352
-15.9958 146.362
-15.9583 146.393
-15.9186 146.397
-15.8807 146.423
-15.842 146.44
-15.8051 146.478
-15.7653 146.482
-15.7259 146.492
-15.6908 146.551
-15.6512 146.558
-15.6137 146.589
-15.5763 146.622
-15.5369 146.631
-15.4975 146.641
-15.4624 146.702
-15.4234 146.717
-15.3857 146.747
-15.3481 146.778
-15.311 146.816
-15.2717 146.828
-15.2366 146.889
-15.1973 146.901
-14.3466 147.878
-14.3096 147.923
-14.2726 147.968
-14.2351 148.007
-14.1999 148.076
-14.1604 148.091
-14.1228 148.129
-14.0608 148.381
-14.0236 148.427
-13.9859 148.465
-13.9483 148.506
-13.9129 148.576
-13.8771 148.641
-13.842 148.716
-13.8038 148.75
-13.7706 148.851
-13.6389 149.277
