-7.55182 131.27
-7.47124 131.139
-7.43232 131.103
-7.3925 131.047
-7.35316 131.001
-7.31233 130.921
-7.27437 130.906
-7.23439 130.844
-7.19461 130.786
-7.15485 130.728
-7.11582 130.686
-7.07698 130.648
-7.03755 130.597
-6.999 130.565
-6.95902 130.499
-6.91958 130.445
-6.88209 130.438
-6.84453 130.428
-6.80497 130.37
-6.7651 130.305
-6.72667 130.273
-6.68833 130.243
-6.64983 130.21
-6.61144 130.178
-6.57297 130.144
-6.53476 130.117
-6.49649 130.087
-6.45807 130.053
-6.41958 130.018
-6.38111 129.982
-6.34296 129.955
-6.30483 129.927
-6.26655 129.895
-6.22852 129.87
-6.19027 129.838
-6.15264 129.823
-6.11381 129.775
-6.0765 129.767
-6.03837 129.738
-6.00018 129.706
-5.96244 129.687
-5.925 129.675
-5.88692 129.645
-5.84942 129.632
-5.81165 129.61
-5.77423 129.598
-5.73556 129.551
-5.69746 129.52
-5.66021 129.512
-5.6222 129.482
-5.58448 129.461
-5.54705 129.447
-5.50941 129.428
-5.47225 129.422
-5.4351 129.416
-5.39675 129.375
-5.35941 129.363
-5.32201 129.349
-5.28428 129.326
-5.24709 129.318
-5.20951 129.299
-5.17188 129.277
-5.13457 129.265
-5.09726 129.254
-5.05977 129.236
-5.02229 129.218
-4.98507 129.209
-4.94778 129.197
-4.9105 129.185
-4.87287 129.162
-4.83584 129.158
-4.79869 129.15
-4.76119 129.131
-4.72376 129.113
-4.68663 129.105
-4.64944 129.096
-4.61225 129.086
-4.57529 129.084
-4.53817 129.076
-4.50094 129.065
-4.46354 129.047
-4.42627 129.033
-4.3891 129.024
-4.352 129.016
-4.31505 129.014
-4.27816 129.014
-4.24112 129.008
-4.20386 128.995
-4.16671 128.985
-4.12972 128.981
-4.09279 128.979
-4.05575 128.973
-4.01836 128.954
-3.98143 128.952
-3.94465 128.956
-3.90771 128.954
-3.87064 128.946
-3.8337 128.944
-3.79672 128.941
-3.75961 128.931
-3.72258 128.925
-3.68561 128.921
-3.64854 128.913
-3.61157 128.91
-3.57469 128.91
-3.53785 128.912
-3.5011 128.918
-3.46422 128.918
-3.4272 128.912
-3.39027 128.91
-3.35351 128.916
-3.31667 128.918
-3.27965 128.912
-3.24272 128.91
-3.20587 128.912
-3.1693 128.928
-3.13257 128.936
-3.09528 128.916
-3.05808 128.901
-3.02138 128.911
-2.98445 128.909
-2.94755 128.909
-2.91062 128.907
-2.80774 125.381
-2.8369 128.911
-2.80004 128.913
-2.76321 128.917
-2.72641 128.923
-2.68968 128.933
-2.65284 128.937
-2.61583 128.931
-2.57893 128.931
-2.54225 128.945
-2.50562 128.962
-2.46883 128.97
-2.43197 128.974
-2.39511 128.978
-2.35825 128.982
-2.32139 128.986
-2.28458 128.994
-2.24791 129.012
-2.21106 129.018
-2.17416 129.02
-2.13733 129.028
-2.1005 129.036
-2.06372 129.047
-2.0269 129.057
-1.99001 129.061
-1.95323 129.075
-1.91636 129.081
-1.87955 129.093
-1.84276 129.107
-1.80584 129.111
-1.76897 129.118
-1.73236 129.15
-1.69554 129.164
-1.65858 129.166
-1.62173 129.178
-1.58502 129.203
-1.54815 129.215
-1.51118 129.217
-1.47417 129.215
-1.43719 129.217
-1.40042 129.241
-1.36368 129.27
-1.32685 129.29
-1.29011 129.322
-1.25312 129.326
-1.2161 129.326
-1.17917 129.337
-1.14236 129.365
-1.10544 129.381
-1.06852 129.397
-1.03158 129.412
-0.994698 129.436
-0.957814 129.462
-0.920867 129.48
-0.883923 129.499
-0.847005 129.525
-0.810007 129.539
-0.773013 129.555
-0.735949 129.559
-0.698961 129.579
-0.662039 129.614
-0.625073 129.644
-0.588008 129.654
-0.551018 129.683
-0.514028 129.717
-0.477009 129.747
-0.439955 129.771
-0.40284 129.779
-0.365796 129.812
-0.328682 129.826
-0.291644 129.874
-0.254513 129.89
-0.217414 129.925
-0.180256 129.937
-0.143128 129.973
-0.106008 130.029
-0.0688165 130.041
-0.0316303 130.066
0.00556613 130.096
0.0427761 130.128
0.0800007 130.164
0.117242 130.196
0.154497 130.224
0.303711 130.383
0.341049 130.415
0.3784 130.445
0.415819 130.503
0.45317 130.517
0.490619 130.569
0.715839 130.886
0.753363 130.914
0.790807 130.92
