-26.6807 136.27
-25.9616 134.78
-25.9228 134.772
-25.8846 134.768
-25.843 134.741
-25.8045 134.735
-25.0311 133.823
-24.9922 133.813
-24.95 133.78
-24.9117 133.774
-24.8668 133.723
-24.8282 133.715
-24.7858 133.68
-24.7403 133.625
-24.7003 133.607
-24.6558 133.557
-24.6143 133.529
-24.5755 133.519
-24.534 133.49
-24.4961 133.486
-24.4513 133.435
-24.4125 133.425
-24.3711 133.396
-24.3294 133.366
-24.2906 133.356
-24.2495 133.329
-24.2075 133.297
-24.1691 133.288
-24.128 133.262
-24.0892 133.252
-24.0482 133.225
-24.0074 133.201
-23.9695 133.197
-23.9308 133.187
-23.8863 133.136
-23.8476 133.126
-23.8075 133.106
-23.7693 133.1
-23.7286 133.075
-23.6905 133.069
-23.6518 133.059
-23.6109 133.033
-23.5705 133.011
-23.5324 133.005
-23.4943 132.999
-23.4548 132.982
-23.4121 132.944
-23.3746 132.942
-23.3368 132.938
-23.2984 132.93
-23.2581 132.908
-23.2197 132.899
-23.1791 132.875
-23.1414 132.871
-23.1033 132.865
-23.0661 132.865
-23.0288 132.865
-22.9908 132.859
-22.9488 132.825
-22.9107 132.819
-22.8724 132.811
-22.8338 132.801
-22.7963 132.799
-22.7569 132.783
-22.7191 132.779
-22.6816 132.777
-22.6441 132.775
-22.6044 132.757
-22.5677 132.761
-22.5302 132.759
-22.4924 132.755
-22.4547 132.751
-22.4172 132.749
-22.3791 132.743
-22.34 132.729
-22.3025 132.727
-22.2653 132.727
-22.2275 132.723
-22.19 132.721
-22.153 132.724
-22.1158 132.724
-22.078 132.72
-22.0397 132.712
-22.0022 132.71
-21.9655 132.714
-21.9283 132.714
-21.891 132.714
-21.8546 132.72
-21.8179 132.725
-21.7801 132.721
-21.7423 132.717
-21.7054 132.719
-21.6681 132.719
-21.6303 132.715
-21.5931 132.715
-21.5561 132.717
-21.5186 132.715
-21.4811 132.713
-21.4446 132.72
-21.4091 132.734
-21.3721 132.736
-21.3349 132.736
-21.2974 132.734
-21.2604 132.736
-21.2239 132.743
-21.1881 132.755
-21.1526 132.769
-21.1172 132.784
-21.0781 132.77
-21.0413 132.774
-21.0035 132.77
-20.9647 132.758
-20.9262 132.748
-20.8884 132.744
-20.8531 132.76
-20.8156 132.758
-20.7791 132.764
-20.7433 132.777
-20.7067 132.783
-20.6705 132.791
-20.6339 132.797
-20.5971 132.802
-20.5623 132.822
-20.526 132.83
-20.4897 132.839
-20.4546 132.857
-20.4185 132.867
-20.3844 132.894
-20.3498 132.916
-20.3157 132.943
-20.2788 132.947
-20.2415 132.947
-20.2041 132.948
-20.167 132.95
-20.1336 132.982
-20.0992 133.007
-20.0635 133.021
-20.0244 133.007
-19.9858 132.997
-19.9514 133.022
-19.916 133.038
-19.8805 133.055
-19.8472 133.09
-19.8135 133.12
-19.7761 133.121
-19.7415 133.145
-19.7061 133.162
-19.6696 133.17
-19.6348 133.193
-19.6 133.215
-19.5674 133.256
-19.5314 133.269
-19.4953 133.281
-19.461 133.308
-19.4259 133.329
-19.3899 133.341
-19.3531 133.347
-19.3182 133.37
-19.282 133.38
-19.2471 133.403
-19.2115 133.42
-19.1782 133.457
-19.1421 133.469
-19.1076 133.496
-19.0713 133.506
-19.0371 133.535
-19.0039 133.574
-18.9701 133.607
-18.9331 133.612
-18.9011 133.661
-18.8642 133.667
-18.8313 133.709
-18.7995 133.76
-18.7628 133.769
-18.7255 133.771
-18.6904 133.794
-18.6535 133.8
-18.6221 133.856
-18.5881 133.889
-18.5523 133.906
-18.5177 133.933
-18.4834 133.964
-18.4501 134.003
-18.4168 134.043
-18.382 134.07
-18.3471 134.095
-18.3101 134.101
-18.0799 134.415
-18.044 134.432
-18.0098 134.465
-17.9729 134.474
-17.745 134.823
-17.7111 134.861
-17.6741 134.869
-17.6371 134.878
-17.3877 135.403
-17.3506 135.411
-17.2558 135.601
-17.2216 135.639
-17.1036 135.982
-16.9868 137.906
-16.9552 137.978
-16.9238 138.052
-16.9093 138.299
-16.8845 138.443
-16.8536 138.524
-16.8214 138.592
