21.0558 148.797
21.1027 148.846
21.1664 149.043
21.2039 149.009
21.2349 148.917
21.2675 148.84
21.4009 148.921
21.425 148.77
21.4465 148.598
21.4674 148.42
21.4988 148.334
21.5309 148.256
21.5625 148.172
21.5909 148.062
21.6261 148.01
21.7093 147.665
21.7453 147.621
21.7772 147.543
21.8068 147.446
21.8452 147.424
21.8774 147.348
21.9121 147.294
21.9373 147.161
21.9728 147.115
22.0102 147.085
22.0489 147.066
22.0814 146.995
22.114 146.925
22.1459 146.85
22.1839 146.826
22.2131 146.729
22.2496 146.692
22.2864 146.658
22.3246 146.637
22.3581 146.576
22.394 146.535
22.426 146.463
22.4624 146.426
22.5008 146.407
22.534 146.344
22.57 146.306
22.6066 146.272
22.6418 146.226
22.6737 146.154
22.712 146.134
22.7503 146.115
22.786 146.074
22.8213 146.031
22.8575 145.995
22.8955 145.973
22.9335 145.951
22.9667 145.891
23.0046 145.87
23.0369 145.802
23.0754 145.785
23.1091 145.73
23.1491 145.725
23.1864 145.699
23.2246 145.68
23.2613 145.648
23.2973 145.612
23.3351 145.591
23.3684 145.533
23.405 145.502
23.4422 145.476
23.4815 145.466
23.5212 145.459
23.5574 145.425
23.5927 145.385
23.6314 145.37
23.6655 145.32
23.7044 145.308
23.7403 145.272
23.7768 145.241
23.8166 145.236
23.8559 145.226
23.8926 145.198
23.9337 145.202
23.9704 145.174
24.0081 145.152
24.0442 145.119
24.0809 145.09
24.1172 145.059
24.1555 145.042
24.1956 145.04
24.2322 145.011
24.271 144.999
24.3077 144.97
24.3452 144.949
24.3809 144.913
24.4187 144.894
24.4563 144.873
24.4941 144.853
24.5329 144.841
24.5726 144.836
24.6117 144.827
24.6517 144.824
24.6898 144.807
24.7279 144.791
24.7657 144.772
24.8054 144.767
24.8451 144.762
24.8838 144.75
24.8933 144.523
24.9268 144.474
24.9694 144.49
25.0244 144.598
25.0654 144.602
25.106 144.604
25.1446 144.592
25.1859 144.599
25.2252 144.592
25.2668 144.601
25.3057 144.592
25.3444 144.58
25.3794 144.542
25.4151 144.508
25.4517 144.482
25.4946 144.501
25.5391 144.531
25.5758 144.505
25.6157 144.503
25.6622 144.547
25.6998 144.528
25.7377 144.511
25.779 144.518
25.8209 144.53
25.8618 144.534
25.9007 144.525
25.9392 144.513
25.9785 144.505
26.019 144.507
26.0606 144.517
26.1018 144.523
26.1424 144.525
26.1823 144.523
26.2222 144.52
26.2631 144.525
26.3033 144.525
26.3422 144.515
26.382 144.512
26.4226 144.514
26.4625 144.512
26.5058 144.533
26.548 144.547
26.5886 144.549
26.6278 144.541
26.6676 144.539
26.7078 144.539
26.7474 144.534
26.7872 144.531
26.8299 144.547
26.8711 144.554
26.9134 144.568
26.9543 144.572
26.9941 144.57
27.0323 144.555
27.0721 144.553
27.1172 144.586
27.1599 144.602
27.1994 144.597
27.2392 144.594
27.2773 144.58
27.3171 144.577
27.3644 144.624
27.4057 144.631
27.4459 144.631
27.4907 144.661
27.5277 144.64
27.5686 144.644
27.6088 144.644
27.6497 144.648
27.6949 144.681
27.7401 144.714
27.7821 144.725
27.8266 144.753
27.8675 144.758
27.9074 144.755
27.9476 144.755
27.9932 144.79
28.0352 144.801
28.0755 144.801
28.1146 144.794
28.1595 144.824
28.2005 144.829
28.245 144.857
28.2907 144.892
28.3372 144.932
28.3738 144.908
28.414 144.908
28.4586 144.936
28.5036 144.966
28.5509 145.011
28.5978 145.053
28.6395 145.062
28.6805 145.067
28.7296 145.123
28.7714 145.132
28.8161 145.161
28.8571 145.165
28.8981 145.17
28.9433 145.2
28.985 145.209
29.0358 145.275
29.0787 145.292
29.1247 145.327
29.1703 145.36
29.2162 145.395
29.258 145.404
29.2991 145.409
29.3501 145.475
29.3949 145.503
29.4383 145.522
