-24.8728 83.9148
-24.8439 83.9015
3.91198 112.637
3.94428 112.611
3.97593 112.563
4.32373 112.063
4.35638 112.057
4.3887 112.04
4.42124 112.03
4.54733 111.862
4.57992 111.855
4.6126 111.852
4.70492 111.664
4.73686 111.639
4.76929 111.63
4.80141 111.611
4.83316 111.581
4.86444 111.538
4.89632 111.513
4.92834 111.493
4.96015 111.466
4.99253 111.457
5.02389 111.418
5.05566 111.392
5.08726 111.361
5.11917 111.339
5.15085 111.312
5.18252 111.284
5.2144 111.262
5.24649 111.247
5.2789 111.24
5.31081 111.22
5.34237 111.191
5.37403 111.165
5.4054 111.131
5.43629 111.084
5.46814 111.064
5.50074 111.064
5.5331 111.058
5.56487 111.037
5.59652 111.012
5.62827 110.99
5.66079 110.989
5.69259 110.969
5.72341 110.924
5.75567 110.916
5.78811 110.913
5.81981 110.892
5.85163 110.873
5.88318 110.849
5.91548 110.843
5.94752 110.83
5.97943 110.815
6.01083 110.787
6.04291 110.777
6.07499 110.766
6.10597 110.729
6.1381 110.72
6.17062 110.72
6.20313 110.72
6.23485 110.701
6.26717 110.697
6.29934 110.689
6.33091 110.668
6.36254 110.648
6.39457 110.637
6.42625 110.619
6.45704 110.58
6.48911 110.571
6.52186 110.577
6.55434 110.577
6.58648 110.57
6.61874 110.565
6.65073 110.554
6.68313 110.553
6.71447 110.528
6.74623 110.513
6.77784 110.495
6.81023 110.493
6.84276 110.495
6.87471 110.484
6.9068 110.477
6.93904 110.472
6.97068 110.455
7.00276 110.448
7.03499 110.443
7.06676 110.429
7.09846 110.414
7.13045 110.405
7.16266 110.4
7.19517 110.402
7.22738 110.397
7.2592 110.385
7.29148 110.382
7.32414 110.387
7.35642 110.384
7.38861 110.379
7.42089 110.376
7.45261 110.362
7.48425 110.347
7.51588 110.332
7.54845 110.335
7.58119 110.341
7.61345 110.338
7.64555 110.332
7.67764 110.326
7.7099 110.323
7.74182 110.314
7.77514 110.33
7.74424 109.153
7.72979 108.289
7.80642 109.114
7.90588 110.35
7.93571 110.303
7.96636 110.271
7.99851 110.267
8.03158 110.279
8.06475 110.293
8.09776 110.303
8.12991 110.299
8.16206 110.294
8.19438 110.293
8.22661 110.29
8.25893 110.288
8.29168 110.294
8.32408 110.294
8.3564 110.293
8.38881 110.293
8.42139 110.296
8.45388 110.298
8.48629 110.298
8.5186 110.296
8.55101 110.296
8.5835 110.298
8.61645 110.307
8.64886 110.307
8.68108 110.304
8.71349 110.304
8.74599 110.306
8.77802 110.299
8.81042 110.299
8.84348 110.31
8.87654 110.321
8.90933 110.327
8.94174 110.327
8.97481 110.338
9.00788 110.349
9.04106 110.361
9.07395 110.368
9.10676 110.375
9.13908 110.373
9.17159 110.375
9.20421 110.378
9.2375 110.392
9.27032 110.398
9.30333 110.407
9.33684 110.424
9.36956 110.428
9.40239 110.435
9.43582 110.45
9.46845 110.453
9.50108 110.456
9.53412 110.465
9.56676 110.468
9.59981 110.478
9.63265 110.484
9.6655 110.49
9.69938 110.511
9.73244 110.521
9.76664 110.547
9.80023 110.564
9.83248 110.561
9.86514 110.564
9.89823 110.573
9.93195 110.591
9.96504 110.601
9.99888 110.621
10.0326 110.639
10.0654 110.644
10.0969 110.63
10.1293 110.628
10.1623 110.636
10.1978 110.679
10.2336 110.727
10.2683 110.758
10.3014 110.767
10.3345 110.775
10.3682 110.792
10.4015 110.802
10.4353 110.821
10.4683 110.829
10.5023 110.849
10.5353 110.855
10.5701 110.887
10.6033 110.896
10.6373 110.916
10.6705 110.926
10.7059 110.964
10.7403 110.989
10.7736 111
10.8091 111.04
10.8424 111.049
10.8752 111.052
10.9077 111.052
10.9428 111.086
10.9763 111.099
11.0104 111.119
11.0452 111.148
11.0801 111.179
11.1154 111.215
11.1496 111.235
11.1827 111.243
11.2194 111.295
11.2553 111.339
11.2884 111.345
11.3214 111.35
11.3555 111.368
11.3898 111.39
11.5352 111.578
11.5686 111.588
11.6031 111.611
11.6364 111.619
11.6722 111.658
11.7087 111.706
11.7454 111.756
11.7805 111.785
11.8168 111.829
11.8505 111.842
11.885 111.864
11.9201 111.893
11.9582 111.959
11.9953 112.012
12.0318 112.058
12.0657 112.072
12.1021 112.116
12.1388 112.163
12.1759 112.214
12.213 112.266
12.2519 112.338
12.2889 112.389
12.3227 112.4
12.3591 112.442
12.3993 112.529
12.4372 112.589
12.4744 112.639
12.512 112.695
12.5528 112.788
12.59 112.837
12.6257 112.87
