-24.8698 83.9006
-24.8434 83.8995
-12.5194 142.152
-12.0875 141.604
-11.7466 141.21
-11.705 141.174
-11.664 141.147
-11.6242 141.138
-11.541 141.067
-11.4976 141.002
-11.3737 140.907
-11.3338 140.896
-11.2928 140.867
-11.0461 140.682
-11.0064 140.674
-10.9637 140.618
-10.9236 140.603
-10.8827 140.574
-10.8417 140.543
-10.802 140.534
-10.7629 140.534
-10.7217 140.501
-10.6805 140.466
-10.6393 140.433
-10.4783 140.355
-10.4392 140.356
-10.3986 140.329
-10.3591 140.323
-10.3185 140.296
-10.2789 140.288
-10.238 140.257
-10.1987 140.252
-10.1592 140.246
-10.1186 140.219
-10.0793 140.215
-10.0397 140.207
-9.99915 140.18
-9.95871 140.156
-9.91929 140.149
-9.87999 140.145
-9.83933 140.116
-9.79967 140.106
-9.75903 140.077
-9.7184 140.048
-9.67937 140.048
-9.64009 140.044
-9.59998 140.024
-9.56071 140.02
-9.52132 140.014
-9.48194 140.007
-9.44268 140.003
-9.40353 140.001
-9.36427 139.997
-9.32455 139.984
-9.28529 139.98
-9.24662 139.986
-9.20725 139.98
-9.1673 139.962
-9.12702 139.938
-9.08743 139.927
-9.04785 139.916
-9.00838 139.908
-8.96915 139.903
-8.93014 139.904
-8.89147 139.911
-8.85257 139.913
-8.81322 139.906
-8.77322 139.887
-8.73377 139.878
-8.69498 139.883
-8.65652 139.894
-8.61751 139.894
-8.5785 139.894
-8.53959 139.897
-8.50036 139.892
-8.46114 139.888
-8.42202 139.886
-8.38364 139.9
-8.34473 139.902
-8.30488 139.885
-8.26566 139.88
-8.22706 139.889
-8.18928 139.916
-8.15077 139.927
-8.11113 139.914
-8.07282 139.93
-8.0338 139.93
-7.98753 139.771
-7.94513 139.696
-7.91422 139.875
-7.876 139.893
-7.83757 139.907
-7.8011 139.964
-7.76255 139.976
-7.72283 139.96
-7.68263 139.934
-7.64274 139.914
-7.60352 139.91
-7.5642 139.903
-7.52442 139.886
-7.48568 139.893
-7.4475 139.913
-7.40866 139.917
-7.37 139.926
-7.33152 139.94
-7.29312 139.956
-7.25472 139.971
-7.21613 139.983
-7.17754 139.994
-7.13903 140.007
-7.10042 140.019
-7.06163 140.025
-7.02293 140.034
-6.98404 140.039
-6.94533 140.048
-6.9067 140.059
-6.86841 140.08
-6.82969 140.089
-6.79121 140.104
-6.7523 140.109
-6.71373 140.122
-6.67532 140.14
-6.63716 140.165
-6.59898 140.19
-6.56013 140.196
-6.52119 140.201
-6.48209 140.201
-6.44331 140.21
-6.40534 140.242
-6.36687 140.259
-6.32791 140.264
-6.28911 140.273
-6.25039 140.284
-6.21244 140.318
-6.17401 140.338
-6.13542 140.354
-6.09705 140.376
-6.05829 140.388
-6.02006 140.415
-5.98189 140.444
-5.94385 140.477
-5.90498 140.486
-5.86641 140.504
-5.8276 140.516
-5.78945 140.547
-5.75136 140.581
-5.7126 140.594
-5.67441 140.626
-5.63549 140.635
-5.59699 140.657
-5.55813 140.669
-5.5199 140.7
-5.48151 140.727
-5.4427 140.741
-5.40436 140.77
-5.36539 140.779
-5.32737 140.82
-5.29 140.882
-5.25166 140.914
-5.21272 140.925
-5.17444 140.959
-5.13607 140.991
-5.09755 141.018
-5.05877 141.036
-5.02024 141.063
-4.98188 141.097
-4.94301 141.113
-4.90456 141.144
-4.86691 141.205
-4.82861 141.244
-4.79024 141.28
-4.7513 141.296
-4.71362 141.359
-4.6752 141.395
-4.6367 141.429
-4.59883 141.488
-4.56001 141.511
-4.52215 141.572
-4.48302 141.583
-4.44517 141.646
-4.40731 141.71
-4.36891 141.753
-4.33044 141.794
-4.29206 141.839
-4.25393 141.896
-4.21539 141.937
-4.17743 142.003
-4.13955 142.074
-4.101 142.117
-4.0629 142.181
-4.02431 142.224
-3.98642 142.299
-3.94885 142.391
-3.90963 142.409
-3.87081 142.446
-3.83216 142.491
-3.56753 143.138
-3.24079 144.901
-3.19725 144.709
