-7.64633 129.826
-7.52397 129.601
-7.48618 129.59
-7.44784 129.566
-7.40877 129.526
-7.36783 129.445
-7.32773 129.382
-7.2891 129.35
-7.25039 129.317
-7.21063 129.26
-7.17178 129.222
-7.13207 129.165
-6.74325 128.756
-6.70577 128.747
-6.6674 128.715
-6.62896 128.682
-6.59045 128.647
-6.55018 128.568
-6.51172 128.533
-6.47255 128.48
-6.43507 128.469
-6.39775 128.461
-6.35958 128.432
-6.32142 128.403
-6.28335 128.375
-6.24521 128.346
-6.20716 128.319
-6.16966 128.305
-6.13081 128.257
-6.09265 128.225
-6.0545 128.194
-6.01726 128.187
-5.97929 128.159
-5.94118 128.128
-5.90294 128.093
-5.86486 128.062
-5.82773 128.057
-5.79082 128.057
-5.75319 128.037
-5.71586 128.026
-5.6779 127.997
-5.63995 127.968
-5.60223 127.944
-5.56492 127.933
-5.52728 127.912
-5.48992 127.898
-5.45277 127.89
-5.41549 127.879
-5.37821 127.867
-5.34002 127.829
-5.30269 127.815
-5.26485 127.786
-5.22799 127.786
-5.19107 127.784
-5.15332 127.757
-5.11564 127.732
-5.07848 127.723
-5.04101 127.703
-5.00398 127.698
-4.96695 127.692
-4.92987 127.684
-4.89279 127.677
-4.85589 127.675
-4.81822 127.648
-4.78109 127.638
-4.74402 127.631
-4.70655 127.609
-4.66932 127.596
-4.63198 127.579
-4.59448 127.555
-4.55744 127.548
-4.52058 127.546
-4.48393 127.552
-4.44695 127.546
-4.40959 127.527
-4.37267 127.523
-4.33592 127.525
-4.29884 127.516
-4.26156 127.498
-4.22434 127.483
-4.18728 127.473
-4.15048 127.474
-4.11368 127.474
-4.07683 127.472
-4.03998 127.47
-4.00288 127.459
-3.96604 127.457
-3.92914 127.453
-3.89235 127.453
-3.8555 127.451
-3.81837 127.438
-3.78111 127.419
-3.74408 127.409
-3.70753 127.419
-3.67101 127.431
-3.63417 127.429
-3.59711 127.417
-3.56037 127.419
-3.52375 127.427
-3.48661 127.412
-3.449 127.375
-3.41204 127.368
-3.37543 127.376
-3.33886 127.385
-3.30232 127.397
-3.26582 127.411
-3.22931 127.424
-3.19256 127.426
-3.15549 127.413
-3.11865 127.411
-3.08186 127.411
-3.04503 127.41
-3.0082 127.408
-2.97152 127.414
-2.9348 127.418
-2.89822 127.429
-2.86146 127.431
-2.82477 127.437
-2.78807 127.443
-2.75137 127.449
-2.71457 127.449
-2.67787 127.455
-2.64123 127.465
-2.60449 127.469
-2.56751 127.459
-2.53071 127.46
-2.49412 127.473
-2.4575 127.485
-2.42078 127.491
-2.38399 127.493
-2.34727 127.499
-2.31045 127.499
-2.27372 127.505
-2.2373 127.532
-2.20064 127.544
-2.16389 127.55
-2.12709 127.552
-2.09031 127.556
-2.05353 127.56
-2.01675 127.564
-1.98015 127.582
-1.94343 127.591
-1.90676 127.605
-1.87002 127.613
-1.83338 127.63
-1.79667 127.642
-1.75996 127.654
-1.72337 127.677
-1.68675 127.699
-1.64992 127.703
-1.61314 127.711
-1.5765 127.732
-1.53986 127.756
-1.5031 127.767
-1.46627 127.773
-1.4296 127.795
-1.39295 127.82
-1.3561 127.826
-1.31922 127.828
-1.28244 127.842
-1.24587 127.881
-1.20899 127.885
-1.17211 127.889
-1.13538 127.913
-1.09852 127.92
-1.06164 127.926
-1.02507 127.975
-0.988216 127.987
-0.951318 127.993
-0.914403 127.997
-0.877733 128.04
-0.8409 128.06
-0.804219 128.107
-0.767307 128.116
-0.730569 128.16
-0.69365 128.171
-0.656677 128.173
-0.619713 128.177
-0.582947 128.226
-0.398401 128.358
-0.361483 128.393
-0.324476 128.403
-0.287449 128.407
-0.250471 128.433
-0.176506 128.498
-0.139572 128.573
-0.102509 128.582
-0.0654104 128.567
0.454836 129.15
0.492102 129.173
0.529344 129.183
0.566645 129.213
0.866378 129.635
