-2.96458 139.679
-2.92576 139.679
-2.88687 139.674
-2.35833 137.97
-2.31876 137.889
-2.27972 137.844
-2.24034 137.771
-2.20107 137.705
-2.04418 137.432
-2.00544 137.398
-1.96677 137.368
-1.92799 137.327
-1.88867 137.238
-1.6562 136.962
-1.57908 136.892
-1.54032 136.833
-1.50202 136.822
-1.46357 136.793
-1.42505 136.755
-1.38653 136.714
-1.34795 136.666
-1.30969 136.653
-1.27122 136.613
-1.23266 136.558
-1.19429 136.526
-1.1561 136.518
-1.11787 136.503
-1.07923 136.427
-1.04106 136.417
-1.00287 136.404
-0.96449 136.358
-0.926177 136.32
-0.887928 136.29
-0.849714 136.265
-0.811424 136.223
-0.773299 136.21
-0.7351 136.181
-0.696923 136.153
-0.658786 136.132
-0.6207 136.122
-0.582635 136.115
-0.54455 136.103
-0.50642 136.075
-0.468277 136.04
-0.430155 136.006
-0.392071 135.981
-0.354008 135.96
-0.315936 135.931
-0.277903 135.914
-0.239904 135.912
-0.201896 135.903
-0.163857 135.87
-0.125837 135.84
-0.087853 135.834
-0.0498713 135.828
-0.011885 135.807
0.0260944 135.777
0.0640598 135.76
0.102017 135.742
0.139972 135.737
0.177926 135.735
0.215864 135.714
0.253805 135.706
0.29174 135.695
0.329654 135.674
0.367595 135.674
0.405531 135.672
0.443422 135.649
0.481322 135.634
0.51921 135.617
0.557097 135.603
0.59497 135.586
0.632836 135.569
0.670738 135.565
0.708615 135.554
0.746511 135.55
0.784371 135.538
0.822206 135.521
0.860025 135.502
0.897885 135.494
0.93571 135.479
0.973605 135.479
1.01148 135.475
1.04933 135.468
1.0872 135.464
1.12504 135.455
1.16286 135.445
1.20067 135.432
1.23848 135.422
1.27631 135.416
1.31416 135.411
1.35199 135.405
1.38982 135.399
1.42771 135.401
1.46567 135.411
1.50358 135.415
1.54145 135.415
1.57922 135.402
1.61698 135.39
1.65472 135.375
1.69248 135.364
1.73023 135.352
1.76821 135.364
1.80607 135.364
1.84398 135.368
1.88193 135.376
1.91984 135.38
1.95761 135.372
1.99589 135.409
2.03379 135.411
2.07153 135.401
2.10938 135.398
2.14707 135.384
2.18483 135.375
2.22266 135.373
2.26041 135.365
2.29824 135.362
2.33624 135.373
2.3741 135.373
2.41187 135.366
2.44975 135.368
2.48793 135.391
2.526 135.405
2.56383 135.403
2.60154 135.393
2.63937 135.39
2.67729 135.394
2.71528 135.403
2.75327 135.411
2.79116 135.413
2.82922 135.425
2.86743 135.446
2.90533 135.448
2.94316 135.445
2.98124 135.458
3.01939 135.474
3.05734 135.478
3.09518 135.476
3.13316 135.482
3.17141 135.503
3.20944 135.511
3.24731 135.511
3.28527 135.515
3.32331 135.523
3.36131 135.529
3.39935 135.537
3.43764 135.558
3.47585 135.575
3.51404 135.589
3.55214 135.599
3.59008 135.601
3.62806 135.605
3.66621 135.618
3.70433 135.628
3.74272 135.651
3.78089 135.663
3.8192 135.682
3.85734 135.692
3.89539 135.698
3.93354 135.708
3.97207 135.735
4.01051 135.758
4.04858 135.764
4.08675 135.774
4.12527 135.799
4.16379 135.824
4.20188 135.83
4.24048 135.857
4.27878 135.872
4.31683 135.876
4.35587 135.92
4.39409 135.93
4.43231 135.94
4.47155 135.99
4.51028 136.019
4.54858 136.032
4.58727 136.059
4.62603 136.088
4.66475 136.115
4.70302 136.125
4.74136 136.138
4.77999 136.161
4.81875 136.188
4.85699 136.196
4.8953 136.206
4.93467 136.255
4.97323 136.273
5.01283 136.328
5.05165 136.355
5.09007 136.367
5.12898 136.397
5.1679 136.426
5.20683 136.455
5.24528 136.468
5.2843 136.499
5.32327 136.528
5.36245 136.564
5.40177 136.604
5.44099 136.639
5.48008 136.671
5.51972 136.719
5.55858 136.742
5.59853 136.799
5.63789 136.837
5.67625 136.843
5.71626 136.9
5.7565 136.963
5.79664 137.022
5.8351 137.031
5.87457 137.069
6.03422 137.267
6.07466 137.331
6.11544 137.403
6.15497 137.439
6.1937 137.452
6.23523 137.543
6.31651 137.673
6.39814 137.809
6.4401 137.907
6.48092 137.973
6.5209 138.016
6.56122 138.067
6.60527 138.217
6.64509 138.253
