3.49575 152.018
3.5364 151.937
3.57706 151.859
3.6175 151.771
3.65733 151.652
3.69773 151.566
3.94106 151.134
3.98201 151.087
4.0231 151.047
4.06353 150.977
4.26666 150.69
4.30777 150.657
4.34864 150.615
4.38938 150.568
4.42958 150.498
4.46964 150.423
4.51043 150.381
4.55125 150.342
4.59153 150.279
4.63274 150.257
4.67352 150.218
4.71342 150.143
4.7549 150.133
4.79574 150.099
4.83714 150.086
4.87727 150.024
4.91859 150.01
4.95855 149.943
4.99932 149.908
5.04066 149.896
5.08134 149.859
5.12201 149.822
5.16319 149.805
5.20336 149.751
5.24405 149.716
5.28534 149.704
5.32662 149.692
5.36748 149.665
5.40819 149.633
5.4491 149.608
5.48978 149.576
5.53045 149.544
5.57118 149.514
5.61204 149.49
5.65325 149.478
5.69432 149.461
5.73463 149.419
5.77552 149.397
5.81656 149.38
5.85721 149.35
5.89807 149.328
5.93916 149.313
5.97977 149.284
6.021 149.274
6.06237 149.27
6.10312 149.245
6.14393 149.223
6.18449 149.194
6.22537 149.174
6.26647 149.162
6.30758 149.15
6.34843 149.13
6.3896 149.121
6.4306 149.106
6.47134 149.084
6.51208 149.062
6.55306 149.047
6.59412 149.035
6.63525 149.025
6.67613 149.008
6.71752 149.006
6.75891 149.004
6.79959 148.982
6.84035 148.962
6.88128 148.948
6.9223 148.936
6.96294 148.914
7.00422 148.909
7.04567 148.909
7.08676 148.899
7.12765 148.885
7.16901 148.882
7.21036 148.88
7.25171 148.878
7.29306 148.875
7.33403 148.863
7.37414 148.829
7.41471 148.807
7.45595 148.802
7.49718 148.797
7.53754 148.771
7.57818 148.751
7.6193 148.744
7.66071 148.744
7.70193 148.739
7.74334 148.739
7.78496 148.744
7.82657 148.749
7.86778 148.745
7.9091 148.742
7.95082 148.75
7.99141 148.73
8.03209 148.713
8.07224 148.684
8.11448 148.704
8.15568 148.699
8.1974 148.706
8.23976 148.728
8.28181 148.743
8.32366 148.753
8.3655 148.763
8.4079 148.785
8.44943 148.788
8.49052 148.781
8.53205 148.783
8.57325 148.778
8.61445 148.774
8.65598 148.776
8.69796 148.788
8.74006 148.803
8.78194 148.813
8.82337 148.813
8.86514 148.821
8.90679 148.826
8.94811 148.823
8.98965 148.826
9.03178 148.841
9.07356 148.848
9.11476 148.843
9.15714 148.863
9.19941 148.88
9.24169 148.898
9.28373 148.91
9.3253 148.913
9.36675 148.913
9.40905 148.93
9.45111 148.942
9.49281 148.947
9.53426 148.947
9.57596 148.952
9.61941 148.992
9.66175 149.009
9.70372 149.019
9.74544 149.024
9.78691 149.024
9.8294 149.044
9.87138 149.054
9.91401 149.076
9.95549 149.076
9.99723 149.081
10.0391 149.089
10.0822 149.118
10.1246 149.136
10.1691 149.192
10.2109 149.197
10.2524 149.197
10.2941 149.202
10.3366 149.22
10.3815 149.281
10.4251 149.321
10.4668 149.323
10.51 149.353
10.5522 149.366
10.5944 149.378
10.6374 149.403
10.6807 149.435
10.7227 149.442
10.7662 149.477
10.8086 149.492
10.8519 149.522
10.894 149.532
10.9393 149.596
10.9813 149.603
11.0233 149.611
11.0671 149.648
11.111 149.688
11.1549 149.727
11.1984 149.76
11.2406 149.77
11.3283 149.844
11.3725 149.886
11.4186 149.961
11.4622 149.993
11.506 150.028
11.5504 150.073
11.6388 150.155
11.8605 150.367
11.9044 150.402
11.9482 150.434
11.9925 150.474
12.4049 151.038
12.4494 151.078
12.7309 151.532
