3.28369 138.204
3.3221 138.169
3.36083 138.152
3.39863 138.087
3.43585 137.993
3.62528 137.717
3.6632 137.667
3.70083 137.605
3.73921 137.579
3.7774 137.544
3.81497 137.481
3.85298 137.44
4.27062 137.018
4.30853 136.982
4.34595 136.926
4.38431 136.909
4.4218 136.857
4.46025 136.844
4.49814 136.81
4.53613 136.78
4.57422 136.754
4.61263 136.742
4.65053 136.709
4.68836 136.675
4.72623 136.643
4.7642 136.615
4.80199 136.581
4.84035 136.568
4.87829 136.541
4.91628 136.515
4.95468 136.504
4.9918 136.449
5.03018 136.438
5.06819 136.415
5.10643 136.4
5.1443 136.372
5.18227 136.349
5.2205 136.334
5.2582 136.302
5.29608 136.276
5.33435 136.263
5.37221 136.238
5.41053 136.227
5.44884 136.217
5.48661 136.189
5.52478 136.174
5.56287 136.157
5.60054 136.127
5.63847 136.106
5.67688 136.1
5.71522 136.091
5.75314 136.07
5.79104 136.049
5.82922 136.036
5.86747 136.026
5.90543 136.007
5.94337 135.988
5.98182 135.983
6.0202 135.977
6.05827 135.962
6.09627 135.945
6.13441 135.933
6.17231 135.914
6.21052 135.903
6.24871 135.892
6.28675 135.878
6.32502 135.869
6.36312 135.856
6.40115 135.842
6.43963 135.84
6.47781 135.829
6.51581 135.814
6.55445 135.816
6.59278 135.81
6.63093 135.8
6.66925 135.793
6.70772 135.791
6.7457 135.776
6.78401 135.77
6.82223 135.762
6.86011 135.745
6.89849 135.741
6.93712 135.743
6.9755 135.739
7.01353 135.726
7.05173 135.718
7.0901 135.713
7.12795 135.697
7.16631 135.692
7.20476 135.69
7.2433 135.69
7.28157 135.684
7.31975 135.676
7.35811 135.671
7.39655 135.669
7.43517 135.672
7.4738 135.674
7.51188 135.663
7.55041 135.663
7.58829 135.649
7.62729 135.659
7.66573 135.657
7.70435 135.659
7.74298 135.662
7.78161 135.664
7.82034 135.668
7.85916 135.674
7.89799 135.681
7.93701 135.692
7.97584 135.698
8.01448 135.7
8.05312 135.702
8.09177 135.705
8.13051 135.709
8.16935 135.715
8.2081 135.72
8.24695 135.726
8.2856 135.728
8.32466 135.739
8.36362 135.748
8.40269 135.758
8.44145 135.763
8.48022 135.767
8.51899 135.771
8.55796 135.78
8.59684 135.786
8.6353 135.784
8.67397 135.786
8.71285 135.793
8.75249 135.814
8.79127 135.818
8.8306 135.833
8.86971 135.844
8.90862 135.85
8.94774 135.861
8.98687 135.872
9.02545 135.872
9.06448 135.88
9.1034 135.887
9.14299 135.906
9.18271 135.927
9.22187 135.938
9.26092 135.947
9.30066 135.968
9.3396 135.975
9.37844 135.979
9.4182 136
9.45727 136.009
9.49623 136.015
9.53625 136.041
9.57545 136.052
9.61573 136.081
9.65602 136.111
9.6962 136.139
9.73532 136.148
9.7742 136.152
9.8132 136.159
9.85402 136.197
9.89316 136.206
9.93218 136.212
9.97255 136.242
10.0131 136.274
10.0526 136.289
10.0925 136.311
10.1327 136.336
10.1722 136.351
10.2113 136.358
10.2512 136.379
10.2906 136.39
10.3328 136.45
10.3719 136.457
10.4137 136.508
10.4533 136.523
10.4941 136.557
10.5755 136.622
10.657 136.689
10.6962 136.695
10.7368 136.725
10.7778 136.762
10.8187 136.796
10.8577 136.801
10.9 136.857
10.9397 136.872
10.9822 136.93
11.0248 136.99
11.0644 137.003
11.1052 137.033
11.1446 137.042
11.1852 137.07
11.3126 137.239
11.3538 137.276
11.3952 137.315
11.7344 137.736
11.7795 137.827
11.8226 137.888
11.8626 137.903
11.9046 137.947
