-15.1542 137.223
-14.8963 136.889
-14.8532 136.83
-14.8124 136.799
-14.7712 136.763
-14.6843 136.637
-14.6429 136.597
-14.6036 136.582
-14.5629 136.551
-14.5199 136.492
-14.4793 136.46
-14.4404 136.45
-14.398 136.397
-14.359 136.385
-14.318 136.349
-14.2774 136.318
-14.2351 136.265
-14.1965 136.257
-14.1552 136.217
-14.1123 136.156
-14.0737 136.148
-13.9929 136.087
-13.9541 136.077
-13.9138 136.048
-13.8715 135.993
-13.8322 135.977
-13.7922 135.95
-13.7541 135.948
-13.7162 135.948
-13.674 135.893
-13.6328 135.852
-13.5926 135.823
-13.5544 135.818
-13.5165 135.818
-13.4762 135.787
-13.4375 135.777
-13.3975 135.75
-13.359 135.741
-13.3189 135.712
-13.2788 135.683
-13.2387 135.654
-13.198 135.617
-13.1581 135.59
-13.1188 135.571
-13.0791 135.546
-13.0414 135.548
-13.0035 135.546
-12.9645 135.531
-12.9274 135.54
-12.888 135.519
-12.8492 135.507
-12.8099 135.486
-12.7714 135.478
-12.7315 135.449
-12.6932 135.442
-12.6551 135.438
-12.6139 135.393
-12.5749 135.376
-12.5371 135.376
-12.4997 135.38
-12.4619 135.38
-12.4237 135.374
-12.385 135.362
-12.3452 135.335
-12.3081 135.343
-12.2698 135.337
-12.2304 135.314
-12.1909 135.289
-12.1526 135.283
-12.1147 135.281
-12.0765 135.275
-12.0383 135.268
-12.0003 135.264
-11.9624 135.262
-11.9237 135.25
-11.8851 135.237
-11.8473 135.237
-11.81 135.244
-11.7718 135.237
-11.733 135.223
-11.6949 135.217
-11.6571 135.217
-11.6193 135.217
-11.5814 135.215
-11.5435 135.213
-11.5056 135.211
-11.4673 135.202
-11.4287 135.19
-11.3908 135.188
-11.3532 135.19
-11.3159 135.196
-11.2781 135.196
-11.2398 135.188
-11.2019 135.186
-11.1646 135.192
-11.1269 135.194
-11.0892 135.194
-11.0517 135.198
-11.0158 135.227
-10.9784 135.234
-10.9407 135.234
-10.9028 135.231
-10.8646 135.225
-10.8252 135.2
-10.7872 135.196
-10.7507 135.217
-10.7144 135.24
-10.6766 135.24
-10.6391 135.244
-10.6012 135.242
-10.5625 135.227
-10.5245 135.223
-10.4875 135.236
-10.4499 135.24
-10.4123 135.242
-10.374 135.234
-10.337 135.246
-10.3003 135.265
-10.2625 135.265
-10.225 135.269
-10.1879 135.281
-10.1508 135.292
-10.113 135.292
-10.0749 135.288
-10.0374 135.292
-9.99994 135.298
-9.96299 135.312
-9.92543 135.317
-9.88871 135.335
-9.8515 135.346
-9.81405 135.352
-9.77671 135.36
-9.73984 135.377
-9.70226 135.381
-9.6649 135.389
-9.62837 135.412
-9.59218 135.441
-9.55493 135.452
-9.51732 135.456
-9.47971 135.46
-9.4429 135.479
-9.40551 135.487
-9.36835 135.499
-9.33095 135.508
-9.29435 135.531
-9.25716 135.543
-9.22054 135.566
-9.18346 135.581
-9.14603 135.589
-9.10904 135.605
-9.07227 135.626
-9.03494 135.637
-8.9976 135.647
-8.96037 135.66
-8.92313 135.672
-8.88752 135.716
-8.85102 135.743
-8.81354 135.751
-8.77584 135.755
-8.73899 135.776
-8.70182 135.791
-8.66527 135.818
-8.62882 135.847
-8.59215 135.872
-8.55473 135.883
-8.51772 135.902
-8.4806 135.918
-8.44347 135.935
-8.40758 135.977
-8.37064 135.998
-8.33481 136.042
-8.29775 136.06
-8.26047 136.075
-8.22379 136.102
-8.18609 136.109
-8.14889 136.125
-8.11268 136.163
-8.07546 136.18
-8.03903 136.213
-8.00199 136.234
-7.96622 136.283
-7.92886 136.297
-7.89286 136.341
-7.85558 136.358
-7.81954 136.402
-7.78234 136.421
-7.7458 136.455
-7.70924 136.488
-7.67276 136.524
-7.63712 136.579
-7.59976 136.596
-7.56314 136.629
-7.5266 136.665
-7.49097 136.722
-7.45348 136.737
-7.41772 136.792
-7.38139 136.834
-7.3455 136.887
-7.30795 136.902
-7.27185 136.95
-7.23455 136.971
-7.19975 137.052
-7.16242 137.073
-7.1265 137.128
-7.09003 137.17
-7.05415 137.228
-7.01642 137.24
-6.98068 137.302
-6.945 137.366
-6.90851 137.41
-6.87279 137.474
-6.83677 137.531
-6.65869 137.879
-6.62293 137.948
-6.58674 138.005
-6.55003 138.05
-6.47818 138.183
