-24.8719 83.9108
-24.843 83.8975
0.213342 142.605
0.252981 142.56
0.686532 141.757
0.725799 141.696
0.765117 141.653
0.804324 141.59
0.84362 141.552
0.882922 141.518
0.922197 141.482
1.03945 141.292
1.07871 141.268
1.11806 141.259
1.15722 141.221
1.19593 141.119
1.23504 141.081
1.27414 141.045
1.31321 141.007
1.35229 140.971
1.39138 140.94
1.43038 140.9
1.46944 140.868
1.50865 140.855
1.54743 140.794
1.58641 140.758
1.62537 140.723
1.66433 140.689
1.7033 140.658
1.7422 140.62
1.78136 140.611
1.82 140.551
1.85912 140.539
1.898 140.506
1.93721 140.504
1.97609 140.473
2.01493 140.439
2.05405 140.43
2.09286 140.397
2.13164 140.361
2.1707 140.35
2.20961 140.328
2.24846 140.301
2.28745 140.285
2.32613 140.248
2.36482 140.212
2.40383 140.201
2.4429 140.194
2.48197 140.188
2.52039 140.136
2.55934 140.123
2.59829 140.11
2.63723 140.097
2.67596 140.07
2.71478 140.05
2.7537 140.037
2.79271 140.03
2.83144 140.006
2.87005 139.974
2.90893 139.961
2.94785 139.95
2.98635 139.915
3.02529 139.906
3.06419 139.895
3.10312 139.886
3.14185 139.866
3.18082 139.859
3.21977 139.853
3.2584 139.828
3.29697 139.802
3.33575 139.786
3.37472 139.782
3.4137 139.777
3.45272 139.775
3.49134 139.753
3.5299 139.729
3.56909 139.735
3.60832 139.744
3.64705 139.729
3.68564 139.706
3.72435 139.691
3.76315 139.68
3.80205 139.673
3.84094 139.667
3.87987 139.662
3.91876 139.656
3.95759 139.647
3.99642 139.638
4.03539 139.636
4.07421 139.627
4.11324 139.627
4.15216 139.622
4.19091 139.611
4.22988 139.609
4.26879 139.605
4.30776 139.602
4.34694 139.609
4.38607 139.614
4.42509 139.614
4.46411 139.614
4.50312 139.614
4.54157 139.591
4.58052 139.589
4.6196 139.591
4.65949 139.625
4.69928 139.653
4.73759 139.627
4.77558 139.589
4.81496 139.602
4.85385 139.598
4.89219 139.574
4.93101 139.567
4.97014 139.571
5.00933 139.578
5.04859 139.587
5.08767 139.589
5.12681 139.593
5.16588 139.596
5.20496 139.598
5.24397 139.598
5.28284 139.593
5.32185 139.593
5.36093 139.596
5.40001 139.598
5.43915 139.602
5.47858 139.615
5.51815 139.633
5.55758 139.646
5.59667 139.648
5.63562 139.646
5.67464 139.646
5.71394 139.655
5.7534 139.668
5.79242 139.668
5.83115 139.659
5.87054 139.67
5.91008 139.686
5.94986 139.708
5.98919 139.717
6.02837 139.721
6.06771 139.73
6.1069 139.734
6.14655 139.752
6.18629 139.772
6.22573 139.783
6.26509 139.792
6.30421 139.794
6.34326 139.794
6.38311 139.816
6.42272 139.832
6.46227 139.845
6.5028 139.885
6.5422 139.894
6.58159 139.902
6.62116 139.916
6.66099 139.936
6.70083 139.956
6.74042 139.969
6.77993 139.98
6.81987 140.002
6.85904 140.004
6.89848 140.013
6.9388 140.044
6.97913 140.075
7.01939 140.104
7.05867 140.109
7.09823 140.12
7.13752 140.124
7.17709 140.135
7.21803 140.179
7.25871 140.217
7.29877 140.239
7.33828 140.248
7.37891 140.284
7.41843 140.293
7.45796 140.302
7.49957 140.36
7.53998 140.388
7.57953 140.397
7.62014 140.431
7.65981 140.442
7.70025 140.471
7.74091 140.504
7.78128 140.531
7.82048 140.531
7.85988 140.535
7.89988 140.553
7.943 140.64
7.98263 140.649
8.02327 140.68
8.39398 141.052
8.76833 141.468
8.80817 141.477
8.89432 141.623
8.93728 141.693
8.98038 141.766
9.02283 141.824
9.06357 141.849
9.10676 141.922
9.14999 141.994
9.19266 142.056
9.23572 142.124
9.27928 142.201
