-7.90067 143.901
-7.85949 143.885
-7.41651 142.964
-7.37577 142.953
-7.33189 142.865
-7.24548 142.72
-6.7405 142.132
-6.69999 142.121
-6.3689 141.834
-6.28617 141.758
-6.24576 141.747
-6.20431 141.706
-6.16239 141.652
-6.12201 141.64
-6.08077 141.604
-6.04041 141.593
-5.99825 141.529
-5.95721 141.497
-5.91703 141.491
-5.87624 141.466
-5.83516 141.432
-5.795 141.425
-5.75409 141.396
-5.71312 141.364
-5.67291 141.355
-5.63189 141.321
-5.59088 141.287
-5.55061 141.276
-5.50985 141.249
-5.46902 141.22
-5.42878 141.208
-5.38853 141.197
-5.34767 141.166
-5.30689 141.136
-5.26626 141.111
-5.22605 141.1
-5.1853 141.071
-5.1451 141.06
-5.10451 141.035
-5.06392 141.01
-5.02407 141.01
-4.98461 141.024
-4.94392 140.995
-4.90324 140.966
-4.8632 140.959
-4.8226 140.932
-4.78302 140.941
-4.7433 140.946
-4.70297 140.928
-4.66216 140.892
-4.62208 140.883
-4.58225 140.883
-4.54237 140.881
-4.50195 140.859
-4.46143 140.832
-4.42132 140.821
-4.38133 140.814
-4.34128 140.805
-4.30108 140.79
-4.26115 140.785
-4.22096 140.77
-4.18082 140.756
-4.14058 140.738
-4.1004 140.723
-4.06066 140.725
-4.0207 140.718
-3.98054 140.703
-3.941 140.714
-3.9012 140.715
-3.86119 140.706
-3.82095 140.685
-3.7811 140.683
-3.74136 140.686
-3.70156 140.686
-3.66181 140.688
-3.62187 140.682
-3.58166 140.662
-3.54163 140.651
-3.50171 140.644
-3.46192 140.644
-3.42208 140.642
-3.38225 140.64
-3.34198 140.615
-3.30228 140.62
-3.26224 140.607
-3.22238 140.602
-3.18259 140.603
-3.14314 140.621
-3.10295 140.598
-3.06349 140.617
-3.0235 140.605
-2.98344 140.59
-2.94343 140.576
-2.90392 140.592
-2.86406 140.588
-2.82506 140.636
-2.7853 140.638
-2.74558 140.643
-2.70589 140.65
-2.66613 140.652
-2.62637 140.655
-2.58687 140.675
-2.54734 140.694
-2.5076 140.698
-2.46795 140.71
-2.42859 140.742
-2.38883 140.746
-2.34898 140.744
-2.30925 140.751
-2.26955 140.76
-2.2299 140.774
-2.19013 140.779
-2.15021 140.772
-2.1105 140.781
-2.07105 140.813
-2.03129 140.82
-1.99151 140.825
-1.95179 140.837
-1.91203 140.843
-1.87223 140.848
-1.83238 140.848
-1.79251 140.846
-1.75271 140.851
-1.71309 140.874
-1.67337 140.888
-1.63365 140.901
-1.59387 140.911
-1.5542 140.931
-1.51441 140.94
-1.47462 140.95
-1.43492 140.97
-1.39531 141.002
-1.35552 141.014
-1.31563 141.014
-1.27579 141.021
-1.2361 141.048
-1.19645 141.082
-1.15668 141.101
-1.11686 141.115
-1.07697 141.117
-1.03714 141.131
-0.997321 141.147
-0.957522 141.168
-0.917662 141.179
-0.877957 141.22
-0.838091 141.234
-0.79831 141.266
-0.758482 141.291
-0.718561 141.298
-0.678734 141.328
-0.638856 141.349
-0.598934 141.36
-0.559155 141.413
-0.519306 141.452
-0.479375 141.47
-0.439455 141.495
-0.399518 141.518
-0.359559 141.537
-0.319618 141.567
-0.279612 141.571
-0.239604 141.576
-0.19967 141.629
-0.159691 141.666
-0.1197 141.707
-0.0796842 141.741
-0.0396547 141.778
0.000401825 141.792
0.0404586 141.831
0.0805326 141.889
0.120628 141.926
0.160727 141.933
0.200823 141.93
0.240929 141.94
0.281091 141.997
0.321261 142.041
0.36148 142.103
0.401689 142.145
0.603101 142.383
0.643414 142.42
0.683743 142.457
0.724081 142.492
0.764531 142.552
0.804952 142.598
0.845345 142.633
