-34.1932 148.272
-34.1508 148.263
-34.1093 148.259
-32.8597 147.192
-32.8129 147.157
-32.7708 147.148
-32.7252 147.12
-32.6797 147.091
-32.6381 147.085
-32.5908 147.047
-32.5488 147.038
-32.4969 146.973
-32.4552 146.967
-32.321 146.894
-32.2815 146.899
-32.2446 146.919
-32.1932 146.857
-32.1453 146.814
-32.1037 146.808
-32.0621 146.801
-32.0184 146.783
-31.9769 146.776
-31.9315 146.748
-31.8912 146.748
-31.8504 146.747
-31.8089 146.74
-31.7685 146.741
-31.7236 146.715
-31.6825 146.711
-31.6405 146.702
-31.5944 146.669
-31.5487 146.638
-31.5076 146.634
-31.4639 146.615
-31.4269 146.635
-31.3866 146.636
-31.3393 146.596
-31.2978 146.589
-31.2575 146.59
-31.2172 146.59
-31.1768 146.591
-31.1325 146.567
-31.0917 146.566
-31.0514 146.566
-31.0103 146.562
-30.9647 146.532
-30.9228 146.523
-30.8821 146.521
-30.843 146.529
-30.8035 146.534
-30.7627 146.532
-30.7216 146.528
-30.6769 146.502
-30.6374 146.508
-30.5978 146.513
-30.5559 146.504
-30.512 146.483
-30.4745 146.501
-30.4354 146.508
-30.3934 146.499
-30.3531 146.5
-30.3168 146.525
-30.2768 146.528
-30.2329 146.507
-30.1886 146.483
-30.1475 146.479
-30.1072 146.48
-30.0672 146.483
-30.0269 146.483
-29.9901 146.505
-29.9502 146.508
-29.9063 146.487
-29.8648 146.481
-29.8256 146.489
-29.7857 146.492
-29.7469 146.502
-29.7073 146.507
-29.6642 146.491
-29.6227 146.485
-29.582 146.483
-29.5397 146.471
-29.5016 146.486
-29.469 146.535
-29.4244 146.509
-29.384 146.51
-29.349 146.544
-29.3113 146.561
-29.2721 146.569
-29.2275 146.543
-29.1864 146.539
-29.1487 146.557
-29.1117 146.579
-29.0774 146.618
-29.0374 146.621
-28.9974 146.624
-28.9573 146.627
-28.9154 146.618
-28.8795 146.647
-28.8444 146.682
-28.7716 146.476
-28.7229 146.423
-28.684 146.434
-28.6955 146.766
-28.6558 146.771
-28.6157 146.774
-28.5771 146.787
-28.5408 146.814
-28.4996 146.81
-28.458 146.803
-28.4201 146.82
-28.386 146.862
-28.3492 146.887
-28.3076 146.88
-28.2693 146.895
-28.2322 146.917
-28.1946 146.937
-28.1597 146.974
-28.1217 146.992
-28.0864 147.026
-28.0473 147.036
-28.0112 147.066
-27.9754 147.098
-27.936 147.106
-27.8954 147.106
-27.8552 147.109
-27.8194 147.141
-27.7839 147.176
-27.7444 147.184
-27.7057 147.196
-27.6742 147.257
-27.6369 147.28
-27.601 147.312
-27.5614 147.32
-27.5252 147.349
-27.486 147.36
-27.4461 147.365
-27.4137 147.422
-27.376 147.442
-27.3429 147.493
-27.304 147.506
-27.2644 147.514
-27.2341 147.585
-27.196 147.602
-27.1553 147.603
-27.1174 147.623
-27.0824 147.662
-27.0517 147.731
-27.0128 147.744
-26.8714 147.895
-26.8321 147.905
-26.7618 147.985
-26.3784 148.451
-26.3431 148.491
-26.3039 148.504
-26.2675 148.536
-26.1679 148.703
-26.1332 148.748
-26.0974 148.785
-26.0657 148.852
-24.9636 149.527
-24.955 150.081
-24.9264 150.177
