-21.2188 111.759
-21.0804 111.257
-21.0482 111.257
-21.0177 111.269
-20.5235 110.299
-20.485 110.253
-20.2838 109.965
-20.2476 109.935
-20.2095 109.891
-20.1654 109.806
-20.1267 109.758
-20.0927 109.743
-20.0519 109.68
-20.0192 109.674
-19.9814 109.632
-19.9426 109.583
-19.7928 109.423
-19.6154 109.292
-19.5784 109.255
-19.5454 109.246
-19.5101 109.221
-19.4697 109.158
-19.4318 109.114
-19.3992 109.108
-19.3644 109.085
-19.3288 109.057
-19.2931 109.029
-19.2561 108.991
-19.2232 108.982
-19.1862 108.943
-19.1538 108.938
-19.1191 108.916
-19.0863 108.909
-18.9476 108.821
-18.9129 108.799
-18.8782 108.777
-18.8434 108.753
-18.8087 108.731
-18.7758 108.722
-18.7417 108.704
-18.7089 108.695
-18.6744 108.675
-18.6398 108.652
-18.6028 108.613
-18.57 108.604
-18.5338 108.57
-18.5016 108.565
-18.4691 108.559
-18.4353 108.543
-18.401 108.522
-18.3662 108.499
-18.3338 108.493
-18.3014 108.487
-18.2678 108.472
-18.235 108.463
-18.2007 108.442
-18.1662 108.42
-18.1337 108.414
-18.0983 108.385
-18.0652 108.373
-18.0316 108.358
-17.9998 108.357
-17.9699 108.37
-17.9375 108.364
-17.9023 108.336
-17.8675 108.311
-17.8347 108.302
-17.8021 108.294
-17.7692 108.284
-17.7387 108.293
-17.7061 108.285
-17.6736 108.278
-17.6416 108.275
-17.6094 108.27
-17.5765 108.26
-17.5427 108.242
-17.5079 108.217
-17.4754 108.21
-17.4429 108.202
-17.4096 108.189
-17.3775 108.185
-17.343 108.161
-17.309 108.142
-17.276 108.13
-17.2454 108.139
-17.2147 108.146
-17.1833 108.147
-17.1512 108.143
-17.1172 108.124
-17.0862 108.128
-17.0565 108.144
-17.0245 108.141
-16.9922 108.135
-16.9601 108.131
-16.9265 108.114
-16.8944 108.11
-16.863 108.111
-16.8314 108.111
-16.7999 108.112
-16.7683 108.112
-16.7359 108.105
-16.7037 108.1
-16.6711 108.091
-16.6383 108.081
-16.6061 108.077
-16.5745 108.076
-16.5431 108.078
-16.512 108.082
-16.4813 108.089
-16.45 108.092
-16.4182 108.09
-16.3863 108.087
-16.3547 108.087
-16.3234 108.09
-16.2921 108.093
-16.2607 108.094
-16.2294 108.097
-16.1983 108.101
-16.167 108.104
-16.1354 108.104
-16.104 108.105
-16.0722 108.104
-16.0409 108.107
-16.0106 108.118
-15.979 108.118
-15.9482 108.125
-15.9154 108.115
-15.8835 108.112
-15.8522 108.115
-15.8224 108.13
-15.7921 108.142
-15.7608 108.145
-15.7283 108.137
-15.6967 108.137
-15.6655 108.142
-15.6351 108.152
-15.6046 108.162
-15.5729 108.162
-15.5414 108.163
-15.5105 108.169
-15.4788 108.169
-15.447 108.167
-15.4154 108.167
-15.384 108.17
-15.353 108.175
-15.3219 108.18
-15.2912 108.188
-15.2608 108.2
-15.2298 108.206
-15.1999 108.222
-15.1697 108.235
-15.1393 108.246
-15.1084 108.253
-15.0775 108.261
-15.0473 108.274
-15.0167 108.284
-14.9855 108.288
-14.9537 108.286
-14.9221 108.288
-14.8912 108.295
-14.8611 108.31
-14.8308 108.323
-14.8013 108.343
-14.7709 108.355
-14.7398 108.36
-14.7101 108.379
-14.6801 108.395
-14.6493 108.404
-14.6179 108.407
-14.5869 108.414
-14.5569 108.43
-14.5276 108.453
-14.4982 108.475
-14.4671 108.481
-14.4358 108.485
-14.405 108.494
-14.3735 108.497
-14.3441 108.519
-14.3143 108.538
-14.2839 108.551
-14.2533 108.562
-14.2228 108.574
-14.1941 108.605
-14.1633 108.614
-14.1317 108.615
-14.1 108.616
-14.0692 108.625
-14.0403 108.654
-14.0093 108.662
-13.9778 108.664
-13.9481 108.685
-13.9188 108.71
-13.8893 108.733
-13.8599 108.757
-13.8301 108.777
-13.7992 108.786
-13.7679 108.792
-13.7376 108.806
-13.7078 108.827
-13.6781 108.849
-13.6482 108.868
-13.6176 108.881
-13.5876 108.9
-13.5577 108.919
-13.527 108.931
-13.4988 108.969
-13.4692 108.993
-13.44 109.021
-13.4102 109.042
-13.3798 109.058
-13.3491 109.069
-13.3207 109.106
-13.2912 109.131
-13.2601 109.14
-13.2315 109.174
-13.2007 109.186
-13.1722 109.223
-13.1424 109.245
-13.1113 109.254
-13.0813 109.275
-13.0532 109.316
-13.0239 109.344
-12.9959 109.387
-12.9655 109.403
-12.9365 109.436
-12.9055 109.446
-12.8754 109.467
-12.8455 109.489
-12.8169 109.526
-12.7865 109.544
-12.7584 109.587
-12.7302 109.629
-12.7007 109.657
-12.6723 109.697
-12.6444 109.744
-12.6137 109.759
-12.5834 109.778
-12.4989 109.909
-12.4679 109.921
-12.4391 109.959
-12.4109 110.003
-12.38 110.017
-12.3515 110.059
-12.2941 110.137
-12.2658 110.182
-11.9531 110.668
-11.9246 110.713
-11.8964 110.762
-11.8668 110.794
-11.8424 110.889
-11.7602 111.068
-11.7308 111.105
-11.7057 111.193
-11.6773 111.242
