29.8341 136.226
29.8554 136.128
29.8838 136.07
29.8996 135.94
29.9103 135.781
29.9312 135.682
29.6818 132.737
29.7005 132.631
29.7301 132.586
29.7607 132.547
29.7912 132.508
29.7987 132.339
29.8282 132.294
29.8554 132.237
29.8903 132.223
29.9317 132.036
29.9585 131.977
29.986 131.922
30.0197 131.902
30.045 131.835
30.0659 131.744
30.0966 131.708
30.1277 131.673
30.1554 131.621
30.1854 131.581
30.212 131.522
30.2412 131.478
30.2674 131.417
30.2936 131.357
30.3231 131.315
30.3511 131.264
30.3842 131.242
30.4132 131.198
30.4441 131.164
30.4695 131.1
30.4963 131.044
30.526 131.004
30.5598 130.986
30.5888 130.941
30.6214 130.917
30.6551 130.899
30.6829 130.849
30.7122 130.807
30.7418 130.767
30.7699 130.72
30.8036 130.702
30.8332 130.662
30.8624 130.62
30.8934 130.588
30.9289 130.58
30.9566 130.53
30.9831 130.474
31.0171 130.458
31.0517 130.447
31.0872 130.439
31.1174 130.403
31.1479 130.369
31.1804 130.345
31.2143 130.329
31.2459 130.301
31.2761 130.266
31.3009 130.202
31.3273 130.147
31.3638 130.145
31.4002 130.143
31.4322 130.117
31.4623 130.081
31.4938 130.054
31.5287 130.044
31.5614 130.022
31.5933 129.996
31.6271 129.98
31.662 129.97
31.6916 129.933
31.7231 129.905
31.7561 129.885
31.7872 129.856
31.819 129.83
31.8512 129.806
31.8849 129.791
31.9167 129.765
31.9516 129.755
31.9864 129.745
32.022 129.739
32.0557 129.724
32.0863 129.692
32.1169 129.661
32.1429 129.605
32.1715 129.564
32.2074 129.56
32.2464 129.572
32.277 129.54
32.3121 129.533
32.3461 129.519
32.377 129.489
32.409 129.466
32.443 129.452
32.477 129.438
32.5109 129.424
32.546 129.417
32.5823 129.415
32.6178 129.409
32.647 129.371
32.6775 129.34
32.7121 129.33
32.7464 129.318
32.7858 129.332
32.8244 129.342
32.8551 129.313
32.889 129.299
32.926 129.301
32.9587 129.281
32.9961 129.285
33.0311 129.277
33.0634 129.256
33.0922 129.217
33.1252 129.199
33.1602 129.191
33.1988 129.201
33.2346 129.197
33.2664 129.173
33.3018 129.168
33.3467 129.209
33.3888 129.236
33.4278 129.248
33.4608 129.23
33.4894 129.191
33.5192 129.158
33.559 129.173
33.5972 129.181
33.6285 129.156
33.6519 129.091
33.6869 129.083
33.7294 129.113
33.768 129.122
33.8045 129.122
33.8399 129.117
33.8732 129.101
33.909 129.097
33.9467 129.103
33.9841 129.107
34.0194 129.101
34.0523 129.083
34.0884 129.081
34.1282 129.097
34.1676 129.111
34.2021 129.101
34.2341 129.079
34.2678 129.066
34.3048 129.068
34.3393 129.058
34.3741 129.05
34.4139 129.066
34.4513 129.069
34.4841 129.052
34.519 129.044
34.5547 129.04
34.5933 129.05
34.6335 129.067
34.67 129.067
34.7057 129.064
34.7426 129.065
34.7808 129.073
34.819 129.081
34.858 129.093
34.8949 129.095
34.9293 129.085
34.9629 129.071
35.0003 129.075
35.0389 129.085
35.0783 129.099
35.1165 129.106
35.1539 129.11
35.1899 129.108
35.2256 129.104
35.2638 129.112
35.3058 129.138
35.3461 129.155
35.3784 129.136
35.4145 129.134
35.4523 129.139
35.4901 129.145
35.5304 129.163
35.5716 129.184
35.6111 129.198
35.6489 129.204
35.685 129.202
35.7232 129.21
35.7597 129.21
35.8005 129.229
35.8413 129.249
35.88 129.259
35.9182 129.267
35.9573 129.278
35.999 129.302
36.039 129.317
36.0751 129.315
36.1134 129.323
36.1525 129.335
36.1938 129.357
36.2312 129.36
36.2686 129.364
36.3513 129.407
36.393 129.431
37.2192 129.852
37.7053 130.215
