35.007 131.726
35.0344 131.68
35.0407 131.533
34.574 129.132
35.0081 131.025
35.011 130.863
34.6449 128.602
34.7975 127.95
34.8223 127.896
34.8397 127.807
34.8669 127.765
34.8879 127.694
34.9053 127.606
34.923 127.519
34.9411 127.435
34.9735 127.418
35.0047 127.395
35.0331 127.359
35.0515 127.276
35.0699 127.194
35.0973 127.154
35.1276 127.128
35.1608 127.114
35.1862 127.065
35.2127 127.021
35.2356 126.96
35.2571 126.893
35.2795 126.831
35.2928 126.726
35.3176 126.675
35.3507 126.662
35.3813 126.637
35.4176 126.639
35.4536 126.639
35.4874 126.63
35.5205 126.616
35.5473 126.575
35.5666 126.499
35.5896 126.44
35.6135 126.386
35.6406 126.346
35.669 126.312
35.7019 126.299
35.7282 126.255
35.7603 126.238
35.7866 126.195
35.8187 126.178
35.8445 126.133
35.8723 126.097
35.9015 126.067
35.9293 126.031
35.958 125.999
35.9867 125.968
36.0166 125.941
36.0469 125.917
36.0726 125.872
36.1016 125.842
36.129 125.804
36.1626 125.795
36.1942 125.776
36.2261 125.759
36.2555 125.731
36.2845 125.701
36.3143 125.675
36.3437 125.647
36.3735 125.621
36.4054 125.604
36.4313 125.561
36.4581 125.522
36.4887 125.5
36.5223 125.49
36.5541 125.474
36.5826 125.442
36.6131 125.419
36.6458 125.406
36.6802 125.401
36.7141 125.393
36.743 125.364
36.7654 125.306
