-24.8707 83.9047
-24.8434 83.8995
10.5283 175.535
10.5748 175.528
10.6205 175.502
12.1539 172.821
12.1997 172.811
12.2862 172.708
12.3274 172.621
12.3727 172.605
12.417 172.571
12.4606 172.527
12.5061 172.515
12.5519 172.508
12.5976 172.499
12.6389 172.418
12.682 172.365
12.7257 172.325
12.7709 172.309
12.8148 172.272
12.8604 172.262
12.9037 172.216
12.9449 172.135
12.9903 172.122
13.0366 172.125
13.0802 172.085
13.1261 172.082
13.1716 172.072
13.217 172.059
13.258 171.979
13.3031 171.963
13.3463 171.917
13.3892 171.867
13.4347 171.858
13.4807 171.858
13.5262 171.848
13.5706 171.823
13.6167 171.823
13.6621 171.813
13.7065 171.788
13.7516 171.773
13.7972 171.766
13.8432 171.766
13.8886 171.757
13.9324 171.723
13.9774 171.707
14.0214 171.676
14.0663 171.66
14.1107 171.635
14.155 171.611
14.2 171.595
14.2466 171.604
14.2932 171.613
14.3388 171.606
14.3839 171.594
14.4293 171.584
14.4736 171.559
14.5185 171.544
14.5636 171.531
14.6096 171.531
14.6557 171.534
14.7013 171.527
14.7462 171.512
14.7908 171.493
14.835 171.468
14.8803 171.459
14.9256 171.449
14.9705 171.433
15.0142 171.403
15.0602 171.402
15.1045 171.38
15.1454 171.31
15.1966 171.383
15.2515 171.505
15.2965 171.493
15.3398 171.456
15.3844 171.437
15.4276 171.4
15.4733 171.396
15.5197 171.402
15.566 171.408
15.6117 171.405
15.6581 171.41
15.7047 171.419
15.7507 171.419
15.7961 171.412
15.8416 171.406
15.8868 171.397
15.9327 171.396
15.98 171.414
16.0269 171.426
16.0728 171.426
16.1173 171.407
16.1628 171.401
16.2099 171.416
16.256 171.418
16.3012 171.409
16.3474 171.412
16.395 171.433
16.4428 171.457
16.489 171.46
16.5349 171.459
16.5825 171.48
16.6292 171.489
16.6758 171.498
16.7225 171.507
16.7692 171.516
16.8168 171.537
16.863 171.54
16.9099 171.552
16.9566 171.56
17.0038 171.575
17.0519 171.603
17.0984 171.608
17.1463 171.633
17.1928 171.638
17.2393 171.644
17.2862 171.656
17.3329 171.665
17.3812 171.692
17.4302 171.729
17.4772 171.741
17.5239 171.75
17.5701 171.752
17.6164 171.755
17.6626 171.758
17.7137 171.819
17.7623 171.849
17.8096 171.864
17.8587 171.901
17.9087 171.946
17.9552 171.952
18.0015 171.955
18.0504 171.988
18.0998 172.028
18.1491 172.065
18.1956 172.071
18.243 172.086
18.2928 172.128
18.3399 172.14
18.3867 172.149
18.436 172.186
18.4856 172.225
18.5327 172.237
18.5821 172.274
18.6298 172.292
18.683 172.372
18.7335 172.421
18.784 172.47
18.8342 172.516
18.8851 172.569
18.9362 172.624
18.9871 172.676
19.0369 172.716
19.0844 172.731
19.1351 172.78
19.1886 172.861
19.2368 172.882
19.2889 172.947
19.3374 172.971
19.3885 173.024
19.4427 173.11
19.4912 173.135
19.5444 173.209
19.5988 173.296
19.654 173.392
19.7024 173.414
19.753 173.46
