-24.6597 104.694
-24.628 104.688
-24.5953 104.677
-24.5047 104.513
-24.4691 104.485
-24.4348 104.464
-24.3995 104.438
-24.3612 104.395
-24.3242 104.359
-24.0179 104.009
-23.9864 104.003
-23.9551 103.999
-23.9215 103.981
-23.7384 103.806
-23.7093 103.814
-23.6752 103.794
-23.6386 103.758
-23.6069 103.751
-23.57 103.714
-23.0915 103.408
-23.0602 103.403
-22.9182 103.282
-22.8899 103.294
-22.8567 103.278
-22.8231 103.259
-22.7913 103.25
-22.7577 103.231
-22.7248 103.216
-22.6944 103.216
-22.6627 103.208
-22.6266 103.174
-22.5985 103.187
-22.5667 103.179
-22.5327 103.157
-22.5019 103.154
-22.4688 103.137
-22.4353 103.118
-22.4015 103.098
-22.3689 103.084
-22.3399 103.092
-22.3082 103.084
-22.2711 103.043
-22.2385 103.029
-22.2057 103.014
-22.1758 103.017
-22.1481 103.033
-22.1175 103.031
-22.0843 103.013
-22.051 102.996
-22.0178 102.978
-21.9863 102.971
-21.9549 102.964
-21.9241 102.961
-21.8931 102.957
-21.8596 102.938
-21.828 102.93
-21.7968 102.924
-21.7664 102.924
-21.7359 102.922
-21.7051 102.919
-21.6741 102.915
-21.6424 102.907
-21.6114 102.903
-21.5791 102.89
-21.5477 102.883
-21.5167 102.879
-21.4864 102.879
-21.4556 102.876
-21.4227 102.86
-21.3897 102.843
-21.3605 102.85
-21.3312 102.857
-21.3002 102.852
-21.2673 102.836
-21.2357 102.828
-21.2054 102.828
-21.1759 102.833
-21.1455 102.833
-21.116 102.838
-21.0882 102.854
-21.0575 102.851
-21.0244 102.833
-20.9932 102.828
-20.9631 102.829
-20.9319 102.823
-20.9013 102.822
-20.8712 102.823
-20.8404 102.82
-20.8092 102.815
-20.7789 102.815
-20.7498 102.822
-20.7194 102.822
-20.6881 102.815
-20.6573 102.813
-20.6267 102.811
-20.5964 102.811
-20.5671 102.817
-20.5375 102.823
-20.5074 102.824
-20.4779 102.829
-20.4483 102.834
-20.4178 102.833
-20.3866 102.827
-20.355 102.819
-20.324 102.815
-20.2939 102.816
-20.2645 102.823
-20.2366 102.839
-20.2069 102.843
-20.1771 102.846
-20.1473 102.85
-20.1176 102.854
-20.0876 102.857
-20.0581 102.862
-20.0281 102.865
-19.9989 102.872
-19.9705 102.886
-19.941 102.891
-19.9092 102.881
-19.8776 102.873
-19.8484 102.881
-19.8184 102.884
-19.789 102.89
-19.76 102.9
-19.7295 102.898
-19.6995 102.901
-19.6711 102.914
-19.6428 102.929
-19.6134 102.935
-19.5834 102.938
-19.5536 102.942
-19.5242 102.948
-19.4948 102.955
-19.4657 102.964
-19.4359 102.968
-19.4065 102.975
-19.3778 102.987
-19.3509 103.011
-19.3218 103.02
-19.2914 103.02
-19.2602 103.015
-19.2298 103.015
-19.2005 103.023
-19.1732 103.044
-19.1449 103.059
-19.1138 103.055
-19.0834 103.054
-19.0566 103.08
-19.0281 103.093
-18.9978 103.095
-18.9693 103.108
-18.9409 103.123
-18.9124 103.136
-18.8827 103.142
-18.8522 103.141
-18.825 103.164
-18.797 103.182
-18.7684 103.195
-18.7394 103.206
-18.7108 103.219
-18.6851 103.253
-18.6596 103.29
-18.6308 103.302
-18.6005 103.303
-18.5706 103.307
-18.5404 103.31
-18.5109 103.316
-18.4834 103.338
-18.4534 103.342
-18.4247 103.355
-18.3957 103.366
-18.3693 103.396
-18.3402 103.407
-18.3125 103.427
-18.2823 103.43
-18.2536 103.443
-18.2242 103.451
-18.1966 103.473
-18.1686 103.492
-18.1406 103.511
-18.1128 103.531
-18.0828 103.535
-18.0529 103.54
-18.0269 103.574
-17.9954 103.567
-17.9674 103.586
-17.9419 103.624
-17.916 103.66
-17.8876 103.676
-17.8564 103.672
-17.8286 103.692
-17.8008 103.714
-17.7753 103.752
-17.7477 103.775
-17.7178 103.781
-17.6888 103.793
-17.6569 103.783
-17.6309 103.819
-17.6058 103.861
-17.58 103.898
-17.5504 103.906
-17.5242 103.94
-17.4942 103.946
-17.4667 103.97
-17.4414 104.011
-17.4121 104.022
-17.3863 104.06
-17.3586 104.084
-17.3283 104.086
-17.2995 104.101
-17.272 104.126
-16.978 104.475
-16.9497 104.496
-16.9215 104.516
-16.4429 105.144
-16.4154 105.172
-16.3908 105.225
-16.365 105.268
-16.2426 105.541
-16.2167 105.585
-16.1886 105.61
-16.1611 105.64
-16.1371 105.7
-16.1114 105.745
-16.0859 105.793
-16.0644 105.875
-16.0374 105.91
-16.0112 105.952
-15.985 105.994
-15.746 108.859
