-24.8702 83.9027
-24.8434 83.8995
-2.35583 136.083
-2.31717 136.051
-2.27838 136.009
-1.46708 135.004
-1.42877 134.967
-1.39054 134.937
-1.23763 134.804
-1.19947 134.774
-1.16142 134.76
-1.12309 134.701
-1.08497 134.672
-1.04702 134.668
-1.0089 134.635
-0.970913 134.622
-0.932699 134.568
-0.894654 134.541
-0.856706 134.531
-0.628735 134.368
-0.590848 134.36
-0.552896 134.331
-0.514962 134.304
-0.477107 134.3
-0.439237 134.29
-0.401275 134.24
-0.363408 134.223
-0.325512 134.188
-0.287649 134.163
-0.249821 134.153
-0.212005 134.149
-0.174186 134.141
-0.136352 134.112
-0.0985417 134.099
-0.060739 134.091
-0.0229408 134.087
0.0148558 134.066
0.0526447 134.052
0.0904148 134.008
0.128189 134
0.165961 133.994
0.203728 133.985
0.241467 133.959
0.279223 133.95
0.31699 133.95
0.354753 133.948
0.392484 133.932
0.430232 133.926
0.467934 133.903
0.505614 133.876
0.543346 133.87
0.581075 133.864
0.618788 133.853
0.656511 133.847
0.694191 133.831
0.731924 133.829
0.769638 133.823
0.807282 133.802
0.844968 133.792
0.882586 133.769
0.920304 133.767
0.958043 133.769
0.99576 133.767
1.03345 133.761
1.07117 133.759
1.10885 133.753
1.14647 133.736
1.18409 133.722
1.2218 133.72
1.25961 133.732
1.29717 133.711
1.33479 133.699
1.37244 133.691
1.41016 133.691
1.44787 133.691
1.48553 133.685
1.52319 133.679
1.56092 133.681
1.59861 133.679
1.6363 133.677
1.67403 133.679
1.71178 133.683
1.74964 133.697
1.78757 133.718
1.82536 133.724
1.86292 133.71
1.9005 133.697
1.93762 133.644
1.97522 133.635
2.01329 133.666
2.05124 133.687
2.08881 133.675
2.12657 133.679
2.16423 133.675
2.20197 133.677
2.23984 133.689
2.27761 133.693
2.31533 133.693
2.35302 133.691
2.39065 133.685
2.42833 133.683
2.46605 133.683
2.50379 133.685
2.54175 133.702
2.57959 133.71
2.6174 133.716
2.65522 133.722
2.69311 133.733
2.73093 133.739
2.76869 133.741
2.80645 133.743
2.84428 133.749
2.88218 133.76
2.92005 133.768
2.95782 133.77
2.9957 133.778
3.03354 133.785
3.07121 133.78
3.10887 133.776
3.14668 133.78
3.18495 133.809
3.22296 133.824
3.26094 133.836
3.29889 133.847
3.33708 133.869
3.37495 133.876
3.41283 133.882
3.45084 133.894
3.48885 133.907
3.52691 133.921
3.56446 133.911
3.60257 133.927
3.64091 133.954
3.67904 133.971
3.7173 133.994
3.75558 134.016
3.7936 134.027
3.83152 134.033
3.86941 134.037
3.90753 134.052
3.94565 134.066
3.98364 134.074
4.02168 134.085
4.05997 134.106
4.09871 134.145
4.13682 134.157
4.17489 134.168
4.21306 134.182
4.25129 134.199
4.28943 134.211
4.3284 134.257
4.36671 134.276
4.40524 134.303
4.44347 134.317
4.48131 134.317
4.51933 134.324
4.55756 134.338
4.59675 134.388
4.63511 134.407
4.67366 134.432
4.71182 134.442
4.75055 134.473
4.78919 134.501
4.82731 134.509
4.86678 134.565
4.9064 134.626
4.9451 134.653
4.98326 134.661
5.02203 134.69
5.06026 134.701
5.09899 134.728
5.13811 134.768
5.17781 134.826
5.21684 134.862
5.25576 134.893
5.29508 134.937
5.33409 134.971
5.37247 134.983
5.41111 135.004
5.45102 135.065
5.48963 135.084
5.52905 135.128
5.56768 135.147
5.60666 135.176
5.64654 135.233
5.68596 135.275
5.72603 135.336
5.76522 135.37
5.80541 135.433
5.84577 135.5
5.88523 135.54
5.92457 135.576
5.96384 135.61
6.00394 135.667
6.04385 135.718
6.08407 135.777
6.12462 135.844
6.16536 135.916
6.2059 135.982
6.24548 136.02
6.2863 136.092
6.32786 136.184
6.36744 136.22
6.4071 136.258
6.49199 136.482
6.53223 136.533
6.57395 136.623
