-13.3561 144.887
-12.784 143.575
-12.7435 143.562
-12.699 143.493
-12.6095 143.346
-12.5656 143.284
-12.4319 143.067
-12.3916 143.056
-12.3498 143.022
-12.3079 142.988
-12.2641 142.924
-11.8791 142.478
-11.8389 142.465
-11.7991 142.458
-11.7572 142.42
-11.7164 142.397
-11.6736 142.346
-11.6331 142.328
-11.5916 142.294
-11.5499 142.258
-11.5068 142.2
-11.4671 142.193
-11.4254 142.157
-11.3838 142.122
-11.344 142.113
-11.3031 142.088
-11.2623 142.063
-11.222 142.048
-11.1802 142.007
-11.1385 141.969
-11.0987 141.961
-11.0577 141.934
-11.0165 141.902
-10.9752 141.869
-10.9346 141.847
-10.8948 141.838
-10.8548 141.824
-10.8129 141.782
-10.7726 141.764
-10.7319 141.74
-10.6922 141.731
-10.6523 141.72
-10.6123 141.706
-10.5717 141.684
-10.5313 141.664
-10.4914 141.653
-10.4507 141.626
-10.4109 141.617
-10.3712 141.608
-10.3294 141.564
-10.2896 141.553
-10.25 141.546
-10.2102 141.535
-10.1698 141.513
-10.1301 141.504
-10.0901 141.49
-10.0491 141.457
-10.0094 141.448
-9.96988 141.441
-9.9306 141.439
-9.89094 141.43
-9.85116 141.419
-9.81089 141.399
-9.77101 141.386
-9.73075 141.366
-9.69137 141.362
-9.65186 141.355
-9.61248 141.351
-9.57237 141.333
-9.53275 141.324
-9.49326 141.317
-9.45388 141.313
-9.41439 141.306
-9.3742 141.286
-9.33401 141.266
-9.2943 141.255
-9.25494 141.251
-9.21594 141.253
-9.1767 141.251
-9.137 141.24
-9.09696 141.222
-9.05876 141.24
-9.02066 141.26
-8.98142 141.258
-8.94173 141.246
-8.90261 141.246
-8.86349 141.246
-8.82347 141.229
-8.78379 141.218
-8.74467 141.218
-8.70588 141.224
-8.66687 141.227
-8.62786 141.229
-8.58885 141.231
-8.55005 141.238
-8.51071 141.233
-8.4703 141.207
-8.43065 141.196
-8.39174 141.2
-8.3541 141.231
-8.31666 141.267
-8.27826 141.282
-8.23891 141.278
-8.19977 141.278
-8.15971 141.258
-8.12099 141.267
-8.08134 141.256
-8.0416 141.242
-8.00216 141.236
-7.96283 141.231
-7.9241 141.24
-7.88577 141.258
-7.84683 141.262
-7.80799 141.269
-7.76944 141.282
-7.73197 141.32
-7.69301 141.324
-7.65367 141.32
-7.61422 141.313
-7.57546 141.322
-7.5365 141.327
-7.49734 141.327
-7.45866 141.338
-7.42016 141.353
-7.38138 141.362
-7.34175 141.351
-7.30277 141.356
-7.26435 141.373
-7.22573 141.387
-7.18711 141.4
-7.14839 141.411
-7.1094 141.416
-7.07031 141.418
-7.03167 141.431
-6.99293 141.442
-6.95436 141.458
-6.91553 141.467
-6.87677 141.478
-6.83802 141.489
-6.79943 141.505
-6.761 141.525
-6.72265 141.547
-6.68378 141.556
-6.64508 141.569
-6.60662 141.589
-6.56781 141.6
-6.52859 141.6
-6.49011 141.62
-6.45179 141.645
-6.41313 141.661
-6.3743 141.672
-6.33578 141.692
-6.29758 141.721
-6.25952 141.754
-6.22113 141.779
-6.18281 141.806
-6.14378 141.812
-6.10443 141.81
-6.06593 141.832
-6.02719 141.848
-5.98936 141.89
-5.95037 141.899
-5.91145 141.911
-5.87306 141.937
-5.83479 141.969
-5.79586 141.98
-5.75757 142.011
-5.71847 142.018
-5.68031 142.054
-5.64277 142.11
-5.60386 142.123
-5.56558 142.157
-5.52665 142.17
-5.48911 142.229
-5.45079 142.262
-5.41203 142.282
-5.37299 142.294
-5.33477 142.332
-5.29625 142.361
-5.25726 142.374
-5.21892 142.41
-5.18063 142.449
-5.1422 142.482
-5.1031 142.494
-5.06457 142.525
-5.02693 142.588
-4.98926 142.651
-4.95005 142.66
-4.91158 142.696
-4.75769 142.845
-4.68065 142.92
-4.64219 142.961
-4.60412 143.017
-4.56574 143.062
-4.52792 143.13
-4.48921 143.164
-4.45054 143.201
-4.29757 143.423
-4.25891 143.464
-4.22099 143.537
-4.18342 143.626
-4.14475 143.669
-4.106 143.71
-4.06713 143.747
-4.02964 143.845
-3.95378 144.007
-3.76398 144.436
