-24.8722 83.9118
-24.8437 83.9005
-7.38384 137.499
-7.34398 137.466
-7.30413 137.434
-7.05675 137.031
-7.01774 137.016
-6.61435 136.51
-6.57574 136.502
-6.53656 136.479
-6.49804 136.473
-6.45856 136.441
-6.41878 136.4
-6.37831 136.341
-6.33967 136.33
-6.21916 136.171
-6.18063 136.163
-6.14159 136.14
-6.10315 136.133
-6.06359 136.095
-6.02405 136.057
-5.98556 136.049
-5.94671 136.03
-5.9075 136
-5.86838 135.973
-5.82891 135.935
-5.78953 135.899
-5.75087 135.884
-5.71186 135.859
-5.67287 135.834
-5.63445 135.826
-5.59533 135.796
-5.5563 135.769
-5.51701 135.733
-5.47787 135.701
-5.43881 135.672
-5.40043 135.663
-5.36219 135.659
-5.32381 135.651
-5.2855 135.645
-5.24603 135.601
-5.20761 135.59
-5.16881 135.567
-5.1304 135.557
-5.09206 135.548
-5.05272 135.506
-5.01464 135.506
-4.97649 135.504
-4.93817 135.496
-4.89918 135.465
-4.86021 135.433
-4.82119 135.4
-4.78295 135.393
-4.74478 135.389
-4.70654 135.383
-4.66837 135.379
-4.62991 135.364
-4.59163 135.356
-4.55301 135.335
-4.51474 135.327
-4.47653 135.321
-4.43843 135.319
-4.39989 135.3
-4.36158 135.289
-4.32338 135.283
-4.28523 135.279
-4.24698 135.271
-4.20827 135.243
-4.16998 135.233
-4.13185 135.229
-4.09377 135.227
-4.05559 135.221
-4.01731 135.21
-3.97914 135.204
-3.94106 135.202
-3.90294 135.198
-3.86439 135.175
-3.82633 135.173
-3.78817 135.167
-3.7501 135.165
-3.71194 135.159
-3.67375 135.15
-3.6356 135.144
-3.59749 135.14
-3.5593 135.132
-3.52137 135.136
-3.48349 135.142
-3.44547 135.143
-3.40733 135.136
-3.36915 135.128
-3.33105 135.124
-3.29296 135.12
-3.25495 135.12
-3.2169 135.118
-3.1788 135.114
-3.14079 135.114
-3.10301 135.127
-3.06541 135.15
-3.02791 135.179
-2.99022 135.198
-2.95251 135.217
-2.91394 135.186
-2.87524 135.146
-2.83711 135.14
-2.79892 135.129
-2.7608 135.123
-2.72251 135.107
-2.6847 135.119
-2.64701 135.14
-2.60873 135.124
-2.57062 135.117
-2.53282 135.132
-2.49508 135.151
-2.45733 135.17
-2.41927 135.168
-2.38124 135.168
-2.34333 135.177
-2.30536 135.181
-2.2673 135.179
-2.2291 135.166
-2.19105 135.164
-2.15321 135.179
-2.11538 135.196
-2.0776 135.217
-2.03967 135.226
-2.00175 135.236
-1.96375 135.241
-1.92578 135.247
-1.88782 135.255
-1.84989 135.266
-1.8119 135.272
-1.77398 135.285
-1.73603 135.296
-1.69804 135.302
-1.66 135.304
-1.62204 135.315
-1.58433 135.353
-1.54635 135.363
-1.50829 135.366
-1.47029 135.374
-1.43243 135.399
-1.39441 135.408
-1.35645 135.423
-1.31844 135.433
-1.28041 135.442
-1.24235 135.446
-1.20437 135.463
-1.16638 135.478
-1.12845 135.503
-1.09051 135.531
-1.05249 135.545
-1.01444 135.556
-0.976491 135.586
-0.938399 135.592
-0.900317 135.601
-0.86223 135.609
-0.824232 135.637
-0.786153 135.649
-0.748229 135.698
-0.710112 135.706
-0.67206 135.732
-0.633972 135.751
-0.595928 135.785
-0.557784 135.793
-0.519683 135.817
-0.481546 135.832
-0.443437 135.859
-0.405279 135.872
-0.367101 135.878
-0.32898 135.914
-0.290824 135.94
-0.252666 135.972
-0.214471 135.987
-0.176315 136.042
-0.138093 136.053
-0.0998962 136.106
-0.0616645 136.135
-0.0234136 136.14
0.0148394 136.148
0.0531013 136.18
0.0913812 136.221
0.129675 136.255
0.168001 136.308
0.206309 136.323
0.244648 136.357
0.283 136.389
0.32137 136.423
0.359709 136.434
0.39808 136.457
0.590519 136.701
0.629052 136.744
0.667652 136.799
0.706174 136.829
0.744619 136.838
0.783298 136.898
0.821913 136.939
0.860641 136.999
0.899287 137.038
0.937938 137.074
0.976762 137.139
1.01561 137.203
1.05434 137.242
1.09326 137.309
1.13224 137.38
1.17122 137.447
1.21025 137.516
1.24907 137.552
1.2881 137.615
1.32727 137.691
1.36661 137.786
1.40574 137.849
1.44472 137.89
1.48383 137.944
1.93041 139.885
1.96933 139.87
2.00868 139.892
