-8.05 143.155
-8.00912 143.125
-7.96997 143.134
-7.83353 142.732
-7.44949 142.048
-7.40848 142.007
-7.36637 141.94
-7.32439 141.875
-7.28446 141.86
-7.24252 141.795
-7.20079 141.734
-7.16109 141.723
-7.11932 141.661
-7.0782 141.614
-7.0363 141.547
-6.9947 141.487
-6.95525 141.48
-6.91334 141.411
-6.87242 141.367
-6.83221 141.34
-6.79262 141.329
-6.75226 141.298
-6.71183 141.264
-6.66989 141.191
-6.62925 141.151
-6.59005 141.149
-6.54993 141.122
-6.50925 141.08
-6.46924 141.056
-6.42973 141.044
-6.38845 140.985
-6.34767 140.938
-6.30756 140.909
-6.26769 140.887
-6.22831 140.878
-6.18901 140.872
-6.14785 140.812
-6.10826 140.796
-6.06813 140.765
-6.02696 140.704
-5.98634 140.657
-5.94717 140.653
-5.90838 140.659
-5.86959 140.666
-5.83035 140.659
-5.78935 140.6
-5.74903 140.56
-5.70874 140.52
-5.6686 140.485
-5.62941 140.478
-5.5905 140.48
-5.55138 140.476
-5.51156 140.45
-5.47204 140.432
-5.43272 140.421
-5.39266 140.386
-5.3533 140.372
-5.31421 140.368
-5.27465 140.348
-5.2353 140.335
-5.19556 140.308
-5.15609 140.291
-5.11644 140.267
-5.07699 140.249
-5.03844 140.262
-4.99926 140.253
-4.95976 140.233
-4.92008 140.207
-4.88079 140.194
-4.84211 140.203
-4.80325 140.205
-4.76385 140.187
-4.72439 140.167
-4.6847 140.139
-4.64532 140.121
-4.60607 140.108
-4.56676 140.093
-4.52728 140.071
-4.48816 140.062
-4.4491 140.055
-4.41015 140.053
-4.37126 140.053
-4.33198 140.037
-4.29228 140.005
-4.2534 140.004
-4.21489 140.02
-4.17617 140.026
-4.13707 140.017
-4.09818 140.017
-4.05925 140.015
-4.02016 140.006
-3.98127 140.006
-3.94239 140.006
-3.90346 140.004
-3.86452 140.002
-3.82559 139.999
-3.78661 139.995
-3.74759 139.988
-3.70871 139.988
-3.66982 139.988
-3.63071 139.977
-3.59188 139.979
-3.553 139.979
-3.51439 139.992
-3.47533 139.984
-3.43644 139.984
-3.39752 139.981
-3.35834 139.966
-3.31976 139.981
-3.28096 139.985
-3.24244 140.005
-3.2036 140.007
-3.16455 139.998
-3.12554 139.992
-3.08669 139.994
-3.04765 139.985
-3.00892 139.994
-2.96962 139.97
-2.93058 139.961
-2.8917 139.961
-2.8529 139.965
-2.81427 139.98
-2.77549 139.987
-2.73674 139.995
-2.69806 140.008
-2.65934 140.019
-2.62054 140.026
-2.58164 140.026
-2.54268 140.021
-2.50382 140.023
-2.46492 140.023
-2.42608 140.028
-2.38746 140.047
-2.34874 140.06
-2.30989 140.065
-2.27104 140.069
-2.23234 140.084
-2.19359 140.097
-2.15481 140.108
-2.11595 140.113
-2.07711 140.119
-2.0383 140.128
-1.99945 140.134
-1.96063 140.143
-1.9219 140.16
-1.88318 140.18
-1.84432 140.187
-1.80543 140.191
-1.76656 140.197
-1.72773 140.208
-1.68896 140.226
-1.65014 140.239
-1.6114 140.261
-1.57257 140.274
-1.53381 140.296
-1.49501 140.313
-1.45617 140.329
-1.41726 140.335
-1.37839 140.348
-1.33952 140.361
-1.30078 140.392
-1.26193 140.41
-1.22307 140.427
-1.18412 140.434
-1.14517 140.44
-1.10638 140.471
-1.06749 140.488
-1.02862 140.51
-0.989665 140.519
-0.95083 140.55
-0.912018 140.587
-0.87313 140.614
-0.834129 140.62
-0.795233 140.649
-0.756335 140.679
-0.717335 140.69
-0.678339 140.704
-0.63948 140.752
-0.60049 140.772
-0.561611 140.825
-0.522574 140.838
-0.483573 140.864
-0.444561 140.891
-0.405494 140.902
-0.366412 140.908
-0.327428 140.959
-0.288354 140.977
-0.249296 141.008
-0.210228 141.041
-0.171146 141.074
-0.132047 141.105
-0.0929406 141.143
-0.0538196 141.182
-0.0146776 141.216
0.0244794 141.247
0.0636512 141.264
0.102836 141.326
0.142041 141.366
0.181259 141.4
0.22049 141.431
0.259736 141.464
0.299027 141.522
0.338291 141.544
0.37761 141.593
0.4169 141.615
0.456269 141.671
0.495647 141.72
0.535069 141.778
0.574411 141.798
0.613902 141.865
0.653428 141.934
0.692955 141.994
0.732337 142.008
0.890809 142.258
0.930527 142.328
0.97012 142.366
1.04987 142.539
1.08954 142.577
1.12926 142.622
1.16955 142.76
1.20968 142.862
1.24964 142.929
1.28949 142.977
1.32997 143.113
1.37007 143.187
