-0.975504 146.047
-0.934389 145.978
-0.893281 145.904
-0.852205 145.831
-0.811281 145.784
-0.770325 145.725
-0.729455 145.68
-0.688482 145.604
-0.64757 145.536
-0.606869 145.519
-0.566058 145.468
-0.525364 145.446
-0.484578 145.39
-0.443768 145.315
-0.403058 145.268
-0.362389 145.23
-0.32174 145.195
-0.281095 145.153
-0.240467 145.11
-0.199834 145.049
-0.159257 145.017
-0.118712 145.005
-0.0781549 144.968
-0.0376031 144.902
0.00291077 144.89
0.0434176 144.827
0.0839115 144.818
0.12439 144.785
0.164852 144.748
0.2053 144.713
0.245757 144.699
0.286151 144.643
0.326588 144.629
0.367023 144.618
0.407363 144.562
0.447727 144.527
0.488081 144.494
0.528466 144.478
0.56881 144.45
0.609187 144.436
0.649494 144.404
0.689763 144.364
0.730077 144.341
0.770429 144.329
0.810786 144.32
0.851077 144.297
0.891391 144.281
0.93163 144.251
0.971903 144.23
1.01217 144.209
1.05237 144.179
1.09265 144.163
1.13293 144.149
1.17322 144.138
1.21345 144.119
1.25364 144.094
1.29385 144.073
1.33409 144.059
1.37422 144.029
1.41452 144.025
1.45479 144.015
1.49501 144.002
1.53512 143.974
1.57523 143.949
1.61551 143.944
1.65575 143.935
1.69592 143.919
1.736 143.893
1.77621 143.882
1.81636 143.866
1.85662 143.861
1.89688 143.857
1.93702 143.841
1.9772 143.829
2.01738 143.818
2.0576 143.811
2.09774 143.797
2.13794 143.788
2.17812 143.779
2.21828 143.768
2.25846 143.759
2.29869 143.754
2.33889 143.747
2.37897 143.731
2.41893 143.706
2.45908 143.697
2.49933 143.695
2.53958 143.692
2.57976 143.686
2.61991 143.677
2.66009 143.67
2.70026 143.663
2.74047 143.658
2.78074 143.659
2.82077 143.643
2.86094 143.636
2.90121 143.636
2.94126 143.622
2.98111 143.597
3.02134 143.595
3.06168 143.6
3.10226 143.618
3.14269 143.628
3.18304 143.632
3.22324 143.628
3.26351 143.628
3.30353 143.614
3.34338 143.591
3.38399 143.61
3.42409 143.601
3.46454 143.61
3.50494 143.618
3.54535 143.625
3.58594 143.641
3.62586 143.623
3.66646 143.639
3.70688 143.646
3.74721 143.649
3.78769 143.658
3.82817 143.668
3.86855 143.672
3.90879 143.67
3.94913 143.673
3.98942 143.673
4.02977 143.675
4.07016 143.68
4.11071 143.692
4.15127 143.704
4.19195 143.72
4.23252 143.732
4.27309 143.743
4.31379 143.76
4.35421 143.765
4.39452 143.765
4.43489 143.767
4.47555 143.781
4.51598 143.786
4.5563 143.786
4.59674 143.791
4.63789 143.824
4.67905 143.857
4.71962 143.866
4.75996 143.866
4.80079 143.885
4.84132 143.892
4.88191 143.901
4.92326 143.939
4.96418 143.96
5.00499 143.976
5.04529 143.974
5.08572 143.977
5.12635 143.986
5.16698 143.996
5.20867 144.042
5.24972 144.066
5.29078 144.089
5.33144 144.099
5.37252 144.122
5.41306 144.127
5.4538 144.139
5.49504 144.167
5.53602 144.186
5.57601 144.172
5.61742 144.205
5.65906 144.244
5.70057 144.28
5.74116 144.284
5.78174 144.289
5.82299 144.315
5.86441 144.346
5.90591 144.379
5.94682 144.393
5.98835 144.426
6.03005 144.463
6.07099 144.477
6.11318 144.529
6.15398 144.538
6.19479 144.548
6.2364 144.581
6.27802 144.614
6.31982 144.652
6.36172 144.692
6.40265 144.703
6.44516 144.76
6.48619 144.774
6.52807 144.812
6.56997 144.85
6.61171 144.883
6.65347 144.916
6.69549 144.956
6.73737 144.991
6.77831 145.001
6.82143 145.069
6.86379 145.117
6.90723 145.192
6.9492 145.228
6.99011 145.235
7.0331 145.296
7.07448 145.315
7.11769 145.382
7.20319 145.488
7.24519 145.522
7.37372 145.683
7.41741 145.757
7.46142 145.838
7.50517 145.912
7.54751 145.95
7.63674 146.136
7.68024 146.2
7.72159 146.212
