11.5132 135.003
11.5513 134.999
11.5901 135.005
11.6296 132.243
11.6607 132.148
11.6919 132.054
11.7239 131.973
11.7558 131.891
11.7908 131.853
11.8254 131.81
11.881 131.533
11.9144 131.475
11.9505 131.454
11.9837 131.394
12.0163 131.325
12.0476 131.239
12.0805 131.176
12.1153 131.138
12.3485 130.747
12.3801 130.669
12.4163 130.653
12.4528 130.641
12.4865 130.593
12.519 130.529
12.5518 130.469
12.5869 130.44
12.6216 130.406
12.6561 130.368
12.6905 130.33
12.7248 130.292
12.7577 130.234
12.7911 130.185
12.8261 130.155
12.8607 130.121
12.8953 130.088
12.9299 130.054
12.9648 130.024
12.9989 129.984
13.0339 129.957
13.0706 129.951
13.1058 129.925
13.1402 129.889
13.1748 129.858
13.2091 129.822
13.2427 129.777
13.279 129.767
13.3151 129.753
13.3479 129.7
13.3812 129.652
13.4167 129.632
13.4508 129.595
13.4871 129.585
13.522 129.557
13.5581 129.546
13.5928 129.516
13.6273 129.485
13.6613 129.447
13.6969 129.429
13.7323 129.41
13.7674 129.386
13.8035 129.374
13.8392 129.359
13.8738 129.329
13.909 129.308
13.9447 129.292
13.9793 129.262
14.0147 129.243
14.0503 129.227
14.0865 129.217
14.122 129.2
14.1569 129.174
14.1922 129.155
14.2263 129.121
14.262 129.105
14.2981 129.096
14.3332 129.074
14.3689 129.058
14.405 129.049
14.4406 129.033
14.4762 129.017
14.5121 129.006
14.5474 128.986
14.583 128.97
14.6182 128.951
14.6545 128.943
14.6909 128.937
14.7264 128.922
14.7618 128.904
14.7977 128.892
14.8338 128.883
14.8698 128.873
14.9045 128.847
14.9402 128.834
14.9764 128.826
15.0131 128.824
15.0502 128.826
15.0865 128.818
15.1212 128.795
15.1562 128.773
15.1925 128.767
15.2289 128.762
15.2651 128.754
15.3006 128.738
15.3365 128.729
15.3731 128.725
15.408 128.703
15.4429 128.682
15.4794 128.678
15.5161 128.676
15.5524 128.67
15.5884 128.66
15.6234 128.641
15.659 128.627
15.6968 128.637
15.7322 128.621
15.7683 128.614
15.8048 128.61
15.843 128.623
15.8803 128.627
15.9198 128.655
15.9531 128.618
15.9903 128.622
16.0272 128.622
16.0637 128.618
16.0998 128.61
16.1359 128.602
16.1732 128.606
16.2106 128.612
16.2477 128.614
16.284 128.608
16.3202 128.602
16.3569 128.6
16.3944 128.606
16.4312 128.606
16.4685 128.61
16.5055 128.612
16.5412 128.601
16.5783 128.603
16.6155 128.607
16.653 128.612
16.6903 128.616
16.7263 128.609
16.7636 128.612
16.8013 128.62
16.8393 128.632
16.875 128.62
16.9114 128.616
16.9499 128.632
16.9872 128.636
17.0243 128.638
17.0613 128.64
17.0988 128.646
17.1371 128.66
17.1746 128.665
17.2106 128.658
17.2475 128.658
17.286 128.673
17.3253 128.697
17.3622 128.697
17.3991 128.697
17.4357 128.695
17.4718 128.687
17.5101 128.701
17.5482 128.712
17.5862 128.722
17.6247 128.738
17.6633 128.754
17.7008 128.759
17.7383 128.765
17.775 128.763
17.8121 128.765
17.85 128.775
17.8895 128.799
17.9285 128.818
17.966 128.824
18.0044 128.838
18.0424 128.848
18.081 128.863
18.1198 128.881
18.1574 128.887
18.1945 128.889
18.2319 128.893
18.2716 128.918
18.3107 128.938
18.3498 128.957
18.3882 128.971
18.4256 128.975
18.4634 128.983
18.5032 129.008
18.5436 129.04
18.5819 129.051
18.6219 129.079
18.6616 129.103
18.6992 129.108
18.7361 129.108
18.7766 129.14
18.8167 129.167
18.855 129.179
18.8954 129.209
18.9332 129.216
18.9732 129.242
19.0131 129.268
19.0537 129.299
19.0927 129.317
19.1306 129.325
19.1699 129.344
19.2151 129.415
19.2526 129.419
19.291 129.431
19.3345 129.486
19.3729 129.498
19.4132 129.526
19.4532 129.551
19.4935 129.579
19.5343 129.61
19.5758 129.648
19.6163 129.678
19.6569 129.707
19.7388 129.772
19.7825 129.828
19.821 129.84
19.8643 129.891
19.9035 129.909
19.9457 129.951
19.9852 129.97
20.0263 130.004
20.0731 130.084
20.1587 130.177
20.1971 130.187
20.2383 130.221
20.2826 130.278
20.3263 130.332
20.4158 130.456
20.4589 130.503
20.5013 130.545
20.545 130.597
20.7379 130.951
20.78 130.99
20.8213 131.022
