-18.1972 121.541
-18.1626 121.541
-17.2709 119.474
-17.2354 119.462
-17.1955 119.411
-16.9195 119.08
-16.8794 119.025
-16.8399 118.976
-16.8027 118.947
-16.7652 118.917
-16.728 118.888
-16.6908 118.859
-16.654 118.834
-16.6169 118.805
-16.4988 118.658
-16.4635 118.646
-16.4244 118.599
-16.3901 118.595
-16.3136 118.516
-16.2769 118.491
-16.2426 118.487
-16.2061 118.464
-16.1688 118.432
-16.1296 118.383
-16.0928 118.356
-16.056 118.329
-16.0212 118.32
-15.9834 118.283
-15.9486 118.275
-15.9117 118.246
-15.8746 118.216
-15.8382 118.193
-15.8036 118.186
-15.7655 118.145
-15.7311 118.14
-15.6952 118.12
-15.6602 118.11
-15.6238 118.085
-15.5888 118.075
-15.5526 118.051
-15.5166 118.031
-15.4805 118.009
-15.4455 117.998
-15.409 117.972
-15.3735 117.956
-15.3374 117.934
-15.3019 117.917
-15.2657 117.894
-15.23 117.875
-15.1953 117.867
-15.1589 117.842
-15.1244 117.835
-15.0889 117.818
-15.0543 117.81
-15.0186 117.791
-14.9842 117.785
-14.9485 117.766
-14.9137 117.756
-14.8781 117.738
-14.8426 117.721
-14.8082 117.714
-14.774 117.711
-14.7396 117.704
-14.7035 117.681
-14.6676 117.659
-14.6331 117.652
-14.5987 117.646
-14.5636 117.632
-14.5293 117.627
-14.4951 117.622
-14.4615 117.624
-14.4269 117.615
-14.3918 117.602
-14.3563 117.584
-14.3222 117.58
-14.2878 117.574
-14.2533 117.567
-14.2183 117.553
-14.1844 117.552
-14.1504 117.55
-14.1163 117.547
-14.0824 117.545
-14.0485 117.543
-14.0145 117.541
-13.9805 117.538
-13.9453 117.523
-13.9118 117.526
-13.8779 117.525
-13.8434 117.516
-13.8093 117.513
-13.7752 117.509
-13.7408 117.503
-13.7067 117.499
-13.6719 117.488
-13.6375 117.481
-13.6038 117.481
-13.57 117.481
-13.5359 117.477
-13.5021 117.477
-13.4685 117.479
-13.4343 117.474
-13.4001 117.469
-13.366 117.465
-13.3318 117.46
-13.2982 117.462
-13.2647 117.465
-13.2317 117.473
-13.1979 117.473
-13.1638 117.47
-13.1299 117.468
-13.0966 117.473
-13.0638 117.485
-13.0306 117.491
-12.9974 117.498
-12.964 117.503
-12.9304 117.504
-12.8968 117.506
-12.8627 117.503
-12.8282 117.494
-12.7943 117.493
-12.7617 117.507
-12.7265 117.491
-12.6918 117.479
-12.6583 117.482
-12.6263 117.504
-12.5929 117.509
-12.5601 117.52
-12.5265 117.522
-12.4939 117.537
-12.4605 117.542
-12.4266 117.54
-12.3926 117.538
-12.3597 117.548
-12.3271 117.563
-12.2938 117.57
-12.2607 117.578
-12.2273 117.583
-12.1939 117.588
-12.1605 117.593
-12.1272 117.599
-12.0938 117.604
-12.0616 117.624
-12.0277 117.624
-11.9935 117.619
-11.9613 117.639
-11.9285 117.652
-11.8952 117.659
-11.8615 117.66
-11.8278 117.662
-11.7938 117.66
-11.761 117.674
-11.7285 117.69
-11.6955 117.702
-11.6631 117.72
-11.6302 117.732
-11.5972 117.743
-11.5641 117.753
-11.5309 117.761
-11.4986 117.781
-11.4663 117.803
-11.4332 117.813
-11.4002 117.825
-11.3669 117.831
-11.3339 117.843
-11.3005 117.849
-11.2673 117.859
-11.2348 117.878
-11.2022 117.894
-11.1696 117.913
-11.1365 117.923
-11.104 117.942
-11.0715 117.961
-11.0383 117.971
-11.0052 117.982
-10.9736 118.014
-10.9404 118.024
-10.9077 118.041
-10.8744 118.049
-10.8424 118.076
-10.8105 118.104
-10.7773 118.114
-10.7457 118.148
-10.7124 118.158
-10.679 118.164
-10.6463 118.183
-10.614 118.206
-10.5821 118.236
-10.55 118.263
-10.5166 118.271
-10.4842 118.295
-10.452 118.32
-10.4196 118.343
-10.3872 118.367
-10.3549 118.392
-10.3215 118.4
-10.289 118.422
-10.2555 118.43
-10.226 118.498
-10.194 118.528
-10.1613 118.548
-10.1276 118.553
-10.0952 118.578
-10.0631 118.607
-10.0293 118.612
-9.99851 118.661
-9.96531 118.674
-9.93422 118.72
-9.90178 118.745
-9.86965 118.775
-9.83774 118.809
-9.80625 118.85
-9.77354 118.872
-9.74005 118.882
-9.70786 118.912
-9.67664 118.958
-9.64432 118.987
-9.61209 119.017
-9.57985 119.048
-9.54845 119.092
-9.51607 119.12
-9.48347 119.146
-9.45106 119.175
-9.42034 119.231
-9.38812 119.263
-9.35577 119.294
-9.32436 119.339
-9.29199 119.37
-9.26096 119.423
-9.22866 119.455
-9.19614 119.484
-9.16361 119.513
-9.13271 119.569
-9.1026 119.639
-9.07145 119.692
-9.04017 119.744
-9.00674 119.759
-8.97512 119.805
-8.75831 120.217
-8.72573 120.25
-8.69314 120.283
-8.66299 120.359
-8.6331 120.44
-8.18523 122.403
-8.15038 122.405
