-24.4093 144.491
-24.3645 144.456
-24.3231 144.447
-24.2771 144.403
-24.2266 144.326
-24.1771 144.256
-24.1349 144.24
-24.0976 144.262
-24.0557 144.248
-24.0141 144.237
-23.9724 144.226
-23.9287 144.198
-23.8846 144.168
-23.6989 143.976
-23.6579 143.969
-23.5684 143.898
-23.5281 143.896
-23.1387 143.672
-23.0948 143.642
-23.054 143.636
-23.0116 143.617
-22.9708 143.611
-22.9294 143.6
-22.8861 143.575
-22.8456 143.57
-22.8015 143.538
-22.7613 143.536
-22.7207 143.532
-22.6776 143.507
-22.64 143.526
-22.5985 143.515
-22.5548 143.485
-22.5111 143.456
-22.4711 143.456
-22.4271 143.424
-22.3834 143.394
-22.3426 143.388
-22.2995 143.363
-22.2585 143.354
-22.2183 143.352
-22.1783 143.353
-22.1373 143.344
-22.0939 143.316
-22.054 143.317
-22.0129 143.308
-21.9721 143.301
-21.9302 143.286
-21.89 143.284
-21.8487 143.273
-21.8079 143.266
-21.7683 143.269
-21.7286 143.272
-21.6868 143.256
-21.6463 143.252
-21.6064 143.252
-21.5656 143.246
-21.5232 143.225
-21.4813 143.21
-21.4417 143.212
-21.4026 143.22
-21.3629 143.223
-21.3233 143.225
-21.2836 143.228
-21.2431 143.224
-21.1999 143.197
-21.16 143.197
-21.1214 143.209
-21.0812 143.207
-21.041 143.205
-21 143.197
-20.9601 143.197
-20.9217 143.211
-20.8821 143.214
-20.8397 143.194
-20.7979 143.178
-20.7582 143.181
-20.7207 143.202
-20.6818 143.212
-20.6413 143.208
-20.6014 143.208
-20.5612 143.206
-20.5202 143.197
-20.4826 143.219
-20.444 143.231
-20.4008 143.203
-20.3604 143.199
-20.3233 143.225
-20.2839 143.23
-20.2442 143.233
-20.2029 143.222
-20.1575 143.173
-20.1123 143.128
-20.0762 143.163
-20.0407 143.203
-20.0015 143.21
-19.9608 143.203
-19.9192 143.19
-19.8818 143.214
-19.8429 143.223
-19.8014 143.21
-19.7571 143.171
-19.7202 143.199
-19.7 143.381
-19.6615 143.395
-19.6235 143.414
-19.5855 143.433
-19.5475 143.452
-19.5103 143.478
-19.47 143.476
-19.4299 143.477
-19.3896 143.475
-19.3508 143.487
-19.3115 143.494
-19.272 143.5
-19.2324 143.505
-19.1946 143.526
-19.1577 143.557
-19.1194 143.573
-19.0818 143.597
-19.0434 143.614
-19.0038 143.619
-18.964 143.622
-18.9261 143.643
-18.8897 143.679
-18.8518 143.7
-18.8141 143.724
-18.7757 143.741
-18.7358 143.743
-18.6971 143.758
-18.6609 143.796
-18.6222 143.81
-18.5849 143.838
-18.5484 143.874
-18.5089 143.881
-18.4678 143.872
-18.4305 143.901
-18.3913 143.911
-18.3523 143.923
-18.3157 143.958
-18.276 143.963
-18.2389 143.994
-18.2046 144.053
-18.1662 144.072
-18.131 144.122
-18.0924 144.139
-18.055 144.168
-18.0161 144.182
-17.9791 144.215
-17.9401 144.227
-17.9056 144.287
-17.866 144.294
-17.8295 144.332
-17.7931 144.372
-17.7561 144.406
-17.7197 144.446
-17.6805 144.458
-17.6409 144.466
-17.6063 144.525
-17.5669 144.535
-17.5295 144.566
-17.4225 144.714
-17.3833 144.726
-17.349 144.79
-17.1278 145.017
-17.0913 145.06
-17.0549 145.103
-16.8745 145.343
-16.8393 145.4
-16.7998 145.412
-16.3816 146.182
-16.3473 146.254
-16.3132 146.329
-15.68 146.562
-15.6474 146.659
-15.6155 146.766
-15.5786 146.812
