-3.82255 161.791
-3.77845 161.769
-3.73537 161.799
-3.57364 160.136
-2.81448 158.556
-2.77034 158.473
-2.72688 158.435
-2.68376 158.422
-2.64047 158.395
-2.59726 158.374
-2.55343 158.305
-1.94671 157.698
-1.77413 157.534
-1.73109 157.499
-1.68802 157.46
-1.64499 157.423
-1.60222 157.415
-1.55945 157.407
-1.51623 157.34
-1.47346 157.33
-1.43046 157.288
-1.38751 157.251
-1.34477 157.24
-1.30205 157.232
-1.25916 157.198
-1.21642 157.184
-1.17343 157.129
-1.13071 157.116
-1.08801 157.105
-1.0452 157.073
-1.00239 157.039
-0.95972 157.028
-0.916962 156.999
-0.874203 156.968
-0.831587 156.965
-0.788927 156.952
-0.746284 156.941
-0.703586 156.915
-0.660928 156.896
-0.618269 156.875
-0.575627 156.857
-0.533047 156.856
-0.490396 156.83
-0.447796 156.819
-0.405201 156.809
-0.362605 156.796
-0.320029 156.79
-0.277426 156.766
-0.234829 156.74
-0.192262 156.73
-0.149701 156.719
-0.107148 156.714
-0.0645969 156.708
-0.0220404 156.679
0.0205026 156.658
0.0630377 156.653
0.105567 156.637
0.148098 156.637
0.190635 156.644
0.233157 156.634
0.275669 156.618
0.318181 156.607
0.360689 156.597
0.40321 156.597
0.445732 156.596
0.488236 156.589
0.530692 156.562
0.573171 156.549
0.615713 156.559
0.658226 156.559
0.700679 156.541
0.743069 156.507
0.78561 156.517
0.828207 156.54
0.87077 156.553
0.913259 156.548
0.955674 156.527
0.99818 156.526
1.04065 156.518
1.08308 156.505
1.12563 156.513
1.16792 156.476
1.2104 156.473
1.25307 156.502
1.29556 156.499
1.33818 156.517
1.3807 156.52
1.42351 156.564
1.46591 156.548
1.50841 156.545
1.55096 156.55
1.59347 156.55
1.63594 156.545
1.67845 156.545
1.721 156.55
1.76347 156.544
1.80605 156.552
1.84861 156.557
1.89122 156.567
1.93386 156.58
1.97643 156.585
2.01895 156.585
2.06144 156.582
2.10409 156.595
2.14681 156.613
2.18942 156.621
2.23209 156.634
2.27471 156.642
2.31724 156.641
2.35977 156.641
2.40246 156.654
2.44516 156.667
2.48782 156.677
2.53053 156.69
2.57344 156.719
2.61622 156.737
2.65891 156.747
2.70154 156.752
2.74431 156.768
2.78709 156.783
2.82972 156.788
2.87221 156.783
2.915 156.798
2.9578 156.814
3.00076 156.84
3.0435 156.85
3.08639 156.871
3.12951 156.905
3.17251 156.931
3.21548 156.954
3.25821 156.962
3.30102 156.975
3.34372 156.98
3.38636 156.982
3.42946 157.011
3.47284 157.056
3.51583 157.076
3.55888 157.1
3.60155 157.102
3.64428 157.107
3.68759 157.144
3.73076 157.173
3.7736 157.183
3.8165 157.196
3.85966 157.222
3.90318 157.267
3.94652 157.301
3.98992 157.337
4.03292 157.353
4.12007 157.439
4.16364 157.481
4.20652 157.489
4.24945 157.499
4.29346 157.56
4.33704 157.599
4.38006 157.612
4.42367 157.652
4.4673 157.691
4.72979 157.944
4.77354 157.983
4.81655 157.991
4.8602 158.025
4.9049 158.102
4.94865 158.139
4.99196 158.157
5.03648 158.224
5.48253 158.861
5.52582 158.872
5.56934 158.89
5.7995 159.415
5.84316 159.434
