-7.03941 140.651
-6.99996 140.64
-6.95972 140.609
-6.41843 138.644
-6.37906 138.622
-6.3401 138.611
-6.01189 138.05
-5.9724 138.02
-5.93271 137.984
-5.89295 137.945
-5.85329 137.909
-5.69196 137.678
-5.6524 137.641
-5.61292 137.607
-5.57339 137.571
-5.53388 137.535
-5.49473 137.509
-5.45532 137.475
-5.41585 137.439
-5.37553 137.375
-5.3361 137.339
-5.29683 137.307
-5.2573 137.267
-5.21805 137.235
-5.17882 137.203
-5.1396 137.171
-5.10084 137.154
-5.06127 137.109
-5.02247 137.09
-4.98281 137.042
-4.94422 137.029
-4.90576 137.02
-4.86675 136.993
-4.82758 136.959
-4.7877 136.9
-4.74916 136.887
-4.71073 136.878
-4.67191 136.855
-4.63298 136.827
-4.59394 136.796
-4.55532 136.779
-4.51682 136.766
-4.47759 136.726
-4.43905 136.711
-4.40047 136.694
-4.36199 136.682
-4.32255 136.631
-4.2841 136.618
-4.24592 136.616
-4.20669 136.572
-4.16815 136.555
-4.12978 136.544
-4.09105 136.519
-4.05229 136.491
-4.01353 136.464
-3.97519 136.454
-3.93685 136.443
-3.89842 136.428
-3.8598 136.405
-3.82157 136.399
-3.78316 136.384
-3.74484 136.373
-3.70663 136.367
-3.66837 136.358
-3.62979 136.335
-3.59137 136.318
-3.55308 136.308
-3.51488 136.302
-3.47673 136.297
-3.4385 136.289
-3.40001 136.268
-3.36145 136.243
-3.32303 136.224
-3.28494 136.221
-3.24689 136.221
-3.20881 136.219
-3.17056 136.209
-3.13228 136.196
-3.09401 136.183
-3.05562 136.164
-3.0174 136.154
-2.97922 136.145
-2.94107 136.139
-2.90297 136.135
-2.86498 136.137
-2.82695 136.137
-2.78881 136.13
-2.75075 136.128
-2.71255 136.118
-2.67432 136.105
-2.63619 136.099
-2.59817 136.099
-2.56008 136.094
-2.52193 136.086
-2.48388 136.084
-2.44589 136.086
-2.40778 136.08
-2.36961 136.069
-2.33144 136.058
-2.29345 136.06
-2.25563 136.075
-2.21761 136.075
-2.17945 136.064
-2.14143 136.064
-2.10352 136.073
-2.06555 136.077
-2.02742 136.068
-1.98968 136.091
-1.9517 136.095
-1.9137 136.097
-1.8756 136.091
-1.83757 136.091
-1.79943 136.08
-1.7614 136.08
-1.72331 136.074
-1.68537 136.082
-1.64738 136.086
-1.60929 136.08
-1.57129 136.082
-1.53338 136.095
-1.49536 136.097
-1.45726 136.088
-1.41934 136.101
-1.38136 136.107
-1.34327 136.1
-1.30524 136.1
-1.2673 136.113
-1.22931 136.119
-1.19127 136.119
-1.15325 136.121
-1.1152 136.119
-1.07718 136.123
-1.03921 136.133
-1.00124 136.144
-0.963243 136.152
-0.925257 136.162
-0.887267 136.173
-0.849295 136.187
-0.811261 136.191
-0.773216 136.193
-0.735179 136.198
-0.697169 136.208
-0.659154 136.218
-0.621118 136.225
-0.583102 136.237
-0.545074 136.247
-0.507069 136.266
-0.469036 136.279
-0.431022 136.3
-0.39297 136.31
-0.354903 136.316
-0.316843 136.327
-0.278787 136.341
-0.24074 136.364
-0.202668 136.379
-0.164579 136.385
-0.126487 136.391
-0.0884104 136.416
-0.0503133 136.429
-0.0122096 136.439
0.0258992 136.448
0.0640102 136.479
0.102135 136.513
0.140271 136.534
0.178405 136.538
0.21654 136.54
0.254684 136.55
0.292856 136.58
0.331013 136.59
0.3692 136.615
0.407403 136.643
0.445585 136.655
0.483803 136.68
0.522037 136.708
0.560242 136.72
0.598491 136.745
0.636757 136.773
0.675036 136.8
0.713272 136.813
0.751496 136.821
0.789821 136.852
0.82815 136.882
0.866492 136.911
0.904867 136.945
0.943097 136.947
0.981373 136.958
1.0199 137.013
1.05831 137.044
1.0966 137.053
1.13504 137.084
1.17364 137.139
1.212 137.154
1.48201 137.421
1.52044 137.433
1.55925 137.491
1.59791 137.527
1.6365 137.554
1.67516 137.588
1.71386 137.624
1.75259 137.663
1.79153 137.72
1.83033 137.761
1.86916 137.803
1.90817 137.861
1.94705 137.903
1.98591 137.944
2.02499 138.002
2.06405 138.055
2.10298 138.096
2.29937 138.415
2.33871 138.477
2.37814 138.544
2.41721 138.583
2.45631 138.621
