-24.87 83.9017
-24.8434 83.8995
-8.87649 141.958
-8.44533 141.195
-8.40442 141.161
-8.15231 140.808
-7.53904 140.228
-7.49853 140.195
-7.45661 140.128
-7.41604 140.093
-7.37669 140.086
-7.33531 140.031
-7.29607 140.027
-7.25655 140.016
-7.13399 139.883
-7.09362 139.85
-7.05425 139.841
-7.01408 139.813
-6.97375 139.78
-6.93414 139.764
-6.89392 139.734
-6.85406 139.712
-6.81473 139.703
-6.77437 139.668
-6.7342 139.637
-6.69506 139.633
-6.65525 139.611
-6.61577 139.598
-6.57648 139.589
-6.53701 139.576
-6.49781 139.569
-6.45803 139.547
-6.41737 139.501
-6.37786 139.486
-6.3386 139.477
-6.29831 139.44
-6.25882 139.425
-6.21942 139.411
-6.18017 139.403
-6.14055 139.383
-6.10101 139.366
-6.06171 139.355
-6.02248 139.346
-5.98342 139.342
-5.94382 139.322
-5.90424 139.303
-5.86504 139.294
-5.82569 139.281
-5.78635 139.268
-5.74686 139.25
-5.70761 139.239
-5.66807 139.22
-5.62889 139.211
-5.58979 139.205
-5.55047 139.192
-5.51131 139.183
-5.47208 139.172
-5.43312 139.17
-5.39424 139.17
-5.35495 139.157
-5.31573 139.146
-5.27652 139.135
-5.23737 139.127
-5.19843 139.125
-5.15923 139.114
-5.12022 139.11
-5.08148 139.114
-5.04266 139.116
-5.0036 139.11
-4.96441 139.099
-4.92535 139.093
-4.88647 139.093
-4.84772 139.097
-4.80903 139.104
-4.77009 139.102
-4.73092 139.091
-4.69186 139.085
-4.65305 139.087
-4.61394 139.078
-4.57472 139.065
-4.53625 139.081
-4.49766 139.092
-4.45878 139.092
-4.41974 139.085
-4.38097 139.09
-4.3422 139.095
-4.3031 139.086
-4.2638 139.068
-4.22449 139.051
-4.18578 139.058
-4.14639 139.036
-4.1071 139.018
-4.06849 139.029
-4.03013 139.052
-3.99141 139.058
-3.95239 139.052
-3.91262 139.012
-3.87346 138.999
-3.83455 138.997
-3.79574 139
-3.7574 139.024
-3.719 139.046
-3.68054 139.066
-3.64221 139.092
-3.60378 139.114
-3.56512 139.125
-3.52627 139.128
-3.48746 139.132
-3.44874 139.141
-3.40984 139.141
-3.37128 139.159
-3.33263 139.172
-3.29368 139.17
-3.25473 139.168
-3.21595 139.175
-3.17708 139.177
-3.13821 139.179
-3.09938 139.184
-3.06058 139.191
-3.02178 139.197
-2.98306 139.208
-2.94436 139.222
-2.90574 139.239
-2.86703 139.253
-2.82835 139.268
-2.78974 139.288
-2.75094 139.297
-2.71214 139.306
-2.67353 139.328
-2.63495 139.352
-2.59626 139.37
-2.55721 139.364
-2.51825 139.364
-2.47935 139.368
-2.44092 139.406
-2.40226 139.428
-2.36344 139.439
-2.32458 139.448
-2.28586 139.468
-2.24714 139.488
-2.20829 139.499
-2.16947 139.512
-2.13077 139.537
-2.09188 139.546
-2.05319 139.572
-2.01433 139.586
-1.97565 139.614
-1.93668 139.619
-1.89792 139.643
-1.85916 139.668
-1.82034 139.688
-1.7818 139.736
-1.74286 139.748
-1.70412 139.779
-1.66521 139.794
-1.62637 139.819
-1.58763 139.854
-1.54881 139.883
-1.50981 139.892
-1.47082 139.903
-1.43213 139.952
-1.39319 139.972
-1.35433 140.003
-1.31544 140.032
-1.27642 140.046
-1.23771 140.103
-1.1987 140.121
-1.15984 140.164
-1.12082 140.184
-1.08193 140.226
-1.04296 140.257
-1.00385 140.268
-0.964948 140.318
-0.925978 140.358
-0.886966 140.393
-0.847938 140.429
-0.808905 140.467
-0.769824 140.499
-0.730729 140.53
-0.691593 140.554
-0.652573 140.613
-0.613503 140.664
-0.574304 140.684
-0.535146 140.72
-0.496062 140.787
-0.456887 140.832
-0.417726 140.891
-0.378493 140.929
-0.339238 140.965
-0.299983 141.01
-0.26075 141.082
-0.221442 141.122
-0.182141 141.185
-0.142816 141.253
-0.103445 141.298
-0.0640644 141.368
-0.0246525 141.438
0.0147907 141.503
0.0542663 141.58
0.0937732 141.65
0.133308 141.716
0.172856 141.764
0.212483 141.861
0.252091 141.913
0.451174 142.453
0.490954 142.494
0.734049 143.74
