2.36146 148.823
2.40216 148.767
2.48007 148.391
2.52 148.286
2.55973 148.17
2.75909 147.689
2.91894 147.378
2.95842 147.275
2.99869 147.224
3.03875 147.162
3.07945 147.14
3.11942 147.075
3.15925 147.003
3.19904 146.931
3.23876 146.857
3.279 146.814
3.31921 146.771
3.3589 146.699
3.39873 146.637
3.43927 146.616
3.47923 146.563
3.51966 146.537
3.55945 146.477
3.59999 146.458
3.63982 146.404
3.68029 146.382
3.7199 146.318
3.76034 146.297
3.80015 146.244
3.84046 146.218
3.88023 146.166
3.92032 146.13
3.96035 146.092
4.0002 146.047
4.04019 146.009
4.08027 145.976
4.12081 145.964
4.16087 145.931
4.2008 145.893
4.24077 145.858
4.28122 145.844
4.32078 145.792
4.3611 145.773
4.40068 145.723
4.44109 145.709
4.48109 145.678
4.52102 145.645
4.5614 145.631
4.60178 145.617
4.64179 145.589
4.68162 145.553
4.72167 145.528
4.76213 145.518
4.80253 145.507
4.84255 145.481
4.88231 145.445
4.92219 145.415
4.96274 145.41
5.00291 145.391
5.04314 145.375
5.08343 145.361
5.12325 145.33
5.16299 145.297
5.20332 145.286
5.24337 145.265
5.28341 145.244
5.32379 145.234
5.36423 145.227
5.40418 145.204
5.44433 145.187
5.48483 145.183
5.52497 145.166
5.56482 145.141
5.60501 145.127
5.64527 145.115
5.68538 145.099
5.72541 145.08
5.76558 145.066
5.80575 145.052
5.84606 145.043
5.88651 145.038
5.92696 145.033
5.96733 145.027
6.0077 145.02
6.04784 145.006
6.08735 144.973
6.12754 144.961
6.16774 144.949
6.20784 144.936
6.24763 144.912
6.28796 144.905
6.32837 144.901
6.36878 144.896
6.40903 144.887
6.44919 144.875
6.48951 144.868
6.52907 144.84
6.56929 144.831
6.6101 144.838
6.65083 144.843
6.69097 144.831
6.73092 144.815
6.77087 144.799
6.81099 144.787
6.85083 144.768
6.89111 144.761
6.93148 144.757
6.97246 144.769
7.0131 144.771
7.05355 144.769
7.09563 144.809
7.13609 144.807
7.17765 144.833
7.21766 144.819
7.2571 144.791
7.29765 144.791
7.33838 144.795
7.37874 144.791
7.41853 144.772
7.45965 144.786
7.50086 144.803
7.54199 144.817
7.58293 144.827
7.62387 144.836
7.66551 144.862
7.70666 144.876
7.74752 144.884
7.78779 144.877
7.82826 144.874
7.86872 144.872
7.90898 144.865
7.94934 144.861
7.9898 144.858
8.03077 144.868
8.07195 144.882
8.11242 144.88
8.15309 144.882
8.19459 144.903
8.23558 144.913
8.27668 144.925
8.31779 144.937
8.35847 144.939
8.39905 144.939
8.44006 144.949
8.48172 144.972
8.52296 144.987
8.56366 144.989
8.60468 144.999
8.64571 145.008
8.6873 145.029
8.72835 145.039
8.76939 145.048
8.81022 145.053
8.85297 145.098
8.89392 145.105
8.93464 145.108
8.97549 145.113
9.01667 145.124
9.05868 145.153
9.10023 145.172
9.14121 145.179
9.18242 145.191
9.2234 145.198
9.26534 145.224
9.30645 145.234
9.34864 145.264
9.38965 145.272
9.43065 145.279
9.47275 145.307
9.5156 145.35
9.5576 145.376
9.59987 145.407
9.64128 145.421
9.68245 145.431
9.72537 145.473
9.76644 145.48
9.80637 145.466
9.84845 145.492
9.89129 145.533
9.93402 145.571
9.97563 145.587
10.0189 145.635
10.0601 145.644
10.1014 145.654
10.1442 145.692
10.1883 145.754
10.2296 145.763
10.2707 145.771
10.3133 145.804
10.3579 145.873
10.4008 145.911
10.4432 145.94
10.4851 145.959
10.5298 146.028
10.5722 146.057
10.6133 146.061
10.6564 146.102
10.6982 146.119
10.7428 146.183
10.7864 146.231
10.8311 146.298
10.8741 146.334
10.9172 146.372
10.959 146.389
11.0043 146.463
11.0494 146.535
11.0929 146.578
11.1371 146.633
11.1787 146.643
11.2216 146.677
11.2654 146.725
11.3584 146.907
11.4 146.917
11.4447 146.977
11.8629 147.755
11.9068 147.799
