-23.1636 146.639
-23.1153 146.573
-23.0699 146.531
-22.7785 146.12
-22.7351 146.092
-22.6943 146.085
-22.6486 146.038
-22.5997 145.966
-22.5595 145.964
-22.5193 145.962
-22.4791 145.96
-22.3728 145.743
-22.3286 145.709
-22.2879 145.702
-22.2475 145.697
-22.2043 145.67
-22.0221 145.482
-21.9793 145.457
-21.9386 145.45
-21.8986 145.448
-21.8554 145.42
-21.8139 145.406
-21.7669 145.346
-21.7227 145.309
-21.6788 145.275
-21.6344 145.235
-21.593 145.222
-21.5529 145.22
-21.5102 145.194
-21.4688 145.181
-21.4225 145.125
-21.3819 145.118
-21.3408 145.107
-21.2948 145.054
-21.2548 145.052
-21.2105 145.013
-21.1692 144.999
-21.1292 144.997
-21.0871 144.976
-21.0463 144.967
-21.0058 144.961
-20.9621 144.926
-20.9186 144.894
-20.8765 144.873
-20.8366 144.871
-20.7982 144.883
-20.7561 144.862
-20.7159 144.858
-20.6728 144.828
-20.632 144.819
-20.5897 144.796
-20.5493 144.789
-20.5062 144.76
-20.4647 144.744
-20.4247 144.741
-20.3848 144.739
-20.3443 144.733
-20.3026 144.714
-20.2621 144.708
-20.2209 144.694
-20.1789 144.673
-20.1375 144.657
-20.0965 144.646
-20.0569 144.646
-20.0175 144.649
-19.9768 144.64
-19.9361 144.631
-19.8964 144.631
-19.857 144.633
-19.8176 144.636
-19.7772 144.629
-19.736 144.615
-19.6946 144.599
-19.6534 144.586
-19.6137 144.586
-19.5748 144.593
-19.5341 144.584
-19.4937 144.577
-19.4543 144.58
-19.4174 144.605
-19.377 144.598
-19.3365 144.592
-19.2956 144.58
-19.2555 144.576
-19.2146 144.564
-19.1739 144.555
-19.1345 144.558
-19.0953 144.563
-19.0554 144.56
-19.0153 144.556
-18.9756 144.556
-18.9369 144.566
-18.8989 144.582
-18.8618 144.607
-18.8236 144.621
-18.7849 144.631
-18.7445 144.624
-18.7043 144.619
-18.6648 144.622
-18.6261 144.631
-18.5859 144.627
-18.5479 144.643
-18.5058 144.62
-18.4692 144.65
-18.4302 144.657
-18.39 144.653
-18.3493 144.644
-18.311 144.658
-18.2704 144.649
-18.2302 144.644
-18.1912 144.651
-18.1524 144.661
-18.1132 144.665
-18.0748 144.679
-18.0365 144.693
-17.9956 144.682
-17.9559 144.682
-17.9171 144.691
-17.8798 144.717
-17.8401 144.717
-17.802 144.733
-17.7636 144.747
-17.7241 144.75
-17.6841 144.748
-17.6446 144.75
-17.6057 144.759
-17.5684 144.785
-17.5307 144.806
-17.4918 144.815
-17.4532 144.827
-17.4141 144.834
-17.3752 144.843
-17.3381 144.871
-17.3007 144.897
-17.2618 144.906
-17.2222 144.909
-17.1833 144.918
-17.1464 144.948
-17.1077 144.96
-17.0694 144.976
-17.0307 144.988
-16.9921 145.002
-16.956 145.041
-16.917 145.051
-16.8781 145.06
-16.8391 145.07
-16.8018 145.097
-16.7633 145.112
-16.7264 145.144
-16.6887 145.167
-16.6497 145.177
-16.6111 145.191
-16.5749 145.23
-16.536 145.242
-16.4976 145.258
-16.4601 145.284
-16.4229 145.314
-16.3845 145.331
-16.3456 145.343
-16.3101 145.391
-16.2716 145.408
-16.234 145.433
-16.1963 145.459
-16.1579 145.476
-16.1208 145.508
-16.0842 145.546
-16.0475 145.583
-16.0086 145.595
-15.9729 145.644
-15.9337 145.653
-15.897 145.691
-15.8576 145.698
-15.7839 145.77
-15.6365 145.918
-15.5974 145.93
-15.2675 146.296
-14.7261 147.054
-14.6886 147.09
-14.6513 147.128
-14.622 147.265
-14.5852 147.31
-14.5459 147.325
-14.4874 147.608
-14.4503 147.651
-14.4123 147.682
-14.3758 147.732
-14.3436 147.839
-14.3104 147.933
-14.2747 147.995
-14.2402 148.074
-14.2054 148.148
