-24.8696 83.8996
-24.8434 83.8995
7.39687 134.364
7.43435 134.356
7.88967 132.75
7.99316 132.56
8.02895 132.526
8.0656 132.509
8.1003 132.452
8.30678 132.087
8.3415 132.034
8.40886 131.888
8.44563 131.878
8.48249 131.87
8.51792 131.834
8.58638 131.715
8.76204 131.513
8.90405 131.386
8.93971 131.358
8.97439 131.312
9.00872 131.26
9.04444 131.234
9.0808 131.22
9.11638 131.192
9.15065 131.14
9.18565 131.102
9.22108 131.072
9.25783 131.065
9.29324 131.035
9.32741 130.983
9.3639 130.973
9.40062 130.967
9.43485 130.917
9.47087 130.899
9.50609 130.867
9.5405 130.822
9.57671 130.808
9.61258 130.788
9.64901 130.778
9.68439 130.75
9.72104 130.744
9.75641 130.716
9.79176 130.688
9.82698 130.658
9.86195 130.624
9.89809 130.61
9.93482 130.606
9.97059 130.586
10.0061 130.562
10.0426 130.554
10.0777 130.524
10.1129 130.495
10.1491 130.483
10.1847 130.461
10.2205 130.443
10.2564 130.427
10.292 130.405
10.3287 130.401
10.3652 130.395
10.4004 130.367
10.4357 130.341
10.4719 130.331
10.5082 130.322
10.5436 130.298
10.5796 130.284
10.6156 130.27
10.6517 130.258
10.6871 130.236
10.7234 130.226
10.7597 130.218
10.7962 130.212
10.8326 130.204
10.8692 130.2
10.9051 130.186
10.9405 130.165
10.9766 130.153
11.0128 130.143
11.0491 130.135
11.0855 130.129
11.1224 130.129
11.1595 130.133
11.195 130.113
11.2299 130.085
11.2666 130.083
11.3043 130.095
11.3406 130.087
11.3764 130.073
11.4118 130.051
11.4474 130.034
11.4836 130.026
11.5204 130.026
11.5571 130.024
11.5935 130.018
11.6286 129.994
11.6641 129.974
11.7007 129.972
11.7379 129.978
11.775 129.982
11.8112 129.974
11.8482 129.976
11.884 129.962
11.9196 129.946
11.9556 129.934
11.9951 129.972
12.0312 129.962
12.0715 130.011
12.1095 130.027
12.1449 130.007
12.1808 129.995
12.2158 129.971
12.2503 129.94
12.2878 129.95
12.3259 129.967
12.3624 129.963
12.3982 129.95
12.4344 129.942
12.4723 129.957
12.5093 129.959
12.5461 129.959
12.5828 129.959
12.6199 129.963
12.6569 129.965
12.6934 129.961
12.7294 129.951
12.7662 129.951
12.8034 129.957
12.8406 129.963
12.8776 129.965
12.9145 129.967
12.9512 129.965
12.9884 129.97
13.0257 129.976
13.0626 129.978
13.0998 129.984
13.1371 129.99
13.174 129.992
13.2118 130.004
13.249 130.01
13.2865 130.017
13.3239 130.025
13.361 130.029
13.3976 130.027
13.4344 130.027
13.4727 130.045
13.5104 130.057
13.5482 130.068
13.5858 130.078
13.6231 130.084
13.6624 130.114
13.6997 130.12
13.737 130.126
13.7744 130.133
13.8121 130.143
13.8492 130.147
13.8869 130.157
13.9244 130.165
13.9639 130.196
14.0022 130.214
14.0397 130.222
14.0775 130.234
14.1147 130.238
14.1522 130.246
14.1907 130.265
14.2284 130.275
14.2666 130.291
14.3043 130.301
14.3433 130.325
14.3808 130.332
14.418 130.336
14.4564 130.354
14.4943 130.366
14.5336 130.394
14.5727 130.419
14.6112 130.437
14.6502 130.461
14.689 130.483
14.7266 130.491
14.764 130.496
14.803 130.52
14.8424 130.548
14.8819 130.578
14.9214 130.605
14.959 130.613
14.9982 130.639
15.0366 130.655
15.0759 130.681
15.1151 130.707
15.1553 130.742
15.1952 130.774
15.2338 130.792
15.2735 130.822
15.3113 130.832
15.3536 130.889
15.3963 130.951
15.4346 130.965
15.4735 130.985
15.5121 131.003
15.554 131.055
15.5921 131.067
15.6332 131.111
15.6721 131.131
15.7139 131.181
15.7519 131.191
15.7942 131.246
15.8351 131.286
15.8752 131.318
15.9145 131.342
15.9545 131.372
15.9958 131.417
16.0382 131.473
16.0788 131.509
16.1196 131.547
16.1624 131.605
16.2051 131.663
16.246 131.702
16.4135 131.895
16.4601 131.99
16.5012 132.03
16.5422 132.068
16.719 132.347
17.3324 133.971
17.374 134.01
17.4157 134.049
