1.86592 137.49
1.9034 137.409
1.94109 137.351
2.1182 136.141
2.15534 136.068
2.19204 135.961
2.22846 135.835
2.26519 135.739
2.44932 135.337
2.52303 135.198
2.55998 135.137
2.59693 135.079
2.78098 134.769
2.81774 134.709
2.85518 134.692
2.92818 134.548
2.9653 134.515
3.00272 134.5
3.03931 134.438
3.07605 134.387
3.11347 134.374
3.15006 134.317
3.18697 134.278
3.22398 134.245
3.26085 134.206
3.29729 134.144
3.33424 134.111
3.37166 134.103
3.40851 134.066
3.59239 133.875
3.6294 133.851
3.66682 133.846
3.70355 133.81
3.73926 133.726
3.77608 133.695
3.81338 133.687
3.85022 133.658
3.88692 133.623
3.92364 133.591
3.96077 133.576
3.99714 133.529
4.03439 133.521
4.07135 133.501
4.10825 133.478
4.14456 133.431
4.18158 133.415
4.21816 133.38
4.25541 133.374
4.29276 133.372
4.3291 133.329
4.36567 133.297
4.40269 133.282
4.4395 133.26
4.47661 133.25
4.51325 133.221
4.54987 133.193
4.58696 133.182
4.62355 133.154
4.65998 133.119
4.69693 133.105
4.7335 133.077
4.77066 133.07
4.80771 133.06
4.8443 133.034
4.88093 133.009
4.9179 132.997
4.95492 132.987
4.992 132.979
5.02877 132.96
5.06543 132.938
5.10224 132.922
5.13876 132.895
5.17562 132.881
5.21278 132.877
5.24981 132.869
5.28691 132.862
5.32406 132.858
5.36058 132.834
5.39691 132.803
5.43366 132.787
5.47105 132.791
5.50863 132.801
5.54544 132.787
5.58237 132.777
5.61929 132.766
5.65621 132.756
5.69319 132.748
5.73031 132.744
5.76715 132.732
5.80378 132.713
5.84067 132.703
5.8777 132.697
5.91473 132.691
5.95203 132.693
5.98912 132.688
6.02585 132.674
6.0628 132.666
6.10009 132.668
6.1371 132.662
6.17374 132.645
6.2106 132.635
6.24745 132.625
6.28488 132.631
6.32246 132.641
6.35886 132.618
6.39591 132.614
6.4332 132.616
6.47025 132.612
6.507 132.6
6.54351 132.582
6.57963 132.553
6.61589 132.529
6.65269 132.519
6.69309 132.601
6.73123 132.625
6.76796 132.613
6.80476 132.603
6.84204 132.604
6.87908 132.6
6.91563 132.584
6.95282 132.584
6.9901 132.586
7.02729 132.586
7.06448 132.585
7.10192 132.591
7.13937 132.597
7.17656 132.597
7.21384 132.599
7.25145 132.609
7.28856 132.607
7.32524 132.594
7.36243 132.594
7.39979 132.598
7.43716 132.602
7.47478 132.612
7.51215 132.616
7.54934 132.616
7.58689 132.623
7.62444 132.631
7.66173 132.633
7.69874 132.629
7.73584 132.627
7.77331 132.633
7.81096 132.643
7.8487 132.655
7.88674 132.672
7.92468 132.688
7.96216 132.694
7.99927 132.692
8.03676 132.698
8.07463 132.712
8.11212 132.718
8.14942 132.72
8.18711 132.73
8.22539 132.752
8.26308 132.761
8.3002 132.759
8.33761 132.763
8.37601 132.787
8.41362 132.795
8.45164 132.811
8.48936 132.821
8.5277 132.843
8.56543 132.853
8.60317 132.863
8.64152 132.885
8.67978 132.905
8.71754 132.915
8.75551 132.929
8.79306 132.934
8.83125 132.952
8.86986 132.979
8.90743 132.984
8.9449 132.988
8.98343 133.012
9.02144 133.026
9.05999 133.05
9.09844 133.072
9.13614 133.08
9.17374 133.086
9.21244 133.112
9.25103 133.136
9.28887 133.146
9.3266 133.154
9.36633 133.199
9.40463 133.217
9.44338 133.243
9.4817 133.261
9.51969 133.273
9.55848 133.299
9.59636 133.309
9.63494 133.331
9.67422 133.365
9.71305 133.391
9.75131 133.407
9.79168 133.46
9.82984 133.474
9.86861 133.498
9.90785 133.53
9.94711 133.563
9.98614 133.591
10.0253 133.621
10.0647 133.656
10.1435 133.723
10.181 133.724
10.4179 133.927
10.4588 133.984
10.4999 134.043
10.538 134.053
10.5789 134.108
10.6187 134.145
10.6595 134.198
10.6979 134.212
10.7376 134.246
10.7792 134.312
10.8206 134.373
10.8605 134.41
10.902 134.471
10.9431 134.526
10.983 134.563
11.0248 134.629
11.0649 134.668
11.1064 134.727
11.1486 134.797
11.1906 134.865
11.2325 134.929
11.2743 134.992
11.3146 135.031
