-24.8702 83.9027
-24.8437 83.9005
-16.5747 144.251
-16.0974 143.812
-16.0572 143.808
-15.8827 143.631
-15.8422 143.622
-15.8019 143.616
-15.7598 143.588
-15.7189 143.575
-15.6746 143.522
-15.6338 143.509
-15.5917 143.481
-15.5497 143.454
-15.5092 143.445
-15.4692 143.441
-15.4272 143.414
-15.3869 143.407
-15.3422 143.348
-15.3014 143.334
-15.2596 143.309
-15.2194 143.303
-15.1788 143.291
-15.1366 143.262
-15.0943 143.23
-15.0524 143.203
-15.012 143.194
-14.9718 143.187
-14.9316 143.181
-14.8899 143.156
-14.8496 143.147
-14.809 143.136
-14.7658 143.092
-14.7255 143.084
-14.6851 143.075
-14.6433 143.048
-14.6035 143.046
-14.5638 143.044
-14.524 143.042
-14.4818 143.01
-14.4398 142.98
-14.4013 142.994
-14.3594 142.965
-14.3191 142.956
-14.2784 142.943
-14.2388 142.943
-14.1991 142.941
-14.1595 142.941
-14.1194 142.935
-14.0793 142.928
-14.0379 142.905
-13.9976 142.897
-13.9575 142.89
-13.9179 142.89
-13.8787 142.895
-13.839 142.893
-13.799 142.889
-13.7582 142.873
-13.718 142.864
-13.6768 142.844
-13.6371 142.842
-13.5977 142.845
-13.5581 142.845
-13.5182 142.841
-13.4786 142.841
-13.4387 142.837
-13.3993 142.839
-13.3597 142.84
-13.3197 142.833
-13.2794 142.824
-13.2392 142.815
-13.1996 142.816
-13.1604 142.82
-13.1218 142.834
-13.0825 142.839
-13.0431 142.842
-13.0037 142.844
-12.964 142.842
-12.9247 142.847
-12.8853 142.85
-12.846 142.855
-12.8081 142.878
-12.7704 142.906
-12.7313 142.913
-12.6924 142.922
-12.6568 142.98
-12.6143 142.939
-12.571 142.886
-12.5291 142.855
-12.4894 142.853
-12.4507 142.867
-12.4113 142.869
-12.3717 142.87
-12.3314 142.861
-12.2915 142.856
-12.2519 142.857
-12.2119 142.85
-12.1721 142.848
-12.1323 142.846
-12.0941 142.867
-12.055 142.874
-12.0166 142.893
-11.9779 142.907
-11.9387 142.914
-11.9 142.928
-11.861 142.937
-11.822 142.947
-11.7833 142.961
-11.7445 142.975
-11.7061 142.993
-11.6667 142.998
-11.628 143.012
-11.5891 143.024
-11.5502 143.036
-11.5115 143.052
-11.4723 143.059
-11.4334 143.071
-11.3946 143.085
-11.3556 143.097
-11.317 143.113
-11.2785 143.132
-11.2396 143.146
-11.2004 143.153
-11.161 143.158
-11.1217 143.165
-11.0843 143.202
-11.0454 143.216
-11.007 143.237
-10.9691 143.267
-10.93 143.276
-10.8912 143.293
-10.8536 143.328
-10.8152 143.351
-10.7759 143.358
-10.7367 143.367
-10.699 143.402
-10.6606 143.426
-10.6216 143.437
-10.5827 143.454
-10.5453 143.493
-10.5066 143.512
-10.4675 143.524
-10.4286 143.54
-10.391 143.577
-10.3518 143.589
-10.3128 143.603
-10.275 143.638
-10.2369 143.668
-10.1984 143.692
-10.1597 143.713
-10.1216 143.743
-10.0826 143.759
-10.0455 143.808
-10.0071 143.834
-9.96938 143.874
-9.93027 143.888
-9.8918 143.913
-9.85305 143.935
-9.81632 143.993
-9.77743 144.012
-9.74016 144.061
-9.70136 144.082
-9.66455 144.14
-9.62548 144.156
-9.58628 144.171
-9.54916 144.224
-9.51141 144.266
-9.47377 144.311
-9.43549 144.344
-9.39708 144.374
-9.36011 144.433
-9.3213 144.456
-9.28428 144.515
-9.24497 144.529
-9.20708 144.571
-9.17036 144.637
-9.13219 144.675
-9.09412 144.715
-9.05768 144.787
-9.02097 144.855
-8.98155 144.87
-8.94318 144.905
-8.90652 144.976
-8.86994 145.049
-8.83208 145.096
-8.79521 145.164
-8.75855 145.237
-8.72152 145.303
-8.6821 145.32
-8.64648 145.417
-8.60993 145.495
-8.57178 145.54
-8.53384 145.59
-8.46295 145.798
-8.42602 145.872
-8.38961 145.957
-8.35283 146.036
-8.31721 146.14
-8.27928 146.195
-8.17485 146.572
