6.59624 156.568
6.79716 156.142
6.83827 156.087
6.87954 156.037
6.95893 155.85
7.00125 155.831
7.04157 155.758
7.08158 155.676
7.1227 155.626
7.164 155.582
7.20421 155.508
7.2441 155.427
7.28523 155.38
7.32683 155.346
7.3691 155.331
7.41057 155.294
7.45083 155.226
7.49177 155.176
7.53268 155.127
7.57378 155.082
7.61506 155.043
7.65632 155.004
7.69736 154.96
7.73839 154.916
7.7796 154.877
7.821 154.843
7.86208 154.801
7.90303 154.757
7.94397 154.713
7.98531 154.679
8.02738 154.663
8.06881 154.632
8.10979 154.591
8.15107 154.557
8.19202 154.516
8.23382 154.495
8.27529 154.466
8.31652 154.433
8.35862 154.42
8.4005 154.402
8.44102 154.353
8.48277 154.332
8.52416 154.303
8.56645 154.296
8.60794 154.27
8.64804 154.213
8.68835 154.161
8.72967 154.133
8.77192 154.125
8.81358 154.105
8.85546 154.089
8.89734 154.074
8.93885 154.051
8.98155 154.053
9.02401 154.051
9.06586 154.035
9.10747 154.015
9.14919 153.997
9.19114 153.984
9.23248 153.958
9.27283 153.912
9.31426 153.889
9.35606 153.873
9.39772 153.855
9.43976 153.845
9.48141 153.827
9.5233 153.814
9.56519 153.801
9.60682 153.783
9.64832 153.763
9.68993 153.745
9.73128 153.722
9.7721 153.688
9.81421 153.681
9.85683 153.683
9.8988 153.673
9.9405 153.658
9.98246 153.647
10.0242 153.632
10.0657 153.614
10.1082 153.614
10.1504 153.609
10.1922 153.596
10.2341 153.586
10.2761 153.576
10.3182 153.571
10.3598 153.553
10.4008 153.527
10.443 153.522
10.4859 153.53
10.5278 153.52
10.5696 153.507
10.6105 153.479
10.6518 153.458
10.6942 153.458
10.7365 153.456
10.7785 153.448
10.8208 153.446
10.862 153.423
10.904 153.415
10.9458 153.405
10.9907 153.449
11.0345 153.472
11.0766 153.467
11.1197 153.477
11.1608 153.454
11.2029 153.449
11.2461 153.462
11.289 153.47
11.3318 153.475
11.3737 153.467
11.4165 153.472
11.4592 153.478
11.502 153.483
11.5454 153.498
11.5889 153.517
11.6316 153.522
11.6742 153.524
11.7161 153.514
11.7591 153.525
11.8025 153.54
11.8452 153.543
11.8878 153.545
11.9307 153.553
11.9736 153.561
12.0161 153.561
12.0586 153.561
12.101 153.561
12.1449 153.584
12.1885 153.602
12.2313 153.608
12.2739 153.61
12.3171 153.621
12.3602 153.631
12.4043 153.657
12.4466 153.654
12.4893 153.657
12.5311 153.647
12.5749 153.667
12.6182 153.68
12.6612 153.688
12.7044 153.698
12.7494 153.737
12.7924 153.745
12.835 153.748
12.8782 153.758
12.9214 153.768
12.9662 153.802
13.0092 153.81
13.0538 153.841
13.0972 153.854
13.1418 153.885
13.1848 153.893
13.2279 153.9
13.2723 153.929
13.3172 153.962
13.3608 153.978
13.4039 153.986
13.4482 154.012
13.4929 154.043
13.5362 154.053
13.5796 154.066
13.6244 154.097
13.6689 154.126
13.7132 154.149
13.7581 154.183
13.8027 154.212
13.8457 154.217
13.8892 154.23
13.937 154.302
13.982 154.336
14.0252 154.344
14.0688 154.357
14.1142 154.396
14.1595 154.432
14.2025 154.438
14.2476 154.471
14.3851 154.602
14.4305 154.638
14.9825 155.158
15.0307 155.229
15.0772 155.276
15.1252 155.344
15.1717 155.391
