-11.0263 125.916
-10.9893 125.906
-10.0083 124.216
-9.97032 124.185
-9.93365 124.174
-9.8945 124.124
-9.85456 124.061
-9.81534 124.009
-9.77732 123.976
-9.73966 123.948
-9.70317 123.939
-9.66438 123.893
-9.62675 123.865
-9.43614 123.683
-9.39994 123.678
-9.36252 123.652
-9.32512 123.626
-9.28739 123.595
-9.24847 123.543
-9.20947 123.49
-9.17299 123.479
-9.13587 123.457
-9.09952 123.448
-9.06242 123.426
-9.02607 123.417
-8.98856 123.388
-8.94957 123.333
-8.91209 123.304
-8.8762 123.302
-8.8401 123.297
-8.80296 123.273
-8.76542 123.242
-8.72923 123.234
-8.69202 123.209
-8.65584 123.202
-8.61753 123.156
-8.58127 123.147
-8.54399 123.12
-8.50825 123.12
-8.4725 123.12
-8.43545 123.096
-8.39831 123.071
-8.36168 123.054
-8.32349 123.009
-8.28747 123.003
-8.25174 123.003
-8.21582 123
-8.17864 122.972
-8.14071 122.931
-8.105 122.931
-8.06928 122.931
-8.033 122.92
-7.99682 122.911
-7.96026 122.895
-7.92324 122.869
-7.88726 122.864
-7.85101 122.853
-7.81346 122.817
-7.77842 122.829
-7.74281 122.831
-7.70666 122.822
-7.66907 122.784
-7.63293 122.775
-7.59733 122.777
-7.56138 122.772
-7.52374 122.732
-7.48683 122.706
-7.45072 122.697
-7.41461 122.688
-7.37842 122.677
-7.34189 122.659
-7.30631 122.661
-7.27082 122.665
-7.23507 122.663
-7.19932 122.662
-7.16357 122.66
-7.12766 122.655
-7.09157 122.646
-7.05541 122.635
-7.01983 122.637
-6.98417 122.637
-6.94826 122.632
-6.91236 122.626
-6.87564 122.603
-6.8395 122.592
-6.80377 122.59
-6.76779 122.583
-6.73198 122.579
-6.69641 122.581
-6.66075 122.581
-6.62494 122.578
-6.58944 122.582
-6.55394 122.585
-6.51836 122.587
-6.48271 122.588
-6.44712 122.589
-6.41139 122.588
-6.3755 122.582
-6.33977 122.581
-6.30433 122.586
-6.26882 122.59
-6.23294 122.585
-6.19691 122.576
-6.16111 122.572
-6.12552 122.574
-6.09015 122.581
-6.05441 122.58
-6.01854 122.574
-5.9833 122.585
-5.94777 122.589
-5.9119 122.584
-5.8763 122.586
-5.84146 122.608
-5.80606 122.615
-5.77019 122.61
-5.73424 122.603
-5.69816 122.592
-5.66296 122.605
-5.62782 122.619
-5.59241 122.627
-5.55673 122.627
-5.52124 122.632
-5.48589 122.642
-5.4504 122.647
-5.41477 122.649
-5.37909 122.649
-5.34346 122.651
-5.30803 122.659
-5.27315 122.683
-5.23801 122.699
-5.20262 122.708
-5.16716 122.716
-5.1317 122.723
-5.09587 122.72
-5.0601 122.718
-5.02439 122.718
-4.98898 122.727
-4.95404 122.751
-4.91914 122.777
-4.88376 122.788
-4.84861 122.806
-4.81305 122.812
-4.77732 122.812
-4.74159 122.812
-4.70631 122.827
-4.67107 122.843
-4.63583 122.86
-4.60041 122.871
-4.56455 122.867
-4.52902 122.875
-4.49402 122.9
-4.45896 122.924
-4.42357 122.937
-4.38791 122.941
-4.35219 122.943
-4.31756 122.983
-4.28204 122.993
-4.24626 122.993
-4.21068 123
-4.17605 123.042
-4.14051 123.052
-4.10481 123.055
-4.07009 123.096
-4.03462 123.109
-3.99905 123.118
-3.96381 123.14
-3.92852 123.16
-3.89284 123.166
-3.85725 123.175
-3.82261 123.223
-3.78746 123.251
-3.75216 123.273
-3.71649 123.28
-3.68086 123.29
-3.64567 123.317
-3.61038 123.341
-3.57507 123.365
-3.53942 123.375
-3.50367 123.38
-3.46838 123.406
-3.43321 123.438
-3.39835 123.484
-3.36302 123.51
-3.32736 123.521
-3.29256 123.572
-3.25676 123.578
-3.22104 123.587
-3.18604 123.632
-3.15011 123.632
-3.11482 123.663
-3.07967 123.702
-3.04435 123.734
-3.00945 123.788
-2.97406 123.817
-2.93823 123.825
-2.90317 123.873
-2.86771 123.901
