-24.8702 83.9027
-24.8462 83.9127
-20.3455 150.016
-20.3026 149.999
-20.2571 149.957
-19.4393 148.805
-19.3973 148.793
-19.3528 148.757
-19.3082 148.721
-19.2635 148.682
-19.2193 148.648
-19.1748 148.612
-19.1301 148.574
-19.039 148.48
-18.9946 148.444
-18.948 148.386
-18.9059 148.372
-18.8615 148.336
-18.8174 148.302
-18.7758 148.293
-18.7318 148.26
-18.6904 148.253
-18.6024 148.186
-18.561 148.179
-18.5202 148.177
-18.4759 148.141
-18.432 148.108
-18.3875 148.069
-18.3436 148.036
-18.3001 148.007
-18.2588 148
-18.2171 147.989
-18.1706 147.929
-18.1286 147.915
-18.088 147.915
-18.0442 147.882
-18.0027 147.872
-17.9588 147.839
-17.9176 147.832
-17.8745 147.806
-17.8334 147.802
-17.792 147.792
-17.7507 147.786
-17.7076 147.76
-17.6664 147.753
-17.6206 147.698
-17.5796 147.693
-17.5389 147.691
-17.4956 147.663
-17.4535 147.646
-17.4123 147.639
-17.3708 147.63
-17.3296 147.623
-17.2887 147.619
-17.2475 147.612
-17.2036 147.577
-17.1615 147.56
-17.1206 147.556
-17.0807 147.563
-17.038 147.54
-16.9948 147.511
-16.9541 147.509
-16.9134 147.507
-16.8724 147.503
-16.8319 147.503
-16.7888 147.475
-16.7476 147.468
-16.7074 147.471
-16.6671 147.473
-16.6264 147.471
-16.5852 147.465
-16.5438 147.455
-16.5031 147.453
-16.462 147.447
-16.4213 147.445
-16.3812 147.45
-16.3403 147.445
-16.2995 147.443
-16.258 147.432
-16.2162 147.418
-16.1763 147.425
-16.1367 147.435
-16.0955 147.428
-16.0542 147.419
-16.0141 147.424
-15.9744 147.434
-15.9335 147.43
-15.8921 147.421
-15.8514 147.419
-15.8111 147.422
-15.771 147.427
-15.7315 147.439
-15.6918 147.449
-15.6525 147.464
-15.6132 147.479
-15.5725 147.477
-15.5338 147.499
-15.491 147.473
-15.4507 147.476
-15.4057 147.423
-15.3676 147.452
-15.3309 147.498
-15.2897 147.491
-15.2484 147.482
-15.209 147.497
-15.1675 147.485
-15.1269 147.486
-15.0858 147.479
-15.0458 147.486
-15.0051 147.484
-14.9647 147.487
-14.9238 147.483
-14.8824 147.473
-14.8436 147.495
-14.804 147.508
-14.7631 147.503
-14.7245 147.528
-14.6845 147.535
-14.6443 147.541
-14.6048 147.555
-14.5667 147.587
-14.5269 147.597
-14.4861 147.595
-14.4463 147.605
-14.4076 147.63
-14.369 147.656
-14.3298 147.674
-14.2901 147.686
-14.2513 147.711
-14.212 147.728
-14.1723 147.74
-14.1328 147.755
-14.0938 147.777
-14.0541 147.79
-14.014 147.797
-13.9737 147.802
-13.9345 147.822
-13.8948 147.835
-13.8564 147.866
-13.8172 147.886
-13.7771 147.894
-13.738 147.916
-13.6984 147.931
-13.6594 147.953
-13.6192 147.96
-13.5803 147.985
-13.5406 148
-13.5008 148.012
-13.4617 148.034
-13.4219 148.047
-13.3829 148.071
-13.3441 148.098
-13.3047 148.118
-13.2666 148.155
-13.2279 148.184
-13.1877 148.192
-13.149 148.221
-13.1091 148.234
-13.0709 148.27
-13.0327 148.307
-12.9926 148.317
-12.954 148.349
-12.9156 148.384
-12.8758 148.399
-12.8388 148.455
-12.8007 148.494
-12.7609 148.509
-12.7245 148.575
-12.6844 148.585
-12.6455 148.615
-12.6055 148.627
-12.5674 148.669
-12.5314 148.743
-12.4907 148.745
-12.4523 148.782
-12.414 148.822
-12.3737 148.832
-12.3372 148.898
-12.2986 148.935
-12.26 148.97
-12.1821 149.032
-12.144 149.076
-12.1065 149.13
-12.0666 149.148
-12.0278 149.182
-11.9892 149.219
-11.9504 149.254
-11.9145 149.335
-11.8782 149.41
-11.6153 149.808
-11.5768 149.851
-11.5397 149.918
-11.5014 149.965
-11.4646 150.037
-11.4261 150.082
-11.3896 150.159
-11.3537 150.249
-11.319 150.358
-11.2807 150.408
-11.2423 150.456
-11.1048 150.928
-11.0679 151.006
