4.94741 132.725
5.41359 130.985
6.25116 129.726
6.28649 129.693
6.32098 129.638
6.35612 129.601
6.3914 129.568
6.42688 129.541
6.46235 129.514
6.49758 129.48
6.56585 129.36
6.60125 129.333
6.63765 129.331
6.67381 129.323
6.70888 129.288
6.7433 129.238
6.77919 129.224
6.8135 129.172
6.84761 129.116
6.88372 129.108
6.91917 129.085
6.9551 129.073
6.99061 129.052
7.02579 129.023
7.06144 129.006
7.09602 128.963
7.13091 128.928
7.1667 128.915
7.20114 128.87
7.23699 128.859
7.27199 128.828
7.30724 128.803
7.34367 128.805
7.37967 128.797
7.41472 128.768
7.44957 128.735
7.48564 128.729
7.52188 128.727
7.55626 128.685
7.59205 128.673
7.62774 128.66
7.66217 128.619
7.69775 128.604
7.73296 128.581
7.76798 128.554
7.80372 128.542
7.83927 128.527
7.87499 128.515
7.91034 128.496
7.94494 128.461
7.98045 128.446
8.01559 128.423
8.05156 128.417
8.08696 128.4
8.12253 128.386
8.15754 128.361
8.1932 128.35
8.22972 128.355
8.26633 128.363
8.30237 128.359
8.33811 128.349
8.37327 128.328
8.40841 128.307
8.44384 128.291
8.47966 128.284
8.51567 128.28
8.55108 128.264
8.58688 128.257
8.62218 128.239
8.65778 128.228
8.69235 128.197
8.72773 128.182
8.7637 128.178
8.79968 128.174
8.83514 128.16
8.87059 128.147
8.90739 128.158
8.94377 128.162
8.97901 128.145
9.01444 128.131
9.0505 128.129
9.08656 128.127
9.1223 128.119
9.15815 128.113
9.19431 128.113
9.23025 128.109
9.2662 128.105
9.30235 128.105
9.33764 128.09
9.37346 128.084
9.4095 128.082
9.44466 128.065
9.47982 128.048
9.51552 128.04
9.55077 128.024
9.58723 128.03
9.6246 128.051
9.66242 128.079
9.69913 128.089
9.73414 128.069
9.76926 128.052
9.80528 128.05
9.84199 128.059
9.8787 128.069
9.91415 128.057
9.95005 128.053
9.98607 128.051
10.0218 128.045
10.0582 128.049
10.0945 128.051
10.1306 128.051
10.1671 128.056
10.2034 128.06
10.2396 128.06
10.2753 128.054
10.3115 128.054
10.3475 128.052
10.3834 128.048
10.4196 128.049
10.4559 128.051
10.4922 128.055
10.5287 128.06
10.5656 128.072
10.6018 128.073
10.6386 128.083
10.6757 128.098
10.7121 128.102
10.7484 128.105
10.7847 128.107
10.8211 128.111
10.8576 128.116
10.8941 128.122
10.9311 128.135
10.9678 128.142
11.0039 128.142
11.0403 128.146
11.0768 128.151
11.1132 128.155
11.1495 128.157
11.1872 128.179
11.2238 128.187
11.2605 128.194
11.2969 128.198
11.3334 128.204
11.3698 128.207
11.4075 128.228
11.4451 128.249
11.4821 128.262
11.5192 128.275
11.5565 128.29
11.5928 128.292
11.6289 128.292
11.6656 128.299
11.7033 128.32
11.7398 128.326
11.7774 128.345
11.8157 128.375
11.8527 128.386
11.8906 128.409
11.9272 128.415
11.965 128.437
12.0013 128.439
12.0381 128.447
12.0748 128.454
12.1144 128.5
12.1512 128.507
12.1879 128.515
12.2261 128.541
12.2655 128.583
12.3027 128.596
12.3395 128.604
12.3776 128.629
12.4158 128.655
12.4541 128.682
12.4906 128.686
12.5272 128.691
12.567 128.737
12.6041 128.748
12.6424 128.775
12.6807 128.802
12.7195 128.834
12.7582 128.865
12.7965 128.891
12.8353 128.924
12.8722 128.931
12.9106 128.958
12.9494 128.99
12.9883 129.023
13.0252 129.03
13.0646 129.069
13.1024 129.088
13.1422 129.132
13.1795 129.143
13.2181 129.172
13.2586 129.224
13.2961 129.237
13.3347 129.266
13.3736 129.297
13.4129 129.333
13.4543 129.395
13.4945 129.441
13.5316 129.45
13.5726 129.506
13.6129 129.552
13.6539 129.608
13.6943 129.657
13.7316 129.666
13.7706 129.697
13.8106 129.739
13.8496 129.77
13.8908 129.826
14.0573 130.069
14.0986 130.125
