-14.5285 121.134
-14.491 121.109
-14.4533 121.082
-14.219 120.834
-14.1831 120.825
-14.1457 120.8
-14.1078 120.77
-13.581 120.375
-13.5457 120.371
-13.5104 120.368
-13.473 120.342
-13.3239 120.238
-13.2884 120.233
-13.2508 120.203
-13.2115 120.154
-13.1729 120.111
-13.135 120.078
-13.0996 120.073
-13.0644 120.07
-13.0293 120.068
-12.9928 120.05
-12.9572 120.042
-12.9219 120.038
-12.887 120.038
-12.8519 120.037
-12.7795 120.007
-12.7425 119.982
-12.7052 119.954
-12.6694 119.944
-12.6329 119.925
-12.5993 119.941
-12.5632 119.927
-12.5262 119.902
-12.4896 119.881
-12.4544 119.878
-12.4186 119.867
-12.383 119.859
-12.3478 119.855
-12.3104 119.825
-12.275 119.819
-12.2399 119.817
-12.2047 119.813
-12.1684 119.796
-12.1327 119.786
-12.0962 119.766
-12.0611 119.763
-12.026 119.761
-11.9906 119.754
-11.954 119.733
-11.9187 119.728
-11.8826 119.713
-11.8476 119.711
-11.8126 119.709
-11.7776 119.708
-11.7432 119.715
-11.7093 119.727
-11.6735 119.715
-11.6365 119.689
-11.6019 119.692
-11.5676 119.699
-11.5315 119.684
-11.4961 119.677
-11.4608 119.672
-11.4259 119.672
-11.3906 119.666
-11.3543 119.647
-11.319 119.642
-11.284 119.64
-11.2484 119.63
-11.2136 119.632
-11.1795 119.642
-11.1456 119.655
-11.1108 119.657
-11.0753 119.648
-11.0398 119.639
-11.0049 119.639
-10.9705 119.646
-10.9359 119.65
-10.9006 119.645
-10.8653 119.64
-10.831 119.647
-10.7962 119.649
-10.7607 119.64
-10.7261 119.644
-10.6913 119.645
-10.6574 119.659
-10.6219 119.651
-10.5866 119.646
-10.5521 119.651
-10.5179 119.662
-10.4839 119.674
-10.4485 119.667
-10.4134 119.664
-10.3786 119.665
-10.3442 119.673
-10.3102 119.687
-10.2763 119.701
-10.2423 119.715
-10.2074 119.715
-10.1729 119.72
-10.1384 119.727
-10.1028 119.717
-10.0674 119.71
-10.0321 119.705
-9.99754 119.71
-9.96344 119.723
-9.92933 119.735
-9.89486 119.742
-9.86016 119.746
-9.82535 119.747
-9.79041 119.747
-9.75559 119.749
-9.72088 119.753
-9.68674 119.765
-9.65225 119.772
-9.61731 119.772
-9.58337 119.788
-9.54954 119.806
-9.51548 119.82
-9.48152 119.836
-9.44722 119.847
-9.41291 119.857
-9.37893 119.873
-9.34527 119.894
-9.31084 119.903
-9.2764 119.912
-9.24174 119.917
-9.20665 119.916
-9.17187 119.919
-9.1387 119.949
-9.10499 119.971
-9.07189 120.002
-9.03784 120.018
-9.00335 120.027
-8.96854 120.031
-8.93478 120.052
-8.901 120.073
-8.8667 120.086
-8.83363 120.119
-8.7989 120.125
-8.76406 120.128
-8.72962 120.139
-8.69569 120.158
-8.66186 120.18
-8.6277 120.196
-8.59385 120.217
-8.55998 120.238
-8.5257 120.252
-8.49122 120.263
-8.45712 120.281
-8.42292 120.297
-8.38842 120.307
-8.35469 120.332
-8.32076 120.354
-8.28614 120.363
-8.25248 120.389
-8.219 120.419
-8.18521 120.444
-8.15142 120.469
-8.11799 120.501
-8.08445 120.531
-8.05043 120.553
-8.01565 120.56
-7.9816 120.581
-7.9469 120.59
-7.91321 120.619
-7.88034 120.663
-7.8458 120.676
-7.81271 120.717
-7.77833 120.733
-7.74466 120.763
-7.71171 120.808
-7.67693 120.817
-7.64224 120.827
-7.60924 120.872
-7.57541 120.9
-7.54131 120.924
-7.50685 120.94
-7.47395 120.988
-7.44121 121.04
-7.40844 121.092
-7.37479 121.126
-7.34077 121.153
-7.30683 121.181
-7.27202 121.192
-7.23993 121.26
-7.20518 121.273
-7.17009 121.278
-7.13709 121.329
-7.10215 121.338
-6.77107 121.849
-6.73804 121.905
-6.70365 121.931
-6.66963 121.965
-6.63639 122.017
-6.60203 122.045
-5.72041 123.193
-5.6844 123.188
