-14.5507 152.108
-14.5037 152.036
-14.4593 151.996
-14.4165 151.979
-14.37 151.912
-14.3254 151.87
-14.2814 151.835
-14.2366 151.79
-14.1876 151.688
-14.1435 151.651
-14.1014 151.641
-14.0589 151.627
-14.0126 151.56
-13.9708 151.552
-13.9293 151.55
-13.8834 151.488
-13.8361 151.406
-13.7908 151.352
-13.7468 151.315
-13.7048 151.305
-13.663 151.298
-13.618 151.246
-13.5737 151.204
-13.5312 151.187
-13.4877 151.155
-13.4436 151.116
-13.4001 151.084
-13.3576 151.066
-13.3129 151.017
-13.2709 151.005
-13.227 150.968
-13.185 150.956
-13.1396 150.897
-13.0979 150.889
-13.0564 150.885
-13.0147 150.877
-12.9693 150.816
-12.9254 150.777
-12.8832 150.762
-12.8414 150.752
-12.7989 150.732
-12.7573 150.725
-12.7141 150.696
-12.6726 150.691
-12.6313 150.689
-12.5895 150.679
-12.5459 150.642
-12.5026 150.61
-12.4594 150.578
-12.4181 150.576
-12.377 150.576
-12.3352 150.566
-12.2929 150.549
-12.2502 150.525
-12.2089 150.522
-12.1672 150.513
-12.1259 150.51
-12.0832 150.486
-12.0412 150.471
-11.9996 150.464
-11.958 150.457
-11.9154 150.432
-11.873 150.413
-11.8314 150.405
-11.7902 150.403
-11.7486 150.396
-11.7066 150.381
-11.6652 150.376
-11.6235 150.367
-11.5823 150.364
-11.541 150.362
-11.4994 150.352
-11.4577 150.342
-11.4166 150.343
-11.375 150.335
-11.3323 150.308
-11.2908 150.301
-11.2496 150.299
-11.2081 150.292
-11.1665 150.284
-11.1256 150.287
-11.0847 150.289
-11.0434 150.287
-11.0024 150.287
-10.9607 150.277
-10.9196 150.277
-10.8791 150.287
-10.8385 150.295
-10.7972 150.292
-10.755 150.273
-10.7132 150.261
-10.6726 150.268
-10.633 150.295
-10.5914 150.285
-10.5497 150.276
-10.5099 150.298
-10.4677 150.278
-10.4265 150.276
-10.3874 150.313
-10.3455 150.298
-10.3043 150.296
-10.2635 150.301
-10.2233 150.318
-10.1818 150.31
-10.1406 150.308
-10.0993 150.306
-10.0586 150.313
-10.0179 150.321
-9.97696 150.323
-9.9356 150.318
-9.89475 150.323
-9.85378 150.326
-9.8128 150.328
-9.77182 150.331
-9.73097 150.336
-9.69075 150.353
-9.6504 150.368
-9.60991 150.38
-9.56916 150.387
-9.52817 150.39
-9.48704 150.39
-9.44654 150.402
-9.40677 150.429
-9.36662 150.449
-9.32585 150.456
-9.28483 150.459
-9.24381 150.462
-9.20351 150.479
-9.16308 150.494
-9.12289 150.513
-9.08233 150.526
-9.04165 150.535
-9.00073 150.54
-8.9598 150.545
-8.91992 150.572
-8.88004 150.6
-8.83933 150.609
-8.79849 150.617
-8.75743 150.619
-8.71682 150.632
-8.677 150.661
-8.63763 150.701
-8.59722 150.718
-8.55646 150.728
-8.51582 150.74
-8.47583 150.767
-8.43506 150.777
-8.3945 150.792
-8.35372 150.802
-8.31392 150.834
-8.27366 150.856
-8.23384 150.888
-8.19378 150.916
-8.15349 150.938
-8.11363 150.97
-8.07375 151.002
-8.03322 151.019
-7.99331 151.051
-7.95255 151.064
-7.9122 151.086
-7.87216 151.116
-7.83138 151.128
-7.7909 151.148
-7.75143 151.193
-7.71165 151.23
-7.67093 151.245
-7.6304 151.264
-7.58987 151.284
-7.54953 151.309
-7.51018 151.359
-7.4704 151.398
-7.42982 151.418
-7.38953 151.446
-7.34991 151.49
-7.31017 151.532
-7.27022 151.57
-7.23015 151.605
-7.19017 151.642
-7.15027 151.682
-7.11167 151.756
-7.0706 151.766
-7.03064 151.806
-6.99057 151.843
-6.95049 151.881
-6.83169 152.036
-6.79072 152.051
-6.75181 152.123
-6.71189 152.168
-6.67274 152.236
-6.6326 152.276
-6.59173 152.296
-6.55217 152.353
-6.51206 152.396
-6.47202 152.441
-6.43298 152.516
-6.27721 152.838
-6.23668 152.873
-6.19547 152.888
-6.1564 152.969
-6.0792 153.163
