-24.8722 83.9118
-24.8456 83.9096
-0.856979 127.622
-0.30945 126.642
0.159947 126.077
0.195944 126.064
0.231919 126.036
0.26788 126.006
0.303801 125.959
0.339763 125.948
0.37568 125.916
0.411533 125.861
0.447363 125.807
0.483276 125.794
0.51913 125.762
0.554912 125.711
0.590746 125.683
0.626554 125.651
0.662417 125.638
0.698216 125.61
0.734041 125.592
0.7699 125.582
0.805658 125.552
0.841331 125.507
0.877088 125.483
0.912795 125.451
0.948601 125.44
0.984316 125.414
1.01999 125.382
1.05565 125.353
1.0913 125.321
1.12696 125.295
1.16273 125.285
1.19844 125.269
1.23423 125.263
1.26986 125.237
1.30558 125.224
1.34099 125.174
1.37661 125.151
1.41237 125.146
1.44809 125.137
1.48364 125.109
1.51921 125.085
1.55494 125.079
1.59065 125.072
1.62622 125.049
1.66194 125.044
1.69772 125.044
1.73299 124.996
1.76849 124.971
1.80417 124.964
1.84001 124.971
1.8759 124.983
1.91143 124.962
1.94697 124.944
1.98261 124.934
2.01809 124.912
2.05367 124.899
2.08906 124.871
2.12468 124.862
2.16019 124.845
2.19557 124.82
2.23097 124.796
2.26641 124.775
2.30212 124.775
2.33765 124.762
2.37326 124.755
2.40883 124.746
2.44446 124.74
2.48008 124.735
2.51576 124.733
2.55143 124.731
2.5869 124.716
2.62239 124.703
2.65791 124.692
2.69357 124.69
2.7293 124.692
2.76493 124.688
2.80028 124.668
2.83593 124.666
2.87146 124.657
2.90628 124.609
2.94156 124.587
2.97723 124.587
3.01317 124.602
3.04913 124.617
3.08491 124.622
3.12041 124.613
3.15591 124.604
3.19158 124.604
3.22725 124.604
3.26278 124.596
3.29834 124.591
3.33401 124.591
3.36987 124.6
3.4057 124.608
3.44114 124.597
3.47669 124.591
3.5126 124.602
3.54832 124.604
3.58391 124.6
3.61987 124.613
3.65925 124.776
3.69488 124.772
3.72711 124.623
3.76244 124.608
3.79763 124.587
3.83321 124.584
3.86897 124.588
3.90459 124.586
3.94031 124.588
3.97607 124.591
4.01197 124.601
4.04759 124.599
4.08307 124.591
4.1187 124.59
4.15436 124.59
4.19018 124.595
4.22594 124.599
4.26151 124.595
4.29713 124.593
4.3329 124.597
4.36862 124.599
4.40429 124.599
4.43996 124.599
4.47568 124.601
4.51151 124.606
4.54739 124.614
4.58364 124.634
4.61948 124.64
4.65548 124.651
4.69138 124.658
4.72739 124.669
4.76379 124.693
4.79948 124.693
4.83449 124.671
4.86989 124.662
4.9058 124.67
4.94229 124.695
4.97861 124.716
5.01465 124.727
5.05053 124.732
5.08652 124.742
5.12263 124.755
5.15893 124.773
5.19488 124.781
5.23101 124.794
5.26721 124.809
5.30305 124.812
5.33889 124.816
5.37479 124.822
5.41063 124.825
5.44723 124.851
5.4841 124.885
5.52022 124.896
5.55621 124.903
5.59187 124.901
5.62806 124.914
5.6642 124.926
5.7004 124.939
5.73701 124.963
5.77369 124.989
5.81019 125.009
5.84615 125.015
5.88225 125.024
5.91835 125.033
5.9555 125.07
5.99176 125.084
6.02859 125.111
6.06514 125.132
6.10135 125.143
6.13821 125.171
6.17487 125.193
6.21081 125.197
6.24689 125.205
6.28379 125.232
6.32011 125.246
6.35674 125.266
6.39352 125.29
6.43016 125.311
6.46628 125.318
6.50256 125.329
6.5406 125.384
6.57752 125.41
6.61452 125.438
6.65138 125.462
6.68872 125.498
6.72584 125.527
6.76266 125.55
6.79972 125.578
6.83624 125.593
6.87462 125.651
6.91132 125.67
6.94763 125.679
6.98476 125.707
7.02215 125.741
7.06021 125.79
7.09655 125.799
7.13265 125.803
7.24825 125.976
7.28455 125.983
7.32061 125.985
7.35752 126.006
7.70323 126.464
7.74176 126.515
7.77857 126.53
7.81742 126.587
7.8562 126.642
7.89528 126.703
7.9343 126.761
8.05448 126.997
8.09133 127.01
8.13011 127.062
8.17027 127.14
8.21046 127.218
8.24854 127.254
8.28929 127.342
8.32909 127.411
