6.85423 144.051
6.89468 144.048
6.93523 144.048
7.45065 142.764
7.74923 142.213
7.78857 142.194
7.82613 142.135
7.86316 142.063
7.90145 142.022
7.93853 141.953
7.97648 141.905
8.0136 141.839
8.0509 141.777
8.08919 141.738
8.12838 141.72
8.16551 141.656
8.20375 141.617
8.24228 141.585
8.31699 141.471
8.35515 141.432
8.39309 141.389
8.43026 141.329
8.46985 141.322
8.50827 141.291
8.54656 141.256
8.58603 141.247
8.6244 141.215
8.66211 141.17
8.69772 141.081
8.7367 141.063
8.77511 141.034
8.81318 140.997
8.85202 140.977
8.88961 140.932
8.92887 140.92
8.96689 140.884
9.005 140.85
9.04434 140.841
9.08254 140.809
9.11935 140.75
9.15866 140.741
9.19682 140.71
9.23612 140.701
9.27297 140.644
9.31178 140.626
9.34871 140.572
9.38785 140.56
9.42723 140.554
9.46517 140.52
9.50465 140.515
9.54413 140.511
9.58167 140.47
9.62017 140.448
9.65842 140.421
9.69665 140.394
9.73536 140.375
9.77369 140.351
9.813 140.344
9.8523 140.337
9.89073 140.315
9.9289 140.288
9.96781 140.274
10.0066 140.258
10.0455 140.245
10.0839 140.222
10.1213 140.184
10.161 140.184
10.2002 140.177
10.2381 140.146
10.2768 140.13
10.3159 140.121
10.3532 140.081
10.3915 140.058
10.4309 140.056
10.4708 140.06
10.5104 140.06
10.5493 140.049
10.5885 140.042
10.6281 140.042
10.6669 140.029
10.7057 140.015
10.7432 139.982
10.7824 139.975
10.8217 139.971
10.8605 139.957
10.8977 139.919
10.9366 139.908
10.9751 139.89
11.0141 139.881
11.054 139.888
11.094 139.894
11.1335 139.894
11.1711 139.863
11.2074 139.811
11.2444 139.771
11.2839 139.771
11.3239 139.778
11.363 139.771
11.4021 139.764
11.442 139.771
11.4811 139.764
11.5219 139.784
11.5623 139.798
11.6017 139.795
11.6412 139.795
11.6784 139.76
11.7169 139.744
11.7576 139.762
11.7977 139.771
11.8384 139.789
11.8789 139.804
11.9187 139.809
11.9575 139.797
11.997 139.797
12.0376 139.813
12.0777 139.822
12.1174 139.824
12.157 139.826
12.1976 139.842
12.2373 139.844
12.2751 139.82
12.3134 139.802
12.3543 139.822
12.3954 139.844
12.4347 139.842
12.4743 139.842
12.5136 139.84
12.5534 139.844
12.5941 139.86
12.635 139.88
12.6744 139.878
12.7147 139.889
12.7552 139.902
12.7945 139.9
12.8332 139.889
12.8724 139.884
12.9123 139.889
12.9534 139.911
12.9941 139.927
13.0339 139.931
13.0734 139.931
13.1149 139.958
13.1565 139.985
13.1965 139.991
13.235 139.978
13.2736 139.964
13.3132 139.967
13.3548 139.993
13.3977 140.038
13.4381 140.049
13.4781 140.056
13.5182 140.063
13.5594 140.085
13.5991 140.087
13.6392 140.094
13.6805 140.117
13.7207 140.125
13.7609 140.134
13.8043 140.184
13.8442 140.188
13.8845 140.197
13.9249 140.208
13.9664 140.233
14.0065 140.24
14.048 140.264
14.0882 140.271
14.1281 140.276
14.1703 140.309
14.2124 140.341
14.2526 140.347
14.2947 140.379
14.3348 140.386
14.3766 140.413
14.4173 140.426
14.4607 140.473
14.4992 140.46
14.5409 140.484
14.5818 140.5
14.626 140.556
14.6669 140.572
14.7086 140.597
14.749 140.606
14.7914 140.64
14.8359 140.698
14.8786 140.735
14.9194 140.748
14.9615 140.777
15.0036 140.807
15.0444 140.82
15.0874 140.859
15.1301 140.895
15.1744 140.949
15.2145 140.954
15.2581 140.999
15.3032 141.062
15.3458 141.096
15.3869 141.112
15.4292 141.142
15.4717 141.173
15.5144 141.207
15.7789 141.503
15.8658 141.585
15.909 141.623
15.9523 141.662
15.9979 141.726
16.0469 141.829
16.0888 141.852
16.1344 141.916
16.1807 141.987
16.227 142.058
16.2725 142.12
17.0094 144.025
17.052 144.049
