-12.8547 133.605
-12.8142 133.564
-12.7708 133.485
-12.6223 133.004
-12.4796 132.591
-12.443 132.599
-12.4041 132.575
-12.3626 132.517
-12.3189 132.428
-12.2768 132.36
-12.2349 132.296
-12.0236 131.941
-11.986 131.933
-11.948 131.919
-11.9098 131.903
-11.863 131.766
-11.8228 131.722
-11.7849 131.708
-11.7458 131.678
-11.6616 131.533
-11.6204 131.472
-11.4222 131.276
-11.3845 131.264
-11.2676 131.173
-11.2286 131.141
-11.1856 131.051
-11.1469 131.023
-11.1096 131.017
-11.0721 131.007
-11.0327 130.968
-10.9952 130.958
-10.9564 130.928
-10.9179 130.903
-10.8804 130.893
-10.8412 130.855
-10.8006 130.798
-10.7619 130.769
-10.7249 130.765
-10.6862 130.735
-10.6475 130.706
-10.61 130.694
-10.5714 130.667
-10.5327 130.635
-10.4941 130.608
-10.457 130.602
-10.4184 130.572
-10.3794 130.537
-10.3411 130.512
-10.3038 130.502
-10.2658 130.482
-10.2275 130.457
-10.1902 130.447
-10.1531 130.441
-10.115 130.419
-10.0777 130.41
-10.0379 130.359
-9.99978 130.335
-9.96416 130.353
-9.92759 130.355
-9.89054 130.349
-9.85219 130.322
-9.8128 130.277
-9.77531 130.263
-9.73816 130.255
-9.70021 130.233
-9.66285 130.222
-9.62572 130.214
-9.58893 130.212
-9.55158 130.2
-9.51344 130.175
-9.47587 130.159
-9.43899 130.155
-9.40177 130.145
-9.36366 130.12
-9.32667 130.114
-9.2898 130.11
-9.25282 130.104
-9.21573 130.097
-9.1781 130.079
-9.14113 130.073
-9.10405 130.065
-9.06687 130.055
-9.03001 130.052
-8.99273 130.04
-8.95523 130.024
-8.91839 130.02
-8.88154 130.016
-8.84459 130.01
-8.80775 130.007
-8.77049 129.995
-8.73386 129.995
-8.69754 130.001
-8.66081 129.999
-8.62407 129.997
-8.58703 129.989
-8.54958 129.973
-8.51245 129.963
-8.47592 129.965
-8.4397 129.973
-8.40297 129.971
-8.36624 129.969
-8.32961 129.969
-8.29259 129.961
-8.25537 129.95
-8.21805 129.936
-8.18104 129.928
-8.14491 129.938
-8.10819 129.936
-8.07108 129.926
-8.03523 129.942
-7.99917 129.953
-7.96216 129.945
-7.92459 129.926
-7.8875 129.916
-7.85087 129.916
-7.81444 129.92
-7.77912 129.947
-7.7436 129.97
-7.70779 129.988
-7.67152 129.996
-7.63433 129.984
-7.59705 129.97
-7.56033 129.968
-7.52396 129.974
-7.48777 129.984
-7.45122 129.986
-7.4144 129.982
-7.37802 129.988
-7.34173 129.995
-7.30517 129.997
-7.26827 129.991
-7.23145 129.987
-7.19489 129.989
-7.15833 129.991
-7.12211 130.001
-7.08614 130.016
-7.04983 130.024
-7.01359 130.034
-6.97727 130.042
-6.94119 130.055
-6.9047 130.059
-6.86803 130.059
-6.83186 130.071
-6.79536 130.075
-6.75934 130.09
-6.72323 130.104
-6.68679 130.11
-6.6502 130.111
-6.61431 130.131
-6.5785 130.152
-6.54212 130.16
-6.50551 130.162
-6.4689 130.164
-6.43252 130.172
-6.39651 130.189
-6.36012 130.197
-6.32449 130.224
-6.28801 130.23
-6.25153 130.236
-6.21556 130.255
-6.17974 130.279
-6.14332 130.287
-6.10682 130.292
-6.07104 130.318
-6.03518 130.341
-5.99859 130.345
-5.962 130.349
-5.92569 130.361
-5.89072 130.41
-5.85461 130.427
-5.8189 130.456
-5.78172 130.445
-5.74517 130.451
-5.70972 130.488
-5.67445 130.531
-5.63781 130.535
-5.60096 130.533
-5.56432 130.537
-5.528 130.55
-5.49188 130.57
-5.45555 130.583
-5.42039 130.633
-5.38379 130.638
-5.34782 130.664
-5.31197 130.693
-5.27611 130.723
-5.2396 130.732
-5.20372 130.762
-5.16782 130.791
-5.13197 130.823
-5.09599 130.85
-5.05938 130.858
-5.02331 130.884
-4.98657 130.888
-4.95055 130.915
-4.9141 130.929
-4.87799 130.954
-4.84281 131.012
-4.80761 131.069
-4.77105 131.081
-4.73495 131.108
-4.69884 131.136
-3.97887 131.891
-3.9425 131.921
-3.90574 131.935
-3.44147 132.792
-3.40489 132.826
-3.36838 132.865
-3.33255 132.937
-3.29758 133.054
-3.26175 133.131
-3.22661 133.244
-3.19068 133.319
-3.15448 133.382
-3.11883 133.475
-3.08698 133.775
-3.04997 133.801
-3.01275 133.817
