-13.243 140.791
-13.0935 140.381
-13.0536 140.377
-11.6324 138.658
-11.5916 138.634
-11.552 138.627
-11.3843 138.463
-11.3447 138.457
-11.3053 138.453
-11.2641 138.422
-11.2223 138.38
-11.1803 138.337
-11.1383 138.293
-11.0988 138.287
-11.0592 138.28
-11.0194 138.269
-10.9783 138.239
-10.9359 138.186
-10.8964 138.18
-10.857 138.176
-10.8173 138.167
-10.7763 138.137
-10.7353 138.106
-10.6944 138.078
-10.6541 138.059
-10.6121 138.011
-10.5726 138.004
-10.5335 138.005
-10.4941 137.998
-10.4546 137.992
-10.4146 137.977
-10.375 137.968
-10.3341 137.938
-10.2925 137.897
-10.2518 137.868
-10.2125 137.864
-10.1733 137.862
-10.1339 137.856
-10.0934 137.832
-10.0534 137.815
-10.0147 137.822
-9.97553 137.82
-9.93548 137.802
-9.89581 137.792
-9.85627 137.783
-9.81623 137.766
-9.77682 137.76
-9.73767 137.758
-9.69863 137.758
-9.65862 137.741
-9.61897 137.73
-9.57921 137.717
-9.53921 137.7
-9.49983 137.694
-9.45972 137.674
-9.42034 137.668
-9.38132 137.668
-9.3423 137.668
-9.30304 137.664
-9.26331 137.651
-9.22288 137.625
-9.18293 137.608
-9.14392 137.608
-9.10561 137.622
-9.06717 137.633
-9.02849 137.64
-8.9889 137.629
-8.94954 137.623
-8.91063 137.625
-8.87116 137.616
-8.8318 137.61
-8.79222 137.599
-8.75265 137.589
-8.71375 137.591
-8.6744 137.585
-8.63483 137.574
-8.5956 137.57
-8.55648 137.568
-8.518 137.579
-8.47866 137.573
-8.43889 137.558
-8.40031 137.567
-8.36214 137.585
-8.32312 137.585
-8.28516 137.607
-8.24571 137.598
-8.20521 137.568
-8.16588 137.562
-8.12603 137.544
-8.08629 137.529
-8.04789 137.543
-8.0098 137.563
-7.97159 137.58
-7.93367 137.604
-7.89544 137.622
-7.85761 137.649
-7.81877 137.653
-7.77932 137.645
-7.73998 137.638
-7.70083 137.636
-7.66267 137.656
-7.6244 137.674
-7.58563 137.681
-7.54658 137.681
-7.50742 137.679
-7.46836 137.679
-7.4294 137.682
-7.39062 137.688
-7.3525 137.71
-7.31474 137.741
-7.27688 137.77
-7.23826 137.781
-7.19954 137.79
-7.16128 137.81
-7.12246 137.817
-7.08363 137.824
-7.04535 137.844
-7.00651 137.85
-6.96732 137.848
-6.92839 137.853
-6.89008 137.873
-6.85237 137.908
-6.81377 137.921
-6.77491 137.928
-6.73578 137.928
-6.69768 137.955
-6.65983 137.988
-6.62111 137.999
-6.58298 138.026
-6.5445 138.044
-6.50568 138.053
-6.46685 138.062
-6.42777 138.064
-6.38959 138.091
-6.35099 138.106
-6.31352 138.152
-6.2745 138.157
-6.23539 138.16
-6.19724 138.188
-6.15844 138.2
-6.12042 138.233
-6.08223 138.262
-6.04325 138.268
-6.00519 138.302
-5.9672 138.337
-5.92827 138.346
-5.88918 138.351
-5.85183 138.406
-5.81385 138.444
-5.77497 138.455
-5.73666 138.484
-5.6985 138.517
-5.65958 138.528
-5.6211 138.553
-5.58203 138.56
-5.5446 138.617
-5.50622 138.646
-5.46726 138.657
-5.429 138.691
-5.3901 138.704
-5.35264 138.764
-5.31364 138.775
-5.27621 138.838
-5.23794 138.873
-5.19884 138.882
-5.16121 138.94
-5.12209 138.949
-4.8921 139.173
-4.85436 139.233
-4.6261 139.548
-4.58687 139.56
-4.5481 139.589
-4.47112 139.67
-4.43323 139.735
