8.12527 145.172
8.13689 142.707
8.44436 141.568
8.48196 141.521
8.51975 141.478
8.55527 141.387
8.59291 141.342
8.62933 141.272
8.70155 141.121
8.73965 141.087
8.77596 141.017
8.81082 140.918
8.84851 140.877
8.88475 140.808
8.92229 140.765
8.95859 140.698
8.99463 140.626
9.03245 140.59
9.07014 140.552
9.10634 140.485
9.14376 140.442
9.18174 140.411
9.21925 140.371
9.25501 140.297
9.29166 140.241
9.33062 140.23
9.36923 140.212
9.4063 140.165
9.44335 140.118
9.48098 140.083
9.51859 140.047
9.55487 139.987
9.59208 139.945
9.63 139.916
9.66851 139.898
9.70495 139.842
9.74368 139.829
9.78033 139.778
9.81892 139.763
9.85516 139.705
9.8936 139.687
9.93042 139.64
9.96897 139.625
10.0064 139.59
10.0439 139.556
10.0818 139.53
10.1199 139.508
10.1575 139.477
10.1955 139.452
10.2332 139.424
10.2716 139.406
10.3091 139.375
10.3464 139.34
10.3842 139.313
10.423 139.304
10.4617 139.293
10.4987 139.253
10.537 139.236
10.5755 139.223
10.613 139.192
10.6516 139.181
10.69 139.165
10.7272 139.13
10.7647 139.101
10.8032 139.088
10.8409 139.062
10.8791 139.044
10.9184 139.044
10.9571 139.035
10.9954 139.02
11.0341 139.011
11.0711 138.974
11.1091 138.954
11.1472 138.936
11.1843 138.901
11.2231 138.895
11.2619 138.888
11.3002 138.873
11.3374 138.842
11.3759 138.831
11.4147 138.825
11.453 138.809
11.4908 138.787
11.5296 138.781
11.5683 138.774
11.6065 138.759
11.6452 138.75
11.6832 138.732
11.7218 138.724
11.7602 138.711
11.7985 138.697
11.8371 138.689
11.8755 138.678
11.9127 138.647
11.951 138.634
11.9889 138.616
12.0275 138.608
12.0668 138.61
12.1057 138.605
12.1441 138.595
12.1834 138.597
12.2222 138.59
12.2596 138.566
12.2979 138.553
12.3367 138.549
12.3754 138.542
12.4144 138.54
12.4528 138.529
12.491 138.516
12.5305 138.52
12.5684 138.503
12.6055 138.474
12.6461 138.494
12.6888 138.545
12.7286 138.553
12.7641 138.503
12.8028 138.496
12.8403 138.475
12.8812 138.499
12.9213 138.512
12.9601 138.507
12.9993 138.508
13.0389 138.514
13.0787 138.523
13.118 138.525
13.1568 138.521
13.1956 138.516
13.2344 138.512
13.2742 138.521
13.3143 138.534
13.3545 138.547
13.3944 138.558
13.4334 138.556
13.4734 138.567
13.5129 138.571
13.552 138.572
13.591 138.569
13.6301 138.569
13.6693 138.569
13.7084 138.569
13.7474 138.567
13.7874 138.578
13.8284 138.602
13.8681 138.609
13.9077 138.616
13.9478 138.627
13.9874 138.633
14.0271 138.64
14.0664 138.642
14.1056 138.642
14.1451 138.646
14.1858 138.666
14.2259 138.677
14.2659 138.688
14.3052 138.69
14.3453 138.701
14.3846 138.704
14.4247 138.715
14.4653 138.732
14.505 138.739
14.5443 138.741
14.5846 138.754
14.6261 138.783
14.6673 138.807
14.7074 138.818
14.7477 138.831
14.7889 138.856
14.8286 138.862
14.8691 138.878
14.909 138.886
14.9493 138.9
14.9906 138.924
15.0302 138.928
15.0697 138.933
15.111 138.957
15.1512 138.968
15.1932 139.001
15.2349 139.03
15.2747 139.036
15.315 139.05
15.3579 139.091
15.3981 139.103
15.4394 139.127
15.48 139.142
15.5212 139.164
15.5629 139.193
15.6032 139.204
15.6457 139.242
15.6856 139.248
15.7272 139.275
15.7694 139.308
15.8097 139.319
15.8517 139.35
15.8939 139.383
15.9362 139.416
15.9787 139.452
16.019 139.463
16.0635 139.521
16.1036 139.529
16.1453 139.556
16.1879 139.592
16.2307 139.629
16.2712 139.643
16.3187 139.731
16.3617 139.771
16.4021 139.783
16.4441 139.811
16.4868 139.847
16.5291 139.878
16.5716 139.912
16.6153 139.958
16.6612 140.027
16.7033 140.056
16.7459 140.09
16.7897 140.137
16.8357 140.206
16.8783 140.239
16.9214 140.277
16.9668 140.34
17.1962 140.674
17.242 140.739
17.2846 140.77
17.3257 140.786
17.3773 140.91
17.4215 140.957
17.4626 140.973
17.7751 141.733
17.8174 141.758
18.0844 142.844
18.1246 142.846
