-24.8707 83.9047
-24.8434 83.8995
-1.64631 146.368
-1.56455 146.283
-1.52379 146.252
-1.48303 146.218
-1.44247 146.209
-1.40152 146.147
-1.19791 145.955
-1.15745 145.951
-1.11681 145.915
-1.07628 145.896
-1.03558 145.847
-0.995094 145.833
-0.954531 145.802
-0.913968 145.769
-0.873532 145.759
-0.833004 145.729
-0.792601 145.724
-0.752074 145.689
-0.711563 145.653
-0.671127 145.634
-0.630659 145.604
-0.590272 145.594
-0.54977 145.545
-0.509393 145.533
-0.469033 145.526
-0.428633 145.5
-0.388213 145.46
-0.347834 145.432
-0.307502 145.425
-0.267145 145.399
-0.22682 145.39
-0.186499 145.38
-0.146165 145.35
-0.105854 145.336
-0.0655446 145.31
-0.0252493 145.305
0.0150441 145.303
0.0553283 145.272
0.0956101 145.263
0.135872 145.233
0.176121 145.202
0.216366 145.179
0.256642 145.186
0.296895 145.176
0.337105 145.146
0.377346 145.136
0.417577 145.125
0.457809 145.115
0.498062 145.115
0.538322 145.118
0.578575 145.118
0.618806 145.111
0.659016 145.099
0.699203 145.083
0.739317 145.05
0.779497 145.036
0.819722 145.034
0.859947 145.031
0.900113 145.017
0.940273 145.003
0.980452 144.994
1.02065 144.989
1.06088 144.989
1.10113 144.994
1.14137 144.996
1.18161 144.999
1.22186 145.001
1.26218 145.015
1.3025 145.027
1.34261 145.011
1.38256 144.973
1.42265 144.957
1.46266 144.931
1.5028 144.922
1.54299 144.919
1.5832 144.919
1.62337 144.915
1.6636 144.917
1.70374 144.91
1.7441 144.926
1.78429 144.924
1.8244 144.915
1.86456 144.91
1.90426 144.861
1.94426 144.842
1.98425 144.824
2.02472 144.849
2.06517 144.873
2.10564 144.896
2.146 144.91
2.18635 144.922
2.22664 144.929
2.26685 144.929
2.30699 144.925
2.3472 144.925
2.38744 144.927
2.42777 144.936
2.46813 144.948
2.50841 144.953
2.54869 144.957
2.5889 144.957
2.62921 144.965
2.66966 144.981
2.71002 144.99
2.75031 144.995
2.79057 144.997
2.83089 145.005
2.87126 145.014
2.91163 145.023
2.9519 145.026
2.99231 145.037
3.0327 145.047
3.07296 145.049
3.11327 145.054
3.15359 145.059
3.19414 145.077
3.23471 145.096
3.27512 145.106
3.31561 145.12
3.35598 145.127
3.3964 145.136
3.43709 145.16
3.47774 145.181
3.51831 145.197
3.55871 145.204
3.59916 145.214
3.63956 145.221
3.68006 145.233
3.7208 145.256
3.76141 145.273
3.80208 145.291
3.8426 145.303
3.88313 145.315
3.92387 145.336
3.96436 145.346
4.00486 145.355
4.04572 145.381
4.08622 145.39
4.12716 145.419
4.1681 145.447
4.20869 145.459
4.24933 145.473
4.29085 145.525
4.3314 145.534
4.37201 145.546
4.41252 145.553
4.45354 145.581
4.49468 145.614
4.53567 145.64
4.57637 145.654
4.61756 145.688
4.65876 145.721
4.69985 145.749
4.74047 145.758
4.78122 145.773
4.82314 145.832
4.86454 145.87
4.90538 145.886
4.94668 145.919
4.98792 145.95
5.02944 145.99
5.0715 146.05
5.11227 146.062
5.15291 146.069
5.19376 146.083
5.23595 146.145
5.27757 146.185
5.31989 146.249
5.36092 146.268
5.40315 146.328
5.44477 146.366
5.48649 146.406
5.52729 146.416
5.56953 146.473
5.61064 146.492
5.65351 146.568
5.69634 146.642
5.73877 146.702
5.77965 146.711
5.82166 146.757
5.86544 146.857
5.90682 146.881
5.94936 146.941
5.99054 146.958
6.03423 147.051
6.07725 147.123
6.11832 147.135
6.59896 148.071
6.88549 149.19
6.92799 149.227
