-20.0981 146.102
-20.0571 146.093
-20.0164 146.086
-19.812 145.678
-19.6651 145.427
-19.6235 145.411
-19.5727 145.309
-19.5281 145.266
-19.4818 145.205
-19.4348 145.138
-19.3906 145.097
-19.3471 145.062
-19.1192 144.788
-19.0731 144.729
-19.0325 144.719
-18.8984 144.577
-18.8546 144.538
-18.8116 144.506
-18.7237 144.424
-18.6805 144.389
-18.6397 144.378
-18.5967 144.346
-18.5507 144.284
-18.5097 144.271
-18.4637 144.209
-18.4208 144.177
-18.3807 144.173
-18.3381 144.143
-18.2973 144.132
-18.2513 144.068
-18.2107 144.059
-18.1677 144.024
-18.1242 143.986
-18.0821 143.961
-18.0421 143.956
-18.0018 143.95
-17.9589 143.915
-17.9161 143.884
-17.8757 143.875
-17.8329 143.843
-17.7905 143.813
-17.7505 143.809
-17.7087 143.786
-17.6676 143.77
-17.6267 143.757
-17.5849 143.734
-17.543 143.709
-17.5026 143.7
-17.4599 143.668
-17.4195 143.659
-17.378 143.639
-17.3377 143.63
-17.297 143.619
-17.2567 143.61
-17.215 143.587
-17.1748 143.58
-17.1349 143.576
-17.0932 143.553
-17.0522 143.538
-17.0106 143.515
-16.9687 143.49
-16.9269 143.465
-16.8869 143.461
-16.8477 143.463
-16.8088 143.47
-16.7689 143.466
-16.728 143.45
-16.6878 143.443
-16.6479 143.439
-16.608 143.434
-16.5679 143.428
-16.5276 143.419
-16.4863 143.398
-16.4453 143.382
-16.4052 143.376
-16.3655 143.374
-16.3257 143.369
-16.2858 143.365
-16.2459 143.36
-16.206 143.356
-16.1653 143.342
-16.126 143.345
-16.086 143.338
-16.0459 143.331
-16.0066 143.334
-15.9669 143.332
-15.9267 143.323
-15.886 143.309
-15.8463 143.307
-15.8068 143.307
-15.767 143.303
-15.7269 143.296
-15.6868 143.289
-15.6472 143.287
-15.6077 143.287
-15.5692 143.299
-15.5307 143.31
-15.4915 143.312
-15.452 143.312
-15.4115 143.301
-15.3711 143.29
-15.3324 143.299
-15.2935 143.306
-15.2542 143.308
-15.2159 143.322
-15.1764 143.322
-15.1375 143.329
-15.0999 143.352
-15.0614 143.363
-15.0221 143.366
-14.9805 143.341
-14.941 143.341
-14.9032 143.362
-14.8669 143.4
-14.8263 143.387
-14.7866 143.385
-14.7467 143.38
-14.7068 143.376
-14.6677 143.38
-14.6298 143.401
-14.5912 143.412
-14.5523 143.419
-14.5133 143.426
-14.4738 143.426
-14.4335 143.417
-14.3936 143.413
-14.3556 143.431
-14.3173 143.447
-14.2783 143.454
-14.2395 143.463
-14.2023 143.493
-14.1641 143.509
-14.1256 143.523
-14.0878 143.545
-14.0486 143.55
-14.0091 143.55
-13.9699 143.555
-13.9315 143.571
-13.8934 143.589
-13.8538 143.589
-13.815 143.598
-13.7778 143.63
-13.7404 143.658
-13.7018 143.672
-13.6641 143.697
-13.6263 143.72
-13.5875 143.731
-13.5471 143.72
-13.5094 143.745
-13.4715 143.768
-13.4322 143.773
-13.3931 143.779
-13.3541 143.789
-13.3167 143.818
-13.2793 143.848
-13.2407 143.862
-13.203 143.889
-13.1654 143.917
-13.1264 143.926
-13.0879 143.942
-13.0501 143.968
-13.0121 143.99
-12.9734 144.004
-12.9362 144.039
-12.8988 144.071
-12.8598 144.08
-12.8222 144.11
-12.7833 144.121
-12.7477 144.179
-12.7088 144.19
-12.6709 144.216
-12.6339 144.255
-12.5948 144.264
-12.5557 144.273
-12.5199 144.331
-12.483 144.372
-12.4452 144.4
-12.4064 144.414
-12.3709 144.476
-12.3319 144.487
-12.294 144.515
-12.2565 144.55
-12.2175 144.561
-12.1781 144.568
-12.1421 144.624
-12.1047 144.661
-12.0673 144.698
-12.03 144.734
-11.9576 144.845
-11.9183 144.855
-11.8806 144.887
-11.806 144.966
-11.7698 145.024
-11.7308 145.038
-11.6599 145.177
-11.6222 145.212
-11.5848 145.251
-11.546 145.27
-11.5081 145.303
-11.4722 145.368
-11.4368 145.44
-11.4012 145.51
-11.3626 145.533
-11.3263 145.594
-11.2907 145.664
-11.2535 145.71
-11.2172 145.771
-11.1802 145.822
-11.1431 145.871
-11.1073 145.942
-11.0712 146.007
-11.035 146.073
-10.9981 146.127
-10.9626 146.204
-10.9283 146.303
-10.8908 146.347
-10.8567 146.451
-10.8233 146.566
-10.7878 146.646
-10.7521 146.724
