0.782242 147.301
0.823388 147.265
1.19199 146.769
1.43653 146.427
1.47756 146.417
1.51857 146.408
1.55945 146.381
1.60044 146.37
1.64118 146.329
1.68163 146.257
1.72235 146.218
1.7634 146.218
1.80409 146.18
1.84479 146.144
1.88568 146.13
1.92628 146.087
1.96667 146.024
2.00757 146.015
2.04799 145.96
2.08886 145.948
2.12908 145.879
2.16975 145.852
2.21069 145.85
2.2516 145.845
2.29242 145.833
2.33269 145.776
2.37346 145.762
2.41402 145.731
2.4548 145.719
2.49537 145.69
2.53617 145.681
2.57668 145.65
2.61747 145.641
2.65796 145.61
2.69843 145.579
2.7392 145.569
2.77955 145.531
2.81988 145.493
2.86019 145.455
2.90099 145.45
2.94135 145.417
2.98189 145.396
3.02275 145.396
3.06354 145.391
3.10425 145.382
3.14463 145.353
3.18525 145.339
3.22602 145.334
3.26683 145.332
3.30755 145.325
3.34768 145.284
3.38831 145.273
3.42858 145.242
3.46924 145.232
3.51011 145.235
3.55085 145.23
3.59149 145.221
3.63204 145.207
3.67296 145.211
3.71364 145.204
3.75365 145.164
3.7936 145.121
3.83387 145.095
3.87477 145.1
3.91566 145.105
3.95626 145.095
3.9967 145.079
4.03734 145.072
4.07823 145.077
4.11897 145.074
4.15971 145.072
4.19986 145.044
4.24005 145.018
4.28094 145.022
4.3215 145.013
4.36156 144.982
4.40205 144.97
4.44276 144.968
4.48363 144.973
4.5244 144.973
4.56528 144.978
4.60581 144.968
4.64681 144.978
4.68799 144.995
4.72852 144.985
4.76826 144.945
4.80872 144.933
4.8488 144.907
4.88992 144.921
4.93204 144.974
4.97281 144.974
5.01268 144.941
5.0521 144.891
5.09084 144.817
5.13346 144.886
5.17394 144.877
5.21606 144.927
5.25668 144.922
5.29784 144.936
5.33852 144.934
5.38002 144.96
5.42051 144.951
5.4614 144.955
5.50265 144.972
5.54432 145.003
5.58502 145.001
5.62571 144.998
5.66676 145.008
5.70804 145.025
5.74954 145.048
5.79031 145.048
5.83079 145.039
5.87134 145.032
5.91189 145.025
5.95356 145.053
5.99502 145.075
6.03626 145.089
6.07712 145.091
6.11822 145.101
6.15978 145.125
6.20073 145.13
6.24144 145.127
6.28231 145.13
6.32318 145.132
6.36405 145.134
6.4059 145.165
6.44719 145.18
6.48832 145.189
6.52929 145.194
6.57043 145.203
6.61233 145.234
6.65322 145.237
6.69403 145.237
6.73579 145.263
6.77773 145.294
6.81907 145.308
6.86025 145.318
6.90195 145.342
6.94296 145.346
6.98495 145.377
7.02606 145.385
7.06699 145.387
7.10901 145.418
7.1505 145.435
7.19254 145.466
7.23368 145.473
7.27556 145.499
7.31745 145.525
7.3586 145.533
7.40023 145.552
7.44338 145.609
7.48484 145.623
7.52573 145.623
7.56788 145.654
7.60926 145.666
7.6526 145.726
7.69381 145.733
7.73522 145.745
7.77862 145.805
7.81995 145.815
7.86208 145.843
7.90342 145.853
7.94588 145.889
7.98836 145.925
8.02962 145.932
8.07326 145.994
8.11465 146.004
8.19984 146.078
8.24241 146.114
8.28488 146.148
8.3277 146.189
8.36935 146.203
8.41327 146.268
8.45668 146.321
8.50045 146.381
8.54325 146.42
8.58563 146.449
8.62724 146.461
8.66886 146.473
8.71284 146.535
8.97454 146.854
9.01743 146.891
9.06068 146.934
9.10854 147.072
9.15162 147.111
9.19353 147.126
9.37164 147.393
