-17.3376 130.728
-17.2974 130.7
-16.6442 129.774
-16.6038 129.741
-16.5633 129.707
-16.523 129.676
-16.4826 129.642
-16.4434 129.621
-16.4036 129.593
-16.2312 129.35
-16.1933 129.341
-16.1559 129.337
-15.9123 129.115
-15.873 129.092
-15.8331 129.06
-15.6751 128.955
-15.6382 128.955
-15.6009 128.951
-15.561 128.92
-15.5191 128.867
-15.4771 128.814
-15.4395 128.807
-15.4023 128.803
-15.3628 128.776
-15.325 128.766
-15.2835 128.717
-15.2455 128.706
-15.2074 128.692
-15.17 128.687
-15.1318 128.673
-15.093 128.652
-15.0538 128.626
-15.0164 128.621
-14.979 128.615
-14.9391 128.582
-14.9013 128.572
-14.8597 128.52
-14.8223 128.514
-14.784 128.499
-14.7469 128.495
-14.7093 128.487
-14.6714 128.476
-14.6311 128.437
-14.5943 128.437
-14.5573 128.435
-14.5203 128.433
-14.481 128.406
-14.4414 128.375
-14.4039 128.368
-14.3668 128.364
-14.3296 128.36
-14.2925 128.356
-14.2531 128.327
-14.2154 128.318
-14.1778 128.308
-14.1406 128.304
-14.1023 128.287
-14.0643 128.274
-14.0256 128.252
-13.9892 128.256
-13.9529 128.262
-13.9159 128.261
-13.8783 128.251
-13.8405 128.24
-13.8032 128.234
-13.7653 128.22
-13.7275 128.209
-13.6924 128.229
-13.6559 128.233
-13.6184 128.225
-13.581 128.218
-13.5429 128.202
-13.5058 128.198
-13.4695 128.204
-13.4327 128.205
-13.3952 128.197
-13.358 128.191
-13.3207 128.186
-13.2831 128.176
-13.2461 128.174
-13.2097 128.178
-13.173 128.181
-13.1353 128.169
-13.0985 128.169
-13.062 128.173
-13.0247 128.168
-12.9878 128.166
-12.9513 128.17
-12.9139 128.162
-12.876 128.149
-12.8375 128.128
-12.8012 128.134
-12.765 128.142
-12.7283 128.144
-12.6909 128.136
-12.6557 128.156
-12.6207 128.18
-12.5843 128.186
-12.5471 128.18
-12.5101 128.178
-12.4731 128.176
-12.436 128.173
-12.3998 128.181
-12.3637 128.191
-12.3265 128.185
-12.29 128.189
-12.2524 128.179
-12.2165 128.191
-12.1796 128.191
-12.1433 128.197
-12.107 128.205
-12.0712 128.219
-12.0356 128.235
-11.9994 128.245
-11.9622 128.239
-11.9255 128.242
-11.8895 128.253
-11.8542 128.275
-11.819 128.297
-11.7828 128.307
-11.7467 128.317
-11.7107 128.329
-11.6745 128.339
-11.6381 128.345
-11.6018 128.353
-11.565 128.355
-11.5287 128.363
-11.4934 128.384
-11.4575 128.398
-11.4208 128.402
-11.384 128.403
-11.3478 128.413
-11.3118 128.426
-11.2757 128.438
-11.2393 128.444
-11.2026 128.448
-11.166 128.453
-11.1306 128.474
-11.0945 128.486
-11.059 128.508
-11.0231 128.522
-10.988 128.549
-10.9527 128.573
-10.9165 128.585
-10.8809 128.605
-10.8443 128.611
-10.8087 128.631
-10.7727 128.645
-10.7375 128.672
-10.7019 128.692
-10.6653 128.698
-10.6299 128.722
-10.5942 128.742
-10.5591 128.771
-10.5229 128.783
-10.4868 128.797
-10.4508 128.813
-10.416 128.847
-10.381 128.879
-10.3446 128.889
-10.3081 128.897
-10.2724 128.918
-10.2361 128.93
-10.2016 128.97
-10.1654 128.984
-10.1302 129.014
-10.0937 129.022
-10.0583 129.05
-10.0236 129.087
-9.98942 129.135
-9.95428 129.167
-9.91803 129.181
-9.88262 129.208
-9.8472 129.236
-9.81104 129.252
-9.77655 129.296
-9.74038 129.312
-9.70467 129.336
-9.66788 129.342
-9.6338 129.394
-9.59876 129.429
-9.56499 129.487
-9.52851 129.499
-9.49261 129.521
-9.45716 129.551
-9.42228 129.591
-9.38714 129.627
-9.35428 129.703
-9.31877 129.733
-9.28244 129.749
-9.24633 129.769
-9.21145 129.811
-9.17577 129.839
-9.1403 129.871
-9.1037 129.883
-8.83092 130.354
-8.79548 130.39
-8.76013 130.429
-8.72616 130.493
-8.69035 130.523
-8.65398 130.544
-8.38256 131.093
-8.34592 131.112
-8.31112 131.167
-7.81399 131.781
-7.77665 131.789
-7.73901 131.791
-7.7009 131.783
