12.6396 152.707
12.6829 152.723
12.7227 152.684
12.7616 152.633
13.1734 150.638
13.2102 150.566
13.2509 150.551
13.5503 150.06
13.8095 149.611
13.8503 149.601
13.9221 149.446
13.9614 149.416
14.0024 149.409
14.041 149.369
14.0792 149.325
14.1178 149.285
14.1582 149.271
14.196 149.221
14.2331 149.162
14.2714 149.121
14.3103 149.086
14.3508 149.074
14.3902 149.047
14.5403 148.843
14.5796 148.816
14.6206 148.811
14.6616 148.806
14.7023 148.796
14.7396 148.745
14.7795 148.725
14.8182 148.691
14.8566 148.654
14.8972 148.644
14.9341 148.588
14.9739 148.569
15.0127 148.537
15.0507 148.495
15.0909 148.481
15.1312 148.468
15.1721 148.463
15.2123 148.449
15.25 148.405
15.2901 148.39
15.33 148.373
15.3689 148.344
15.4078 148.314
15.4477 148.297
15.4872 148.275
15.528 148.271
15.5689 148.266
15.6083 148.244
15.6467 148.21
15.6862 148.188
15.7262 148.173
15.7656 148.151
15.805 148.129
15.8458 148.124
15.8858 148.11
15.9258 148.095
15.9645 148.066
16.0039 148.044
16.0438 148.029
16.0844 148.022
16.1248 148.012
16.1643 147.993
16.2045 147.98
16.245 147.973
16.2852 147.961
16.3255 147.951
16.365 147.932
16.4053 147.922
16.4457 147.912
16.4853 147.895
16.525 147.878
16.5655 147.871
16.6063 147.866
16.6466 147.856
16.6847 147.822
16.7241 147.803
16.7633 147.781
16.8043 147.779
16.8443 147.766
16.8844 147.754
16.9231 147.727
16.9618 147.701
17.0023 147.693
17.0449 147.71
17.0872 147.722
17.125 147.686
17.1663 147.688
17.2092 147.708
17.2501 147.705
17.2923 147.717
17.3325 147.708
17.3739 147.71
17.415 147.71
17.4566 147.715
17.5009 147.749
17.5422 147.751
17.5831 147.749
17.624 147.746
17.6649 147.744
17.7065 147.749
17.7487 147.761
17.7901 147.763
17.8303 147.753
17.8693 147.731
17.9093 147.719
17.9509 147.724
17.9938 147.743
18.0356 147.751
18.0777 147.76
18.1197 147.77
18.1613 147.775
18.2015 147.765
18.2438 147.777
18.2863 147.792
18.3289 147.806
18.37 147.806
18.4109 147.804
18.4532 147.816
18.4965 147.837
18.5381 147.842
18.5792 147.842
18.6203 147.842
18.6617 147.844
18.7031 147.847
18.7444 147.849
18.7875 147.869
18.8289 147.871
18.8703 147.873
18.9141 147.9
18.9569 147.917
19.0005 147.941
19.0422 147.946
19.084 147.953
19.1252 147.953
19.1663 147.953
19.2082 147.96
19.2496 147.963
19.2905 147.96
19.3319 147.962
19.3738 147.97
19.4204 148.023
19.4623 148.03
19.5078 148.072
19.5505 148.086
19.598 148.147
19.6399 148.154
19.6816 148.159
19.7253 148.183
19.7668 148.186
19.811 148.215
19.854 148.232
19.8962 148.241
19.9426 148.29
19.9841 148.293
20.0263 148.302
20.0709 148.334
20.1134 148.346
20.1588 148.385
20.2032 148.414
20.2452 148.421
20.2872 148.429
20.4664 148.56
20.5058 148.543
20.5511 148.58
20.5958 148.612
20.6419 148.655
20.688 148.699
20.733 148.734
20.7754 148.743
21.2824 149.212
21.3315 149.281
21.3771 149.317
21.423 149.357
21.4725 149.428
