-24.8722 83.9118
-24.8434 83.8995
-11.2429 151.16
-11.1969 151.085
-11.153 151.043
-11.108 150.983
-11.066 150.973
-11.0218 150.926
-10.9762 150.854
-10.9319 150.805
-10.8882 150.765
-10.8447 150.728
-10.8009 150.686
-10.7575 150.651
-10.714 150.614
-10.6723 150.607
-10.4978 150.446
-10.4547 150.414
-10.4113 150.377
-10.3695 150.368
-10.3244 150.299
-10.2809 150.259
-10.2377 150.225
-10.1944 150.188
-10.1526 150.178
-10.111 150.171
-10.0665 150.112
-10.0249 150.105
-9.98335 150.1
-9.93869 150.036
-9.89706 150.029
-9.8553 150.019
-9.81225 149.985
-9.77038 149.973
-9.72774 149.946
-9.68575 149.931
-9.6416 149.875
-9.59988 149.865
-9.55691 149.831
-9.51546 149.826
-9.47251 149.792
-9.43082 149.782
-9.38951 149.78
-9.34831 149.78
-9.30565 149.751
-9.26373 149.736
-9.21974 149.68
-9.17797 149.668
-9.13655 149.663
-9.09526 149.661
-9.05398 149.659
-9.01269 149.656
-8.96915 149.607
-8.92752 149.598
-8.886 149.591
-8.84485 149.591
-8.8009 149.532
-8.75894 149.515
-8.71757 149.51
-8.67654 149.513
-8.6354 149.513
-8.59311 149.489
-8.55164 149.482
-8.51038 149.48
-8.46902 149.475
-8.42799 149.478
-8.38674 149.475
-8.34505 149.463
-8.30336 149.451
-8.26146 149.434
-8.22044 149.437
-8.17931 149.437
-8.13785 149.43
-8.09618 149.418
-8.05398 149.394
-8.01159 149.364
-7.97025 149.36
-7.92966 149.372
-7.88895 149.382
-7.84824 149.392
-7.80638 149.375
-7.76495 149.368
-7.72342 149.359
-7.68219 149.356
-7.64137 149.364
-7.60054 149.372
-7.55942 149.372
-7.51829 149.372
-7.47736 149.377
-7.43632 149.38
-7.3947 149.368
-7.35318 149.358
-7.31167 149.349
-7.2716 149.376
-7.23286 149.438
-7.19114 149.423
-7.14763 149.362
-7.10321 149.276
-7.06265 149.291
-7.02182 149.299
-6.98153 149.321
-6.94242 149.375
-6.90101 149.368
-6.85979 149.366
-6.81901 149.376
-6.77751 149.366
-6.73611 149.359
-6.69515 149.364
-6.65498 149.391
-6.61401 149.397
-6.57391 149.426
-6.53371 149.454
-6.4929 149.464
-6.45114 149.447
-6.40973 149.439
-6.36891 149.449
-6.32808 149.459
-6.28759 149.479
-6.2465 149.482
-6.20492 149.47
-6.164 149.477
-6.12332 149.492
-6.08247 149.502
-6.04154 149.51
-6.00076 149.523
-5.96037 149.547
-5.91997 149.572
-5.87917 149.585
-5.83852 149.602
-5.7974 149.605
-5.75658 149.617
-5.71568 149.627
-5.67471 149.635
-5.63387 149.647
-5.59311 149.662
-5.55263 149.687
-5.51214 149.712
-5.47128 149.725
-5.4307 149.747
-5.39083 149.794
-5.34994 149.807
-5.30891 149.814
-5.26801 149.827
-5.22724 149.844
-5.18688 149.877
-5.14582 149.884
-5.10469 149.889
-5.06376 149.902
-5.02349 149.939
-4.98361 149.991
-4.94284 150.011
-4.90194 150.026
-4.86122 150.049
-4.82017 150.059
-4.77969 150.091
-4.73863 150.101
-4.69806 150.131
-4.65705 150.144
-4.6172 150.203
-4.57598 150.208
-4.53476 150.214
-4.49414 150.243
-4.45314 150.259
-4.41279 150.301
-4.3723 150.338
-4.33163 150.368
-4.29059 150.383
-4.25074 150.451
-4.21025 150.491
-4.16973 150.531
-4.12854 150.541
-4.08772 150.568
-4.04711 150.606
-4.00605 150.623
-3.96605 150.691
-3.92539 150.728
-3.88419 150.741
-3.84422 150.814
-3.68132 150.967
-3.64004 150.979
-3.60042 151.077
-3.55916 151.092
-3.51786 151.105
-3.47758 151.173
-3.43745 151.25
-3.39711 151.318
-3.35583 151.336
-3.315 151.379
-3.19424 151.616
-3.15339 151.664
-3.11277 151.727
-3.07196 151.78
-3.03125 151.841
-2.98982 151.859
-2.94882 151.904
