-2.61494 127.971
-2.50332 127.79
-2.46662 127.758
-2.42945 127.695
-2.3923 127.633
-2.35583 127.612
-2.31931 127.587
-2.28258 127.547
-2.24561 127.491
-2.20853 127.424
-2.17189 127.387
-2.13548 127.364
-2.09918 127.349
-2.06209 127.275
-2.02562 127.245
-1.98921 127.218
-1.95269 127.183
-1.91621 127.149
-1.87977 127.116
-1.84346 127.094
-1.80696 127.054
-1.77032 127.002
-1.73405 126.979
-1.69794 126.969
-1.66157 126.936
-1.62505 126.887
-1.58897 126.877
-1.55274 126.853
-1.51644 126.821
-1.48036 126.809
-1.44398 126.766
-1.40791 126.753
-1.37154 126.708
-1.3355 126.697
-1.29935 126.672
-1.26319 126.646
-1.22716 126.633
-1.19087 126.588
-1.15492 126.582
-1.11883 126.558
-1.08268 126.526
-1.04667 126.509
-1.01047 126.466
-0.974556 126.46
-0.938641 126.455
-0.902489 126.412
-0.866542 126.399
-0.830623 126.389
-0.794666 126.372
-0.758768 126.365
-0.722844 126.352
-0.686775 126.309
-0.650879 126.297
-0.615014 126.292
-0.579021 126.256
-0.543161 126.249
-0.507267 126.232
-0.471416 126.224
-0.435536 126.208
-0.399645 126.185
-0.363822 126.181
-0.327984 126.172
-0.292079 126.135
-0.256261 126.127
-0.220438 126.116
-0.184604 126.095
-0.1488 126.088
-0.112981 126.067
-0.0771828 126.056
-0.0414044 126.06
-0.00561184 126.047
0.0301747 126.034
0.0659513 126.034
0.101727 126.037
0.137505 126.037
0.173279 126.03
0.209042 126.009
0.244792 125.985
0.280543 125.972
0.316286 125.957
0.352036 125.951
0.38777 125.938
0.423506 125.929
0.459242 125.921
0.494983 125.917
0.530727 125.915
0.566459 125.91
0.602178 125.9
0.637867 125.884
0.673569 125.873
0.709279 125.865
0.744994 125.859
0.780753 125.865
0.816547 125.878
0.852234 125.867
0.887917 125.855
0.923622 125.85
0.959335 125.846
0.995026 125.838
1.03077 125.84
1.06655 125.849
1.10224 125.842
1.13792 125.834
1.17363 125.831
1.20924 125.814
1.24499 125.817
1.2807 125.815
1.3165 125.825
1.35231 125.836
1.38852 125.895
1.42417 125.884
1.45996 125.889
1.49548 125.863
1.53111 125.852
1.56674 125.841
1.60242 125.835
1.63815 125.835
1.67392 125.839
1.70957 125.831
1.74526 125.827
1.78109 125.836
1.81688 125.842
1.85245 125.827
1.88815 125.825
1.92394 125.83
1.9598 125.841
1.9956 125.847
2.03136 125.849
2.06707 125.847
2.10275 125.843
2.13856 125.848
2.17441 125.858
2.21022 125.863
2.24591 125.859
2.28167 125.861
2.31759 125.874
2.35362 125.894
2.38947 125.902
2.42529 125.907
2.4611 125.911
2.49696 125.918
2.53271 125.918
2.56843 125.916
2.60444 125.932
2.64028 125.938
2.67606 125.94
2.71191 125.945
2.74779 125.952
2.78361 125.956
2.81988 125.986
2.85574 125.991
2.8917 126.002
2.9276 126.01
2.96371 126.028
2.99958 126.033
3.03543 126.037
3.07155 126.056
3.10751 126.065
3.14368 126.085
3.17962 126.092
3.21562 126.103
3.25215 126.14
3.28806 126.146
3.3244 126.172
3.36047 126.185
3.39624 126.183
3.43205 126.183
3.46793 126.186
3.50386 126.192
3.54032 126.222
3.57671 126.247
3.61319 126.277
3.64931 126.29
3.68523 126.294
3.7211 126.295
3.75719 126.307
3.79394 126.346
3.83009 126.358
3.8666 126.386
3.90272 126.397
3.93966 126.442
3.97571 126.449
4.01185 126.461
4.04879 126.503
4.08532 126.529
4.12158 126.544
4.15809 126.568
4.19451 126.589
4.2307 126.6
4.26734 126.628
4.30384 126.65
4.34035 126.673
4.37661 126.686
4.41334 126.715
4.45004 126.743
4.48664 126.768
4.52341 126.797
4.5604 126.835
4.5972 126.865
4.6339 126.891
4.67008 126.898
4.70675 126.923
4.74354 126.951
4.78039 126.981
4.81732 127.012
4.85493 127.067
4.89144 127.084
4.92881 127.129
4.96517 127.14
5.00217 127.172
5.03994 127.228
5.07691 127.258
5.11384 127.286
5.15102 127.322
5.18942 127.395
5.22591 127.408
5.26369 127.461
5.30162 127.518
5.33895 127.555
5.37674 127.606
5.41323 127.618
5.45124 127.674
5.48928 127.731
5.52587 127.744
5.56466 127.822
5.60271 127.877
5.64019 127.915
5.67749 127.947
5.8724 128.337
5.90922 128.352
5.94722 128.399
6.02532 128.55
6.10477 128.734
