-21.8169 138.538
-21.7701 138.475
-21.7274 138.444
-21.6878 138.438
-21.6446 138.403
-21.5102 138.26
-21.4668 138.223
-21.4247 138.197
-21.3838 138.18
-21.338 138.123
-21.2955 138.093
-21.2562 138.089
-21.2107 138.034
-21.1709 138.026
-21.1311 138.018
-21.0843 137.953
-21.0443 137.942
-21.005 137.938
-20.9628 137.91
-20.7914 137.774
-20.7493 137.746
-20.7098 137.74
-20.6682 137.716
-20.6282 137.706
-20.5859 137.676
-20.5467 137.672
-20.5051 137.648
-20.4664 137.648
-20.427 137.642
-20.2174 137.507
-20.1778 137.499
-20.1355 137.468
-20.0969 137.469
-20.0577 137.465
-20.0128 137.411
-19.9733 137.405
-19.9342 137.401
-19.8948 137.395
-19.8526 137.365
-19.813 137.356
-19.7743 137.357
-19.7334 137.337
-19.6941 137.331
-19.6552 137.329
-19.6163 137.328
-19.5749 137.304
-19.5353 137.296
-19.4954 137.285
-19.4538 137.26
-19.4127 137.238
-19.3734 137.232
-19.333 137.217
-19.298 137.25
-19.2579 137.238
-19.2186 137.231
-19.1792 137.225
-19.1403 137.223
-19.1009 137.217
-19.0585 137.183
-19.0179 137.166
-18.9786 137.16
-18.9394 137.156
-18.9015 137.163
-18.8643 137.176
-18.8268 137.187
-18.7891 137.196
-18.7484 137.177
-18.7076 137.158
-18.6685 137.154
-18.631 137.165
-18.5928 137.17
-18.5537 137.166
-18.5136 137.153
-18.4741 137.145
-18.4347 137.139
-18.3974 137.152
-18.359 137.155
-18.3188 137.14
-18.2799 137.138
-18.2419 137.145
-18.2025 137.139
-18.1637 137.137
-18.1261 137.148
-18.0879 137.153
-18.0493 137.153
-18.0104 137.151
-17.9694 137.13
-17.929 137.113
-17.8892 137.102
-17.8514 137.111
-17.815 137.133
-17.779 137.16
-17.7443 137.199
-17.7056 137.199
-17.6643 137.174
-17.6225 137.144
-17.5807 137.114
-17.5398 137.092
-17.5093 137.173
-17.473 137.197
-17.4326 137.18
-17.3908 137.15
-17.3499 137.129
-17.3073 137.09
-17.268 137.084
-17.2334 137.125
-17.2023 137.202
-17.1653 137.219
-17.1303 137.256
-17.0933 137.274
-17.0569 137.298
-17.0199 137.316
-16.9818 137.323
-16.9434 137.328
-16.9051 137.332
-16.8687 137.357
-16.8285 137.342
-16.7912 137.357
-16.7552 137.386
-16.7185 137.408
-16.6806 137.417
-16.6439 137.439
-16.6072 137.461
-16.569 137.468
-16.5309 137.475
-16.4944 137.499
-16.4578 137.523
-16.4192 137.526
-16.3806 137.528
-16.3429 137.54
-16.3059 137.559
-16.2681 137.571
-16.2305 137.584
-16.1941 137.611
-16.1577 137.637
-16.1203 137.653
-16.0843 137.684
-16.0479 137.71
-16.0106 137.728
-15.9762 137.776
-15.9375 137.779
-15.899 137.783
-15.8631 137.816
-15.8247 137.821
-15.7864 137.828
-15.7496 137.852
-15.7139 137.888
-15.679 137.932
-15.6444 137.98
-15.6066 137.994
-15.5704 138.025
-15.5323 138.034
-15.4957 138.06
-15.4569 138.063
-15.4211 138.098
-15.3852 138.134
-15.3472 138.145
-15.3107 138.174
-15.2727 138.185
-15.2366 138.218
-15.2003 138.25
-15.1638 138.278
-15.1253 138.285
-15.0917 138.347
-15.0555 138.38
-15.0174 138.392
-14.982 138.434
-14.9476 138.489
-14.9099 138.505
-14.871 138.508
-14.8362 138.559
-14.7983 138.572
-14.7639 138.628
-14.7285 138.672
-14.6944 138.732
-14.6564 138.746
-14.4783 138.96
-14.4397 138.967
-14.23 139.281
-14.1938 139.32
-14.1572 139.353
-14.121 139.391
-14.0853 139.436
-14.0528 139.521
-13.0759 140.677
-13.0378 140.697
