-11.841 123.168
-11.8051 123.158
-11.6309 122.704
-11.595 122.692
-11.4362 122.436
-11.3997 122.415
-11.3643 122.408
-11.2819 122.236
-11.1284 122.041
-11.0911 122.006
-10.9399 121.838
-10.8271 121.719
-10.7889 121.669
-10.7524 121.645
-10.7156 121.615
-10.6785 121.582
-10.6404 121.532
-10.6051 121.524
-10.5686 121.499
-10.5304 121.448
-10.4938 121.42
-10.4572 121.392
-10.4204 121.36
-10.3834 121.327
-10.347 121.301
-10.3103 121.271
-10.2723 121.222
-10.2367 121.208
-10.1993 121.166
-10.1636 121.15
-10.1286 121.145
-10.093 121.131
-10.0556 121.089
-10.0201 121.075
-9.98397 121.053
-9.94787 121.03
-9.91222 121.014
-9.87636 120.995
-9.84062 120.978
-9.80489 120.96
-9.76773 120.92
-9.73279 120.915
-9.69785 120.909
-9.6615 120.882
-9.62493 120.85
-9.58958 120.838
-9.55379 120.819
-9.51834 120.805
-9.48204 120.777
-9.44682 120.767
-9.41118 120.749
-9.37618 120.742
-9.34023 120.72
-9.30419 120.695
-9.269 120.685
-9.23287 120.659
-9.19686 120.634
-9.16179 120.626
-9.12714 120.624
-9.09187 120.612
-9.05682 120.603
-9.02115 120.584
-8.9858 120.57
-8.94934 120.537
-8.9144 120.53
-8.87947 120.523
-8.84385 120.504
-8.80883 120.495
-8.77411 120.492
-8.73949 120.49
-8.70458 120.483
-8.66957 120.474
-8.63447 120.464
-8.59976 120.46
-8.56447 120.446
-8.52938 120.436
-8.4941 120.422
-8.45787 120.391
-8.4228 120.381
-8.3883 120.381
-8.35371 120.379
-8.31865 120.368
-8.28359 120.358
-8.24901 120.356
-8.21461 120.358
-8.17966 120.349
-8.14396 120.327
-8.10902 120.318
-8.07444 120.316
-8.03932 120.304
-8.00466 120.301
-7.97027 120.302
-7.93525 120.292
-7.90059 120.288
-7.86638 120.293
-7.8319 120.293
-7.79715 120.288
-7.76215 120.278
-7.72741 120.273
-7.69328 120.279
-7.65889 120.281
-7.62415 120.276
-7.5895 120.272
-7.5552 120.276
-7.52098 120.281
-7.48641 120.279
-7.45176 120.276
-7.41703 120.27
-7.38239 120.267
-7.34791 120.267
-7.31352 120.268
-7.27888 120.265
-7.24415 120.26
-7.21041 120.275
-7.17626 120.282
-7.14162 120.278
-7.10665 120.268
-7.07241 120.273
-7.03818 120.278
-7.00385 120.282
-6.96921 120.278
-6.93497 120.283
-6.9008 120.29
-6.86639 120.292
-6.83152 120.283
-6.79735 120.29
-6.76317 120.297
-6.72922 120.309
-6.69511 120.317
-6.66062 120.317
-6.6259 120.312
-6.59119 120.307
-6.55655 120.303
-6.52243 120.312
-6.48823 120.319
-6.45404 120.326
-6.41983 120.333
-6.38563 120.339
-6.35135 120.345
-6.31757 120.362
-6.28371 120.377
-6.24899 120.372
-6.21441 120.37
-6.18005 120.374
-6.14575 120.379
-6.11145 120.384
-6.07729 120.392
-6.04361 120.413
-6.0095 120.423
-5.97546 120.435
-5.94141 120.448
-5.9075 120.463
-5.87337 120.473
-5.83911 120.48
-5.80484 120.487
-5.77044 120.49
-5.73617 120.497
-5.70209 120.509
-5.66781 120.516
-5.63359 120.525
-5.59981 120.546
-5.5659 120.563
-5.53135 120.563
-5.49699 120.568
-5.46294 120.582
-5.42875 120.592
-5.39512 120.618
-5.36092 120.628
-5.32678 120.64
-5.2933 120.671
-5.25909 120.682
-5.22481 120.69
-5.1904 120.696
-5.15706 120.732
-5.123 120.747
-5.08899 120.765
-5.0545 120.768
-5.02071 120.792
-4.98673 120.811
-4.95331 120.848
-4.91903 120.858
-4.88486 120.872
-4.85046 120.879
-4.81661 120.903
-4.78269 120.926
-4.74838 120.936
-4.71445 120.959
-4.68061 120.985
-4.64617 120.992
-4.61173 120.999
-4.5785 121.046
-4.54451 121.068
-4.5101 121.077
-4.4761 121.099
-4.44224 121.127
-4.40786 121.138
-4.37388 121.162
-4.33979 121.183
-4.30578 121.207
-4.27201 121.24
-4.23872 121.291
-4.20438 121.305
-4.17033 121.329
-4.13565 121.331
-4.10219 121.378
-4.06881 121.429
-4.03434 121.439
-4.00018 121.462
-3.96615 121.49
-3.93216 121.52
-3.89873 121.572
-3.86466 121.6
-3.83013 121.611
-3.79595 121.635
-3.76237 121.684
-3.72824 121.712
-3.69411 121.74
-3.66 121.77
-3.62592 121.802
-3.59233 121.855
-3.55839 121.893
-3.52455 121.937
-3.49032 121.965
-3.45621 121.999
-3.42243 122.048
-3.3882 122.078
-3.35404 122.112
-3.32063 122.18
-3.28609 122.198
-3.25225 122.249
-3.21802 122.283
-3.18463 122.357
-3.15043 122.394
-3.11608 122.424
-3.0817 122.454
-2.98084 122.664
-2.94649 122.699
-2.91196 122.726
