-3.40528 158.926
-3.36146 158.894
-3.26505 158.296
-2.86109 157.219
-2.81765 157.182
-2.16367 156.239
-2.12048 156.194
-2.07732 156.149
-1.77555 155.821
-1.73264 155.787
-1.68996 155.776
-1.6473 155.769
-1.60415 155.703
-1.56121 155.658
-1.51858 155.651
-1.47595 155.643
-1.43289 155.577
-1.30433 155.447
-1.26176 155.439
-1.21903 155.407
-1.17643 155.394
-1.13369 155.355
-1.09101 155.327
-1.04844 155.314
-1.00586 155.298
-0.963088 155.243
-0.920544 155.23
-0.878043 155.225
-0.835306 155.168
-0.792764 155.149
-0.750154 155.113
-0.707652 155.1
-0.665165 155.09
-0.622628 155.063
-0.580102 155.037
-0.537643 155.03
-0.495194 155.025
-0.452733 155.014
-0.410222 154.98
-0.367715 154.941
-0.325284 154.934
-0.282861 154.928
-0.240406 154.9
-0.197956 154.866
-0.155545 154.856
-0.113145 154.853
-0.0707449 154.848
-0.0283397 154.825
0.0140533 154.814
0.0564405 154.781
0.098821 154.775
0.141202 154.775
0.183579 154.77
0.22595 154.76
0.268307 154.742
0.310663 154.729
0.353001 154.708
0.395349 154.698
0.437693 154.687
0.480044 154.682
0.522399 154.68
0.564732 154.669
0.607038 154.651
0.649393 154.651
0.691713 154.641
0.734001 154.623
0.776341 154.62
0.81869 154.62
0.861027 154.618
0.903376 154.618
0.9457 154.613
0.987997 154.602
1.03026 154.587
1.0726 154.587
1.11497 154.592
1.15735 154.597
1.19969 154.597
1.24204 154.597
1.28433 154.59
1.32659 154.577
1.3688 154.559
1.41108 154.551
1.45336 154.543
1.49571 154.546
1.53708 154.421
1.57924 154.403
1.62167 154.419
1.66516 154.559
1.70765 154.577
1.74999 154.577
1.79224 154.567
1.83458 154.567
1.87692 154.567
1.91921 154.562
1.9616 154.567
2.00396 154.569
2.0463 154.569
2.08872 154.577
2.13104 154.575
2.17338 154.575
2.21586 154.588
2.25848 154.611
2.30077 154.606
2.34318 154.611
2.38587 154.64
2.42852 154.663
2.47088 154.663
2.51317 154.658
2.55557 154.661
2.59813 154.676
2.64078 154.697
2.68304 154.689
2.72537 154.687
2.76792 154.7
2.81055 154.718
2.85296 154.72
2.8953 154.718
2.93771 154.72
2.98036 154.739
3.02318 154.767
3.06581 154.783
3.10836 154.793
3.15084 154.799
3.19348 154.814
3.23618 154.832
3.2788 154.845
3.32155 154.866
3.36441 154.892
3.40732 154.921
3.44997 154.934
3.49263 154.947
3.53552 154.973
3.57809 154.981
3.62072 154.991
3.66374 155.023
3.70633 155.03
3.74892 155.038
3.79192 155.067
3.83499 155.098
3.87776 155.114
3.92053 155.13
3.96342 155.15
4.0061 155.161
4.04917 155.19
4.09242 155.226
4.13535 155.247
4.17857 155.281
4.22163 155.307
4.26436 155.318
4.30768 155.354
4.35048 155.367
4.39365 155.396
4.43665 155.417
4.48062 155.48
4.52346 155.493
4.56693 155.532
4.61029 155.566
4.65322 155.582
4.69559 155.574
4.73911 155.614
4.78323 155.677
4.8275 155.745
4.87109 155.784
4.91449 155.816
4.95743 155.829
5.00113 155.871
5.04498 155.918
5.08906 155.974
5.13212 155.989
5.17547 156.016
5.21996 156.084
5.26384 156.129
5.3076 156.169
5.35159 156.216
5.39619 156.285
5.43934 156.3
5.48421 156.377
5.52904 156.451
5.57239 156.472
5.61736 156.549
5.66143 156.594
5.70529 156.631
5.75035 156.708
5.79567 156.793
5.84079 156.87
5.88515 156.92
5.9305 157.003
5.97605 157.091
6.11511 157.424
6.54194 158.637
