17.9493 145.583
17.9969 145.654
18.0377 145.657
18.0779 145.652
18.1126 145.59
18.022 142.216
18.1171 141.969
18.1528 141.928
18.2434 141.642
18.279 141.601
18.3151 141.564
18.3477 141.494
18.4437 141.268
18.476 141.195
18.511 141.15
18.5425 141.071
18.5795 141.046
18.6131 140.988
18.649 140.951
18.685 140.918
18.7211 140.884
18.7536 140.816
18.7859 140.747
18.8233 140.726
18.8558 140.659
18.8908 140.616
18.9244 140.56
18.962 140.542
18.9953 140.484
19.0305 140.443
19.0669 140.414
19.104 140.392
19.141 140.369
19.1716 140.287
19.2087 140.264
19.2438 140.224
19.2781 140.177
19.3156 140.159
19.3518 140.13
19.3888 140.108
19.4219 140.05
19.4593 140.032
19.4946 139.994
19.5312 139.969
19.5674 139.94
19.6028 139.905
19.6363 139.851
19.6736 139.833
19.7095 139.802
19.7459 139.775
19.7839 139.764
19.8218 139.751
19.8548 139.695
19.8897 139.655
19.9255 139.624
19.9635 139.613
20.0007 139.595
20.0385 139.582
20.0745 139.553
20.1102 139.522
20.1457 139.489
20.1817 139.46
20.2201 139.453
20.2586 139.446
20.2968 139.438
20.3337 139.418
20.3691 139.384
20.404 139.347
20.4404 139.322
20.478 139.309
20.5126 139.269
20.5484 139.24
20.5861 139.227
20.6252 139.227
20.6631 139.216
20.7002 139.198
20.7378 139.185
20.7738 139.158
20.8109 139.141
20.8485 139.127
20.885 139.105
20.9205 139.074
20.9572 139.054
20.9937 139.032
21.0318 139.024
21.0701 139.017
21.1071 138.999
21.1444 138.984
21.1808 138.962
21.2183 138.948
21.2548 138.926
21.2922 138.913
21.3305 138.906
21.3669 138.884
21.4044 138.871
21.4426 138.864
21.4812 138.86
21.5194 138.853
21.5577 138.847
21.5943 138.827
21.6325 138.82
21.6705 138.811
21.7079 138.798
21.747 138.798
21.7876 138.811
21.8237 138.787
21.8589 138.756
21.8968 138.747
21.9353 138.743
21.9776 138.769
22.0169 138.771
22.0565 138.776
22.0969 138.787
22.1387 138.808
22.1752 138.789
22.2081 138.74
22.2458 138.729
22.2831 138.716
22.3238 138.729
22.3636 138.736
22.4032 138.74
22.4419 138.738
22.4812 138.74
22.5202 138.74
22.5584 138.733
22.5957 138.72
22.6344 138.718
22.6743 138.724
22.7138 138.728
22.7537 138.735
22.795 138.753
22.8345 138.757
22.8715 138.741
22.9085 138.726
22.9475 138.726
22.9879 138.737
23.0272 138.739
23.0665 138.741
23.1058 138.743
23.1442 138.739
23.1829 138.736
23.2216 138.734
23.2609 138.736
23.3004 138.741
23.34 138.745
23.3799 138.752
23.4194 138.756
23.4578 138.751
23.4974 138.756
23.5396 138.78
23.5792 138.784
23.6203 138.799
23.6601 138.806
23.7021 138.828
23.7411 138.828
23.7804 138.83
23.8197 138.832
23.8598 138.841
23.8997 138.847
23.9402 138.858
23.9801 138.865
24.0185 138.86
24.0572 138.858
24.0989 138.878
24.1421 138.908
24.1823 138.917
24.2216 138.919
24.2612 138.924
24.3027 138.941
24.3447 138.963
24.3853 138.974
24.4246 138.976
24.4651 138.987
24.5081 139.016
24.548 139.022
24.5914 139.053
24.6347 139.084
24.674 139.086
24.7131 139.086
24.7533 139.094
24.7961 139.121
24.8367 139.132
24.8835 139.187
24.9231 139.191
24.9628 139.195
25.0034 139.206
25.0478 139.244
25.0884 139.255
25.13 139.272
25.1731 139.301
25.2166 139.332
25.2576 139.345
25.2998 139.367
25.4279 139.442
25.4676 139.446
25.5111 139.477
25.5592 139.539
25.6002 139.552
26.3118 140.131
26.3567 140.169
26.4049 140.229
26.4501 140.269
26.4953 140.309
26.5432 140.367
