9.65707 138.214
9.68927 138.086
9.72542 138.031
9.76008 137.95
9.79253 137.83
9.82749 137.755
9.86266 137.685
9.89793 137.618
9.93453 137.574
9.97135 137.535
10.1037 137.121
10.139 137.058
10.177 137.043
10.2143 137.015
10.2481 136.926
10.2847 136.887
10.5683 136.433
10.6052 136.401
10.6418 136.367
10.6764 136.298
10.7129 136.261
10.8206 136.124
10.8571 136.09
10.8922 136.032
10.928 135.984
10.9643 135.948
11.0027 135.944
11.0395 135.914
11.0743 135.854
11.1815 135.717
11.2191 135.702
11.2559 135.674
11.2922 135.638
11.3302 135.63
11.367 135.602
11.4038 135.574
11.4409 135.553
11.4784 135.536
11.5144 135.497
11.5512 135.472
11.5858 135.412
11.6235 135.4
11.6612 135.387
11.6967 135.342
11.7345 135.331
11.7714 135.308
11.8088 135.291
11.8436 135.238
11.8815 135.23
11.9197 135.225
11.955 135.179
11.9926 135.166
12.0295 135.142
12.067 135.13
12.1036 135.102
12.1399 135.073
12.1772 135.056
12.2138 135.03
12.2505 135.005
12.288 134.992
12.326 134.986
12.3643 134.984
12.4001 134.948
12.4375 134.933
12.4751 134.922
12.5129 134.914
12.5489 134.88
12.5851 134.85
12.6232 134.846
12.6609 134.838
12.6982 134.823
12.7349 134.8
12.7716 134.776
12.8085 134.757
12.8452 134.734
12.883 134.728
12.9198 134.707
12.9577 134.7
12.9959 134.698
13.0334 134.688
13.0697 134.66
13.1053 134.624
13.1411 134.591
13.1791 134.586
13.2185 134.601
13.2583 134.62
13.2957 134.607
13.3335 134.601
13.3713 134.595
13.4088 134.584
13.4453 134.561
13.4825 134.546
13.5203 134.54
13.5567 134.517
13.594 134.504
13.6317 134.496
13.6688 134.481
13.7047 134.452
13.7416 134.435
13.7801 134.437
13.8187 134.441
13.8561 134.43
13.8934 134.418
13.9328 134.433
13.9723 134.447
14.0104 134.445
14.0513 134.477
14.093 134.519
14.1264 134.46
14.1605 134.409
14.1976 134.395
14.2393 134.437
14.2769 134.428
14.3151 134.428
14.3545 134.441
14.3934 134.449
14.4324 134.458
14.471 134.462
14.5091 134.46
14.5468 134.453
14.5835 134.434
14.6215 134.432
14.6607 134.443
14.7 134.455
14.7383 134.455
14.7764 134.453
14.8143 134.449
14.8527 134.451
14.8918 134.462
14.9307 134.468
14.9693 134.472
15.0084 134.483
15.0469 134.485
15.0851 134.485
15.1241 134.493
15.1635 134.506
15.2025 134.514
15.2428 134.537
15.2815 134.541
15.319 134.533
15.3576 134.537
15.3974 134.554
15.4364 134.562
15.4748 134.564
15.5131 134.564
15.5512 134.562
15.5896 134.564
15.6284 134.57
15.6663 134.566
15.7061 134.583
15.7453 134.594
15.7859 134.619
15.8246 134.623
15.8634 134.629
15.9023 134.636
15.9435 134.667
15.9819 134.669
16.0216 134.684
16.0601 134.686
16.0987 134.69
16.1384 134.705
16.1814 134.755
16.2203 134.762
16.2588 134.764
16.2975 134.768
16.3382 134.793
16.3767 134.795
16.4176 134.823
16.4567 134.831
16.4982 134.865
16.5376 134.875
16.5777 134.894
16.616 134.894
16.657 134.922
16.6982 134.951
16.7375 134.962
16.7766 134.97
16.8172 134.994
16.8566 135.004
16.8974 135.029
16.9368 135.04
16.9785 135.074
17.0199 135.106
17.0585 135.108
17.0998 135.137
17.1434 135.19
17.183 135.203
17.225 135.239
17.267 135.275
17.306 135.281
17.3469 135.307
17.4299 135.368
17.4692 135.377
17.5082 135.383
17.5535 135.451
17.598 135.51
17.6366 135.512
17.6753 135.514
17.7174 135.551
17.7626 135.617
17.8044 135.648
18.3156 136.12
18.5811 136.44
18.6229 136.47
18.6682 136.532
18.7147 136.605
19.3048 137.75
