-14.0308 144.621
-13.9879 144.586
-13.9467 144.572
-13.9034 144.531
-13.7616 144.249
-13.7185 144.21
-13.6758 144.176
-13.6305 144.106
-13.585 144.034
-13.5398 143.965
-13.4988 143.951
-13.4541 143.889
-13.4129 143.873
-13.3677 143.804
-13.3255 143.774
-13.2851 143.767
-13.2425 143.733
-13.1997 143.694
-13.1565 143.65
-13.0267 143.512
-12.9841 143.476
-12.9413 143.437
-12.8988 143.4
-12.8582 143.391
-12.816 143.359
-12.7727 143.311
-12.7314 143.291
-12.689 143.256
-12.6464 143.217
-12.6045 143.188
-12.5633 143.17
-12.5214 143.14
-12.4794 143.11
-12.4374 143.078
-12.3966 143.065
-12.3544 143.031
-12.3123 142.999
-12.2717 142.988
-12.23 142.96
-12.1882 142.931
-12.1474 142.917
-12.1056 142.888
-12.0636 142.856
-12.022 142.829
-11.9814 142.817
-11.941 142.808
-11.8999 142.788
-11.8592 142.775
-11.8179 142.752
-11.7773 142.741
-11.7357 142.713
-11.6943 142.689
-11.6535 142.673
-11.6134 142.668
-11.5731 142.66
-11.5311 142.626
-11.4909 142.619
-11.4503 142.605
-11.4096 142.592
-11.3694 142.585
-11.3287 142.57
-11.288 142.556
-11.2477 142.547
-11.2072 142.536
-11.1672 142.532
-11.1267 142.521
-11.0857 142.5
-11.0455 142.494
-11.0048 142.478
-10.9644 142.467
-10.9239 142.456
-10.8839 142.451
-10.8443 142.454
-10.804 142.445
-10.7634 142.432
-10.7232 142.423
-10.683 142.416
-10.6429 142.409
-10.6022 142.394
-10.5618 142.383
-10.5211 142.367
-10.4812 142.365
-10.4412 142.36
-10.4014 142.358
-10.3618 142.361
-10.322 142.361
-10.2818 142.352
-10.2418 142.348
-10.202 142.348
-10.1624 142.351
-10.1223 142.344
-10.0819 142.333
-10.0418 142.326
-10.0021 142.327
-9.96193 142.32
-9.92194 142.316
-9.88208 142.314
-9.84247 142.316
-9.8031 142.323
-9.76361 142.328
-9.72386 142.328
-9.68387 142.324
-9.64388 142.32
-9.60413 142.32
-9.56451 142.323
-9.52561 142.339
-9.48537 142.33
-9.44526 142.323
-9.17526 137.95
-9.36528 142.315
-9.3247 142.299
-9.28518 142.304
-9.03356 138.209
-8.99235 138.164
-8.94523 138.003
-9.12594 142.3
-9.08711 142.319
-9.04792 142.33
-9.00896 142.347
-8.96965 142.356
-8.92988 142.356
-8.89022 142.359
-8.85146 142.38
-8.81235 142.393
-8.77324 142.407
-8.73356 142.41
-8.69399 142.415
-8.65486 142.429
-8.61627 142.454
-8.57691 142.463
-8.53776 142.477
-8.49849 142.489
-8.45932 142.503
-8.42036 142.522
-8.38086 142.529
-8.34124 142.533
-8.30205 142.547
-8.26274 142.559
-8.22396 142.582
-8.18526 142.608
-8.14541 142.608
-8.10577 142.613
-8.06664 142.629
-8.02801 142.657
-7.98845 142.664
-7.9499 142.694
-7.91083 142.712
-7.87105 142.715
-7.83107 142.713
-7.79189 142.729
-7.75249 142.741
-7.71398 142.773
-7.67536 142.803
-7.63594 142.815
-7.597 142.838
-7.55747 142.848
-7.51898 142.882
-7.47963 142.896
-7.44084 142.924
-7.40203 142.952
-7.36236 142.959
-7.32354 142.987
-7.28479 143.017
-7.24519 143.027
-7.20578 143.041
-7.16672 143.064
-7.12784 143.092
-7.0883 143.103
-7.04975 143.14
-7.01092 143.171
-6.97172 143.192
-6.93374 143.245
-6.89407 143.254
-6.8543 143.262
-6.81549 143.294
-6.77675 143.329
-6.73808 143.366
-6.69905 143.394
-6.66052 143.436
-6.62172 143.471
-6.58197 143.48
-6.54297 143.511
-6.50429 143.55
-6.4665 143.615
-6.42671 143.625
-6.38782 143.66
-6.34785 143.665
-6.30876 143.695
-6.26999 143.735
-6.23191 143.795
-6.19206 143.805
-6.15331 143.847
-6.11454 143.889
-6.07544 143.921
-6.03641 143.956
-5.99751 143.996
-5.95943 144.062
-5.07558 145.571
-5.03571 145.597
-4.79456 148.841
