-23.423 124.655
-22.9274 123.905
-22.8905 123.892
-22.8527 123.873
-22.814 123.847
-22.7746 123.817
-22.7375 123.802
-22.4054 123.436
-22.3636 123.387
-22.2855 123.328
-22.2473 123.305
-22.2109 123.294
-22.1719 123.266
-22.1305 123.219
-22.0086 123.096
-21.973 123.091
-21.9377 123.087
-21.8961 123.039
-21.8548 122.992
-21.8185 122.982
-21.7802 122.957
-21.7441 122.948
-21.7058 122.923
-21.6676 122.898
-21.6296 122.875
-21.5933 122.864
-21.555 122.839
-21.5168 122.814
-21.4808 122.805
-21.445 122.798
-21.4051 122.761
-21.3684 122.747
-21.3285 122.709
-21.2923 122.699
-21.2539 122.672
-21.2179 122.663
-21.18 122.64
-21.1424 122.619
-21.1074 122.617
-21.0721 122.613
-21.0359 122.603
-20.9988 122.585
-20.9609 122.562
-20.9245 122.549
-20.8871 122.53
-20.8491 122.505
-20.8124 122.491
-20.7749 122.469
-20.7401 122.469
-20.7054 122.469
-20.6704 122.468
-20.6328 122.446
-20.5965 122.434
-20.5592 122.414
-20.5216 122.393
-20.4857 122.384
-20.4494 122.372
-20.4137 122.365
-20.3774 122.352
-20.3394 122.328
-20.3038 122.32
-20.2686 122.317
-20.2314 122.297
-20.1964 122.296
-20.1619 122.297
-20.1279 122.303
-20.0934 122.304
-20.058 122.299
-20.0206 122.278
-19.9847 122.269
-19.9482 122.255
-19.9117 122.241
-19.8758 122.232
-19.8418 122.237
-19.8082 122.246
-19.7733 122.244
-19.7376 122.237
-19.7011 122.223
-19.666 122.219
-19.6302 122.21
-19.5946 122.203
-19.5601 122.205
-19.5251 122.203
-19.4898 122.198
-19.455 122.198
-19.4203 122.198
-19.3852 122.194
-19.3503 122.192
-19.3162 122.198
-19.2817 122.199
-19.2468 122.198
-19.2116 122.194
-19.1767 122.192
-19.1424 122.196
-19.1081 122.199
-19.0727 122.194
-19.0372 122.187
-19.002 122.183
-18.9675 122.185
-18.9328 122.185
-18.8985 122.188
-18.8651 122.199
-18.8306 122.201
-18.7958 122.201
-18.7615 122.204
-18.7285 122.218
-18.6942 122.222
-18.6601 122.227
-18.6243 122.218
-18.587 122.197
-18.5519 122.193
-18.5182 122.202
-18.4852 122.216
-18.4534 122.241
-18.4192 122.246
-18.3845 122.246
-18.3497 122.246
-18.3165 122.258
-18.284 122.278
-18.2492 122.278
-18.2141 122.274
-18.1791 122.272
-18.1458 122.285
-18.1121 122.294
-18.0771 122.292
-18.0446 122.311
-18.0113 122.323
-17.9767 122.325
-17.9415 122.322
-17.9072 122.325
-17.8734 122.334
-17.8403 122.348
-17.8069 122.36
-17.7727 122.366
-17.7379 122.366
-17.7038 122.371
-17.671 122.389
-17.6382 122.406
-17.604 122.411
-17.5692 122.411
-17.535 122.417
-17.5018 122.431
-17.4692 122.45
-17.4346 122.452
-17.3998 122.452
-17.3665 122.466
-17.3355 122.5
-17.3028 122.519
-17.2698 122.535
-17.2363 122.548
-17.2032 122.563
-17.1692 122.571
-17.1357 122.583
-17.102 122.594
-17.0689 122.609
-17.0364 122.631
-17.0031 122.645
-16.9688 122.65
-16.9342 122.652
-16.8999 122.657
-16.8683 122.687
-16.8351 122.703
-16.8018 122.718
-16.7677 122.725
-16.7355 122.749
-16.7038 122.78
-16.6712 122.801
-16.6378 122.815
-16.605 122.835
-16.5708 122.842
-16.5378 122.86
-16.504 122.87
-16.4719 122.897
-16.4415 122.94
-16.4081 122.954
-16.3754 122.975
-16.3434 123.004
-16.3098 123.016
-16.2768 123.036
-16.2428 123.045
-16.2103 123.068
-16.1781 123.095
-16.146 123.123
-16.1149 123.161
-16.0812 123.173
-16.0482 123.193
-16.0167 123.227
-15.9837 123.246
-15.9525 123.284
-15.9191 123.3
-15.8865 123.323
-15.8543 123.352
-15.822 123.379
-15.7893 123.402
-15.7573 123.432
-15.7275 123.484
-15.6935 123.495
-15.6611 123.522
-15.6283 123.545
-15.5959 123.572
-15.564 123.605
-15.5319 123.635
-15.4995 123.662
-15.4676 123.695
-15.4376 123.747
-15.4035 123.757
-15.3731 123.806
-15.3409 123.837
-15.3089 123.869
-15.2787 123.92
-15.2449 123.934
-15.2121 123.959
-15.1843 124.035
-15.1503 124.048
-15.1201 124.1
-15.0883 124.136
-15.0576 124.183
-15.0251 124.212
-14.9947 124.263
-14.9613 124.283
-14.9332 124.359
-14.9026 124.408
-14.8707 124.445
-14.8383 124.475
-14.8084 124.534
-14.7784 124.59
-14.7481 124.645
-14.7165 124.685
-14.686 124.737
-14.6557 124.792
-14.6242 124.834
-14.5917 124.865
-14.5609 124.916
-14.5329 124.997
-14.5057 125.086
-14.476 125.151
-14.4474 125.226
-14.4154 125.264
-14.3876 125.349
-14.0894 128.044
