-20.1107 150.949
-20.0636 150.899
-20.0168 150.852
-19.9668 150.774
-19.9171 150.699
-19.8715 150.662
-19.8253 150.62
-19.78 150.585
-19.7373 150.576
-19.5419 150.302
-19.4998 150.297
-19.4514 150.233
-19.4057 150.193
-19.36 150.154
-19.0854 149.909
-19.0426 149.897
-18.9973 149.86
-18.9523 149.826
-18.9075 149.794
-18.865 149.785
-18.8203 149.753
-18.7266 149.647
-18.6869 149.664
-18.6434 149.645
-18.5977 149.603
-18.5523 149.564
-18.5099 149.555
-18.4653 149.523
-18.4209 149.493
-18.3782 149.481
-18.3358 149.472
-18.2886 149.413
-18.2467 149.408
-18.205 149.406
-18.1629 149.399
-18.1183 149.368
-18.0759 149.358
-18.0309 149.321
-17.989 149.317
-17.9443 149.283
-17.8993 149.246
-17.8577 149.244
-17.8158 149.24
-17.7735 149.23
-17.7302 149.211
-17.6865 149.186
-17.6437 149.172
-17.6004 149.153
-17.5602 149.166
-17.5168 149.144
-17.4731 149.119
-17.4296 149.098
-17.3878 149.093
-17.3455 149.084
-17.3016 149.057
-17.2618 149.075
-17.2177 149.046
-17.1759 149.041
-17.1336 149.032
-17.0879 148.985
-17.0423 148.939
-17.0009 148.939
-16.9614 148.959
-16.9221 148.982
-16.8805 148.98
-16.8382 148.971
-16.7973 148.976
-16.7564 148.981
-16.7137 148.967
-16.6679 148.918
-16.6248 148.899
-16.5843 148.909
-16.5437 148.917
-16.503 148.925
-16.4612 148.92
-16.4189 148.911
-16.3782 148.919
-16.3371 148.922
-16.2949 148.912
-16.2533 148.91
-16.2117 148.908
-16.1704 148.909
-16.129 148.909
-16.0874 148.907
-16.0463 148.91
-16.0057 148.92
-15.9644 148.921
-15.9224 148.914
-15.8797 148.899
-15.836 148.873
-15.7943 148.868
-15.7518 148.856
-15.7119 148.874
-15.6722 148.894
-15.6302 148.887
-15.5876 148.873
-15.5432 148.836
-15.5024 148.844
-15.4619 148.854
-15.4221 148.875
-15.3801 148.868
-15.3357 148.831
-15.2905 148.785
-15.2483 148.775
-15.2142 148.864
-15.1773 148.919
-15.1419 148.994
-15.1023 149.016
-15.0615 149.024
-15.0186 149.007
-14.9786 149.025
-14.938 149.036
-14.8973 149.046
-14.8575 149.066
-14.8172 149.081
-14.7762 149.087
-14.7351 149.092
-14.6958 149.12
-14.6557 149.138
-14.6156 149.155
-14.5734 149.146
-14.5323 149.151
-14.4926 149.174
-14.4532 149.202
-14.4125 149.212
-14.3731 149.24
-14.3324 149.25
-14.2924 149.27
-14.2513 149.276
-14.21 149.279
-14.1694 149.291
-14.1302 149.322
-14.0896 149.335
-14.0499 149.36
-14.0102 149.385
-13.9683 149.38
-13.9283 149.401
-13.8895 149.438
-13.8493 149.456
-13.8103 149.492
-13.7694 149.502
-13.7284 149.51
-13.687 149.513
-13.648 149.548
-13.6077 149.566
-13.5672 149.581
-13.5274 149.606
-13.4879 149.637
-13.4472 149.65
-13.4083 149.687
-13.3695 149.728
-13.3288 149.741
-13.2896 149.776
-13.2502 149.809
-13.2096 149.824
-13.1715 149.875
-13.1309 149.89
-13.0901 149.903
-13.052 149.956
-13.0119 149.979
-12.9723 150.009
-12.9316 150.024
-12.8935 150.077
-12.8526 150.09
-12.7359 150.217
-12.6967 150.255
-12.6553 150.26
-12.6179 150.326
-12.5769 150.339
-12.538 150.382
-12.4988 150.423
-12.4612 150.486
-12.422 150.526
-12.3815 150.547
-12.3416 150.578
-12.3003 150.585
-12.2633 150.661
-12.2246 150.71
-12.1854 150.753
-12.1481 150.824
-12.107 150.837
-12.0694 150.906
-12.0306 150.954
-11.9929 151.023
-11.9535 151.063
-11.9144 151.109
-10.9583 152.75
-10.918 152.787
-10.8764 152.8
