15.384 133.713
15.4988 130.464
15.5325 130.426
15.5661 130.386
15.7116 129.957
15.7433 129.9
15.7765 129.858
15.8081 129.801
15.8388 129.733
15.8701 129.672
15.9041 129.64
15.9378 129.605
15.9971 129.451
16.0284 129.392
16.0591 129.327
16.0936 129.302
16.1274 129.268
16.1582 129.205
16.1915 129.168
16.2233 129.115
16.2564 129.076
16.2878 129.019
16.3234 129.005
16.3574 128.976
16.3885 128.917
16.4199 128.862
16.4557 128.851
16.4867 128.792
16.5199 128.755
16.5542 128.729
16.5901 128.72
16.6219 128.669
16.655 128.632
16.7198 128.544
16.7528 128.507
16.7873 128.484
16.8235 128.478
16.8573 128.449
16.9557 128.332
16.9895 128.303
17.0251 128.291
17.0564 128.239
17.0903 128.212
17.1255 128.196
17.1575 128.152
17.1927 128.136
17.2243 128.088
17.2604 128.082
17.297 128.08
17.3333 128.076
17.3645 128.024
17.3973 127.987
17.4311 127.96
17.4661 127.945
17.4997 127.916
17.5327 127.881
17.5675 127.864
17.6025 127.848
17.6367 127.825
17.671 127.804
17.7062 127.79
17.7397 127.761
17.7747 127.746
17.8097 127.73
17.844 127.709
17.8783 127.688
17.9122 127.663
17.9473 127.65
17.9833 127.644
18.0195 127.64
18.0542 127.623
18.0868 127.586
18.121 127.565
18.1561 127.551
18.1916 127.542
18.2261 127.523
18.2605 127.503
18.296 127.494
18.3315 127.484
18.3657 127.463
18.4012 127.454
18.4371 127.448
18.4715 127.429
18.5052 127.404
18.5409 127.396
18.5768 127.39
18.6107 127.367
18.6459 127.356
18.6814 127.346
18.7173 127.34
18.7529 127.333
18.7866 127.308
18.8213 127.292
18.8567 127.283
18.8926 127.277
18.9278 127.266
18.9623 127.248
18.9967 127.231
19.0326 127.226
19.0689 127.224
19.1049 127.22
19.1385 127.195
19.1729 127.178
19.2083 127.168
19.2441 127.162
19.279 127.149
19.315 127.145
19.3494 127.128
19.3855 127.124
19.4208 127.115
19.4575 127.117
19.4956 127.13
19.5337 127.143
19.5725 127.163
19.6127 127.193
19.6477 127.182
19.6796 127.144
19.7158 127.142
19.7523 127.142
19.7867 127.124
19.8219 127.115
19.8561 127.096
19.8923 127.094
19.9299 127.103
19.9654 127.096
19.9988 127.071
20.0357 127.075
20.0729 127.081
20.1096 127.083
20.1475 127.094
20.1849 127.102
20.223 127.115
20.2592 127.113
20.293 127.092
20.3285 127.085
20.3654 127.088
20.4016 127.087
20.4381 127.087
20.475 127.09
20.5117 127.092
20.5486 127.096
20.5855 127.1
20.6225 127.104
20.6589 127.104
20.6956 127.106
20.7328 127.112
20.7702 127.119
20.8069 127.121
20.8443 127.129
20.881 127.131
20.9179 127.135
20.9546 127.137
20.9913 127.138
21.028 127.14
21.0649 127.144
21.1029 127.156
21.1401 127.161
21.1783 127.175
21.2155 127.181
21.2532 127.19
21.2904 127.196
21.3288 127.211
21.3663 127.219
21.4033 127.223
21.4402 127.227
21.4772 127.231
21.5144 127.236
21.5547 127.265
21.5914 127.267
21.6281 127.269
21.6653 127.275
21.7053 127.302
21.7423 127.305
21.7793 127.309
21.8191 127.334
21.8574 127.348
21.8944 127.351
21.934 127.375
21.973 127.394
22.0105 127.401
22.0475 127.405
22.0872 127.428
22.1247 127.436
22.1672 127.48
22.205 127.49
22.2423 127.496
22.2796 127.501
22.3171 127.509
22.3565 127.53
22.3941 127.538
22.4364 127.58
22.4748 127.594
22.5142 127.615
22.5515 127.621
22.6732 127.707
22.7108 127.715
23.1108 127.96
23.1509 127.985
23.1914 128.012
23.2304 128.03
23.2712 128.059
23.3147 128.107
23.3527 128.117
23.3965 128.167
23.4351 128.181
23.4759 128.21
23.5167 128.239
23.5589 128.278
23.6037 128.334
23.7305 128.451
24.0289 128.735
24.0734 128.788
24.1158 128.827
24.1615 128.887
