-17.3824 148.733
-17.3343 148.654
-17.2926 148.642
-17.2515 148.637
-17.2084 148.611
-17.1614 148.541
-17.1165 148.496
-17.0728 148.462
-17.0281 148.417
-16.9862 148.403
-16.9434 148.379
-16.902 148.369
-16.8555 148.305
-16.8091 148.24
-16.7679 148.233
-16.7258 148.217
-16.682 148.181
-16.6389 148.152
-16.5948 148.112
-16.5487 148.05
-16.5069 148.035
-16.4653 148.024
-16.4242 148.017
-16.3818 147.995
-16.3388 147.967
-16.2974 147.957
-16.2534 147.917
-16.2099 147.884
-16.167 147.855
-16.1257 147.846
-16.0825 147.815
-16.0414 147.808
-16.0001 147.798
-15.9574 147.772
-15.9163 147.765
-15.8753 147.758
-15.8297 147.699
-15.7887 147.692
-15.7458 147.663
-15.7041 147.649
-15.6627 147.638
-15.6202 147.614
-15.5796 147.612
-15.5388 147.607
-15.4958 147.576
-15.4542 147.562
-15.4116 147.536
-15.3694 147.515
-15.328 147.503
-15.2874 147.501
-15.2464 147.494
-15.205 147.482
-15.1642 147.477
-15.123 147.468
-15.0813 147.451
-15.0389 147.428
-14.9964 147.402
-14.9552 147.392
-14.9143 147.385
-14.8741 147.388
-14.8335 147.386
-14.7924 147.376
-14.7501 147.353
-14.7101 147.357
-14.6697 147.358
-14.6289 147.353
-14.588 147.346
-14.5472 147.341
-14.507 147.344
-14.4665 147.342
-14.4255 147.335
-14.3844 147.325
-14.3437 147.321
-14.3033 147.321
-14.262 147.309
-14.2205 147.295
-14.1801 147.295
-14.1401 147.3
-14.0999 147.302
-14.0597 147.305
-14.0195 147.307
-13.9793 147.31
-13.9388 147.307
-13.8982 147.305
-13.8578 147.305
-13.8173 147.303
-13.7771 147.305
-13.7363 147.301
-13.695 147.289
-13.6547 147.289
-13.6146 147.294
-13.5741 147.292
-13.5346 147.304
-13.4961 147.33
-13.459 147.375
-13.4195 147.387
-13.3794 147.392
-13.3379 147.378
-13.2975 147.378
-13.2542 147.337
-13.2131 147.328
-13.1726 147.326
-13.1318 147.321
-13.0924 147.335
-13.0519 147.333
-13.0111 147.328
-12.9712 147.336
-12.934 147.381
-12.8967 147.426
-12.8563 147.426
-12.8154 147.419
-12.7748 147.417
-12.7342 147.415
-12.6938 147.415
-12.6535 147.417
-12.6137 147.427
-12.574 147.436
-12.5342 147.446
-12.4942 147.453
-12.4543 147.46
-12.4154 147.484
-12.3764 147.506
-12.3368 147.518
-12.2976 147.537
-12.2576 147.544
-12.2178 147.553
-12.1787 147.575
-12.139 147.587
-12.099 147.594
-12.0593 147.606
-12.0198 147.62
-11.9812 147.649
-11.9414 147.661
-11.9014 147.668
-11.8612 147.673
-11.8224 147.699
-11.7843 147.738
-11.7447 147.752
-11.7044 147.755
-11.6643 147.762
-11.6247 147.776
-11.5851 147.791
-11.5475 147.838
-11.508 147.855
-11.4682 147.867
-11.4292 147.891
-11.3898 147.91
-11.35 147.922
-11.3104 147.939
-11.2719 147.973
-11.2335 148.009
-11.1946 148.035
-11.1558 148.066
-11.1161 148.08
-11.0762 148.093
-11.0368 148.112
-10.9972 148.129
-10.9591 148.172
-10.9206 148.208
-10.882 148.241
-10.8416 148.246
-10.8028 148.277
-10.7644 148.316
-10.7247 148.333
-10.6878 148.398
-10.6492 148.434
-10.6089 148.441
-10.57 148.472
-10.5314 148.508
-10.4927 148.545
-10.4543 148.586
-10.415 148.61
-10.375 148.624
-10.3369 148.67
-10.2981 148.706
-10.2591 148.738
-10.2206 148.779
-10.1822 148.822
-10.1439 148.866
-10.1049 148.899
-10.0661 148.936
-10.0274 148.974
-9.79885 149.285
-9.64692 149.508
-9.60661 149.52
-9.56943 149.593
-9.53222 149.667
-9.49498 149.74
-9.45685 149.796
-9.41931 149.864
-9.38063 149.91
-9.34316 149.981
-9.30627 150.064
-9.26923 150.145
-9.23361 150.255
-9.1948 150.302
