-9.08769 136.293
-9.04872 136.283
-9.00986 136.275
-8.96966 136.241
-8.79768 135.884
-8.59058 135.578
-8.55052 135.542
-8.51078 135.513
-8.47075 135.477
-8.38771 135.345
-8.34753 135.305
-8.30737 135.265
-8.26682 135.216
-8.22801 135.204
-8.18699 135.145
-8.14659 135.099
-8.10592 135.047
-8.06607 135.011
-8.02514 134.953
-7.98641 134.94
-7.9469 134.911
-7.90808 134.896
-7.86733 134.84
-7.82651 134.781
-7.78792 134.771
-7.74838 134.74
-7.70857 134.702
-7.66907 134.671
-7.62976 134.644
-7.59018 134.611
-7.55136 134.594
-7.51218 134.569
-7.47292 134.542
-7.43422 134.528
-7.39388 134.475
-7.3542 134.438
-7.31571 134.428
-7.27678 134.407
-7.23785 134.386
-7.19903 134.368
-7.15915 134.324
-7.1206 134.312
-7.08197 134.297
-7.04257 134.264
-7.00353 134.239
-6.96458 134.216
-6.92633 134.21
-6.88723 134.183
-6.84873 134.171
-6.80982 134.148
-6.77108 134.13
-6.73161 134.092
-6.6933 134.084
-6.65492 134.074
-6.61605 134.051
-6.57784 134.045
-6.53955 134.037
-6.5007 134.014
-6.46194 133.994
-6.42367 133.985
-6.38531 133.975
-6.34642 133.95
-6.30769 133.93
-6.26951 133.924
-6.23118 133.913
-6.19285 133.903
-6.15415 133.883
-6.1153 133.858
-6.07692 133.846
-6.03861 133.835
-6.00061 133.833
-5.96238 133.825
-5.92415 133.817
-5.886 133.811
-5.84771 133.801
-5.80943 133.791
-5.77093 133.774
-5.73265 133.764
-5.69431 133.752
-5.65624 133.748
-5.61818 133.744
-5.57985 133.731
-5.54152 133.719
-5.50326 133.709
-5.46487 133.694
-5.42696 133.694
-5.38904 133.695
-5.351 133.691
-5.31275 133.68
-5.27464 133.674
-5.23673 133.674
-5.19862 133.668
-5.16032 133.656
-5.12228 133.652
-5.08412 133.644
-5.04615 133.642
-5.00842 133.648
-4.97032 133.642
-4.93235 133.64
-4.89431 133.636
-4.85622 133.63
-4.81812 133.624
-4.78009 133.62
-4.74206 133.616
-4.70403 133.612
-4.66589 133.604
-4.62798 133.604
-4.59046 133.619
-4.5531 133.639
-4.41574 129.986
-4.37679 129.919
-4.33831 129.868
-4.402 133.663
-4.36359 133.644
-4.32496 133.617
-4.28683 133.609
-4.24927 133.624
-4.2115 133.63
-4.17362 133.632
-4.13574 133.634
-4.09791 133.639
-4.06003 133.641
-4.0221 133.641
-3.98436 133.649
-3.94642 133.65
-3.90843 133.648
-3.87063 133.654
-3.83279 133.658
-3.79498 133.664
-3.75727 133.675
-3.71941 133.679
-3.68146 133.679
-3.64391 133.698
-3.60631 133.715
-3.56866 133.729
-3.53104 133.746
-3.49333 133.759
-3.45544 133.763
-3.41747 133.763
-3.3797 133.773
-3.34197 133.786
-3.3041 133.792
-3.2662 133.797
-3.22861 133.817
-3.19081 133.828
-3.15317 133.847
-3.11528 133.853
-3.07743 133.861
-3.03965 133.874
-3.00216 133.903
-2.96429 133.912
-2.92634 133.916
-2.88853 133.928
-2.85093 133.954
-2.81304 133.962
-2.77541 133.987
-2.73771 134.008
-2.6998 134.016
-2.66195 134.029
-2.62422 134.05
-2.58622 134.054
-2.54826 134.06
-2.51057 134.086
-2.47265 134.096
-2.4347 134.105
-2.39722 134.146
-2.35931 134.159
-2.32159 134.186
-2.28364 134.197
-2.24584 134.22
-2.20782 134.226
-2.17009 134.255
-2.13213 134.268
-2.09459 134.314
-2.05653 134.32
-2.01873 134.348
-1.98076 134.362
-1.94271 134.371
-1.90499 134.408
-1.86707 134.43
-1.82943 134.478
-1.79139 134.49
-1.75335 134.503
-1.7157 134.555
-1.67783 134.587
-1.63973 134.598
-1.60164 134.61
-1.56357 134.625
-1.52567 134.659
-1.48776 134.694
-1.4501 134.759
-1.41214 134.793
-1.3739 134.795
-1.33588 134.825
-1.2977 134.836
-1.25991 134.899
-1.22205 134.956
-1.18383 134.966
-1.14575 134.998
-1.10766 135.029
-1.06974 135.091
-1.03148 135.101
-0.993667 135.188
-0.955403 135.203
-0.917085 135.209
-0.878998 135.26
-0.840813 135.296
-0.802478 135.304
-0.420083 135.852
-0.381787 135.942
-0.343332 135.976
-0.304857 136.008
-0.266382 136.048
-0.0738373 136.457
-0.0352113 136.521
0.0808815 136.82
0.436718 139.835
