-24.8704 83.9037
-24.8434 83.8995
-2.20522 139.259
-2.16587 139.226
-2.12688 139.221
-2.08729 139.167
-2.04818 139.151
-2.00881 139.112
-1.96922 139.053
-1.92991 139.015
-1.89085 139
-1.85138 138.945
-1.81234 138.93
-1.773 138.884
-1.73405 138.875
-1.69485 138.84
-1.65583 138.823
-1.61653 138.775
-1.57753 138.757
-1.53846 138.731
-1.49933 138.696
-1.46023 138.663
-1.4212 138.637
-1.38227 138.622
-1.34312 138.578
-1.30424 138.568
-1.26535 138.555
-1.22628 138.515
-1.18744 138.507
-1.14868 138.509
-1.10975 138.487
-1.07077 138.454
-1.03179 138.42
-0.992931 138.402
-0.953954 138.363
-0.915135 138.35
-0.876345 138.341
-0.837536 138.328
-0.798589 138.285
-0.759819 138.276
-0.720996 138.255
-0.682227 138.244
-0.643454 138.231
-0.604672 138.213
-0.565874 138.19
-0.527109 138.172
-0.488376 138.164
-0.449647 138.155
-0.410895 138.135
-0.372156 138.118
-0.333438 138.107
-0.294737 138.103
-0.256038 138.099
-0.217322 138.081
-0.178607 138.058
-0.139907 138.038
-0.101224 138.032
-0.0625429 138.023
-0.0238656 138.014
0.0148079 138.004
0.053478 137.999
0.0921425 137.986
0.130804 137.978
0.169462 137.969
0.208118 137.963
0.246778 137.96
0.285429 137.954
0.324047 137.93
0.362659 137.908
0.401285 137.898
0.439923 137.893
0.47857 137.893
0.517211 137.891
0.555824 137.881
0.594446 137.874
0.633066 137.868
0.67165 137.852
0.710244 137.842
0.748917 137.85
0.787555 137.85
0.826203 137.853
0.864831 137.85
0.903435 137.844
0.942037 137.838
0.980708 137.844
1.01939 137.853
1.05799 137.846
1.09662 137.844
1.13527 137.846
1.17401 137.862
1.21269 137.868
1.25127 137.859
1.28964 137.823
1.32827 137.823
1.36665 137.79
1.40538 137.803
1.44408 137.812
1.48265 137.806
1.52122 137.799
1.55996 137.812
1.59867 137.821
1.63732 137.823
1.67596 137.823
1.71461 137.825
1.75328 137.83
1.79203 137.84
1.83073 137.847
1.86939 137.849
1.90803 137.849
1.94669 137.851
1.98538 137.856
2.02404 137.858
2.06268 137.858
2.10142 137.867
2.14014 137.873
2.17889 137.882
2.21762 137.888
2.25638 137.897
2.29508 137.901
2.33396 137.919
2.37276 137.93
2.41144 137.932
2.4501 137.932
2.48888 137.94
2.52769 137.951
2.56651 137.962
2.6052 137.964
2.64396 137.971
2.68279 137.982
2.72169 137.997
2.76064 138.014
2.79948 138.025
2.83833 138.036
2.87737 138.058
2.91619 138.066
2.95514 138.082
2.99397 138.09
3.03281 138.099
3.07165 138.108
3.11054 138.119
3.14947 138.132
3.18844 138.147
3.2273 138.156
3.26625 138.169
3.30558 138.201
3.3445 138.212
3.38346 138.225
3.42308 138.271
3.46202 138.282
3.50114 138.301
3.54005 138.31
3.57906 138.323
3.61829 138.347
3.65722 138.356
3.6961 138.362
3.73531 138.384
3.77468 138.413
3.81372 138.426
3.8533 138.463
3.89221 138.469
3.93137 138.487
3.97044 138.5
4.00987 138.528
4.04931 138.557
4.08897 138.594
4.12854 138.627
4.16813 138.659
4.20731 138.675
4.24745 138.729
4.28649 138.738
4.32618 138.773
4.36579 138.804
4.40545 138.837
4.44464 138.85
4.48433 138.883
4.52404 138.916
4.56376 138.948
4.6035 138.981
4.64343 139.021
4.68314 139.052
4.72233 139.063
4.7629 139.124
4.80272 139.157
4.84261 139.192
4.88258 139.23
4.9225 139.265
4.96175 139.276
5.00258 139.342
5.04325 139.401
5.16432 139.543
5.20437 139.578
5.24436 139.611
5.28444 139.646
5.53084 140.036
5.57044 140.052
6.11808 141.187
