-12.4978 140.661
-12.4483 140.511
-12.3982 140.353
-12.1205 139.714
-12.0766 139.64
-12.0312 139.542
-11.9881 139.479
-11.6869 139.027
-11.6457 138.988
-11.6029 138.926
-11.5613 138.88
-11.52 138.839
-11.4774 138.779
-11.4365 138.742
-11.3941 138.684
-11.3529 138.643
-11.312 138.606
-11.2711 138.57
-11.2305 138.538
-11.1896 138.501
-11.1482 138.456
-11.1064 138.404
-11.0675 138.398
-11.0269 138.363
-10.9841 138.295
-10.9428 138.25
-10.9013 138.203
-10.8622 138.192
-10.823 138.179
-10.7816 138.132
-10.7417 138.108
-10.6997 138.05
-10.6594 138.018
-10.6193 137.991
-10.5798 137.973
-10.5408 137.963
-10.4997 137.918
-10.4588 137.877
-10.4185 137.845
-10.3797 137.837
-10.341 137.832
-10.2997 137.783
-10.2605 137.768
-10.2208 137.745
-10.1807 137.715
-10.1416 137.702
-10.1019 137.679
-10.0617 137.647
-10.0217 137.619
-9.98268 137.606
-9.94375 137.596
-9.90409 137.572
-9.86493 137.557
-9.82614 137.549
-9.78723 137.538
-9.74809 137.523
-9.70835 137.498
-9.6685 137.47
-9.62926 137.453
-9.5892 137.421
-9.54974 137.4
-9.51111 137.394
-9.47237 137.385
-9.43282 137.362
-9.39374 137.347
-9.35524 137.343
-9.31721 137.347
-9.27826 137.334
-9.23954 137.326
-9.20003 137.302
-9.16087 137.285
-9.12227 137.279
-9.0838 137.275
-9.04476 137.26
-9.00563 137.243
-8.9666 137.228
-8.9277 137.215
-8.88902 137.207
-8.851 137.211
-8.81244 137.205
-8.77322 137.186
-8.73445 137.175
-8.69578 137.167
-8.65723 137.16
-8.6189 137.158
-8.58067 137.158
-8.54201 137.15
-8.50263 137.126
-8.46346 137.107
-8.42514 137.105
-8.38713 137.109
-8.34911 137.114
-8.3111 137.118
-8.27215 137.103
-8.23343 137.092
-8.1947 137.082
-8.15628 137.077
-8.11807 137.077
-8.07985 137.077
-8.04183 137.082
-8.00391 137.088
-7.9654 137.082
-7.92669 137.071
-7.88857 137.073
-7.85084 137.084
-7.81233 137.077
-7.77392 137.073
-7.7359 137.077
-7.69796 137.084
-7.65955 137.079
-7.62171 137.088
-7.58349 137.088
-7.54433 137.067
-7.50714 137.09
-7.47096 137.137
-7.43392 137.164
-7.39431 137.132
-7.35507 137.109
-7.31657 137.103
-7.27798 137.094
-7.23967 137.092
-7.20091 137.079
-7.1634 137.096
-7.12597 137.115
-7.08782 137.117
-7.04977 137.122
-7.0118 137.128
-6.97365 137.13
-6.93594 137.143
-6.89804 137.151
-6.85929 137.138
-6.82114 137.141
-6.78341 137.153
-6.74517 137.153
-6.7071 137.157
-6.66935 137.17
-6.63144 137.179
-6.59319 137.179
-6.55503 137.181
-6.51759 137.202
-6.47983 137.215
-6.44157 137.215
-6.40364 137.223
-6.36586 137.236
-6.32823 137.253
-6.29028 137.261
-6.2524 137.272
-6.21452 137.282
-6.17602 137.276
-6.13798 137.282
-6.1004 137.301
-6.0628 137.32
-6.02513 137.337
-5.98707 137.344
-5.94938 137.361
-5.91198 137.386
-5.8742 137.401
-5.83634 137.414
-5.79905 137.443
-5.76118 137.456
-5.72337 137.471
-5.68577 137.492
-5.6478 137.503
-5.61005 137.52
-5.572 137.528
-5.53395 137.537
-5.49597 137.548
-5.45791 137.556
-5.42073 137.592
-5.38286 137.607
-5.34479 137.616
-5.30717 137.639
-5.26961 137.665
-5.23191 137.686
-5.19446 137.716
-5.15629 137.722
-5.11927 137.767
-5.0814 137.784
-5.04377 137.809
-5.00557 137.816
-4.96805 137.846
-4.93139 137.906
-4.89328 137.916
-4.85572 137.946
-4.81742 137.95
-4.77984 137.98
-4.74171 137.991
-4.70482 138.047
-4.66661 138.055
-4.62915 138.091
-4.59145 138.119
-4.55373 138.147
-4.51555 138.158
-4.47798 138.192
-4.44107 138.252
-4.4028 138.261
-4.36503 138.289
-4.3274 138.323
-4.25232 138.4
-4.21517 138.456
-4.1769 138.467
-4.13977 138.525
-4.10143 138.533
-4.06426 138.592
-4.02615 138.611
-3.98904 138.673
-3.91359 138.749
-3.87636 138.809
