-4.91911 138.74
-4.67536 138.46
-4.19357 138.042
-4.15433 138.04
-4.11498 138.034
-4.07499 138.001
-4.03518 137.975
-3.99585 137.969
-3.95662 137.967
-3.91607 137.908
-3.87665 137.897
-3.83734 137.89
-3.75741 137.818
-3.71754 137.786
-3.67792 137.764
-3.63902 137.775
-3.5997 137.767
-3.56061 137.769
-3.52133 137.763
-3.48197 137.752
-3.44266 137.743
-3.40255 137.695
-3.3626 137.654
-3.3224 137.599
-3.283 137.584
-3.24361 137.569
-3.20443 137.565
-3.16521 137.559
-3.12591 137.548
-3.08646 137.528
-3.04733 137.526
-3.00816 137.522
-2.96888 137.511
-2.9293 137.483
-2.8898 137.459
-2.85061 137.453
-2.8115 137.451
-2.77247 137.453
-2.73307 137.434
-2.69329 137.39
-2.65409 137.382
-2.61496 137.378
-2.57584 137.374
-2.53655 137.358
-2.49736 137.35
-2.45821 137.343
-2.4189 137.326
-2.37969 137.315
-2.3404 137.298
-2.30124 137.29
-2.26207 137.281
-2.22292 137.273
-2.18385 137.271
-2.14475 137.266
-2.10552 137.251
-2.06637 137.243
-2.02731 137.241
-1.98822 137.236
-1.94919 137.237
-1.91016 137.237
-1.87107 137.233
-1.83194 137.224
-1.79269 137.205
-1.75357 137.196
-1.71455 137.196
-1.67547 137.192
-1.63634 137.181
-1.59729 137.179
-1.55808 137.16
-1.5189 137.143
-1.47966 137.119
-1.44151 137.215
-1.40276 137.247
-1.36388 137.267
-1.32417 137.187
-1.28502 137.172
-1.2461 137.185
-1.20686 137.157
-1.16793 137.17
-1.12891 137.17
-1.09 137.188
-1.05096 137.186
-1.01203 137.201
-0.973062 137.212
-0.934144 137.232
-0.895104 137.232
-0.856039 137.228
-0.816987 137.226
-0.777914 137.219
-0.738918 137.228
-0.699969 137.248
-0.661039 137.274
-0.621997 137.276
-0.582927 137.272
-0.543917 137.283
-0.504893 137.292
-0.465823 137.288
-0.426774 137.29
-0.387736 137.297
-0.348678 137.297
-0.30962 137.297
-0.270571 137.302
-0.231541 137.317
-0.192485 137.321
-0.153431 137.328
-0.114384 137.343
-0.0753262 137.354
-0.0362721 137.376
0.00279876 137.387
0.0418763 137.394
0.080957 137.401
0.120042 137.42
0.159132 137.429
0.198235 137.453
0.237335 137.46
0.276434 137.462
0.315561 137.487
0.354677 137.495
0.393814 137.515
0.432941 137.524
0.472117 137.555
0.511251 137.561
0.550389 137.568
0.589584 137.594
0.628725 137.599
0.667869 137.603
0.707044 137.617
0.746338 137.66
0.785533 137.674
0.824779 137.698
0.863978 137.709
0.903243 137.733
0.94256 137.766
0.981772 137.775
1.02113 137.81
1.06046 137.839
1.09967 137.843
1.1389 137.852
1.17827 137.881
1.21768 137.916
1.25696 137.927
1.29637 137.958
1.33577 137.984
1.37505 137.993
1.41448 138.022
1.45394 138.053
1.49326 138.064
1.533 138.125
1.57232 138.134
1.61182 138.163
1.65137 138.196
1.69073 138.207
1.73051 138.262
1.76987 138.271
1.80948 138.305
1.84914 138.342
1.88875 138.373
1.92845 138.411
2.20623 138.628
2.32607 138.768
2.36629 138.832
2.48653 138.981
2.52643 139.014
2.56597 139.021
2.6063 139.083
2.64634 139.123
2.68679 139.19
2.72734 139.262
2.76748 139.304
2.80792 139.364
2.84775 139.384
2.8882 139.443
2.92881 139.51
2.96906 139.552
