1.00729 143.301
1.55663 141.762
1.59609 141.719
1.6358 141.705
1.79204 141.395
1.83135 141.35
1.87042 141.285
1.90954 141.226
1.94887 141.19
1.98815 141.15
2.02707 141.08
2.06599 141.012
2.10551 140.999
2.14476 140.963
2.1832 140.862
2.22235 140.822
2.2616 140.79
2.30103 140.775
2.33984 140.712
2.37898 140.676
2.41841 140.663
2.45737 140.616
2.49669 140.596
2.53577 140.56
2.57439 140.493
2.61344 140.457
2.65251 140.424
2.69159 140.393
2.73066 140.362
2.76969 140.328
2.80898 140.313
2.84812 140.288
2.88711 140.255
2.92604 140.219
2.9653 140.204
3.00421 140.168
3.0428 140.115
3.08198 140.097
3.12104 140.073
3.16009 140.048
3.19941 140.039
3.2386 140.024
3.27713 139.973
3.31626 139.955
3.35476 139.904
3.39404 139.895
3.43318 139.88
3.47202 139.849
3.51097 139.825
3.54992 139.8
3.58903 139.785
3.62818 139.772
3.66719 139.752
3.70614 139.73
3.74523 139.714
3.78407 139.688
3.823 139.666
3.86191 139.644
3.90082 139.621
3.94001 139.613
3.97905 139.597
4.01814 139.584
4.05732 139.575
4.09644 139.564
4.13525 139.54
4.17421 139.523
4.21321 139.507
4.25226 139.494
4.29119 139.476
4.33002 139.454
4.36921 139.448
4.4084 139.441
4.44747 139.43
4.4866 139.422
4.5255 139.404
4.56445 139.389
4.60368 139.384
4.64284 139.378
4.68184 139.365
4.72088 139.354
4.7598 139.338
4.79883 139.327
4.83786 139.316
4.87701 139.31
4.91609 139.301
4.95523 139.295
4.99425 139.284
5.03351 139.282
5.07264 139.275
5.1119 139.273
5.15096 139.264
5.19009 139.258
5.22902 139.245
5.2682 139.24
5.30738 139.236
5.34643 139.227
5.38561 139.223
5.42445 139.208
5.46335 139.194
5.50238 139.186
5.54169 139.186
5.58099 139.186
5.62009 139.179
5.65904 139.169
5.69813 139.162
5.73722 139.155
5.77616 139.145
5.81574 139.153
5.85526 139.16
5.89464 139.163
5.93401 139.165
5.97242 139.138
6.0115 139.132
6.05087 139.134
6.09047 139.143
6.13038 139.161
6.16968 139.161
6.20906 139.163
6.24868 139.172
6.28814 139.177
6.32777 139.186
6.36747 139.197
6.40711 139.206
6.44674 139.215
6.4859 139.21
6.52538 139.215
6.56494 139.222
6.60418 139.22
6.64391 139.231
6.68415 139.255
6.72373 139.262
6.76298 139.26
6.80231 139.26
6.84189 139.267
6.88182 139.282
6.92159 139.293
6.96093 139.293
7.00061 139.302
7.04048 139.316
7.08009 139.322
7.11952 139.325
7.15976 139.347
7.2 139.369
7.23999 139.385
7.27999 139.4
7.31944 139.403
7.35871 139.4
7.39826 139.405
7.43846 139.425
7.47829 139.436
7.51822 139.45
7.55826 139.465
7.59811 139.476
7.63796 139.488
7.67744 139.49
7.71769 139.51
7.75853 139.543
7.79822 139.55
7.83761 139.55
7.87711 139.552
7.91799 139.586
7.95858 139.612
7.99859 139.626
8.03941 139.657
8.07924 139.666
8.11957 139.686
8.1592 139.691
8.19904 139.7
8.2398 139.729
8.2811 139.769
8.322 139.8
8.36197 139.811
8.40237 139.831
8.44204 139.836
8.48288 139.865
8.52426 139.905
8.56438 139.918
8.60407 139.923
8.64549 139.963
8.68585 139.981
8.72665 140.008
8.76691 140.023
8.80916 140.079
8.84934 140.093
8.8903 140.122
8.93149 140.155
8.97158 140.167
9.01382 140.22
9.05415 140.236
9.09563 140.274
9.13759 140.321
9.17807 140.339
9.21856 140.357
9.26068 140.407
9.30224 140.445
9.34347 140.476
9.38518 140.517
9.42727 140.564
9.47008 140.624
9.51019 140.634
9.55126 140.661
9.59426 140.724
9.63765 140.793
9.67816 140.809
9.7199 140.847
9.76252 140.902
9.80466 140.947
9.84683 140.992
9.88988 141.053
9.93284 141.112
9.97558 141.166
10.0177 141.209
10.0604 141.261
10.1013 141.281
10.1451 141.354
10.1905 141.454
10.2345 141.526
10.2785 141.601
10.3228 141.678
10.3651 141.722
10.4109 141.824
10.4551 141.899
10.5007 141.997
10.5467 142.102
10.5896 142.153
10.6325 142.203
