-24.8694 83.8986
-24.8434 83.8995
-11.3484 170.62
-11.3022 170.611
-11.256 170.603
-11.2062 170.527
-11.16 170.518
-11.112 170.476
-11.0655 170.462
-11.0174 170.417
-10.9693 170.371
-10.9231 170.363
-10.8757 170.33
-10.8296 170.321
-10.7814 170.273
-10.7334 170.228
-10.6874 170.222
-10.6416 170.22
-10.594 170.181
-10.5479 170.172
-10.5003 170.133
-10.4543 170.128
-10.4082 170.119
-10.3608 170.083
-10.3135 170.05
-10.2673 170.038
-10.2201 170.006
-10.173 169.976
-10.1259 169.946
-10.0803 169.946
-10.0345 169.944
-9.98707 169.905
-9.94061 169.887
-9.8943 169.872
-9.84643 169.824
-9.80043 169.816
-9.75457 169.81
-9.70899 169.811
-9.66299 169.802
-9.61602 169.772
-9.57004 169.763
-9.52433 169.761
-9.4789 169.764
-9.4336 169.771
-9.38762 169.762
-9.34096 169.738
-9.29445 169.717
-9.24862 169.712
-9.20252 169.7
-9.15616 169.682
-9.10981 169.665
-9.06373 169.653
-9.01779 169.644
-8.97223 169.645
-8.92707 169.654
-8.88202 169.666
-8.83621 169.661
-8.79001 169.646
-8.74407 169.637
-8.69776 169.62
-8.65158 169.605
-8.60566 169.596
-8.55986 169.591
-8.51443 169.594
-8.469 169.597
-8.42393 169.61
-8.37874 169.619
-8.33379 169.635
-8.28798 169.629
-8.24182 169.614
-8.19626 169.615
-8.15093 169.621
-8.10619 169.642
-8.05957 169.616
-8.01482 169.637
-7.96833 169.613
-7.92322 169.626
-7.87719 169.614
-7.83196 169.623
-7.78617 169.618
-7.74037 169.612
-7.69503 169.618
-7.65034 169.643
-7.60509 169.652
-7.55962 169.655
-7.51382 169.65
-7.46834 169.653
-7.4234 169.671
-7.37856 169.693
-7.33307 169.696
-7.28737 169.693
-7.24198 169.7
-7.19691 169.715
-7.15234 169.746
-7.10693 169.752
-7.06091 169.74
-7.0154 169.744
-6.9705 169.765
-6.92548 169.783
-6.87996 169.787
-6.83433 169.787
-6.78949 169.812
-6.74474 169.839
-6.6992 169.842
-6.65356 169.843
-6.6083 169.855
-6.56342 169.879
-6.51862 169.907
-6.47334 169.919
-6.42805 169.932
-6.3834 169.965
-6.33801 169.975
-6.29251 169.981
-6.24774 170.012
-6.20224 170.018
-6.15682 170.027
-6.11157 170.043
-6.06694 170.079
-6.02228 170.116
-5.97692 170.128
-5.93155 170.141
-5.88651 170.165
-5.84121 170.181
-5.7975 170.254
-5.75318 170.305
-5.70784 170.321
-5.66298 170.354
-5.61762 170.37
-5.57298 170.413
-5.52832 170.455
-5.48277 170.465
-5.43706 170.468
-5.39149 170.478
-5.34748 170.548
-5.30213 170.566
-5.25669 170.582
-5.21246 170.646
-5.16692 170.658
-5.12197 170.695
-5.07649 170.711
-5.03152 170.747
-4.98609 170.766
-4.94094 170.797
-4.89585 170.83
-4.85074 170.864
-4.8059 170.91
-4.7609 170.95
-4.71684 171.033
-4.672 171.082
-4.62713 171.131
-4.58152 171.147
-4.53741 171.232
-4.49261 171.288
-4.44695 171.303
-4.40185 171.346
-4.35769 171.436
-4.31355 171.528
-4.26857 171.58
-4.22387 171.648
-4.17938 171.728
-4.13354 171.741
-4.08834 171.787
-4.04336 171.846
-3.9987 171.923
-3.86397 172.124
-3.81802 172.137
-3.46379 173.074
-3.25296 174.473
-3.20702 174.524
-3.16092 174.565
