33.6619 156.374
33.7154 156.437
33.7508 156.394
33.7556 156.174
33.7668 155.992
33.7875 155.865
33.8127 155.765
33.8329 155.636
33.4531 151.757
33.4859 151.706
33.8516 150.717
33.8904 150.701
33.9246 150.661
33.9643 150.651
33.9945 150.589
34.0323 150.568
34.0665 150.528
34.1016 150.493
34.17 150.413
34.2594 150.221
34.293 150.178
34.3213 150.106
34.3666 150.128
34.4011 150.091
34.4306 150.026
34.4682 150.006
34.4977 149.942
34.5353 149.922
34.5698 149.884
34.606 149.857
34.6449 149.844
34.6834 149.829
34.7132 149.767
34.7462 149.722
34.7778 149.67
34.8153 149.65
34.8469 149.598
34.8857 149.586
34.9232 149.566
34.9543 149.511
34.9931 149.499
35.0323 149.489
35.0679 149.459
35.104 149.432
35.14 149.404
35.1733 149.362
35.2093 149.335
35.248 149.323
35.2835 149.293
35.3232 149.285
35.3577 149.251
35.3858 149.182
35.4194 149.142
35.4581 149.13
35.4982 149.124
35.5332 149.092
35.5676 149.058
35.5975 148.999
35.6384 148.998
35.6794 148.998
35.718 148.986
35.7566 148.973
35.7975 148.973
35.8389 148.975
35.8761 148.955
35.9077 148.906
35.9482 148.904
35.9872 148.894
36.0239 148.871
36.0591 148.842
36.093 148.805
36.1291 148.78
36.1644 148.75
36.2005 148.726
36.2409 148.723
36.2822 148.725
36.3226 148.723
36.3549 148.678
36.391 148.654
36.4304 148.646
36.4717 148.648
36.5064 148.616
36.54 148.58
36.5794 148.572
36.6169 148.555
36.6505 148.518
36.6889 148.505
36.7239 148.476
36.7604 148.454
36.8055 148.475
36.8472 148.48
36.8827 148.453
36.9143 148.407
36.9536 148.399
36.9958 148.406
37.0355 148.401
37.0811 148.425
37.1281 148.456
37.1684 148.454
37.2101 148.458
37.2489 148.448
37.2867 148.434
37.3201 148.397
37.3623 148.404
37.4035 148.406
37.4442 148.406
37.4805 148.384
37.5168 148.361
37.5619 148.383
37.6036 148.388
37.6433 148.382
37.685 148.387
37.7271 148.394
37.7673 148.391
37.807 148.386
37.8467 148.381
37.8859 148.374
37.9251 148.366
37.9662 148.368
38.0079 148.373
38.0475 148.368
38.0892 148.372
38.1313 148.379
38.1715 148.376
38.2126 148.379
38.2528 148.376
38.2854 148.337
38.3201 148.307
38.3652 148.329
38.4103 148.35
38.4555 148.372
38.4946 148.364
38.5347 148.362
38.5774 148.371
38.6255 148.407
38.6667 148.41
38.7073 148.409
38.7499 148.419
38.7916 148.423
38.8327 148.425
38.8733 148.425
38.9124 148.418
38.949 148.398
38.9936 148.417
39.0398 148.443
39.081 148.446
39.1221 148.448
39.1627 148.447
39.2043 148.452
39.247 148.461
39.2896 148.471
39.3308 148.473
39.375 148.49
39.4171 148.497
39.4639 148.526
39.5061 148.533
39.5472 148.535
39.594 148.564
39.6356 148.568
39.6752 148.563
39.7236 148.599
39.7663 148.609
39.8085 148.616
39.86 148.667
39.9017 148.671
39.9439 148.678
39.9861 148.685
40.0335 148.717
40.0752 148.721
40.1179 148.731
40.1659 148.764
40.2133 148.796
40.2545 148.798
40.2962 148.803
40.349 148.859
40.3928 148.873
40.4356 148.882
40.4847 148.921
40.5328 148.955
42.2919 150.444
42.3373 150.463
