-1.39518 108.33
-1.36311 108.303
-1.33117 108.29
-1.29859 108.209
-1.26625 108.151
-1.20118 107.981
-1.16917 107.949
-1.13711 107.909
-1.00847 107.678
-0.976725 107.666
-0.944771 107.625
-0.912958 107.602
-0.721363 107.298
-0.689574 107.259
-0.657871 107.233
-0.626079 107.186
-0.594487 107.178
-0.562813 107.15
-0.531108 107.113
-0.499486 107.091
-0.341277 106.901
-0.309736 106.881
-0.215094 106.784
-0.183606 106.769
-0.15215 106.769
-0.120687 106.763
0.00522405 106.561
0.0366348 106.551
0.0680407 106.568
0.099448 106.556
0.162218 106.49
0.19359 106.469
0.224935 106.432
0.256306 106.426
0.287684 106.426
0.319053 106.422
0.350353 106.385
0.381617 106.339
0.412899 106.309
0.444223 106.299
0.475356 106.226
0.506655 106.216
0.537877 106.185
0.569204 106.186
0.600521 106.185
0.631761 106.165
0.663041 106.156
0.694304 106.145
0.725535 106.128
0.756694 106.098
0.787794 106.059
0.819056 106.054
0.850339 106.052
0.881546 106.038
0.91272 106.02
0.943859 105.997
0.97509 105.99
1.00623 105.97
1.03744 105.961
1.06842 105.922
1.09951 105.899
1.13063 105.88
1.16199 105.894
1.19324 105.894
1.22445 105.889
1.25546 105.86
1.28662 105.85
1.31767 105.829
1.34885 105.823
1.37993 105.806
1.41098 105.788
1.44215 105.782
1.47335 105.779
1.50452 105.774
1.53541 105.743
1.56649 105.73
1.59743 105.704
1.62872 105.711
1.65996 105.714
1.69114 105.711
1.72218 105.697
1.75323 105.684
1.78433 105.676
1.81541 105.666
1.84652 105.659
1.87768 105.656
1.90878 105.649
1.94 105.65
1.97117 105.649
2.00219 105.636
2.03306 105.613
2.06419 105.609
2.09529 105.603
2.12629 105.591
2.1574 105.586
2.18848 105.579
2.21946 105.567
2.2505 105.558
2.28154 105.55
2.31266 105.547
2.34384 105.547
2.37487 105.538
2.40592 105.531
2.43706 105.53
2.46818 105.527
2.49922 105.52
2.53038 105.52
2.56152 105.518
2.59248 105.507
2.62346 105.497
2.65448 105.49
2.68556 105.486
2.7168 105.49
2.74798 105.491
2.77919 105.494
2.81032 105.493
2.84145 105.491
2.87258 105.49
2.90385 105.495
2.93492 105.491
2.96598 105.487
2.99741 105.499
3.02881 105.511
3.06015 105.519
3.09072 105.492
3.12175 105.487
3.15288 105.485
3.18387 105.478
3.21486 105.471
3.2461 105.475
3.27725 105.475
3.3084 105.475
3.33955 105.475
3.37063 105.472
3.40188 105.476
3.43314 105.481
3.46442 105.486
3.49578 105.495
3.52722 105.506
3.55841 105.507
3.58946 105.503
3.62054 105.5
3.65172 105.501
3.68299 105.506
3.71455 105.521
3.74582 105.525
3.77713 105.531
3.8084 105.535
3.83948 105.532
3.87048 105.526
3.90152 105.522
3.93275 105.525
3.96422 105.536
3.99614 105.563
4.02751 105.57
4.05867 105.57
4.08963 105.563
4.12087 105.566
4.15237 105.577
4.18399 105.592
4.21524 105.595
4.24616 105.587
4.27745 105.591
4.30913 105.608
4.3403 105.608
4.37187 105.62
4.40361 105.639
4.43497 105.644
4.46637 105.651
4.49763 105.654
4.52926 105.668
4.56054 105.671
4.59186 105.675
4.62369 105.695
4.65482 105.693
4.68596 105.692
4.71729 105.696
4.74966 105.731
4.781 105.736
4.81234 105.74
4.84421 105.759
4.87614 105.781
4.90794 105.798
4.93934 105.803
4.97069 105.807
5.00205 105.812
5.03396 105.831
5.06574 105.847
5.09705 105.85
5.1295 105.884
5.16181 105.913
5.19335 105.922
5.22458 105.922
5.25586 105.923
5.28778 105.941
5.31923 105.947
5.35181 105.983
5.38397 106.007
5.41592 106.025
5.44734 106.029
5.47931 106.048
5.51139 106.069
5.5427 106.07
5.57402 106.072
5.60567 106.082
5.63841 106.118
5.67053 106.14
6.02355 106.351
6.05664 106.393
6.08975 106.434
6.12202 106.455
6.15348 106.458
7.73071 108.385
7.76712 108.47
7.80179 108.523
7.83528 108.554
7.86984 108.604
7.90762 108.712
