-27.5596 147.141
-27.1328 146.425
-27.0926 146.423
-27.052 146.418
-26.422 145.653
-26.3803 145.639
-26.286 145.538
-26.2413 145.503
-26.2009 145.498
-26.1105 145.422
-26.0662 145.39
-26.0252 145.381
-25.9769 145.321
-25.9323 145.286
-25.8913 145.277
-25.848 145.252
-25.8077 145.248
-25.7628 145.211
-25.7182 145.176
-25.6737 145.142
-25.6288 145.105
-25.5879 145.096
-25.547 145.087
-25.4992 145.029
-25.4577 145.016
-25.4139 144.986
-25.373 144.977
-25.3301 144.954
-25.2857 144.92
-25.2423 144.892
-25.2014 144.883
-25.1605 144.874
-25.1165 144.842
-25.0731 144.815
-25.0325 144.808
-24.9917 144.799
-24.948 144.769
-24.9043 144.739
-24.8638 144.733
-24.8239 144.73
-24.7834 144.724
-24.7394 144.692
-24.6989 144.685
-24.6584 144.678
-24.6142 144.644
-24.5734 144.635
-24.5339 144.635
-24.4927 144.624
-24.4516 144.613
-24.4087 144.587
-24.3688 144.585
-24.3296 144.588
-24.2888 144.579
-24.2456 144.551
-24.2054 144.547
-24.1631 144.527
-24.123 144.522
-24.0825 144.515
-24.0427 144.513
-24.0031 144.513
-23.963 144.509
-23.9222 144.5
-23.8818 144.493
-23.8411 144.484
-23.8003 144.475
-23.7596 144.466
-23.7197 144.464
-23.6802 144.464
-23.6404 144.462
-23.5987 144.446
-23.5583 144.44
-23.5185 144.438
-23.4795 144.442
-23.4421 144.459
-23.4025 144.459
-23.3621 144.452
-23.3205 144.436
-23.2789 144.42
-23.2391 144.418
-23.1992 144.416
-23.1597 144.416
-23.121 144.423
-23.0832 144.437
-23.0437 144.438
-23.0036 144.433
-22.9637 144.431
-22.9242 144.431
-22.8849 144.434
-22.8457 144.436
-22.8061 144.436
-22.7671 144.441
-22.7282 144.446
-22.6883 144.444
-22.6482 144.439
-22.6083 144.437
-22.5694 144.442
-22.5318 144.458
-22.4939 144.472
-22.4561 144.486
-22.4188 144.505
-22.3818 144.526
-22.3411 144.517
-22.2992 144.498
-22.2602 144.503
-22.2209 144.506
-22.1808 144.501
-22.1445 144.529
-22.1064 144.541
-22.0684 144.555
-22.0283 144.55
-21.9892 144.555
-21.9485 144.546
-21.9078 144.537
-21.8696 144.549
-21.8325 144.569
-21.7954 144.59
-21.7552 144.586
-21.7151 144.581
-21.6785 144.607
-21.6394 144.612
-21.6001 144.614
-21.5607 144.617
-21.5211 144.617
-21.4817 144.619
-21.4462 144.654
-21.4087 144.673
-21.3718 144.696
-21.3352 144.721
-21.2969 144.733
-21.2586 144.745
-21.2203 144.756
-21.1833 144.78
-21.146 144.801
-21.108 144.815
-21.0696 144.826
-21.0305 144.831
-20.9929 144.85
-20.9541 144.857
-20.9178 144.887
-20.88 144.903
-20.8429 144.927
-20.8061 144.952
-20.7683 144.968
-20.7304 144.985
-20.6907 144.985
-20.6536 145.008
-20.6178 145.043
-20.5812 145.071
-20.5422 145.078
-20.5059 145.108
-20.4698 145.141
-20.4311 145.15
-20.3929 145.165
-20.3565 145.195
-20.3201 145.225
-20.2841 145.26
-20.2456 145.272
-20.2087 145.297
-20.1707 145.314
-20.1368 145.367
-20.0988 145.384
-20.0602 145.396
-20.0252 145.44
-19.9872 145.456
-19.9514 145.494
-19.9128 145.505
-19.8765 145.538
-19.8425 145.592
-19.8044 145.608
-19.7683 145.643
-19.7322 145.678
-19.6961 145.714
-19.6602 145.751
-19.624 145.786
-19.5856 145.8
-19.5492 145.833
-19.5138 145.875
-19.4775 145.911
-19.4441 145.971
-19.4056 145.986
-19.3686 146.014
-19.3301 146.028
-19.297 146.094
-19.262 146.141
-19.2274 146.192
-19.1901 146.218
-19.1554 146.27
-19.1169 146.284
-19.08 146.315
-19.0441 146.355
-18.9441 146.55
-18.9108 146.617
-18.8743 146.652
-18.8388 146.697
-18.8032 146.742
-18.7669 146.78
-18.733 146.841
