1.24944 156.719
1.29303 156.754
1.33619 156.72
1.97074 155.051
2.01331 155.007
2.05581 154.957
2.09828 154.907
2.47818 154.34
2.52087 154.328
2.56309 154.278
2.60486 154.194
2.64717 154.155
2.73184 154.085
2.81609 153.989
2.85836 153.952
2.90101 153.944
2.94268 153.869
2.98485 153.83
3.02665 153.768
3.06906 153.747
3.11146 153.726
3.15316 153.661
3.19528 153.625
3.23768 153.607
3.27914 153.531
3.32126 153.498
3.36336 153.464
3.40598 153.462
3.44873 153.467
3.49107 153.449
3.53272 153.392
3.57452 153.345
3.61692 153.332
3.65941 153.325
3.70132 153.286
3.74345 153.26
3.78597 153.255
3.82828 153.24
3.86953 153.17
3.91212 153.17
3.95467 153.167
3.99705 153.157
4.03843 153.098
4.08069 153.082
4.12245 153.044
4.16486 153.036
4.20726 153.028
4.24921 153
4.29114 152.971
4.33329 152.954
4.37498 152.915
4.4174 152.91
4.45988 152.907
4.5017 152.876
4.54351 152.845
4.58555 152.825
4.62776 152.812
4.67015 152.807
4.71254 152.802
4.75467 152.786
4.79649 152.758
4.83892 152.756
4.88084 152.733
4.9232 152.727
4.9655 152.72
5.00773 152.71
5.04968 152.689
5.09196 152.681
5.13431 152.676
5.17671 152.674
5.21899 152.666
5.26091 152.645
5.30247 152.612
5.34444 152.594
5.38668 152.586
5.42928 152.592
5.47181 152.594
5.51405 152.587
5.55621 152.576
5.59837 152.566
5.64119 152.579
5.68349 152.574
5.72511 152.546
5.76717 152.533
5.80938 152.525
5.85105 152.499
5.89309 152.487
5.9356 152.489
5.97771 152.479
6.01705 152.379
6.05841 152.346
6.10225 152.392
6.14668 152.456
6.19049 152.5
6.2316 152.459
6.27088 152.361
6.31153 152.307
6.35911 152.466
6.39933 152.4
6.44131 152.387
6.48431 152.405
6.5274 152.425
6.57085 152.456
6.61387 152.474
6.65629 152.474
6.69862 152.472
6.7413 152.479
6.78435 152.497
6.82731 152.513
6.87028 152.528
6.91316 152.541
6.95568 152.544
6.99811 152.544
7.04137 152.567
7.08427 152.58
7.12737 152.598
7.17009 152.605
7.21339 152.629
7.25564 152.623
7.29885 152.644
7.34111 152.639
7.38335 152.634
7.4259 152.636
7.46854 152.641
7.51128 152.649
7.55402 152.657
7.59657 152.66
7.63972 152.678
7.68278 152.693
7.72595 152.711
7.76913 152.729
7.81179 152.734
7.85446 152.739
7.89839 152.775
7.94138 152.788
7.98427 152.798
8.02685 152.801
8.07061 152.832
8.11491 152.876
8.1587 152.907
8.20054 152.891
8.24303 152.891
8.28563 152.894
8.32955 152.927
8.37338 152.958
8.41622 152.966
8.45895 152.971
8.50269 153
8.54588 153.015
8.58988 153.049
8.63389 153.082
8.67676 153.09
8.7194 153.092
8.76321 153.121
8.80727 153.154
8.85181 153.198
8.8953 153.219
8.94119 153.291
8.98423 153.302
9.02728 153.312
9.07155 153.348
9.1157 153.382
9.15853 153.387
9.20284 153.423
9.24568 153.429
9.28839 153.431
9.42522 153.618
9.46722 153.605
9.51227 153.654
9.55503 153.657
9.59934 153.691
9.95993 154.071
10.0032 154.081
10.7898 155.175
10.8357 155.227
10.8852 155.344
10.9333 155.436
10.981 155.518
11.1339 155.937
11.18 155.99
11.2267 156.052
