-6.50494 126.698
-6.46611 126.637
-6.42738 126.578
-6.34978 126.455
-6.31129 126.4
-6.27244 126.336
-6.23294 126.254
-6.19604 126.237
-6.15779 126.186
-6.11927 126.128
-6.08167 126.092
-6.04423 126.06
-6.006 126.007
-5.96757 125.949
-5.93011 125.915
-5.8918 125.859
-5.85438 125.825
-5.81683 125.787
-5.77908 125.744
-5.74247 125.731
-5.70551 125.708
-5.66809 125.673
-5.62999 125.618
-5.59247 125.579
-5.55537 125.551
-5.5174 125.498
-5.48073 125.482
-5.44294 125.433
-5.40583 125.403
-5.36873 125.373
-5.33087 125.321
-5.29419 125.302
-5.25745 125.282
-5.22059 125.257
-5.18419 125.246
-5.14673 125.203
-5.11009 125.184
-5.07334 125.162
-5.0366 125.14
-5.00011 125.125
-4.9626 125.078
-4.92601 125.06
-4.88859 125.015
-4.85232 125.006
-4.81564 124.983
-4.77816 124.935
-4.74156 124.915
-4.70469 124.885
-4.66863 124.881
-4.63234 124.87
-4.59599 124.857
-4.55927 124.831
-4.52256 124.805
-4.48591 124.781
-4.44987 124.777
-4.41367 124.768
-4.37694 124.74
-4.33991 124.701
-4.30357 124.686
-4.26735 124.675
-4.23092 124.657
-4.1945 124.638
-4.15844 124.633
-4.12239 124.627
-4.08629 124.62
-4.04984 124.599
-4.01331 124.575
-3.97712 124.564
-3.94114 124.56
-3.90505 124.553
-3.86831 124.52
-3.8321 124.507
-3.79604 124.499
-3.75979 124.485
-3.72369 124.475
-3.68732 124.455
-3.65118 124.444
-3.61518 124.438
-3.57922 124.435
-3.54309 124.424
-3.50706 124.416
-3.47077 124.398
-3.43478 124.392
-3.39892 124.392
-3.36277 124.379
-3.32655 124.363
-3.29037 124.348
-3.2542 124.333
-3.21823 124.328
-3.18215 124.317
-3.14615 124.309
-3.11023 124.306
-3.07423 124.298
-3.03831 124.295
-3.00243 124.293
-2.96652 124.289
-2.93038 124.274
-2.89429 124.262
-2.85849 124.263
-2.82276 124.269
-2.78692 124.269
-2.75094 124.262
-2.71487 124.249
-2.67883 124.238
-2.6429 124.232
-2.60703 124.23
-2.57123 124.232
-2.53546 124.236
-2.49969 124.24
-2.46373 124.232
-2.42774 124.223
-2.39188 124.221
-2.35592 124.214
-2.31998 124.207
-2.28432 124.218
-2.24868 124.231
-2.21315 124.251
-2.17749 124.264
-2.14122 124.234
-2.10527 124.227
-2.06941 124.225
-2.03352 124.221
-1.9977 124.223
-1.96191 124.227
-1.92617 124.234
-1.89035 124.236
-1.85453 124.238
-1.81873 124.242
-1.78291 124.244
-1.74702 124.24
-1.71118 124.24
-1.67535 124.242
-1.63953 124.244
-1.6037 124.246
-1.56785 124.246
-1.53204 124.249
-1.49621 124.251
-1.46045 124.261
-1.42469 124.27
-1.38889 124.275
-1.35299 124.272
-1.31715 124.274
-1.28141 124.287
-1.24578 124.312
-1.20996 124.318
-1.17411 124.32
-1.13823 124.32
-1.10238 124.322
-1.06658 124.331
-1.0308 124.344
-0.995055 124.363
-0.959302 124.381
-0.92344 124.385
-0.887551 124.385
-0.851708 124.392
-0.815873 124.402
-0.78011 124.424
-0.744304 124.44
-0.70842 124.444
-0.672515 124.444
-0.636664 124.455
-0.600861 124.478
-0.564988 124.487
-0.529134 124.502
-0.493221 124.504
-0.457306 124.505
-0.42141 124.513
-0.38551 124.52
-0.349595 124.524
-0.313715 124.541
-0.277851 124.567
-0.241984 124.596
-0.206054 124.604
-0.17012 124.611
-0.13423 124.647
-0.0982846 124.656
-0.0623414 124.671
-0.0264163 124.71
0.0095548 124.715
0.045529 124.721
0.0815035 124.734
0.117481 124.773
0.153474 124.782
0.189471 124.786
0.225477 124.805
0.261499 124.831
0.297517 124.84
0.333567 124.872
0.369629 124.902
0.405671 124.911
0.441768 124.947
0.477821 124.954
0.513879 124.961
0.549994 124.989
0.586107 125.012
0.622196 125.023
0.658397 125.066
0.694518 125.081
0.730696 125.109
0.766896 125.139
0.803109 125.169
0.839338 125.199
0.875589 125.231
0.911829 125.257
0.94809 125.285
0.984355 125.311
1.02054 125.321
1.05685 125.351
1.09333 125.407
1.12967 125.437
1.16587 125.442
1.20234 125.488
1.23877 125.523
1.27517 125.553
1.31159 125.583
1.34806 125.619
1.38466 125.668
1.53076 125.806
1.56751 125.86
1.60411 125.896
1.64084 125.943
1.67722 125.953
1.89871 126.286
1.93545 126.318
1.97243 126.369
2.0092 126.402
2.19556 126.735
2.2325 126.769
2.26981 126.83
