-24.8728 83.9148
-24.8439 83.9015
11.2063 134.202
11.2457 134.227
11.2829 134.218
11.3189 134.191
12.0634 132.462
12.0997 132.448
12.1327 132.387
12.1672 132.348
12.2003 132.289
12.539 131.829
12.5736 131.795
12.6082 131.76
12.6413 131.706
12.6757 131.67
12.7085 131.611
12.7427 131.573
12.7791 131.563
12.8145 131.541
12.8453 131.458
12.8798 131.424
12.9158 131.41
12.9508 131.382
12.9836 131.327
13.0196 131.313
13.052 131.253
13.0867 131.223
13.1233 131.217
13.1583 131.191
13.1943 131.177
13.2272 131.125
13.2615 131.091
13.296 131.059
13.3311 131.035
13.3673 131.024
13.4001 130.972
13.4346 130.94
13.4706 130.928
13.5058 130.906
13.5418 130.894
13.5754 130.852
13.6106 130.83
13.6456 130.806
13.6816 130.794
13.7179 130.786
13.7517 130.749
13.7877 130.737
13.8206 130.689
13.8566 130.677
13.8914 130.651
13.9276 130.643
13.9639 130.635
13.999 130.613
14.034 130.591
14.0698 130.577
14.1047 130.553
14.1405 130.541
14.1761 130.525
14.212 130.513
14.247 130.491
14.2827 130.477
14.3179 130.457
14.3532 130.439
14.3887 130.424
14.4237 130.402
14.4581 130.374
14.494 130.362
14.53 130.352
14.5659 130.342
14.6012 130.324
14.637 130.312
14.6723 130.294
14.7074 130.274
14.7414 130.243
14.7775 130.235
14.8137 130.227
14.8492 130.213
14.8854 130.205
14.9225 130.209
14.9585 130.199
14.9939 130.183
15.0309 130.185
15.0671 130.179
15.103 130.169
15.139 130.159
15.1732 130.131
15.2088 130.117
15.2447 130.107
15.2815 130.107
15.3184 130.109
15.3545 130.101
15.3896 130.084
15.4244 130.062
15.4604 130.054
15.4967 130.048
15.5335 130.048
15.5701 130.046
15.6022 129.996
15.638 129.986
15.6731 129.969
15.7132 130.004
15.7549 130.055
15.7947 130.087
15.8343 130.116
15.8749 130.156
15.9119 130.158
15.9412 130.081
15.9771 130.071
16.1192 131.16
16.046 130.023
16.2204 131.438
16.2651 131.516
16.1567 130.027
16.1929 130.021
16.2293 130.017
16.8106 135.555
16.3017 130.005
16.3376 129.997
16.3746 129.999
16.4111 129.997
16.4481 129.999
16.4866 130.017
16.5244 130.026
16.5621 130.036
16.5981 130.028
16.6327 130.007
16.6696 130.008
16.708 130.024
16.7455 130.032
16.7825 130.034
16.8182 130.024
16.8548 130.022
16.8919 130.026
16.9281 130.02
16.9636 130.008
16.9998 130.002
17.0365 130.002
17.0755 130.024
17.1129 130.029
17.1494 130.027
17.1864 130.029
17.2235 130.033
17.2613 130.043
17.2999 130.061
17.3371 130.064
17.3747 130.072
17.4127 130.084
17.4517 130.106
17.4897 130.118
17.5267 130.119
17.5647 130.131
17.6017 130.133
17.6385 130.133
17.675 130.131
17.7126 130.139
17.7511 130.155
17.7887 130.162
17.827 130.176
17.8654 130.192
17.9028 130.198
17.9405 130.206
17.9781 130.213
18.0168 130.231
18.0562 130.255
18.094 130.265
18.1315 130.27
18.1693 130.28
18.2087 130.304
18.2462 130.31
18.2841 130.32
18.3224 130.333
18.3618 130.357
18.4013 130.381
18.4405 130.403
18.4782 130.41
18.5154 130.414
18.5549 130.438
18.5928 130.448
18.633 130.477
18.6713 130.491
18.7104 130.511
18.7497 130.533
18.7906 130.568
18.829 130.582
18.8667 130.59
18.9076 130.626
18.9458 130.638
18.9861 130.667
19.0264 130.697
19.0648 130.711
19.1062 130.751
19.1454 130.77
19.1853 130.796
19.2238 130.81
19.2657 130.854
19.3042 130.868
19.3448 130.899
19.3866 130.941
19.4251 130.955
19.4646 130.977
19.5038 130.997
19.5461 131.043
19.5852 131.06
19.6275 131.106
19.6663 131.122
19.7085 131.166
19.7483 131.19
19.7921 131.248
19.8331 131.282
19.8734 131.31
19.9142 131.342
19.9548 131.372
19.9992 131.434
20.0405 131.47
20.0836 131.52
20.1259 131.564
20.1671 131.598
20.2106 131.652
20.2528 131.694
20.2945 131.732
20.3379 131.785
20.4727 131.978
20.5148 132.018
20.5596 132.081
20.6046 132.145
20.6495 132.208
20.6941 132.268
20.7365 132.311
20.7825 132.382
21.1915 133.272
21.232 133.296
