-21.6393 133.803
-21.5943 133.747
-21.5552 133.737
-21.5029 133.623
-21.4567 133.557
-21.4171 133.542
-21.0287 133.156
-20.9859 133.115
-20.9416 133.062
-20.9032 133.056
-20.8619 133.027
-20.6946 132.892
-20.6524 132.855
-20.6103 132.819
-20.5721 132.815
-20.5338 132.809
-20.4911 132.768
-20.4528 132.762
-20.4117 132.734
-20.3701 132.701
-20.3288 132.671
-20.2867 132.634
-20.2442 132.593
-20.2032 132.565
-20.1661 132.569
-20.1285 132.57
-20.0865 132.533
-20.045 132.5
-20.007 132.497
-19.9662 132.47
-19.9258 132.446
-19.8044 132.373
-19.7632 132.343
-19.7255 132.341
-19.6877 132.339
-19.6487 132.327
-19.6083 132.303
-19.5703 132.299
-19.5323 132.295
-19.4921 132.273
-19.4515 132.247
-19.4109 132.22
-19.3727 132.215
-19.3352 132.215
-19.2976 132.215
-19.2618 132.23
-19.2188 132.183
-19.1799 132.171
-19.1391 132.143
-19.1014 132.141
-19.0639 132.141
-19.0238 132.119
-18.9826 132.087
-18.9442 132.079
-18.9034 132.05
-18.8655 132.047
-18.8247 132.018
-18.7861 132.008
-18.7491 132.013
-18.7097 131.997
-18.6709 131.985
-18.6338 131.989
-18.5986 132.01
-18.5602 132.002
-18.5209 131.986
-18.4834 131.986
-18.4462 131.988
-18.4084 131.987
-18.3718 131.995
-18.3348 132
-18.2964 131.992
-18.2571 131.976
-18.2185 131.966
-18.1776 131.935
-18.1395 131.93
-18.1026 131.936
-18.0658 131.942
-18.0281 131.941
-17.9904 131.939
-17.9531 131.941
-17.9156 131.941
-17.8774 131.935
-17.8397 131.934
-17.8022 131.934
-17.7645 131.932
-17.727 131.932
-17.6897 131.935
-17.6517 131.931
-17.6146 131.935
-17.5786 131.95
-17.5411 131.95
-17.503 131.944
-17.4659 131.949
-17.4281 131.947
-17.3898 131.939
-17.3516 131.933
-17.3158 131.95
-17.2802 131.968
-17.2401 131.944
-17.2017 131.936
-17.1665 131.959
-17.1311 131.98
-17.0939 131.984
-17.0522 131.943
-17.0145 131.942
-16.9761 131.934
-16.9409 131.956
-16.9035 131.959
-16.8674 131.973
-16.8303 131.978
-16.7913 131.964
-16.7532 131.958
-16.7154 131.956
-16.6783 131.96
-16.6417 131.971
-16.605 131.979
-16.5683 131.988
-16.5325 132.006
-16.499 132.047
-16.4631 132.064
-16.4265 132.074
-16.3909 132.095
-16.3541 132.103
-16.3177 132.116
-16.2817 132.133
-16.2459 132.151
-16.2109 132.178
-16.1743 132.189
-16.1375 132.197
-16.0995 132.193
-16.0621 132.195
-16.025 132.202
-15.9892 132.221
-15.9527 132.233
-15.9172 132.256
-15.8806 132.266
-15.8437 132.275
-15.8068 132.283
-15.7721 132.314
-15.7356 132.327
-15.7009 132.358
-15.6649 132.377
-15.6309 132.416
-15.5938 132.422
-15.5563 132.424
-15.5194 132.433
-15.484 132.458
-15.4467 132.462
-15.4095 132.469
-15.3739 132.491
-15.3396 132.529
-15.3043 132.556
-15.2676 132.566
-15.2328 132.599
-15.1972 132.622
-15.1602 132.631
-15.1247 132.656
-15.0877 132.664
-15.0506 132.673
-15.0179 132.728
-14.9825 132.755
-14.9453 132.762
-14.9097 132.787
-14.8732 132.802
-14.8396 132.849
-14.8026 132.858
-14.7649 132.86
-14.7293 132.885
-14.6928 132.9
-14.66 132.958
-14.6255 132.995
-14.4848 133.12
-14.4493 133.148
-14.4126 133.162
-14.3776 133.196
-14.3427 133.231
-14.3076 133.265
-14.2704 133.273
-14.099 133.49
-14.0621 133.503
-14.0269 133.537
-13.9941 133.599
-13.9589 133.633
-13.9235 133.664
-13.8577 133.79
-13.8223 133.821
-13.7851 133.832
-12.5131 135.701
-12.4746 135.702
-12.435 135.687
-12.3915 135.619
