17.4699 151.008
17.5202 151.101
17.563 151.111
17.603 151.091
17.6407 151.046
17.5525 147.422
17.6827 147.062
17.7166 146.988
17.7496 146.903
17.7832 146.826
17.8174 146.757
17.8533 146.704
17.8882 146.642
17.9249 146.598
17.9582 146.519
17.9914 146.44
18.0248 146.364
18.0619 146.325
18.099 146.287
18.1331 146.218
18.1669 146.146
18.2062 146.132
18.2404 146.065
18.2767 146.02
18.3111 145.956
18.3472 145.908
18.3832 145.86
18.4191 145.813
18.4586 145.801
18.4951 145.758
18.5329 145.729
18.5719 145.713
18.6059 145.646
18.6396 145.577
18.6757 145.532
18.7125 145.494
18.7522 145.485
18.787 145.428
18.8254 145.407
18.859 145.338
18.8931 145.274
18.9324 145.262
18.9696 145.229
19.0063 145.191
19.0458 145.182
19.0815 145.135
19.1198 145.113
19.155 145.062
19.1938 145.045
19.2313 145.017
19.2703 145.002
19.3076 144.972
19.3444 144.936
19.3829 144.917
19.4194 144.88
19.4576 144.859
19.4959 144.837
19.5313 144.79
19.569 144.764
19.6062 144.734
19.6446 144.715
19.6836 144.701
19.722 144.682
19.7614 144.672
19.8 144.656
19.8369 144.623
19.8742 144.595
19.9123 144.574
19.9512 144.56
19.989 144.536
20.0241 144.487
20.0621 144.466
20.1002 144.445
20.1403 144.442
20.1806 144.442
20.2187 144.421
20.2572 144.404
20.2965 144.395
20.3348 144.376
20.3712 144.341
20.4102 144.329
20.4464 144.292
20.4854 144.28
20.5254 144.278
20.5639 144.261
20.6003 144.226
20.6398 144.219
20.6793 144.212
20.7185 144.203
20.7575 144.191
20.7941 144.158
20.833 144.146
20.872 144.135
20.9109 144.123
20.9503 144.116
20.9895 144.106
21.0263 144.076
21.065 144.062
21.1044 144.055
21.143 144.041
21.1811 144.022
21.2179 143.992
21.2548 143.964
21.2975 143.985
21.3399 144.003
21.3774 143.98
21.4165 143.97
21.4581 143.982
21.498 143.979
21.5344 143.947
21.5724 143.928
21.6135 143.935
21.6589 143.979
21.7024 144.007
21.7363 143.953
21.7754 143.944
21.815 143.939
21.853 143.921
21.8946 143.932
21.9364 143.946
21.9764 143.944
22.0154 143.934
22.0559 143.936
22.0944 143.922
22.1338 143.915
22.1756 143.929
22.2172 143.941
22.2563 143.931
22.2956 143.924
22.3355 143.922
22.3771 143.933
22.4187 143.945
22.4606 143.959
22.5008 143.959
22.5404 143.954
22.5806 143.954
22.6202 143.949
22.6604 143.949
22.7015 143.956
22.744 143.974
22.7847 143.979
22.8252 143.981
22.8657 143.983
22.9053 143.979
22.944 143.967
22.9839 143.964
23.0249 143.971
23.0698 144.009
23.1106 144.013
23.1502 144.008
23.1901 144.006
23.2305 144.008
23.2719 144.017
23.3127 144.022
23.3561 144.047
23.3978 144.059
23.4413 144.085
23.4847 144.11
23.5228 144.094
23.5627 144.091
23.6059 144.114
23.6476 144.126
23.6857 144.11
23.7283 144.128
23.7688 144.13
23.8096 144.135
23.8541 144.167
23.8982 144.198
23.939 144.202
23.9795 144.204
24.0201 144.207
24.0603 144.207
24.1054 144.244
24.1493 144.272
24.1901 144.276
24.2303 144.276
24.2724 144.29
24.3191 144.339
24.3597 144.341
24.4015 144.353
24.4464 144.388
24.4888 144.404
24.5334 144.437
24.5774 144.465
24.6192 144.476
24.6639 144.509
24.7085 144.541
24.7498 144.548
24.7945 144.581
24.8392 144.614
24.8813 144.628
24.9248 144.651
24.9692 144.681
25.0121 144.7
25.0565 144.73
25.0975 144.735
25.1877 144.805
25.278 144.875
25.3232 144.911
25.3655 144.925
25.4104 144.957
25.452 144.967
25.5009 145.028
25.6429 145.178
25.6846 145.187
25.9689 145.484
26.0113 145.498
26.0605 145.56
26.1026 145.571
26.309 145.884
26.3509 145.893
