-6.71414 123.944
-6.67861 123.939
-6.64222 123.913
-6.60445 123.855
-6.52452 123.633
-6.48868 123.619
-6.45247 123.595
-6.18718 123.13
-6.14955 123.068
-6.11081 122.976
-6.07537 122.967
-6.03923 122.941
-6.00093 122.858
-5.96372 122.803
-5.92736 122.769
-5.89019 122.714
-5.85495 122.709
-5.8187 122.676
-5.78173 122.625
-5.74558 122.594
-5.70852 122.539
-5.67241 122.509
-5.63624 122.477
-5.59951 122.429
-5.56402 122.415
-5.52847 122.399
-5.49306 122.386
-5.45626 122.335
-5.41943 122.282
-5.38256 122.227
-5.34695 122.207
-5.31073 122.17
-5.27472 122.138
-5.23823 122.092
-5.2031 122.085
-5.16724 122.057
-5.13128 122.025
-5.09552 121.998
-5.05976 121.972
-5.02396 121.944
-4.98887 121.937
-4.95331 121.915
-4.91766 121.891
-4.8819 121.862
-4.8461 121.832
-4.81032 121.802
-4.7746 121.774
-4.73945 121.764
-4.70392 121.741
-4.66834 121.716
-4.63336 121.711
-4.59728 121.668
-4.56205 121.654
-4.52652 121.63
-4.491 121.605
-4.456 121.598
-4.42004 121.557
-4.38496 121.547
-4.34988 121.536
-4.31505 121.534
-4.27964 121.512
-4.24418 121.487
-4.20918 121.478
-4.1735 121.445
-4.13798 121.417
-4.103 121.408
-4.06825 121.408
-4.03267 121.376
-3.99733 121.353
-3.96264 121.355
-3.92799 121.359
-3.89308 121.352
-3.85799 121.337
-3.82238 121.302
-3.78739 121.292
-3.75241 121.281
-3.71761 121.278
-3.68302 121.283
-3.64809 121.274
-3.61308 121.262
-3.57783 121.239
-3.54283 121.227
-3.50776 121.211
-3.47254 121.188
-3.43772 121.183
-3.40326 121.193
-3.36856 121.193
-3.33367 121.184
-3.29866 121.17
-3.26374 121.16
-3.22883 121.149
-3.19384 121.135
-3.1589 121.123
-3.12407 121.116
-3.0891 121.102
-3.05421 121.091
-3.01943 121.086
-2.98465 121.081
-2.94994 121.079
-2.91523 121.077
-2.88053 121.075
-2.84565 121.065
-2.81069 121.049
-2.77596 121.046
-2.74132 121.047
-2.70665 121.047
-2.67192 121.044
-2.63722 121.042
-2.60259 121.043
-2.5678 121.036
-2.5329 121.022
-2.49818 121.019
-2.46352 121.019
-2.42877 121.013
-2.39411 121.013
-2.35942 121.012
-2.32465 121.005
-2.28999 121.004
-2.25554 121.018
-2.22075 121.01
-2.18598 121.003
-2.15118 120.992
-2.11649 120.99
-2.08205 121.006
-2.04756 121.018
-2.01292 121.02
-1.97823 121.018
-1.94368 121.026
-1.90899 121.025
-1.87437 121.028
-1.83973 121.03
-1.805 121.024
-1.77029 121.021
-1.73565 121.022
-1.70102 121.026
-1.66639 121.029
-1.63169 121.026
-1.59695 121.019
-1.5623 121.02
-1.52775 121.031
-1.49311 121.034
-1.45848 121.038
-1.42383 121.039
-1.38917 121.041
-1.35457 121.048
-1.31996 121.055
-1.28532 121.058
-1.25073 121.069
-1.21616 121.081
-1.18152 121.086
-1.14687 121.089
-1.11224 121.096
-1.07762 121.105
-1.04302 121.115
-1.00841 121.127
-0.973725 121.127
-0.939071 121.132
-0.904392 121.134
-0.869733 121.139
-0.835083 121.146
-0.8004 121.148
-0.765735 121.153
-0.731122 121.169
-0.696537 121.191
-0.661875 121.2
-0.627202 121.207
-0.592571 121.224
-0.557862 121.224
-0.523152 121.224
-0.488525 121.247
-0.453917 121.278
-0.419235 121.29
-0.384501 121.287
-0.349773 121.285
-0.315104 121.306
-0.280425 121.327
-0.245723 121.34
-0.211034 121.365
-0.176317 121.379
-0.141597 121.394
-0.106851 121.394
-0.0721115 121.401
-0.0373735 121.414
-0.00264061 121.445
0.0321116 121.459
0.0668686 121.485
0.101636 121.506
0.13641 121.516
0.171193 121.537
0.205976 121.546
0.240756 121.548
0.275565 121.572
0.310379 121.593
0.345204 121.616
0.380027 121.632
0.414867 121.653
0.449717 121.674
0.484589 121.7
0.519458 121.721
0.554304 121.731
0.589183 121.751
0.624071 121.77
0.658948 121.784
0.693851 121.803
0.728869 121.849
0.763825 121.875
0.798768 121.896
0.833671 121.907
0.868569 121.916
0.903571 121.944
0.938765 122.005
0.973987 122.067
1.00902 122.092
1.04395 122.097
1.07901 122.123
1.11396 122.13
1.14907 122.162
1.18429 122.206
1.21924 122.211
1.25437 122.239
1.28969 122.291
1.32475 122.307
1.36007 122.354
1.39542 122.402
1.43045 122.411
1.46565 122.437
1.50093 122.473
1.53656 122.544
1.64271 122.664
1.67823 122.714
1.7134 122.728
1.74872 122.755
1.78431 122.806
1.81974 122.842
1.85534 122.89
1.89097 122.94
1.92648 122.977
1.96222 123.033
1.99799 123.088
2.03371 123.138
2.06901 123.152
2.10482 123.206
