-24.8702 83.9027
-24.8439 83.9015
5.10398 161.589
5.14757 161.578
5.19066 161.547
5.23446 161.545
5.36115 161.361
5.44661 161.28
5.57294 161.097
5.61617 161.077
5.65789 161.005
5.70148 160.999
5.74388 160.952
5.78545 160.877
5.82788 160.833
5.87103 160.814
5.91293 160.753
5.95621 160.739
5.99957 160.728
6.04142 160.667
6.08366 160.62
6.12699 160.609
6.17039 160.6
6.21182 160.529
6.25407 160.484
6.29605 160.432
6.33818 160.385
6.38144 160.374
6.42416 160.346
6.46651 160.308
6.50965 160.294
6.55297 160.285
6.59537 160.25
6.63794 160.219
6.68114 160.208
6.7236 160.175
6.7665 160.156
6.80903 160.125
6.85163 160.098
6.89469 160.084
6.93795 160.076
6.98081 160.056
7.02269 160.01
7.06553 159.99
7.10856 159.977
7.15118 159.952
7.19409 159.935
7.2364 159.902
7.27939 159.889
7.32207 159.866
7.36505 159.853
7.40772 159.831
7.45089 159.822
7.49395 159.811
7.53649 159.787
7.57933 159.77
7.62216 159.753
7.66488 159.734
7.70823 159.731
7.75125 159.72
7.79363 159.693
7.83631 159.674
7.87932 159.663
7.92232 159.652
7.96476 159.627
8.00786 159.618
8.05106 159.613
8.09448 159.613
8.13757 159.604
8.18031 159.588
8.22339 159.58
8.26692 159.582
8.31022 159.579
8.35259 159.555
8.39565 159.546
8.43906 159.546
8.48211 159.538
8.52445 159.513
8.56738 159.502
8.61006 159.486
8.65225 159.458
8.69504 159.445
8.73805 159.436
8.78119 159.431
8.82408 159.42
8.86463 159.357
8.89891 159.155
8.94444 159.204
8.99533 159.37
9.0453 159.514
9.08706 159.479
9.13032 159.476
9.31773 162.58
9.36377 162.623
9.25995 159.465
9.30345 159.467
9.3467 159.464
9.39073 159.478
9.43424 159.48
9.47762 159.48
9.52112 159.483
9.56424 159.477
9.60669 159.458
9.64993 159.455
9.69423 159.474
9.73815 159.485
9.78193 159.493
9.82571 159.501
9.86923 159.504
9.91261 159.503
9.95599 159.503
9.99909 159.498
10.0433 159.514
10.0874 159.527
10.1317 159.546
10.1764 159.571
10.2201 159.576
10.2633 159.573
10.3067 159.573
10.3504 159.578
10.3953 159.608
10.4395 159.622
10.4831 159.627
10.5264 159.624
10.5695 159.618
10.6129 159.618
10.6567 159.626
10.7013 159.648
10.7474 159.697
10.7914 159.708
10.8353 159.716
10.879 159.721
10.9238 159.746
10.9679 159.759
11.0121 159.773
11.0577 159.811
11.1031 159.846
11.1466 159.846
11.1897 159.84
11.2331 159.84
11.2775 159.856
11.3214 159.864
11.3658 159.881
11.4116 159.922
11.4566 159.949
11.5019 159.979
11.5468 160.003
11.5915 160.025
11.6358 160.039
11.6807 160.063
11.7247 160.071
11.7703 160.107
11.8164 160.151
11.8606 160.161
11.9046 160.169
11.9497 160.197
11.9939 160.207
12.0399 160.248
12.0858 160.287
12.1318 160.328
12.1774 160.361
12.2219 160.377
12.268 160.418
12.3145 160.465
12.3625 160.536
12.4061 160.536
12.45 160.541
12.4962 160.583
12.5408 160.599
12.5869 160.637
12.6354 160.714
12.6797 160.725
12.7262 160.769
12.7744 160.841
12.8195 160.863
12.8658 160.904
12.9121 160.946
12.959 160.995
13.008 161.075
13.0547 161.122
13.1014 161.166
13.1478 161.208
13.1928 161.227
13.2437 161.335
13.2908 161.385
13.3353 161.396
13.3817 161.435
13.887 162.411
13.9343 162.458
