22.8434 137.631
22.8764 137.587
22.9086 137.537
22.6569 135.328
22.7928 134.624
22.8222 134.559
23.0157 134.016
23.0452 133.954
23.0747 133.891
23.1025 133.816
23.1317 133.752
23.1645 133.715
23.1948 133.659
23.2205 133.57
23.2556 133.549
23.288 133.51
23.3142 133.425
23.3492 133.404
23.3788 133.344
23.4084 133.285
23.4382 133.227
23.47 133.184
23.5 133.128
23.5321 133.087
23.5644 133.048
23.5984 133.021
23.6278 132.961
23.6632 132.945
23.6937 132.893
23.7231 132.834
23.7587 132.82
23.7895 132.77
23.8248 132.754
23.8546 132.699
23.8839 132.639
23.9169 132.606
23.9528 132.594
23.9831 132.543
24.0184 132.527
24.0487 132.476
24.0834 132.455
24.1143 132.408
24.1501 132.396
24.1803 132.345
24.2152 132.326
24.2484 132.296
24.2815 132.265
24.3126 132.22
24.3483 132.208
24.3811 132.176
24.4142 132.145
24.4467 132.111
24.4797 132.08
24.5142 132.06
24.5458 132.019
24.5823 132.013
24.618 132.001
24.651 131.97
24.684 131.94
24.7175 131.913
24.7517 131.891
24.7846 131.861
24.8196 131.844
24.8537 131.822
24.8864 131.79
24.918 131.751
24.9521 131.729
24.9889 131.725
25.0245 131.713
25.0579 131.686
25.0919 131.664
25.1275 131.652
25.1606 131.624
25.1952 131.605
25.2301 131.589
25.2638 131.565
25.2996 131.555
25.3339 131.535
25.3673 131.508
25.4018 131.49
25.4358 131.468
25.4715 131.458
25.5079 131.452
25.5415 131.427
25.5748 131.401
25.6075 131.371
25.6438 131.365
25.6811 131.365
25.7159 131.349
25.7457 131.3
25.7811 131.288
25.8181 131.286
25.8544 131.28
25.8898 131.268
25.9242 131.25
25.9589 131.234
25.9943 131.222
26.03 131.212
26.0634 131.188
26.0975 131.167
26.1341 131.163
26.1707 131.159
26.2054 131.143
26.2416 131.137
26.2785 131.135
26.316 131.137
26.3526 131.133
26.3879 131.121
26.4238 131.113
26.4597 131.105
26.4963 131.101
26.5299 131.079
26.5649 131.065
26.6024 131.067
26.6428 131.087
26.678 131.075
26.7142 131.069
26.2517 127.958
26.7879 131.064
26.8286 131.087
26.8623 131.064
26.8968 131.048
26.9343 131.05
26.9712 131.048
27.0064 131.036
27.0403 131.016
27.0758 131.006
27.1126 131.004
27.1491 131
27.1866 131.002
27.225 131.01
27.2622 131.01
27.2987 131.006
27.3351 131.002
27.3713 130.996
27.4078 130.992
27.4449 130.992
27.4827 130.996
27.5188 130.99
27.555 130.984
27.5924 130.986
27.6296 130.986
27.6674 130.99
27.7048 130.992
27.7416 130.99
27.7784 130.988
27.8165 130.994
27.854 130.996
27.8908 130.993
27.9282 130.995
27.9667 131.003
28.0035 131.001
28.0416 131.007
28.0791 131.009
28.1172 131.015
28.1546 131.017
28.1918 131.017
28.2285 131.015
28.2677 131.027
28.3065 131.037
28.3447 131.043
28.3821 131.045
28.4196 131.047
28.457 131.049
28.4955 131.057
28.5361 131.077
28.5752 131.089
28.6127 131.091
28.6509 131.097
28.6897 131.107
28.7313 131.133
28.7681 131.131
28.8056 131.133
28.8438 131.139
28.8843 131.159
28.9229 131.167
28.9607 131.171
28.9989 131.177
29.0364 131.179
29.0745 131.185
29.1148 131.203
29.1551 131.221
29.194 131.231
29.2336 131.245
29.2757 131.273
29.3178 131.301
29.3553 131.303
29.3917 131.299
29.4292 131.301
29.4713 131.329
29.5138 131.36
29.5538 131.376
29.5938 131.392
29.6313 131.394
29.6724 131.416
29.7114 131.426
29.7532 131.452
29.7911 131.456
29.8301 131.466
29.8766 131.518
29.9152 131.526
29.9589 131.563
30.0005 131.587
30.0391 131.595
30.0817 131.625
30.1237 131.651
30.162 131.657
30.2043 131.686
30.247 131.716
30.2857 131.724
30.3317 131.772
30.3715 131.786
30.4146 131.819
30.5004 131.881
30.6259 131.956
30.6683 131.984
30.7123 132.021
30.8457 132.138
30.8898 132.175
30.9334 132.209
30.9775 132.246
31.0249 132.301
31.069 132.337
31.1177 132.398
31.1614 132.433
31.3469 132.626
31.3916 132.665
31.4362 132.704
31.4816 132.747
31.682 133.017
31.7307 133.076
31.7771 133.123
31.8273 133.191
