-19.2754 117.8
-19.0526 117.373
-18.6101 116.791
-18.5731 116.763
-18.5357 116.731
-18.4941 116.666
-18.4559 116.628
-18.4188 116.598
-18.3796 116.552
-18.3407 116.508
-18.3048 116.488
-18.2657 116.442
-18.2269 116.398
-18.1902 116.372
-18.1538 116.347
-18.1168 116.317
-18.0794 116.285
-18.0426 116.257
-18.0042 116.216
-17.9675 116.188
-17.9305 116.159
-17.8914 116.111
-17.8567 116.1
-17.8182 116.057
-17.7833 116.044
-17.7454 116.007
-17.7113 116
-17.6725 115.954
-17.6335 115.907
-17.599 115.897
-17.5645 115.888
-17.5265 115.848
-17.4903 115.824
-17.4545 115.803
-17.4206 115.798
-17.3844 115.773
-17.3479 115.746
-17.3117 115.721
-17.2776 115.715
-17.2417 115.692
-17.207 115.681
-17.1694 115.643
-17.1348 115.632
-17.0991 115.611
-17.0652 115.606
-17.0299 115.588
-16.994 115.565
-16.9592 115.552
-16.924 115.536
-16.8902 115.531
-16.8545 115.51
-16.8198 115.497
-16.783 115.466
-16.7488 115.458
-16.7143 115.446
-16.677 115.411
-16.6423 115.398
-16.6067 115.377
-16.572 115.364
-16.5382 115.359
-16.5042 115.352
-16.4703 115.346
-16.4354 115.331
-16.4009 115.32
-16.3655 115.3
-16.3317 115.295
-16.2974 115.285
-16.2633 115.277
-16.229 115.268
-16.195 115.261
-16.1602 115.246
-16.1251 115.229
-16.0904 115.216
-16.0558 115.203
-16.0205 115.183
-15.9874 115.185
-15.9549 115.191
-15.922 115.194
-15.8876 115.183
-15.854 115.18
-15.8206 115.178
-15.7865 115.17
-15.7516 115.154
-15.7158 115.129
-15.6826 115.129
-15.6495 115.131
-15.6158 115.126
-15.5823 115.123
-15.5492 115.124
-15.5157 115.121
-15.4821 115.118
-15.4486 115.114
-15.4152 115.113
-15.3818 115.111
-15.3484 115.109
-15.3139 115.096
-15.2798 115.088
-15.2471 115.093
-15.213 115.085
-15.1785 115.072
-15.1453 115.072
-15.1134 115.085
-15.0802 115.084
-15.046 115.075
-15.0111 115.059
-14.9765 115.044
-14.9433 115.044
-14.911 115.054
-14.8777 115.052
-14.8453 115.06
-14.8128 115.068
-14.7801 115.073
-14.7464 115.068
-14.7126 115.061
-14.6795 115.063
-14.6464 115.064
-14.6132 115.064
-14.5797 115.061
-14.5455 115.051
-14.5121 115.049
-14.4797 115.057
-14.4473 115.065
-14.4139 115.064
-14.3816 115.073
-14.3494 115.083
-14.3166 115.088
-14.2827 115.081
-14.2497 115.083
-14.2175 115.094
-14.1841 115.092
-14.1508 115.09
-14.1188 115.103
-14.0858 115.106
-14.0535 115.116
-14.0214 115.127
-13.9893 115.14
-13.9556 115.135
-13.9227 115.138
-13.8904 115.148
-13.8573 115.149
-13.8248 115.157
-13.7918 115.16
-13.7592 115.167
-13.7268 115.176
-13.6948 115.189
-13.6608 115.181
-13.6291 115.199
-13.5977 115.218
-13.5644 115.218
-13.531 115.216
-13.4983 115.223
-13.4674 115.248
-13.435 115.258
-13.4029 115.271
-13.3708 115.284
-13.3384 115.293
-13.3038 115.279
-13.269 115.262
-13.2353 115.258
-13.203 115.269
-13.1716 115.29
-13.1401 115.309
-13.1078 115.32
-13.0759 115.336
-13.0443 115.356
-13.012 115.367
-12.9797 115.378
-12.9477 115.392
-12.9161 115.412
-12.8839 115.425
-12.8521 115.442
-12.8199 115.455
-12.7884 115.476
-12.7573 115.502
-12.7255 115.52
-12.6927 115.526
-12.6611 115.547
-12.6299 115.571
-12.5976 115.584
-12.5645 115.587
-12.5309 115.584
-12.4977 115.586
-12.4662 115.608
-12.4364 115.65
-12.4044 115.666
-12.3733 115.694
-12.3403 115.699
-12.3076 115.707
-12.2743 115.708
-12.2412 115.712
-12.2082 115.716
-12.1775 115.749
-12.147 115.784
-12.1157 115.81
-12.0863 115.859
-12.0549 115.883
-12.0229 115.901
-11.9904 115.913
-11.9576 115.921
-11.9272 115.958
-11.8945 115.968
-11.8625 115.986
-11.8308 116.008
-11.7983 116.02
-11.7675 116.054
-11.7358 116.077
-11.704 116.098
-11.6723 116.12
-11.641 116.148
-11.6096 116.174
-11.5794 116.217
-11.5482 116.246
-11.5166 116.27
-11.485 116.296
-11.4537 116.324
-11.4209 116.334
-11.392 116.394
-11.3607 116.424
-11.3276 116.43
-11.296 116.456
-11.2332 116.514
-11.2029 116.556
-11.1701 116.568
-11.1116 116.684
-11.0789 116.696
-11.0471 116.72
-11.0155 116.748
-10.9841 116.778
-10.9539 116.825
-10.9238 116.873
-10.8908 116.883
-9.99481 118.605
-9.96129 118.614
-9.92787 118.624
-9.89667 118.667
-9.80723 120.997
