-32.117 155.352
-32.0747 155.352
-32.025 155.308
-31.9744 155.259
-31.9256 155.22
-31.8777 155.187
-31.8346 155.183
-31.7858 155.144
-31.7375 155.108
-31.694 155.101
-31.6505 155.094
-31.6005 155.047
-31.541 154.943
-31.4854 154.862
-31.4493 154.9
-31.4092 154.914
-31.3662 154.909
-31.3227 154.902
-31.2797 154.897
-31.2332 154.872
-31.1884 154.857
-31.1411 154.826
-31.0973 154.817
-31.0491 154.781
-31.0099 154.8
-30.9665 154.793
-30.9188 154.759
-30.8656 154.692
-30.8239 154.695
-30.7822 154.699
-30.7433 154.72
-30.6966 154.692
-30.6481 154.654
-30.5997 154.615
-30.5562 154.608
-30.5124 154.598
-30.4644 154.563
-30.4223 154.563
-30.381 154.569
-30.3376 154.562
-30.2913 154.537
-30.2479 154.53
-30.2053 154.528
-30.1628 154.526
-30.1169 154.503
-30.0784 154.527
-30.0359 154.525
-29.9941 154.529
-29.9462 154.493
-29.8967 154.447
-29.8501 154.419
-29.8088 154.424
-29.7658 154.42
-29.7245 154.426
-29.6836 154.434
-29.639 154.419
-29.5956 154.412
-29.5555 154.426
-29.5129 154.424
-29.4676 154.404
-29.4254 154.405
-29.3853 154.419
-29.3431 154.419
-29.3021 154.428
-29.2608 154.434
-29.217 154.424
-29.1725 154.409
-29.1299 154.407
-29.0881 154.41
-29.046 154.411
-29.0034 154.409
-28.9577 154.386
-28.9187 154.408
-28.8777 154.417
-28.8363 154.422
-28.7953 154.431
-28.7527 154.429
-28.7058 154.398
-28.6625 154.391
-28.6219 154.402
-28.5793 154.401
-28.534 154.38
-28.4906 154.373
-28.4539 154.41
-28.4164 154.442
-28.3711 154.422
-28.3219 154.376
-28.2778 154.364
-28.2437 154.419
-28.2092 154.472
-28.1662 154.468
-28.1332 154.531
-28.0899 154.524
-28.0476 154.525
-28.0085 154.546
-27.9655 154.542
-27.9225 154.537
-27.8871 154.585
-27.8509 154.627
-27.8102 154.639
-27.7675 154.637
-27.7271 154.65
-27.6909 154.693
-27.6483 154.691
-27.6041 154.679
-27.5641 154.695
-27.5241 154.711
-27.4829 154.72
-27.4425 154.734
-27.4013 154.742
-27.3616 154.761
-27.3234 154.791
-27.2807 154.789
-27.2429 154.821
-27.2058 154.858
-27.1656 154.875
-27.1229 154.873
-27.0799 154.868
-27.0438 154.914
-27.0059 154.946
-26.9639 154.949
-26.9204 154.942
-26.8836 154.982
-26.8434 154.998
-26.7977 154.976
-26.7583 154.997
-26.7228 155.048
-26.6859 155.088
-26.6486 155.125
-26.6084 155.142
-26.5711 155.179
-26.533 155.212
-26.4916 155.22
-26.4503 155.229
-26.4169 155.295
-26.3769 155.315
-26.3395 155.352
-26.2978 155.358
-26.2592 155.388
-26.2185 155.402
-26.1857 155.474
-26.1454 155.49
-26.1036 155.496
-26.0614 155.499
-26.0239 155.537
-25.9917 155.614
-25.9548 155.657
-25.9133 155.666
-25.6808 155.842
-25.6474 155.912
-25.6065 155.926
-25.3519 156.265
-25.3098 156.271
-25.2768 156.347
-25.24 156.393
-25.207 156.468
-25.1656 156.479
-25.1242 156.491
-25.0866 156.532
-23.9359 157.642
-23.9272 157.924
-23.9022 158.074
-23.8719 158.18
-23.831 158.2
