-24.8702 83.9027
-24.8434 83.8995
13.7592 169.109
13.803 169.085
13.8472 169.067
13.8897 169.021
13.9333 168.994
14.6884 167.479
14.7331 167.473
14.7779 167.469
14.8192 167.416
14.8547 167.283
14.8939 167.203
14.9351 167.15
14.976 167.094
15.3906 166.622
15.4377 166.65
15.4794 166.609
15.5987 166.407
15.6417 166.383
15.6807 166.307
15.7246 166.295
15.7687 166.286
15.8104 166.245
15.8545 166.236
15.9363 166.136
15.9781 166.098
16.0226 166.094
16.0619 166.024
16.1059 166.015
16.1474 165.974
16.1908 165.956
16.2327 165.921
16.2744 165.883
16.3186 165.877
16.3628 165.871
16.4043 165.83
16.4475 165.812
16.4889 165.771
16.5329 165.762
16.5726 165.701
16.616 165.686
16.6602 165.68
16.7044 165.674
16.7459 165.636
16.7872 165.595
16.8313 165.589
16.876 165.588
16.9177 165.553
16.9587 165.51
17.0018 165.492
17.0452 165.477
17.0852 165.422
17.1271 165.39
17.1716 165.389
17.2172 165.401
17.2627 165.412
17.3075 165.414
17.3521 165.414
17.3935 165.376
17.437 165.364
17.4803 165.349
17.5239 165.338
17.5665 165.314
17.6102 165.305
17.6543 165.299
17.6981 165.29
17.7406 165.266
17.7836 165.249
17.8268 165.234
17.8701 165.219
17.9136 165.207
17.9563 165.187
17.9998 165.175
18.0445 165.177
18.0896 165.183
18.1351 165.194
18.1796 165.194
18.2228 165.179
18.2639 165.141
18.3063 165.118
18.3464 165.068
18.3919 165.079
18.4458 165.183
18.4945 165.229
18.5361 165.197
18.5798 165.188
18.6245 165.19
18.6698 165.199
18.713 165.184
18.7556 165.163
18.7969 165.128
18.8403 165.116
18.8845 165.113
18.929 165.113
18.974 165.118
19.0176 165.109
19.0621 165.109
19.1076 165.12
19.1556 165.157
19.2017 165.174
19.2449 165.159
19.2866 165.13
19.3291 165.109
19.373 165.103
19.4192 165.12
19.4689 165.175
19.5133 165.174
19.555 165.145
19.5984 165.133
19.6442 165.147
19.6898 165.158
19.7357 165.172
19.7821 165.192
19.8249 165.174
19.871 165.191
19.916 165.197
19.9625 165.217
20.0084 165.231
20.0534 165.236
20.0985 165.241
20.1444 165.255
20.1894 165.261
20.2365 165.286
20.283 165.306
20.3283 165.315
20.3745 165.331
20.4202 165.343
20.4652 165.348
20.5112 165.362
20.5563 165.367
20.6013 165.373
20.6464 165.378
20.6915 165.384
20.736 165.383
20.7793 165.371
20.8261 165.394
20.8742 165.428
20.9264 165.503
20.976 165.552
21.0223 165.569
21.0674 165.574
21.1156 165.609
21.1637 165.643
21.2094 165.654
21.2543 165.657
21.3028 165.694
21.3513 165.731
21.3943 165.716
21.4391 165.719
21.488 165.759
21.535 165.782
21.5845 165.828
21.634 165.874
21.6832 165.917
21.7302 165.94
21.7785 165.974
21.8238 165.98
21.8709 166.003
21.917 166.017
21.9666 166.063
22.0166 166.112
22.0694 166.187
22.1156 166.201
22.1634 166.23
22.2122 166.267
22.2594 166.29
22.3094 166.339
22.3595 166.389
22.4087 166.429
22.4614 166.502
22.5122 166.557
22.5624 166.606
22.6674 166.746
22.717 166.789
22.7634 166.803
22.8183 166.894
22.869 166.946
22.924 167.037
22.9744 167.086
23.0281 167.165
23.0749 167.182
23.129 167.264
23.1852 167.364
23.2411 167.461
23.292 167.513
