-16.1559 131.837
-16.1161 131.807
-16.0755 131.77
-16.0249 131.629
-15.9839 131.585
-15.8087 131.296
-15.7697 131.272
-15.7323 131.266
-15.5223 130.99
-15.4822 130.955
-15.4432 130.931
-15.4048 130.914
-15.363 130.859
-15.3237 130.831
-15.2841 130.8
-15.2443 130.766
-15.2023 130.709
-15.1625 130.676
-15.124 130.656
-15.0825 130.603
-15.0428 130.57
-15.0038 130.545
-14.9646 130.517
-14.925 130.484
-14.8853 130.451
-14.8442 130.402
-14.8069 130.394
-14.7676 130.365
-14.7277 130.328
-14.69 130.316
-14.6494 130.271
-14.6114 130.255
-14.5725 130.23
-14.5342 130.211
-14.4969 130.203
-14.4581 130.177
-14.4184 130.142
-14.3803 130.125
-14.3403 130.086
-14.3027 130.074
-14.2654 130.066
-14.2265 130.039
-14.1879 130.016
-14.1507 130.008
-14.1121 129.985
-14.0747 129.975
-14.0362 129.952
-13.9986 129.94
-13.9584 129.897
-13.9208 129.883
-13.8827 129.866
-13.8457 129.86
-13.8077 129.843
-13.7677 129.802
-13.7306 129.794
-13.6937 129.79
-13.6569 129.786
-13.6188 129.767
-13.5814 129.757
-13.5433 129.738
-13.5058 129.726
-13.4679 129.709
-13.4306 129.699
-13.3933 129.689
-13.3555 129.674
-13.3179 129.66
-13.28 129.643
-13.2429 129.635
-13.2061 129.631
-13.169 129.623
-13.1316 129.612
-13.0945 129.604
-13.0575 129.598
-13.0198 129.583
-12.9825 129.573
-12.9456 129.567
-12.9082 129.556
-12.8705 129.54
-12.8331 129.529
-12.7968 129.531
-12.7605 129.532
-12.7237 129.529
-12.6866 129.521
-12.65 129.519
-12.6132 129.515
-12.5759 129.503
-12.5388 129.496
-12.502 129.492
-12.4647 129.48
-12.4282 129.48
-12.3921 129.484
-12.3557 129.486
-12.3191 129.484
-12.2818 129.472
-12.2447 129.465
-12.2083 129.465
-12.1722 129.47
-12.136 129.474
-12.0987 129.463
-12.0617 129.455
-12.0248 129.449
-11.9882 129.447
-11.9521 129.453
-11.9158 129.455
-11.8792 129.453
-11.842 129.443
-11.8063 129.453
-11.7712 129.472
-11.7354 129.482
-11.698 129.468
-11.6611 129.463
-11.6249 129.466
-11.588 129.461
-11.5522 129.47
-11.5156 129.468
-11.4788 129.464
-11.4435 129.48
-11.4086 129.503
-11.3731 129.517
-11.3367 129.519
-11.3005 129.522
-11.2648 129.534
-11.2274 129.521
-11.1912 129.524
-11.1544 129.521
-11.118 129.522
-11.0818 129.526
-11.0458 129.534
-11.0113 129.563
-10.9755 129.573
-10.9383 129.563
-10.9005 129.544
-10.8644 129.549
-10.8294 129.573
-10.7933 129.578
-10.7569 129.58
-10.7208 129.586
-10.6848 129.594
-10.6493 129.609
-10.6138 129.625
-10.5774 129.627
-10.5409 129.627
-10.5048 129.635
-10.4693 129.65
-10.4344 129.675
-10.3982 129.681
-10.3622 129.689
-10.3263 129.698
-10.2901 129.704
-10.254 129.712
-10.2185 129.728
-10.1828 129.741
-10.1473 129.759
-10.1107 129.759
-10.0747 129.766
-10.0396 129.792
-10.004 129.807
-9.96865 129.826
-9.93302 129.842
-9.8968 129.848
-9.8608 129.857
-9.82551 129.879
-9.78927 129.885
-9.7543 129.912
-9.71852 129.925
-9.6825 129.935
-9.64854 129.98
-9.61307 129.999
-9.5776 130.019
-9.54211 130.038
-9.50582 130.044
-9.47032 130.064
-9.43436 130.075
-9.3984 130.087
-9.36287 130.106
-9.32757 130.13
-9.2918 130.145
-9.25791 130.194
-9.22168 130.202
-9.18534 130.208
-9.15009 130.233
-9.11494 130.26
-9.07988 130.29
-9.04384 130.301
-9.00876 130.331
-8.97303 130.348
-8.93825 130.383
-8.90238 130.399
-8.86811 130.444
-8.83212 130.458
-8.79802 130.507
-8.76201 130.52
-8.72673 130.548
-8.69143 130.575
-8.65602 130.601
-8.61966 130.609
-8.58444 130.638
-8.55032 130.689
-8.51425 130.703
-8.47919 130.736
-8.44512 130.789
-8.40891 130.801
-8.37481 130.854
-8.33858 130.866
-8.30434 130.917
-8.26949 130.956
-8.23392 130.982
-8.19844 131.009
-8.16324 131.043
-8.12822 131.08
-8.05775 131.147
-8.02481 131.228
-7.98943 131.26
-7.95337 131.278
-7.91891 131.329
-7.88387 131.369
-7.84985 131.43
-7.8157 131.49
-7.78032 131.523
-7.74744 131.611
-7.71192 131.642
-7.67657 131.678
-7.64185 131.728
-7.60674 131.77
-7.57253 131.831
-7.40161 132.152
-7.36634 132.194
-7.33177 132.252
