-13.9625 146.033
-13.4474 144.052
-13.4125 144.125
-13.3739 144.149
-13.3343 144.161
-13.2935 144.155
-12.7907 143.338
-12.1868 142.744
-12.1442 142.708
-12.1 142.648
-12.0588 142.632
-12.0167 142.602
-11.9726 142.543
-11.9318 142.532
-11.8896 142.5
-11.8491 142.493
-11.8086 142.486
-11.766 142.447
-11.6376 142.322
-11.5966 142.308
-11.5527 142.249
-11.512 142.238
-11.4714 142.229
-11.4297 142.201
-11.3891 142.193
-11.3464 142.151
-11.306 142.145
-11.2649 142.127
-11.2232 142.1
-11.181 142.065
-11.1403 142.054
-11.0986 142.027
-11.0584 142.023
-11.0177 142.012
-10.9744 141.957
-10.9336 141.943
-10.8932 141.937
-10.853 141.932
-10.8114 141.905
-10.7709 141.896
-10.7291 141.867
-10.6893 141.87
-10.6493 141.868
-10.6078 141.843
-10.5674 141.834
-10.5268 141.823
-10.4852 141.795
-10.4454 141.798
-10.4047 141.785
-10.3599 141.702
-10.3198 141.698
-10.2801 141.703
-10.24 141.699
-10.1985 141.672
-10.1581 141.663
-10.1188 141.674
-10.0797 141.688
-10.0385 141.666
-9.9982 141.659
-9.95843 141.662
-9.91865 141.664
-9.87811 141.653
-9.8349 141.594
-9.79399 141.576
-9.75461 141.586
-9.7146 141.584
-9.67395 141.57
-9.63407 141.57
-9.59319 141.552
-9.5528 141.544
-9.51366 141.558
-9.47402 141.562
-9.43339 141.549
-9.3929 141.538
-9.35301 141.538
-9.313 141.536
-9.27299 141.534
-9.23322 141.537
-9.19274 141.525
-9.15226 141.514
-9.11166 141.501
-9.07154 141.497
-9.03154 141.495
-8.99177 141.497
-8.95281 141.516
-8.91373 141.532
-8.87406 141.537
-8.83336 141.521
-8.79313 141.514
-8.75096 141.469
-8.7113 141.474
-8.67085 141.463
-8.63186 141.481
-8.59186 141.479
-8.55208 141.482
-8.51241 141.487
-8.47152 141.466
-8.43174 141.469
-8.39392 141.512
-8.35629 141.561
-8.31681 141.57
-8.27603 141.552
-8.23622 141.555
-8.19758 141.582
-8.15808 141.592
-8.11826 141.594
-8.07844 141.597
-8.03851 141.597
-7.99879 141.602
-7.95948 141.616
-7.92036 141.634
-7.87971 141.619
-7.84007 141.626
-7.80175 141.662
-7.76211 141.67
-7.72226 141.672
-7.6829 141.686
-7.64384 141.707
-7.60397 141.709
-7.56411 141.712
-7.52424 141.714
-7.48456 141.722
-7.44508 141.733
-7.40674 141.772
-7.36752 141.791
-7.32801 141.803
-7.28831 141.81
-7.2486 141.817
-7.20926 141.833
-7.17028 141.859
-7.13055 141.866
-7.09063 141.868
-7.0509 141.875
-7.0118 141.899
-6.97305 141.931
-6.93446 141.968
-6.89532 141.991
-6.85573 142.003
-6.8163 142.019
-6.77687 142.035
-6.73699 142.04
-6.69754 142.057
-6.65913 142.1
-6.6194 142.11
-6.57959 142.117
-6.53993 142.129
-6.5018 142.182
-6.4623 142.198
-6.42337 142.231
-6.38343 142.235
-6.34349 142.24
-6.30543 142.298
-6.2667 142.337
-6.22689 142.347
-6.1878 142.377
-6.14782 142.382
-6.10871 142.412
-6.06974 142.447
-6.0299 142.456
-5.98989 142.461
-5.95097 142.498
-5.91303 142.566
-5.63859 142.785
-5.59959 142.824
-5.55977 142.838
-5.52124 142.894
-5.48126 142.904
-5.44219 142.943
-5.40382 143.006
-5.32565 143.088
-5.1687 143.238
-5.09013 143.313
-5.0516 143.378
