-24.87 83.9017
-24.8437 83.9005
21.064 163.833
21.1028 163.781
21.1401 163.715
21.1738 163.615
21.1925 163.374
21.2073 163.096
21.2432 163.02
21.2794 162.946
21.32 162.914
22.2472 162.158
22.2853 162.107
22.3244 162.065
22.6599 161.551
22.7019 161.536
22.7443 161.525
22.8143 161.374
22.8604 161.396
22.9027 161.384
22.9421 161.348
22.977 161.272
23.0196 161.264
23.0589 161.227
23.1008 161.213
23.1363 161.143
23.175 161.101
23.213 161.054
23.2558 161.048
23.2983 161.039
23.3373 161
23.3762 160.961
23.4177 160.944
23.4549 160.891
23.4964 160.874
23.5392 160.868
23.5817 160.859
23.6215 160.829
23.6623 160.806
23.6988 160.748
23.7402 160.731
23.7823 160.719
23.8187 160.661
23.8601 160.644
23.8995 160.611
23.9422 160.605
23.9849 160.599
24.0243 160.565
24.065 160.543
24.1013 160.485
24.1436 160.476
24.1866 160.473
24.2313 160.483
24.2693 160.439
24.3092 160.411
24.3498 160.389
24.3901 160.363
24.432 160.352
24.473 160.332
24.5149 160.321
24.5565 160.307
24.5964 160.279
24.6376 160.262
24.6792 160.248
24.7221 160.245
24.7647 160.239
24.8052 160.216
24.8471 160.205
24.8889 160.194
24.9305 160.179
24.973 160.174
25.0142 160.157
25.0547 160.134
25.0976 160.131
25.1415 160.136
25.1847 160.136
25.2276 160.133
25.2687 160.116
25.3092 160.093
25.3513 160.085
25.3921 160.065
25.4346 160.059
25.4792 160.07
25.5239 160.08
25.566 160.072
25.6078 160.06
25.6539 160.082
25.7049 160.142
25.7446 160.114
25.7849 160.091
25.8246 160.064
25.8656 160.047
25.9027 160
25.9463 160.002
25.9895 160.001
26.0319 159.996
26.0715 159.968
26.1136 159.959
26.1571 159.961
26.1996 159.956
26.2442 159.966
26.2896 159.982
26.3331 159.984
26.3756 159.978
26.4173 159.967
26.4586 159.953
26.5014 159.95
26.5457 159.957
26.5888 159.957
26.6298 159.94
26.6722 159.934
26.7169 159.945
26.7604 159.947
26.8024 159.938
26.8467 159.946
26.8921 159.962
26.9397 159.994
26.987 160.024
27.0313 160.032
27.0763 160.045
27.1218 160.061
27.1649 160.061
27.2074 160.055
27.2498 160.049
27.2937 160.054
27.3376 160.059
27.3816 160.064
27.4247 160.063
27.4679 160.063
27.5095 160.051
27.555 160.067
27.5989 160.072
27.6452 160.094
27.6902 160.107
27.7388 160.145
27.7831 160.153
27.8263 160.152
27.8695 160.152
27.9146 160.165
27.9624 160.198
28.0083 160.216
28.0535 160.229
28.0974 160.234
28.1445 160.261
28.1897 160.275
28.2333 160.277
28.2776 160.285
28.3228 160.298
28.3664 160.3
28.4135 160.327
28.4626 160.368
28.5082 160.384
28.5546 160.405
28.5982 160.408
28.6434 160.421
28.6966 160.489
28.7406 160.494
28.7854 160.505
28.8359 160.554
28.8855 160.597
28.9396 160.671
28.9849 160.684
29.029 160.689
29.0743 160.703
29.1273 160.768
29.175 160.798
29.2195 160.806
29.2677 160.839
29.3183 160.888
29.3686 160.934
29.4184 160.978
29.4625 160.983
29.5075 160.994
29.5566 161.032
29.6098 161.098
29.6556 161.114
29.7019 161.133
29.7551 161.198
29.8047 161.24
29.8502 161.253
29.9106 161.366
29.9611 161.413
30.0129 161.468
30.0689 161.55
30.1194 161.597
30.1696 161.641
30.2143 161.649
30.2645 161.693
30.3258 161.809
30.3824 161.895
30.4386 161.978
30.4864 162.006
30.5487 162.128
30.6004 162.181
30.6542 162.247
30.7068 162.306
