22.8341 119.463
23.0332 120.564
23.0657 120.548
23.1025 120.561
23.0436 117.436
23.0703 117.387
23.0988 117.35
23.1215 117.276
23.1393 117.17
23.1641 117.109
23.1902 117.057
23.2162 117.005
23.2417 116.95
23.2672 116.895
23.2926 116.839
23.3178 116.783
23.3445 116.736
23.371 116.687
23.3964 116.632
23.4218 116.577
23.4476 116.526
23.4756 116.487
23.4983 116.416
23.5243 116.366
23.5525 116.329
23.5788 116.281
23.6075 116.248
23.6343 116.203
23.6603 116.153
23.686 116.102
23.7111 116.047
23.7402 116.018
23.7683 115.981
23.7989 115.962
23.8262 115.92
23.8547 115.887
23.8843 115.861
23.913 115.83
23.9378 115.773
23.9649 115.732
23.9945 115.706
24.0237 115.678
24.053 115.65
24.0808 115.614
24.1111 115.593
24.1379 115.55
24.1639 115.502
24.1936 115.478
24.2211 115.44
24.2495 115.407
24.2765 115.366
24.3069 115.346
24.3385 115.333
24.3684 115.311
24.3978 115.284
24.4247 115.244
24.4548 115.222
24.4817 115.181
24.5127 115.165
24.5403 115.129
24.5707 115.11
24.5986 115.075
24.6279 115.049
24.6588 115.033
24.6908 115.023
24.722 115.009
24.7504 114.978
24.7812 114.962
24.8118 114.944
24.8419 114.923
24.8691 114.885
24.8953 114.841
24.9242 114.814
24.9561 114.804
24.9874 114.791
25.0191 114.78
25.0482 114.754
25.0782 114.733
25.1098 114.721
25.1405 114.705
25.1699 114.681
25.1987 114.653
25.2292 114.636
25.2605 114.623
25.2918 114.61
25.3219 114.59
25.3515 114.568
25.3803 114.54
25.4082 114.508
25.4403 114.5
25.4737 114.5
25.5067 114.497
25.539 114.49
25.5697 114.474
25.5989 114.45
25.6304 114.439
25.6608 114.421
25.6897 114.395
25.7206 114.381
25.7521 114.37
25.7844 114.363
25.8159 114.352
25.8474 114.341
25.8794 114.333
25.9117 114.326
25.9437 114.318
25.9737 114.299
26.0037 114.28
26.0345 114.265
26.066 114.254
26.0988 114.251
26.1311 114.245
26.1613 114.227
26.1922 114.212
26.2244 114.206
26.2555 114.193
26.2852 114.172
26.3151 114.153
26.3453 114.135
26.3746 114.113
26.406 114.102
26.4376 114.092
26.4695 114.084
26.4994 114.065
26.5302 114.051
26.5615 114.039
26.5946 114.038
26.6273 114.035
26.6613 114.038
26.6947 114.038
26.7268 114.032
26.7584 114.022
26.7909 114.018
26.8263 114.029
26.8579 114.02
26.8936 114.033
26.9299 114.049
26.9612 114.038
26.9916 114.022
27.022 114.006
27.0503 113.978
27.0807 113.962
27.1134 113.959
27.1462 113.956
27.1783 113.95
27.2107 113.945
27.2447 113.949
27.2798 113.958
27.3131 113.958
27.3444 113.947
27.3768 113.943
27.408 113.931
27.4389 113.919
27.471 113.912
27.5047 113.914
27.538 113.914
27.5716 113.916
27.6055 113.919
27.6379 113.915
27.6691 113.903
27.7018 113.9
27.7345 113.897
27.77 113.909
27.8033 113.909
27.8366 113.909
27.8702 113.911
27.9035 113.911
27.9359 113.906
27.9683 113.901
28.0013 113.9
28.0349 113.902
28.0704 113.913
28.1055 113.923
28.1398 113.928
28.1727 113.926
28.2057 113.925
28.239 113.925
28.2714 113.92
28.3041 113.917
28.3374 113.917
28.3692 113.909
28.4025 113.909
28.4382 113.922
28.4753 113.942
28.5108 113.953
28.5441 113.953
28.5758 113.946
28.6085 113.942
28.643 113.949
28.6776 113.956
28.7137 113.97
28.7483 113.977
28.7829 113.983
28.8165 113.985
28.8504 113.988
28.8869 114.005
28.923 114.019
28.9538 114.007
28.9881 114.012
29.0255 114.033
29.0594 114.036
29.095 114.047
29.1286 114.049
29.1629 114.054
29.1971 114.059
29.2317 114.066
29.2647 114.064
29.2996 114.072
29.3419 114.118
29.3769 114.126
29.415 114.15
29.4499 114.158
29.4839 114.162
29.5205 114.178
29.5544 114.181
29.59 114.193
29.6318 114.235
29.6668 114.243
29.7007 114.247
29.7367 114.26
29.773 114.274
29.8073 114.279
29.8429 114.291
29.8795 114.307
29.9214 114.349
29.9564 114.358
29.9933 114.376
30.0297 114.39
30.0666 114.408
30.102 114.418
30.1363 114.423
30.174 114.444
30.213 114.472
30.2503 114.492
30.2847 114.497
30.3267 114.539
30.3638 114.557
30.4048 114.594
30.4405 114.606
30.4756 114.614
30.5153 114.645
30.746 114.792
30.7842 114.815
30.8223 114.838
30.8612 114.864
30.9051 114.915
30.986 114.982
31.0259 115.013
31.0651 115.041
31.1065 115.079
31.1413 115.086
