-27.2237 163.116
-27.1791 163.114
-27.0222 162.937
-26.9735 162.904
-26.9281 162.896
-26.879 162.86
-26.8333 162.85
-26.7835 162.808
-26.7302 162.74
-26.6841 162.727
-26.6351 162.691
-26.5853 162.649
-26.2559 162.499
-26.2062 162.457
-26.1569 162.418
-26.1125 162.416
-26.068 162.414
-26.0232 162.409
-25.9747 162.376
-25.9299 162.371
-25.885 162.366
-25.8366 162.333
-25.7921 162.331
-25.747 162.323
-25.6981 162.287
-25.6519 162.271
-25.5991 162.204
-25.5547 162.202
-25.511 162.205
-25.4669 162.206
-25.4207 162.19
-25.3749 162.177
-25.3254 162.135
-25.2774 162.105
-25.2327 162.1
-25.1886 162.101
-25.1457 162.11
-25.102 162.113
-25.0569 162.106
-25.0089 162.075
-24.9638 162.068
-24.9152 162.032
-24.8673 162.001
-24.8215 161.988
-24.7771 161.986
-24.7338 161.992
-24.6894 161.99
-24.644 161.98
-24.5992 161.975
-24.5528 161.956
-24.5101 161.968
-24.4706 162.005
-24.4293 162.029
-24.3859 162.035
-24.3398 162.019
-24.2923 161.991
-24.2514 162.018
-24.2046 161.996
-24.1602 161.994
-24.1158 161.992
-24.0707 161.984
-24.027 161.987
-23.9829 161.988
-23.9389 161.989
-23.8938 161.981
-23.8467 161.957
-23.8023 161.954
-23.7569 161.944
-23.7112 161.931
-23.6665 161.926
-23.6234 161.935
-23.576 161.907
-23.5273 161.869
-23.4836 161.872
-23.4392 161.87
-23.3982 161.896
-23.3548 161.903
-23.314 161.931
-23.2726 161.955
-23.2282 161.953
-23.1851 161.962
-23.1413 161.965
-23.1025 162.011
-23.0633 162.054
-23.0241 162.097
-22.9813 162.109
-22.9375 162.113
-22.893 162.111
-22.848 162.103
-22.8084 162.143
-22.7675 162.172
-22.7214 162.156
-22.675 162.137
-22.6344 162.169
-22.5922 162.186
-22.549 162.196
-22.5083 162.227
-22.4671 162.254
-22.4235 162.26
-22.3819 162.283
-22.3355 162.264
-22.297 162.316
-22.256 162.345
-22.2181 162.402
-22.1714 162.38
-22.1284 162.392
-22.0874 162.421
-22.0444 162.433
-22.0008 162.44
-21.9597 162.469
-21.9198 162.509
-21.8765 162.518
-21.8329 162.525
-21.7924 162.56
-21.749 162.569
-21.7063 162.584
-21.6657 162.618
-21.6258 162.659
-21.583 162.674
-21.5421 162.706
-21.4987 162.715
-21.4559 162.73
-21.4186 162.796
-21.3761 162.814
-21.3361 162.854
-21.2929 162.866
-21.2516 162.895
-21.2082 162.905
-21.1671 162.937
-21.1279 162.986
-21.085 163.001
-21.0439 163.033
-20.8416 163.225
-20.7989 163.242
-20.7589 163.286
-20.7183 163.324
-20.4745 163.554
-20.4312 163.566
-20.3907 163.607
-18.9485 165.367
-18.9173 165.516
-18.8851 165.655
-18.8503 165.766
-18.8063 165.779
