-33.6736 114.213
-33.6414 114.214
-33.6089 114.214
-33.5749 114.208
-33.537 114.184
-33.4995 114.161
-33.4651 114.153
-33.4283 114.134
-33.3951 114.131
-33.3615 114.126
-33.3251 114.108
-33.2883 114.089
-33.2543 114.083
-33.2207 114.078
-33.1868 114.071
-33.1511 114.057
-33.1183 114.055
-33.0833 114.044
-33.0486 114.034
-33.0112 114.012
-32.9762 114.001
-32.9413 113.989
-32.9091 113.991
-32.8759 113.987
-32.8431 113.986
-32.8092 113.979
-32.7753 113.973
-32.74 113.96
-32.7072 113.958
-32.6743 113.956
-32.6411 113.953
-32.6087 113.953
-32.5762 113.953
-32.5402 113.937
-32.506 113.929
-32.4728 113.925
-32.44 113.923
-32.4082 113.926
-32.375 113.923
-32.3404 113.913
-32.3079 113.913
-32.2765 113.918
-32.2443 113.919
-32.2094 113.908
-32.1745 113.897
-32.1417 113.895
-32.1103 113.9
-32.0798 113.909
-32.048 113.912
-32.0152 113.91
-31.9824 113.908
-31.9502 113.91
-31.916 113.902
-31.8818 113.894
-31.85 113.897
-31.8175 113.896
-31.7836 113.89
-31.7518 113.893
-31.7217 113.904
-31.6896 113.905
-31.6564 113.902
-31.6249 113.906
-31.5951 113.919
-31.5636 113.923
-31.5314 113.925
-31.4993 113.926
-31.4674 113.929
-31.4353 113.93
-31.4024 113.929
-31.3709 113.933
-31.3407 113.944
-31.3099 113.952
-31.279 113.96
-31.2462 113.958
-31.2127 113.953
-31.1805 113.954
-31.1486 113.957
-31.1181 113.967
-31.0872 113.974
-31.056 113.98
-31.0235 113.98
-30.9929 113.99
-30.9657 114.015
-30.9404 114.049
-30.9095 114.057
-30.8753 114.049
-30.8441 114.055
-30.8125 114.06
-30.7783 114.052
-30.7418 114.032
-30.7102 114.037
-30.6835 114.065
-30.6529 114.075
-30.621 114.078
-30.5881 114.076
-30.5575 114.085
-30.5275 114.098
-30.4966 114.105
-30.4656 114.113
-30.4366 114.13
-30.4093 114.155
-30.3789 114.166
-30.3476 114.173
-30.3163 114.179
-30.285 114.185
-30.253 114.188
-30.2227 114.199
-30.192 114.208
-30.16 114.211
-30.1297 114.222
-30.1006 114.239
-30.0718 114.258
-30.0437 114.28
-30.012 114.285
-29.9813 114.294
-29.9512 114.307
-29.9243 114.335
-29.8955 114.354
-29.8651 114.365
-29.8353 114.379
-29.8062 114.396
-29.776 114.409
-29.7456 114.42
-29.7154 114.432
-29.6837 114.437
-29.6558 114.461
-29.6298 114.494
-29.5993 114.505
-29.5675 114.51
-29.538 114.525
-29.5074 114.536
-29.4785 114.555
-29.4486 114.569
-29.4184 114.582
-29.3907 114.607
-29.3621 114.628
-29.3306 114.634
-29.3013 114.651
-29.2695 114.656
-29.2405 114.675
-29.2134 114.704
-29.185 114.726
-29.1541 114.735
-29.1254 114.756
-29.097 114.778
-29.0692 114.803
-29.0407 114.826
-29.0104 114.838
-28.9835 114.868
-28.9526 114.878
-28.9229 114.894
-28.8932 114.91
-28.8656 114.937
-28.8402 114.975
-28.8095 114.986
-28.7826 115.016
-28.7519 115.027
-28.7234 115.05
-28.6933 115.064
-28.665 115.088
-28.6343 115.099
-28.6029 115.107
-28.5747 115.131
-28.551 115.179
-28.5243 115.211
-28.496 115.235
-28.468 115.26
-28.4399 115.286
-28.4144 115.324
-28.3854 115.345
-28.3595 115.382
-28.3296 115.398
-28.3027 115.43
-28.2722 115.443
-28.2475 115.486
-28.2209 115.52
-28.1958 115.562
-28.1677 115.587
-28.1405 115.618
-28.1126 115.645
-28.0845 115.671
-28.0593 115.713
-28.0281 115.722
-28.0029 115.764
-27.972 115.776
-27.9441 115.803
-27.9195 115.848
-27.8444 115.978
-27.8173 116.01
-27.7929 116.057
-27.7686 116.104
-27.7442 116.151
-27.7122 116.157
-27.6842 116.185
-27.657 116.217
-27.6323 116.263
-27.5866 116.375
-27.5645 116.435
-27.5336 116.448
-27.5052 116.474
-27.4783 116.509
-27.4579 116.579
-27.4372 116.647
-27.4096 116.678
-27.3185 116.909
-27.2878 116.924
-27.2637 116.975
-27.0128 117.811
-26.9507 118.027
-27.1585 120.736
