-24.8702 83.9027
-24.8434 83.8995
21.0077 144.933
21.0441 144.903
21.0798 144.865
21.1157 144.83
21.1388 144.685
21.1441 143.704
21.1827 143.695
21.8232 143.735
21.8615 143.723
21.8923 143.649
21.9208 143.557
21.9585 143.54
21.9942 143.508
22.0288 143.466
22.0628 143.42
22.0912 143.328
22.1249 143.279
22.1566 143.215
22.1948 143.203
22.2267 143.141
22.2609 143.097
22.2916 143.026
22.3869 142.837
22.4178 142.769
22.4553 142.752
22.4939 142.745
22.5319 142.734
22.5702 142.724
22.6054 142.69
22.6359 142.619
22.6662 142.546
22.7018 142.516
22.7381 142.491
22.776 142.479
22.8111 142.445
22.849 142.433
22.8835 142.394
22.9141 142.326
22.9494 142.294
22.9873 142.282
23.0243 142.264
23.0619 142.25
23.0927 142.184
23.1268 142.143
23.162 142.111
23.2013 142.11
23.2391 142.099
23.271 142.042
23.3068 142.014
23.3449 142.005
23.3797 141.971
23.4145 141.937
23.4523 141.925
23.4871 141.891
23.5221 141.859
23.5599 141.848
23.5976 141.836
23.6297 141.782
23.6671 141.768
23.7027 141.741
23.7386 141.715
23.7766 141.706
23.814 141.692
23.8498 141.667
23.8881 141.66
23.9242 141.638
23.9583 141.599
23.9944 141.576
24.0299 141.549
24.066 141.526
24.1045 141.522
24.1421 141.51
24.1773 141.481
24.214 141.462
24.2525 141.458
24.2895 141.442
24.324 141.408
24.3594 141.38
24.3976 141.373
24.4367 141.373
24.4761 141.375
24.5148 141.373
24.5524 141.361
24.5899 141.35
24.6299 141.356
24.6696 141.36
24.705 141.333
24.7419 141.317
24.7769 141.288
24.8122 141.261
24.8497 141.249
24.8875 141.24
24.9237 141.22
24.9583 141.188
24.9955 141.174
25.0345 141.174
25.0732 141.171
25.1116 141.167
25.1471 141.142
25.1852 141.135
25.2233 141.128
25.2617 141.123
25.3 141.118
25.3358 141.096
25.3681 141.048
25.4039 141.026
25.2467 139.657
25.4989 141.144
25.5892 141.501
25.5976 141.287
25.6218 141.184
25.6566 141.154
25.6956 141.154
25.8883 142.216
25.9426 142.32
25.8012 141.075
25.8373 141.054
25.8779 141.065
25.9169 141.065
25.9542 141.054
25.9912 141.04
26.0292 141.033
26.0688 141.037
26.1091 141.046
26.1474 141.041
26.1854 141.034
26.2224 141.02
26.2613 141.02
26.303 141.038
26.3432 141.047
26.3819 141.044
26.4195 141.035
26.4561 141.019
26.4971 141.032
26.5367 141.036
26.5753 141.034
26.6146 141.036
26.6566 141.056
26.6962 141.06
26.7349 141.057
26.7741 141.059
26.8114 141.048
26.851 141.052
26.8896 141.05
26.9276 141.043
26.9665 141.042
27.0061 141.047
27.0488 141.071
27.0881 141.073
27.1305 141.095
27.1705 141.101
27.2132 141.126
27.2528 141.13
27.2915 141.127
27.3297 141.123
27.3652 141.1
27.4038 141.097
27.4442 141.106
27.488 141.137
27.5297 141.155
27.5731 141.184
27.6163 141.21
27.6563 141.217
27.6963 141.223
27.7388 141.245
27.7777 141.245
27.8167 141.245
27.8595 141.269
27.9003 141.28
27.9406 141.289
27.981 141.298
28.0218 141.308
28.0622 141.317
28.105 141.342
28.1451 141.348
28.1883 141.375
28.2301 141.392
28.2738 141.421
28.3135 141.425
28.3582 141.461
28.3975 141.463
28.4369 141.465
28.4791 141.485
28.5235 141.518
28.5658 141.538
28.6142 141.596
28.655 141.607
28.6977 141.63
28.7381 141.638
28.7783 141.645
28.8217 141.672
28.8673 141.712
28.9125 141.75
28.9563 141.779
29.0005 141.81
29.0425 141.828
29.0874 141.864
29.1309 141.89
29.1799 141.951
29.2205 141.96
29.26 141.962
29.3013 141.975
29.3496 142.031
29.3932 142.058
29.4345 142.071
29.4789 142.103
29.5277 142.161
29.5694 142.177
29.6176 142.231
29.6683 142.301
29.7113 142.323
29.753 142.339
29.7964 142.363
29.9427 142.535
30.0043 142.669
30.0493 142.703
30.0904 142.714
30.1358 142.75
30.1865 142.818
30.2327 142.859
