-10.0534 167.12
-10.0092 167.147
-9.96306 167.136
-9.25956 164.692
-9.21387 164.678
-8.78022 164.028
-8.7332 163.98
-8.68645 163.937
-8.63984 163.897
-8.59313 163.854
-8.31229 163.575
-8.03262 163.308
-7.98876 163.332
-7.94128 163.263
-7.89574 163.244
-7.8483 163.176
-7.80323 163.167
-7.75805 163.156
-7.71178 163.117
-7.66541 163.074
-7.61917 163.035
-7.57382 163.018
-7.52739 162.973
-7.4812 162.933
-7.4364 162.931
-7.39045 162.897
-7.34377 162.843
-7.29868 162.832
-7.25288 162.801
-7.2078 162.79
-7.16262 162.776
-7.11796 162.777
-7.0727 162.76
-7.02703 162.732
-6.97999 162.664
-6.93495 162.653
-6.89022 162.65
-6.84539 162.645
-6.7991 162.597
-6.75438 162.595
-6.70946 162.587
-6.66417 162.567
-6.61794 162.519
-6.57229 162.488
-6.52694 162.466
-6.48216 162.46
-6.43765 162.464
-6.39332 162.473
-6.34853 162.467
-6.30357 162.456
-6.25852 162.442
-6.21348 162.429
-6.16817 162.406
-6.12332 162.398
-6.07768 162.364
-6.03345 162.376
-5.98912 162.385
-5.94376 162.36
-5.89808 162.323
-5.85392 162.338
-5.80959 162.346
-5.76451 162.33
-5.71919 162.305
-5.67348 162.265
-5.62851 162.251
-5.58395 162.252
-5.53923 162.246
-5.49458 162.244
-5.44979 162.236
-5.40515 162.233
-5.36051 162.231
-5.31572 162.223
-5.27085 162.212
-5.22562 162.186
-5.1804 162.161
-5.13526 162.139
-5.09042 162.128
-5.04574 162.122
-4.99954 162.058
-4.95437 162.033
-4.90978 162.03
-4.86526 162.03
-4.82129 162.053
-4.77601 162.022
-4.73101 162.003
-4.68717 162.032
-4.64433 162.103
-4.59999 162.111
-4.55578 162.126
-4.51149 162.137
-4.46753 162.163
-4.42361 162.192
-4.37937 162.206
-4.33468 162.201
-4.29056 162.221
-4.24661 162.25
-4.20246 162.27
-4.15812 162.281
-4.1136 162.285
-4.06896 162.282
-4.02438 162.282
-3.98049 162.317
-3.93613 162.328
-3.89159 162.331
-3.84711 162.337
-3.80279 162.352
-3.75858 162.372
-3.71414 162.381
-3.66985 162.398
-3.6254 162.407
-3.58095 162.416
-3.53659 162.43
-3.49249 162.459
-3.44791 162.462
-3.40329 162.462
-3.35891 162.477
-3.31477 162.505
-3.27042 162.523
-3.2263 162.554
-3.18184 162.566
-3.13724 162.569
-3.09259 162.569
-3.0483 162.592
-3.00378 162.601
-2.95934 162.615
-2.91558 162.675
-2.87112 162.69
-2.82661 162.702
-2.78251 162.742
-2.73802 162.756
-2.69385 162.793
-2.64938 162.811
-2.60498 162.834
-2.55993 162.808
-2.5156 162.837
-2.47088 162.837
-2.42675 162.883
-2.3826 162.929
-2.33825 162.961
-2.29369 162.975
-2.24904 162.984
-2.20506 163.05
-2.16056 163.073
-2.11618 163.108
-2.07191 163.154
-2.02758 163.197
-1.98285 163.203
-1.9385 163.246
-1.89383 163.26
-1.84942 163.301
-1.80499 163.341
-1.31521 163.806
-1.27058 163.849
-1.22593 163.893
-1.18105 163.904
-0.958241 164.266
-0.913277 164.281
-0.868263 164.287
-0.823344 164.313
