4.13184 117.25
4.16483 117.201
4.19872 117.186
4.23163 117.135
4.26373 117.056
4.29593 116.982
4.32867 116.928
4.36076 116.853
4.39316 116.789
4.42572 116.732
4.4585 116.683
4.49175 116.652
4.5239 116.583
4.55686 116.543
4.58886 116.471
4.62198 116.438
4.65458 116.388
4.68725 116.341
4.72027 116.306
4.75281 116.256
4.78543 116.21
4.81829 116.171
4.85008 116.1
4.88306 116.067
4.91623 116.04
4.94924 116.009
4.98185 115.966
5.01477 115.932
5.04779 115.903
5.08029 115.858
5.11266 115.81
5.14563 115.78
5.17853 115.749
5.21216 115.739
5.24475 115.699
5.27692 115.648
5.30976 115.617
5.34218 115.574
5.37499 115.542
5.4082 115.523
5.44164 115.509
5.47466 115.485
5.50772 115.462
5.54054 115.432
5.57322 115.399
5.60564 115.36
5.63896 115.345
5.67154 115.31
5.70485 115.296
5.73715 115.255
5.77044 115.24
5.80315 115.21
5.83661 115.201
5.87001 115.189
5.90275 115.161
5.93588 115.143
5.96815 115.104
6.00138 115.089
6.03434 115.068
6.0671 115.042
6.09971 115.012
6.13238 114.984
6.1657 114.973
6.19882 114.957
6.23186 114.939
6.2651 114.926
6.29765 114.896
6.33073 114.88
6.36381 114.864
6.3973 114.857
6.43009 114.834
6.463 114.815
6.49563 114.789
6.52888 114.777
6.56149 114.751
6.59401 114.723
6.62703 114.707
6.66054 114.702
6.69398 114.696
6.7272 114.684
6.76063 114.678
6.7937 114.663
6.82697 114.653
6.8601 114.64
6.89299 114.623
6.92603 114.608
6.95936 114.6
6.99254 114.588
7.02464 114.554
7.05757 114.538
7.09111 114.535
7.12473 114.533
7.15803 114.525
7.19071 114.504
7.22392 114.494
7.25713 114.485
7.29042 114.476
7.32323 114.459
7.35634 114.447
7.3897 114.441
7.42313 114.436
7.45647 114.429
7.48974 114.421
7.52275 114.408
7.55625 114.405
7.58959 114.399
7.62242 114.383
7.65525 114.366
7.68849 114.358
7.72214 114.358
7.75554 114.353
7.78886 114.347
7.82225 114.342
7.85547 114.334
7.88878 114.328
7.92225 114.324
7.95555 114.318
7.98885 114.311
8.02241 114.31
8.05614 114.312
8.08969 114.31
8.1228 114.3
8.15609 114.294
8.18946 114.289
8.2231 114.289
8.25664 114.287
8.29028 114.287
8.32428 114.294
8.35783 114.292
8.39137 114.291
8.42538 114.297
8.45883 114.294
8.49219 114.289
8.52509 114.276
8.55835 114.27
8.59133 114.259
8.62495 114.259
8.65868 114.26
8.69231 114.26
8.72575 114.257
8.75909 114.252
8.79262 114.251
8.82644 114.254
8.85987 114.251
8.8935 114.251
8.92742 114.256
8.96114 114.257
8.99497 114.261
9.0285 114.259
9.06183 114.254
9.09545 114.254
9.12938 114.259
9.16321 114.262
9.19703 114.266
9.23127 114.275
9.2651 114.279
9.29883 114.28
9.33307 114.29
9.36681 114.292
9.40044 114.292
9.43459 114.3
9.46854 114.305
9.50238 114.308
9.53633 114.313
9.5708 114.326
9.60486 114.332
9.63872 114.336
9.67236 114.336
9.706 114.336
9.74028 114.346
9.77467 114.357
9.80854 114.36
9.84218 114.36
9.87572 114.359
9.9097 114.364
9.94378 114.37
9.97863 114.388
10.0126 114.393
10.0466 114.398
10.081 114.409
10.1153 114.419
10.1503 114.438
10.1847 114.448
10.2191 114.46
10.2535 114.469
10.2879 114.481
10.3227 114.497
10.3576 114.515
10.3916 114.518
10.4267 114.54
10.4609 114.546
10.4948 114.549
10.5286 114.551
10.563 114.561
10.5993 114.598
10.6336 114.607
10.6686 114.624
10.7024 114.626
10.7379 114.651
10.7734 114.675
10.8076 114.682
10.843 114.705
10.8787 114.732
10.9129 114.739
10.9486 114.765
10.9836 114.783
11.0178 114.788
11.053 114.808
11.0869 114.811
11.1211 114.816
11.1565 114.839
11.1921 114.863
11.2265 114.871
11.2629 114.906
11.2977 114.921
11.332 114.927
11.369 114.97
11.405 114.998
11.4393 115.004
11.4757 115.039
11.5103 115.048
11.5476 115.094
11.5836 115.122
11.6178 115.127
11.6521 115.134
11.6889 115.172
11.7255 115.206
11.761 115.228
11.7956 115.237
11.8326 115.277
11.8675 115.29
11.9029 115.31
11.9384 115.33
11.9763 115.381
12.0867 115.488
12.1214 115.498
12.1577 115.527
12.1938 115.554
12.2343 115.635
12.2714 115.673
12.3079 115.704
12.4193 115.819
12.4567 115.86
12.4918 115.873
12.5277 115.897
12.5653 115.94
13.1049 116.667
13.3568 117.195
13.3928 117.213
