-3.54325 146.819
-3.50151 146.79
-3.46026 146.786
-3.12466 146.425
-3.08283 146.382
-3.04123 146.351
-2.99952 146.313
-2.95778 146.272
-2.91615 146.236
-2.87503 146.231
-2.83349 146.2
-2.75035 146.131
-2.62612 146.052
-2.5426 145.947
-2.50159 145.945
-2.46054 145.94
-2.41901 145.9
-2.37794 145.893
-2.33653 145.86
-2.29514 145.826
-2.25406 145.817
-2.21275 145.788
-2.17165 145.776
-2.13034 145.746
-2.089 145.712
-2.04793 145.7
-2.00665 145.67
-1.9657 145.667
-1.92465 145.656
-1.8832 145.606
-1.84222 145.599
-1.80124 145.592
-1.76021 145.58
-1.71901 145.549
-1.67777 145.513
-1.63677 145.502
-1.59558 145.468
-1.55442 145.438
-1.51353 145.435
-1.47246 145.412
-1.43154 145.405
-1.39046 145.379
-1.34953 145.369
-1.30869 145.372
-1.26787 145.377
-1.22696 145.37
-1.18589 145.339
-1.14496 145.327
-1.10395 145.304
-1.06305 145.294
-1.02218 145.29
-0.98133 145.287
-0.94045 145.28
-0.899562 145.271
-0.858555 145.238
-0.817645 145.221
-0.776786 145.214
-0.735973 145.217
-0.695149 145.217
-0.654324 145.217
-0.613482 145.213
-0.57259 145.194
-0.531747 145.187
-0.490937 145.189
-0.450035 145.161
-0.409172 145.142
-0.368346 145.135
-0.327539 145.135
-0.286728 145.133
-0.245891 145.117
-0.205089 145.117
-0.164292 145.122
-0.123491 145.124
-0.082673 145.11
-0.0418502 145.079
-0.00105425 145.077
0.0397379 145.087
0.0805346 145.082
0.121326 145.063
0.162105 145.033
0.2029 145.049
0.243713 145.078
0.284524 145.092
0.325226 145.019
0.365953 144.984
0.406752 144.998
0.447618 145.043
0.488437 145.058
0.529244 145.065
0.570049 145.07
0.61089 145.086
0.651687 145.087
0.6925 145.092
0.733331 145.101
0.774194 145.118
0.815054 145.132
0.855871 145.135
0.89669 145.137
0.937597 145.159
0.978548 145.188
1.01949 145.211
1.06033 145.214
1.10112 145.209
1.14187 145.195
1.18269 145.195
1.22358 145.207
1.26457 145.234
1.30551 145.25
1.3464 145.258
1.38731 145.27
1.42829 145.289
1.46919 145.296
1.51001 145.294
1.55085 145.294
1.59179 145.306
1.63282 145.328
1.67387 145.352
1.71475 145.354
1.75559 145.352
1.79649 145.357
1.83739 145.362
1.87866 145.405
1.91974 145.426
1.96083 145.448
2.00176 145.453
2.04274 145.462
2.08382 145.482
2.12484 145.494
2.16589 145.508
2.20689 145.518
2.24831 145.563
2.28935 145.575
2.3304 145.587
2.37137 145.592
2.41225 145.59
2.45337 145.607
2.49443 145.619
2.53585 145.657
2.57723 145.691
2.61865 145.727
2.65978 145.741
2.7014 145.789
2.74245 145.796
2.78351 145.804
2.82489 145.832
2.86599 145.842
2.90754 145.881
2.94925 145.929
2.99068 145.957
3.03175 145.962
3.07281 145.967
3.11474 146.025
3.15591 146.035
3.19751 146.071
3.23893 146.095
3.28008 146.102
3.32135 146.117
3.36296 146.15
3.40446 146.177
3.4462 146.215
3.53011 146.314
3.57248 146.384
3.61421 146.418
3.65603 146.457
3.69797 146.5
3.73988 146.541
3.78167 146.575
3.82429 146.65
3.86627 146.691
3.90746 146.694
3.94871 146.698
4.03414 146.846
4.07625 146.89
4.11818 146.924
4.28826 147.159
4.33106 147.227
4.37261 147.24
4.58808 147.62
4.63021 147.652
4.88901 148.068
