-20.5468 142.352
-20.5091 142.365
-20.4702 142.368
-20.4293 142.352
-20.0205 141.163
-19.9736 141.092
-19.7761 140.719
-19.7331 140.682
-19.4144 140.256
-19.3715 140.219
-19.3287 140.182
-19.283 140.119
-19.2405 140.084
-19.1975 140.044
-19.1521 139.983
-18.9354 139.768
-18.8961 139.761
-18.7204 139.564
-18.6811 139.557
-18.6365 139.501
-18.5968 139.49
-18.5573 139.481
-18.5123 139.421
-18.473 139.414
-18.4319 139.39
-18.3916 139.373
-18.3491 139.336
-18.3065 139.297
-18.2675 139.293
-18.2272 139.276
-18.1834 139.226
-18.1436 139.213
-18.1037 139.2
-18.0607 139.157
-18.0204 139.14
-17.9806 139.127
-17.9383 139.09
-17.8991 139.084
-17.8589 139.067
-17.8177 139.041
-17.777 139.019
-17.7377 139.011
-17.6981 139
-17.6587 138.991
-17.6157 138.946
-17.5757 138.931
-17.5363 138.923
-17.494 138.884
-17.4536 138.864
-17.4134 138.847
-17.3745 138.843
-17.3356 138.839
-17.2959 138.826
-17.2557 138.809
-17.2143 138.779
-17.1752 138.772
-17.1363 138.768
-17.096 138.749
-17.055 138.723
-17.016 138.716
-16.9763 138.704
-16.9378 138.704
-16.8988 138.697
-16.8597 138.691
-16.8203 138.68
-16.7796 138.657
-16.7407 138.652
-16.7009 138.637
-16.6618 138.631
-16.6224 138.62
-16.5835 138.616
-16.5449 138.614
-16.5053 138.601
-16.4658 138.591
-16.4268 138.584
-16.3898 138.599
-16.3514 138.599
-16.3116 138.584
-16.2716 138.567
-16.2327 138.563
-16.1941 138.561
-16.1551 138.555
-16.1161 138.548
-16.0775 138.546
-16.0381 138.535
-15.9997 138.536
-15.9617 138.54
-15.9243 138.551
-15.8851 138.542
-15.8459 138.534
-15.807 138.529
-15.7684 138.527
-15.7302 138.53
-15.692 138.532
-15.6538 138.534
-15.615 138.53
-15.5766 138.53
-15.5391 138.541
-15.5011 138.545
-15.463 138.549
-15.4252 138.556
-15.3868 138.556
-15.3485 138.558
-15.3107 138.565
-15.272 138.563
-15.2342 138.569
-15.1954 138.565
-15.1579 138.576
-15.1191 138.572
-15.0791 138.554
-15.0418 138.567
-15.0039 138.574
-14.9668 138.589
-14.9293 138.6
-14.8921 138.615
-14.8537 138.615
-14.8141 138.602
-14.7755 138.6
-14.7367 138.596
-14.6973 138.585
-14.6589 138.585
-14.6211 138.594
-14.583 138.598
-14.5453 138.607
-14.5092 138.635
-14.4718 138.648
-14.4344 138.661
-14.3965 138.668
-14.3582 138.67
-14.3204 138.678
-14.2825 138.685
-14.245 138.698
-14.2073 138.707
-14.1705 138.728
-14.1336 138.748
-14.0958 138.757
-14.0579 138.763
-14.0202 138.774
-13.9822 138.78
-13.9443 138.787
-13.9082 138.817
-13.871 138.835
-13.8337 138.85
-13.7969 138.871
-13.7589 138.878
-13.7207 138.882
-13.6826 138.889
-13.647 138.926
-13.6093 138.937
-13.5714 138.945
-13.5335 138.954
-13.4955 138.96
-13.4599 138.999
-13.422 139.008
-13.3845 139.021
-13.349 139.062
-13.3115 139.075
-13.2737 139.086
-13.2369 139.11
-13.1991 139.121
-13.1627 139.149
-13.1247 139.158
-13.0882 139.186
-13.0522 139.221
-13.0178 139.278
-12.9796 139.284
-12.941 139.284
-12.9011 139.267
-12.8661 139.317
-12.8304 139.356
-12.7944 139.393
-12.7565 139.404
-12.7196 139.428
-12.6814 139.434
-12.6451 139.467
-12.6096 139.511
-12.5742 139.556
-12.5365 139.572
-12.4989 139.587
-12.4628 139.624
-12.4254 139.642
-12.3877 139.657
-12.351 139.685
-12.3146 139.718
-12.2801 139.779
-12.2421 139.79
-12.2056 139.823
-12.1713 139.886
-12.1346 139.917
-12.0976 139.943
-12.0609 139.974
-12.0242 140.005
-11.988 140.042
-11.9527 140.095
-11.9149 140.11
-11.8797 140.163
-11.8451 140.226
-11.8074 140.244
-11.7708 140.277
-11.7353 140.327
-11.6977 140.347
-11.6607 140.376
-11.6243 140.413
-11.5919 140.512
-11.5554 140.55
-11.5188 140.585
-11.4826 140.627
-11.4478 140.691
-11.4134 140.762
-11.3772 140.804
-11.3406 140.841
-11.3037 140.875
-11.2728 141.001
-11.2373 141.056
-11.2019 141.114
-11.1642 141.136
-11.129 141.198
-11.0957 141.289
-11.0599 141.343
-11.0261 141.427
-10.9883 141.45
-10.9551 141.545
-10.6175 144.444
