-0.415614 134.161
-0.377329 134.098
-0.224422 133.829
-0.186275 133.766
-0.148153 133.702
-0.110035 133.613
-0.0719892 133.57
-0.0339679 133.537
0.00403858 133.506
0.0420352 133.44
0.0800057 133.395
0.117952 133.335
0.155872 133.275
0.193764 133.214
0.231657 133.179
0.269555 133.16
0.307392 133.105
0.345211 133.053
0.383067 133.033
0.420831 132.973
0.458589 132.922
0.496403 132.902
0.53414 132.857
0.571931 132.836
0.609621 132.787
0.647312 132.744
0.685021 132.711
0.722731 132.683
0.760422 132.652
0.798161 132.636
0.835753 132.589
0.873443 132.567
0.91102 132.524
0.948728 132.509
0.986253 132.463
1.02392 132.444
1.06141 132.397
1.09907 132.381
1.13662 132.351
1.17418 132.322
1.21183 132.308
1.24928 132.267
1.28686 132.247
1.32439 132.221
1.36208 132.217
1.39975 132.211
1.43719 132.176
1.4748 132.164
1.51233 132.144
1.54966 132.101
1.58702 132.064
1.6245 132.042
1.66209 132.032
1.69952 132.006
1.73709 131.996
1.77464 131.984
1.81187 131.941
1.8494 131.929
1.88697 131.921
1.9242 131.882
1.96172 131.87
1.99925 131.86
2.03668 131.842
2.07415 131.828
2.11157 131.81
2.14908 131.8
2.18645 131.78
2.22385 131.761
2.26126 131.745
2.29861 131.725
2.33618 131.721
2.37363 131.709
2.41096 131.689
2.44817 131.661
2.48565 131.653
2.52314 131.645
2.56062 131.637
2.59804 131.624
2.63542 131.61
2.6727 131.59
2.71016 131.582
2.74765 131.576
2.78498 131.56
2.82239 131.55
2.85984 131.542
2.89735 131.538
2.93483 131.532
2.9722 131.52
3.00949 131.504
3.04696 131.498
3.08446 131.494
3.12184 131.484
3.15926 131.476
3.19672 131.47
3.23406 131.458
3.27147 131.45
3.30895 131.446
3.34624 131.432
3.38368 131.426
3.42128 131.428
3.45896 131.434
3.49648 131.432
3.53391 131.426
3.57139 131.422
3.60895 131.422
3.64646 131.421
3.68385 131.412
3.7211 131.398
3.75856 131.394
3.79616 131.397
3.83385 131.403
3.87132 131.399
3.90878 131.395
3.94638 131.397
3.98427 131.411
4.02159 131.401
4.05895 131.393
4.09636 131.387
4.13387 131.385
4.17132 131.381
4.20882 131.379
4.24658 131.387
4.28418 131.389
4.32164 131.385
4.35924 131.388
4.39711 131.4
4.43483 131.406
4.47244 131.408
4.51006 131.41
4.54773 131.414
4.58545 131.42
4.62307 131.422
4.66075 131.427
4.69871 131.441
4.73645 131.447
4.77424 131.455
4.81193 131.459
4.84951 131.459
4.88708 131.459
4.92483 131.465
4.96241 131.465
4.99998 131.466
5.03792 131.478
5.0758 131.488
5.11381 131.502
5.1517 131.512
5.18935 131.514
5.22707 131.518
5.26491 131.527
5.30307 131.545
5.34092 131.553
5.37896 131.567
5.41669 131.571
5.45462 131.582
5.49301 131.606
5.53062 131.606
5.5685 131.614
5.60645 131.624
5.64433 131.633
5.68222 131.641
5.72018 131.651
5.75849 131.671
5.79632 131.677
5.83423 131.686
5.87333 131.728
5.91111 131.732
5.94911 131.742
5.98704 131.751
6.02533 131.769
6.06342 131.781
6.1018 131.802
6.1399 131.814
6.17859 131.842
6.21723 131.869
6.25512 131.875
6.29378 131.901
6.33244 131.928
6.37043 131.936
6.40843 131.944
6.44643 131.952
6.48575 131.995
6.52424 132.016
6.56367 132.06
6.60171 132.069
6.63959 132.073
6.67859 132.105
6.71785 132.144
6.75656 132.169
6.79438 132.171
6.83335 132.201
6.8725 132.236
6.91059 132.244
6.95036 132.293
6.98855 132.304
7.02767 132.336
7.06681 132.369
7.1058 132.398
7.14488 132.428
7.18303 132.437
7.223 132.488
7.26222 132.521
7.30057 132.533
7.33963 132.562
7.37986 132.617
7.41824 132.629
7.45762 132.664
7.49818 132.726
7.53669 132.74
7.57694 132.794
7.61648 132.831
7.65677 132.884
7.69505 132.892
7.73436 132.923
7.77471 132.977
8.05744 133.342
8.09613 133.357
8.13671 133.41
8.17761 133.471
8.21764 133.512
8.25929 133.587
8.30068 133.655
8.34149 133.711
8.38182 133.757
8.4233 133.825
8.46615 133.921
8.5077 133.99
8.54794 134.032
8.67837 134.347
8.71724 134.359
8.7573 134.395
