-4.33837 164.058
-4.29124 163.944
-4.24538 163.888
-4.19888 163.8
-4.10747 163.695
-4.06114 163.61
-4.01541 163.553
-3.96869 163.446
-3.92392 163.435
-3.878 163.364
-3.83243 163.311
-3.78672 163.249
-3.74137 163.204
-3.69603 163.159
-3.65019 163.086
-3.60531 163.063
-3.55958 162.993
-3.51478 162.974
-3.46914 162.906
-3.42427 162.881
-3.37874 162.817
-3.33404 162.8
-3.28944 162.789
-3.24392 162.722
-3.19912 162.697
-3.15365 162.63
-3.10909 162.619
-3.06415 162.582
-3.01918 162.543
-2.97457 162.527
-2.92963 162.488
-2.88462 162.443
-2.83976 162.407
-2.79519 162.391
-2.7507 162.38
-2.70568 162.329
-2.66118 162.316
-2.61664 162.299
-2.57167 162.249
-2.52701 162.221
-2.48222 162.182
-2.43759 162.155
-2.39317 162.144
-2.34872 162.13
-2.30398 162.091
-2.2593 162.055
-2.21491 162.044
-2.17025 162.008
-2.12587 161.998
-2.08138 161.975
-2.03705 161.967
-1.99261 161.948
-1.94797 161.909
-1.9035 161.885
-1.85919 161.877
-1.81478 161.857
-1.77045 161.846
-1.72606 161.827
-1.68167 161.808
-1.63739 161.8
-1.5929 161.767
-1.54854 161.748
-1.50418 161.728
-1.4599 161.718
-1.4156 161.704
-1.37128 161.688
-1.32709 161.688
-1.28286 161.683
-1.23854 161.663
-1.19429 161.653
-1.1501 161.653
-1.10586 161.645
-1.06155 161.623
-1.01724 161.598
-0.972992 161.585
-0.92875 161.571
-0.884577 161.571
-0.840417 161.574
-0.796219 161.569
-0.751957 161.547
-0.707725 161.531
-0.663519 161.52
-0.619336 161.515
-0.575147 161.507
-0.530992 161.51
-0.486828 161.51
-0.442644 161.502
-0.398474 161.5
-0.354322 161.506
-0.310157 161.506
-0.265957 161.484
-0.221759 161.456
-0.177612 161.465
-0.133464 161.477
-0.0893046 161.48
-0.0451395 161.475
-0.000970233 161.444
0.0431856 161.439
0.0873375 161.423
0.131499 161.445
0.17564 161.42
0.219793 161.421
0.263967 161.441
0.308151 161.46
0.352305 161.455
0.396497 161.472
0.440669 161.475
0.484861 161.487
0.529079 161.507
0.573305 161.526
0.617517 161.538
0.66171 161.541
0.705895 161.541
0.750139 161.558
0.79439 161.575
0.838606 161.581
0.882814 161.584
0.927059 161.596
0.971298 161.605
1.01553 161.611
1.05976 161.616
1.10402 161.628
1.14828 161.637
1.19267 161.668
1.23697 161.682
1.28121 161.685
1.32554 161.702
1.36997 161.733
1.41422 161.736
1.45848 161.739
1.50277 161.748
1.54718 161.771
1.59153 161.785
1.6358 161.788
1.68017 161.802
1.72456 161.819
1.76889 161.828
1.81318 161.831
1.85769 161.86
1.90227 161.893
1.9466 161.899
1.99093 161.905
2.03554 161.939
2.08016 161.973
2.12458 161.984
2.16896 161.993
2.21332 161.999
2.25803 162.036
2.30246 162.047
2.34713 162.078
2.39165 162.096
2.4363 162.124
2.4808 162.138
2.52559 162.175
2.57074 162.24
2.61524 162.251
2.65975 162.263
2.70463 162.303
2.74919 162.317
2.79448 162.385
2.83907 162.399
2.88394 162.433
2.92906 162.484
2.97417 162.532
3.01868 162.538
3.06311 162.538
3.10809 162.575
3.15283 162.595
3.19784 162.632
3.28877 162.76
4.29006 163.862
4.5243 164.352
4.57033 164.407
5.07665 168.745
5.12166 168.712
