9.29242 148.972
9.32995 148.907
9.36624 148.817
9.40468 148.771
9.43836 148.631
9.5342 148.117
9.57405 148.102
9.885 147.081
9.92295 147.035
9.95936 146.962
9.99714 146.914
10.2146 146.469
10.251 146.401
10.2903 146.384
10.3278 146.337
10.3667 146.313
10.4015 146.217
10.4391 146.172
10.477 146.132
10.5146 146.087
10.5528 146.054
10.5911 146.021
10.6284 145.971
10.6648 145.908
10.7012 145.845
10.7405 145.83
10.7784 145.793
10.816 145.75
10.852 145.682
10.8898 145.645
10.9288 145.626
10.967 145.595
11.0036 145.539
11.0428 145.525
11.0808 145.492
11.1185 145.455
11.1563 145.417
11.1952 145.4
11.2324 145.354
11.271 145.333
11.3093 145.304
11.347 145.269
11.3847 145.232
11.4224 145.197
11.4612 145.178
11.4992 145.147
11.537 145.115
11.5747 145.08
11.6137 145.066
11.652 145.04
11.6894 145
11.7272 144.967
11.7669 144.965
11.8064 144.96
11.8445 144.932
11.8821 144.897
11.921 144.883
11.9602 144.873
11.9984 144.847
12.0365 144.822
12.0754 144.808
12.1124 144.763
12.1511 144.747
12.1907 144.744
12.2299 144.735
12.2677 144.705
12.3061 144.684
12.3449 144.669
12.3838 144.655
12.4227 144.643
12.4613 144.625
12.499 144.594
12.5381 144.585
12.5755 144.55
12.613 144.518
12.6524 144.513
12.6923 144.515
12.732 144.514
12.771 144.503
12.8081 144.465
12.8465 144.447
12.8859 144.442
12.9253 144.437
12.964 144.423
13.0028 144.409
13.0408 144.385
13.0795 144.371
13.1181 144.355
13.1571 144.345
13.1971 144.35
13.2366 144.347
13.275 144.328
13.3142 144.321
13.3537 144.319
13.3922 144.302
13.4305 144.284
13.4696 144.276
13.5085 144.265
13.5479 144.262
13.5886 144.275
13.6293 144.289
13.6667 144.259
13.7055 144.247
13.7455 144.251
13.7864 144.267
13.8259 144.264
13.865 144.257
13.9043 144.252
13.9449 144.263
13.9842 144.259
14.0235 144.254
14.0627 144.249
14.1028 144.253
14.1411 144.237
14.1804 144.232
14.2203 144.234
14.259 144.222
14.2979 144.212
14.3375 144.212
14.3774 144.214
14.4172 144.216
14.4561 144.206
14.4944 144.19
14.5339 144.187
14.5746 144.201
14.6151 144.212
14.6544 144.207
14.6933 144.198
14.7329 144.197
14.7725 144.197
14.8125 144.201
14.8525 144.205
14.8919 144.203
14.9317 144.205
14.9713 144.204
15.0113 144.209
15.0519 144.22
15.0923 144.229
15.133 144.242
15.1734 144.251
15.2138 144.26
15.254 144.266
15.2948 144.28
15.3358 144.295
15.3752 144.293
15.4145 144.288
15.4556 144.306
15.4964 144.319
15.5361 144.319
15.5759 144.321
15.6165 144.332
15.6571 144.343
15.6974 144.35
15.7388 144.37
15.78 144.388
15.8202 144.394
15.8599 144.394
15.9005 144.405
15.943 144.437
15.983 144.441
16.0229 144.443
16.0639 144.459
16.1054 144.479
16.1467 144.497
16.1868 144.501
16.2283 144.522
16.2694 144.538
16.3096 144.544
16.3503 144.555
16.3929 144.587
16.4336 144.598
16.4754 144.621
16.5157 144.627
16.5587 144.664
16.5994 144.675
16.6422 144.709
16.6847 144.739
16.725 144.745
16.767 144.77
16.8069 144.772
16.8475 144.781
16.8904 144.815
16.9335 144.852
16.9758 144.879
17.0166 144.89
17.0596 144.925
17.1002 144.933
17.1453 144.991
17.1879 145.02
17.2289 145.034
17.2698 145.045
17.3126 145.077
17.3583 145.139
17.4016 145.176
17.4424 145.187
17.4878 145.245
17.5289 145.258
17.5689 145.26
17.6151 145.327
17.6617 145.396
17.7019 145.4
17.7424 145.407
17.7885 145.472
17.8347 145.536
17.8752 145.543
17.9189 145.582
17.9654 145.649
18.0103 145.7
18.0531 145.73
18.0942 145.741
18.1375 145.775
18.464 146.244
18.5052 146.256
18.5482 146.286
18.5948 146.351
