0.467259 118.311
1.01587 117.159
1.04991 117.093
1.0841 117.054
1.11789 116.961
1.15211 116.933
1.18647 116.924
1.35626 116.66
1.39059 116.656
1.42491 116.653
1.79727 116.182
1.83141 116.174
1.86531 116.146
1.96608 115.997
2.00019 115.991
2.03437 115.989
2.06852 115.986
2.10248 115.969
2.13545 115.883
2.16926 115.858
2.20304 115.831
2.23702 115.82
2.2708 115.795
2.30444 115.762
2.33835 115.747
2.37183 115.705
2.40569 115.689
2.43909 115.644
2.47246 115.599
2.50651 115.596
2.54047 115.588
2.5742 115.566
2.60783 115.54
2.64141 115.512
2.67505 115.487
2.70907 115.484
2.74277 115.464
2.77672 115.458
2.81044 115.439
2.84432 115.43
2.87758 115.388
2.9113 115.372
2.94489 115.349
2.9785 115.327
3.01247 115.324
3.046 115.299
3.07941 115.27
3.11304 115.252
3.14699 115.249
3.1808 115.239
3.21452 115.226
3.24857 115.227
3.28251 115.224
3.31637 115.218
3.34948 115.178
3.3828 115.149
3.41664 115.142
3.45059 115.141
3.48434 115.131
3.51766 115.103
3.55148 115.096
3.58534 115.091
3.61932 115.092
3.65264 115.065
3.68595 115.039
3.71958 115.026
3.75282 114.998
3.78665 114.993
3.82095 115.007
3.85551 115.03
3.88908 115.015
3.92246 114.994
3.95619 114.986
3.99005 114.982
4.02355 114.966
4.05695 114.946
4.0907 114.94
4.12469 114.942
4.15844 114.935
4.1919 114.919
4.22598 114.924
4.25938 114.906
4.29269 114.885
4.32612 114.868
4.35989 114.864
4.39401 114.87
4.42788 114.869
4.46145 114.857
4.49536 114.857
4.52938 114.861
4.56324 114.859
4.59711 114.858
4.63107 114.86
4.66509 114.863
4.69912 114.866
4.73282 114.86
4.76641 114.85
4.80054 114.857
4.8345 114.859
4.86842 114.859
4.90222 114.856
4.93546 114.836
4.9687 114.816
5.00248 114.813
5.03644 114.815
5.07057 114.822
5.1051 114.84
5.13831 114.82
5.17181 114.809
5.20553 114.804
5.23925 114.799
5.27308 114.798
5.30709 114.801
5.34099 114.801
5.37488 114.801
5.40884 114.803
5.44291 114.808
5.47699 114.813
5.51101 114.817
5.54503 114.82
5.57886 114.818
5.61263 114.815
5.6464 114.812
5.68004 114.806
5.71373 114.801
5.74743 114.796
5.78106 114.79
5.81514 114.795
5.84949 114.806
5.88364 114.813
5.9174 114.81
5.95142 114.813
5.98626 114.836
6.02171 114.874
6.05561 114.874
6.08931 114.869
6.12363 114.879
6.15746 114.878
6.19101 114.87
6.22534 114.88
6.25973 114.891
6.29392 114.898
6.32868 114.918
6.36338 114.936
6.39744 114.94
6.43143 114.941
6.4657 114.95
6.49999 114.958
6.5342 114.965
6.56812 114.965
6.60248 114.975
6.63745 114.998
6.67205 115.013
6.70605 115.015
6.74021 115.02
6.77414 115.02
6.80822 115.023
6.84331 115.048
6.87825 115.07
6.9125 115.076
6.94746 115.098
6.98156 115.101
7.01583 115.108
7.05009 115.115
7.08596 115.154
7.12015 115.159
7.15524 115.183
7.18969 115.193
7.22471 115.214
7.2595 115.231
7.29462 115.254
7.32893 115.261
7.36333 115.269
7.39906 115.304
7.43389 115.321
7.46906 115.344
7.50382 115.359
7.5379 115.361
7.57224 115.367
7.60865 115.414
7.64317 115.424
7.67736 115.427
7.71224 115.444
7.74652 115.449
7.78072 115.453
7.81624 115.481
7.85159 115.506
7.88704 115.532
7.92144 115.539
7.95745 115.576
7.99303 115.604
8.02826 115.626
8.06268 115.633
8.09829 115.661
8.34756 115.853
8.38385 115.891
8.56409 116.059
8.59843 116.062
8.63248 116.061
8.66673 116.062
9.74864 117.471
