7.99136 144.098
8.03068 144.07
8.48081 143.284
8.51782 143.212
8.66455 142.904
8.92197 142.404
8.96133 142.388
9.11107 142.172
9.60115 141.585
9.6394 141.553
9.67764 141.521
9.71672 141.505
9.75432 141.462
9.79116 141.405
9.83082 141.4
9.87023 141.391
9.90701 141.334
9.94565 141.311
9.98378 141.279
10.0223 141.254
10.0614 141.241
10.0976 141.175
10.1354 141.138
10.1743 141.122
10.2115 141.075
10.2506 141.063
10.289 141.038
10.3282 141.027
10.3646 140.968
10.4037 140.954
10.4417 140.925
10.4796 140.891
10.5175 140.859
10.5558 140.834
10.595 140.825
10.6344 140.818
10.6735 140.807
10.7114 140.775
10.7499 140.755
10.789 140.743
10.8274 140.721
10.8659 140.7
10.9037 140.669
10.942 140.646
10.9798 140.614
11.0186 140.599
11.0572 140.58
11.0948 140.547
11.1336 140.533
11.173 140.528
11.2124 140.524
11.2517 140.517
11.289 140.479
11.3278 140.465
11.3666 140.452
11.4057 140.443
11.4444 140.427
11.4836 140.42
11.5223 140.404
11.5615 140.397
11.6001 140.382
11.6383 140.359
11.6775 140.352
11.7164 140.341
11.755 140.325
11.7942 140.318
11.8334 140.312
11.8715 140.289
11.9103 140.276
11.9494 140.269
11.9889 140.267
12.0278 140.255
12.0662 140.237
12.1061 140.242
12.1458 140.244
12.185 140.237
12.2237 140.224
12.2619 140.203
12.2986 140.161
12.3335 140.093
12.3703 140.053
12.4092 140.044
12.4469 140.017
12.488 140.039
12.5295 140.066
12.5701 140.082
12.6096 140.079
12.6478 140.061
12.6879 140.068
12.7278 140.073
12.7684 140.088
12.8067 140.07
12.846 140.066
12.887 140.086
12.9286 140.115
12.9698 140.138
13.0096 140.14
13.0478 140.122
13.0867 140.113
13.1275 140.128
13.1675 140.135
13.2069 140.133
13.2472 140.142
13.2877 140.155
13.3271 140.153
13.3662 140.146
13.4054 140.142
13.445 140.141
13.4856 140.155
13.5263 140.171
13.5664 140.177
13.6066 140.186
13.6452 140.173
13.6846 140.17
13.7241 140.17
13.7639 140.173
13.8048 140.191
13.8446 140.193
13.884 140.19
13.9244 140.202
13.9636 140.197
14.0044 140.213
14.0459 140.237
14.0871 140.258
14.1274 140.267
14.1677 140.275
14.2069 140.271
14.2467 140.273
14.2868 140.28
14.3267 140.284
14.3681 140.307
14.4077 140.307
14.4469 140.302
14.4868 140.307
14.5284 140.331
14.5691 140.345
14.6094 140.354
14.6529 140.401
14.693 140.408
14.7328 140.41
14.7728 140.414
14.8133 140.425
14.8576 140.482
14.8976 140.486
14.937 140.484
14.977 140.488
15.0172 140.495
15.0606 140.54
15.1012 140.551
15.1421 140.567
15.1835 140.587
15.2233 140.589
15.265 140.614
15.3058 140.628
15.3466 140.641
15.3884 140.666
15.4304 140.693
15.4708 140.702
15.5112 140.711
15.5554 140.763
15.596 140.774
15.6387 140.808
15.6793 140.819
15.7239 140.876
15.7644 140.885
15.8071 140.919
15.8498 140.952
15.8899 140.957
15.93 140.961
15.9703 140.968
16.0157 141.031
16.0615 141.099
16.102 141.108
16.1444 141.138
16.1845 141.142
16.2273 141.176
16.2704 141.213
16.4895 141.435
16.5321 141.465
16.7947 141.72
16.8352 141.727
