-15.9155 155.584
-15.2635 153.766
-15.2205 153.751
-15.1765 153.723
-15.1329 153.7
-15.0289 153.442
-14.9814 153.369
-14.9383 153.351
-14.7983 153.16
-14.7077 153.066
-14.5231 152.83
-14.4784 152.79
-14.4345 152.76
-14.3922 152.75
-14.3474 152.708
-14.3028 152.668
-14.2584 152.63
-14.2136 152.588
-14.1663 152.51
-14.1221 152.475
-14.0802 152.47
-14.0378 152.458
-13.9917 152.395
-13.9491 152.38
-13.9046 152.34
-13.8596 152.293
-13.8165 152.271
-13.7738 152.253
-13.7288 152.206
-13.6865 152.194
-13.6441 152.181
-13.5985 152.124
-13.5562 152.112
-13.5144 152.107
-13.4685 152.044
-13.426 152.03
-13.3839 152.02
-13.3405 151.992
-13.2968 151.96
-13.2543 151.945
-13.2105 151.91
-13.1673 151.886
-13.1252 151.876
-13.0833 151.868
-13.0395 151.834
-12.9957 151.799
-12.9538 151.792
-12.9118 151.782
-12.8687 151.757
-12.8256 151.732
-12.7838 151.725
-12.7421 151.72
-12.7 151.71
-12.6565 151.678
-12.614 151.661
-12.5716 151.646
-12.5291 151.629
-12.4876 151.626
-12.4449 151.606
-12.4029 151.597
-12.3612 151.592
-12.3192 151.582
-12.2763 151.557
-12.2338 151.54
-12.1925 151.54
-12.1502 151.525
-12.1077 151.508
-12.065 151.486
-12.0235 151.483
-11.982 151.481
-11.9402 151.474
-11.8985 151.469
-11.8569 151.464
-11.8154 151.461
-11.7743 151.464
-11.7323 151.454
-11.6896 151.432
-11.6477 151.422
-11.6062 151.42
-11.565 151.422
-11.5229 151.41
-11.4818 151.413
-11.4414 151.428
-11.3999 151.425
-11.3578 151.413
-11.3166 151.415
-11.2755 151.418
-11.233 151.398
-11.1911 151.388
-11.1502 151.396
-11.1094 151.406
-11.0675 151.396
-11.0255 151.384
-10.9837 151.376
-10.9418 151.367
-10.9008 151.372
-10.8603 151.387
-10.8187 151.382
-10.7781 151.394
-10.7365 151.389
-10.6965 151.412
-10.6567 151.439
-10.6152 151.437
-10.5736 151.432
-10.5338 151.459
-10.4917 151.447
-10.4505 151.449
-10.4093 151.452
-10.367 151.435
-10.3246 151.415
-10.2834 151.417
-10.2419 151.415
-10.2006 151.415
-10.1598 151.425
-10.1195 151.445
-10.0794 151.467
-10.0383 151.472
-9.9976 151.485
-9.95677 151.495
-9.91619 151.51
-9.87496 151.512
-9.83321 151.505
-9.79224 151.513
-9.7519 151.532
-9.71105 151.542
-9.67019 151.552
-9.62919 151.56
-9.58807 151.565
-9.54758 151.582
-9.50707 151.6
-9.46656 151.617
-9.42555 151.625
-9.3849 151.64
-9.344 151.65
-9.30346 151.667
-9.26279 151.682
-9.22163 151.687
-9.18119 151.707
-9.1405 151.722
-9.10029 151.747
-9.05934 151.757
-9.01875 151.775
-8.97839 151.797
-8.93707 151.8
-8.89635 151.815
-8.85584 151.835
-8.81475 151.842
-8.77423 151.862
-8.7337 151.882
-8.69363 151.912
-8.65274 151.925
-8.61264 151.955
-8.57162 151.965
-8.53037 151.97
-8.49024 152
-8.45022 152.032
-8.40962 152.052
-8.36967 152.087
-8.32927 152.112
-8.28809 152.12
-8.24723 152.135
-8.20833 152.195
-8.16875 152.24
-8.12894 152.28
-8.08771 152.287
-8.04637 152.292
-8.00705 152.345
-7.96602 152.358
-7.92487 152.368
-7.88487 152.405
-7.84496 152.445
-7.80493 152.483
-7.76374 152.493
-7.72491 152.561
-7.68391 152.576
-7.64473 152.636
-7.6034 152.644
-7.36142 152.845
-7.32228 152.911
-7.28146 152.933
-7.24362 153.034
-7.20208 153.039
-7.16074 153.049
-7.08191 153.173
-7.04175 153.216
-7.00269 153.289
-6.96221 153.325
-6.9219 153.365
-6.88285 153.441
-6.84387 153.52
-6.80367 153.566
-6.76254 153.586
-6.72231 153.632
-6.68205 153.677
-6.44752 154.171
-6.40716 154.22
-6.3667 154.266
