-12.6447 138.77
-12.603 138.731
-12.5595 138.668
-12.5174 138.622
-12.4737 138.555
-12.4305 138.494
-12.3885 138.448
-12.345 138.383
-12.3035 138.344
-12.2607 138.287
-12.2208 138.272
-12.1784 138.22
-12.1383 138.201
-12.0956 138.144
-12.0538 138.101
-12.0128 138.069
-11.9722 138.041
-11.9309 138.004
-11.8876 137.937
-11.8474 137.915
-11.8056 137.87
-11.766 137.857
-11.7236 137.803
-11.6825 137.767
-11.6424 137.745
-11.6002 137.693
-11.5608 137.683
-11.5201 137.653
-11.4792 137.618
-11.4387 137.59
-11.3989 137.573
-11.3572 137.526
-11.3178 137.515
-11.2785 137.505
-11.2365 137.453
-11.1972 137.442
-11.1577 137.43
-11.1161 137.382
-11.077 137.376
-11.0368 137.35
-10.9971 137.333
-10.9568 137.308
-10.9165 137.28
-10.8763 137.254
-10.8369 137.241
-10.7964 137.211
-10.7572 137.201
-10.7168 137.173
-10.6773 137.158
-10.6363 137.117
-10.597 137.107
-10.5579 137.098
-10.518 137.075
-10.4791 137.071
-10.4399 137.06
-10.4003 137.043
-10.3606 137.024
-10.3214 137.013
-10.2826 137.009
-10.2435 136.999
-10.2034 136.973
-10.1641 136.96
-10.1244 136.941
-10.0855 136.935
-10.0462 136.922
-10.0067 136.905
-9.9673 136.891
-9.92803 136.878
-9.88938 136.876
-9.85025 136.865
-9.81099 136.853
-9.77125 136.831
-9.73237 136.825
-9.69301 136.81
-9.65377 136.798
-9.61466 136.787
-9.57567 136.779
-9.53657 136.768
-9.49794 136.766
-9.45955 136.768
-9.4208 136.764
-9.38171 136.754
-9.34273 136.745
-9.30364 136.735
-9.26514 136.735
-9.22686 136.739
-9.18812 136.735
-9.14881 136.72
-9.11007 136.716
-9.07168 136.719
-9.03306 136.717
-8.99388 136.704
-8.95503 136.698
-8.91652 136.698
-8.87802 136.698
-8.83962 136.7
-8.8011 136.701
-8.76259 136.701
-8.72364 136.692
-8.68492 136.688
-8.6463 136.686
-8.60703 136.671
-8.56831 136.667
-8.53012 136.674
-8.49182 136.678
-8.45393 136.691
-8.41573 136.698
-8.37721 136.698
-8.33806 136.685
-8.29975 136.69
-8.26123 136.69
-8.2224 136.684
-8.18337 136.673
-8.14474 136.671
-8.10532 136.652
-8.0667 136.65
-8.02838 136.655
-7.82067 133.023
-7.95262 136.683
-7.91439 136.689
-7.87615 136.696
-7.83791 136.703
-7.79938 136.703
-7.7619 136.727
-7.72384 136.737
-7.68568 136.746
-7.64684 136.74
-7.6082 136.738
-7.56993 136.744
-7.53213 136.762
-7.49497 136.794
-7.45678 136.803
-7.41821 136.803
-7.37974 136.805
-7.34162 136.816
-7.3036 136.829
-7.26629 136.859
-7.22806 136.868
-7.18965 136.873
-7.15124 136.877
-7.11318 136.89
-7.07556 136.914
-7.03775 136.933
-6.99949 136.942
-6.96097 136.945
-6.9227 136.953
-6.88451 136.964
-6.84675 136.986
-6.80821 136.988
-6.77035 137.008
-6.73239 137.025
-6.69467 137.049
-6.65628 137.055
-6.61863 137.081
-6.58096 137.107
-6.54239 137.11
-6.50405 137.119
-6.46596 137.134
-6.42785 137.149
-6.38926 137.151
-6.35099 137.162
-6.31341 137.193
-6.27567 137.219
-6.23745 137.232
-6.19984 137.262
-6.16206 137.288
-6.12427 137.314
-6.08715 137.36
-6.04888 137.373
-6.00992 137.367
-5.97105 137.362
-5.93284 137.378
-5.8969 137.46
-5.85851 137.471
-5.82019 137.484
-5.7823 137.51
-5.74447 137.538
-5.70676 137.571
-5.66819 137.578
-5.63025 137.604
-5.59258 137.639
-5.55468 137.667
-5.51711 137.706
-5.4787 137.719
-5.44084 137.75
-5.40221 137.757
-5.36526 137.818
-5.32741 137.85
-5.28895 137.863
-5.2516 137.914
-5.21306 137.925
-5.17535 137.964
-5.13743 137.997
-5.10026 138.056
-5.06161 138.065
-5.02377 138.102
-4.98653 138.161
-4.68425 138.505
-4.64552 138.516
-4.34372 138.937
-4.30573 138.983
-4.26809 139.045
-4.23064 139.115
-4.19327 139.191
-4.1556 139.255
-4.11728 139.292
-4.07905 139.335
-3.85514 139.859
-3.81628 139.881
-3.59026 142.355
-3.5509 142.382
