-24.8702 83.9027
-24.8437 83.9005
-0.307908 125.975
-0.271901 125.964
-0.199702 125.821
-0.163704 125.788
0.0160905 125.52
0.0519736 125.509
0.0878473 125.462
0.159504 125.318
0.338284 125.078
0.374007 125.047
0.409685 125
0.44542 124.987
0.58799 124.839
0.623688 124.83
0.659231 124.78
0.694737 124.726
0.730304 124.693
0.765961 124.683
0.801452 124.639
0.837004 124.611
0.872636 124.602
0.908177 124.576
0.943696 124.549
1.04999 124.434
1.08557 124.425
1.12089 124.377
1.15646 124.37
1.19191 124.344
1.2273 124.313
1.26285 124.305
1.29828 124.281
1.33365 124.252
1.36902 124.225
1.40457 124.219
1.43995 124.195
1.47519 124.157
1.5105 124.127
1.546 124.12
1.5814 124.102
1.61673 124.078
1.65221 124.07
1.68756 124.05
1.72281 124.021
1.75806 123.993
1.79356 123.99
1.829 123.981
1.86426 123.957
1.8996 123.94
1.93506 123.935
1.97024 123.906
2.00535 123.873
2.04079 123.867
2.07626 123.863
2.11167 123.856
2.14691 123.836
2.1821 123.812
2.2175 123.805
2.25266 123.781
2.28795 123.767
2.32322 123.752
2.3586 123.745
2.39392 123.734
2.42929 123.726
2.46474 123.725
2.50016 123.721
2.5354 123.706
2.57041 123.677
2.60573 123.668
2.64104 123.659
2.67635 123.65
2.71172 123.644
2.74708 123.639
2.78235 123.628
2.81768 123.621
2.85293 123.61
2.88812 123.595
2.92343 123.588
2.95871 123.579
2.99405 123.573
2.98234 121.062
3.06489 123.572
3.10009 123.559
3.1352 123.543
3.17039 123.53
3.20581 123.53
3.24124 123.53
3.2766 123.526
3.31191 123.521
3.34745 123.526
3.38284 123.525
3.41792 123.508
3.45311 123.497
3.48845 123.494
3.52395 123.497
3.55949 123.503
3.59487 123.501
3.63017 123.495
3.66542 123.488
3.70084 123.488
3.73605 123.479
3.77155 123.483
3.80705 123.486
3.84269 123.496
3.87904 123.534
3.91661 123.622
3.94985 123.532
3.98482 123.514
4.02029 123.516
4.0552 123.496
4.09057 123.494
4.12585 123.488
4.16122 123.487
4.19663 123.487
4.232 123.485
4.26727 123.479
4.30259 123.476
4.33785 123.47
4.37321 123.469
4.40862 123.469
4.44408 123.47
4.47965 123.476
4.51517 123.48
4.55068 123.483
4.5861 123.483
4.62151 123.483
4.65719 123.492
4.69304 123.507
4.72856 123.511
4.76393 123.509
4.79973 123.522
4.83565 123.538
4.87113 123.54
4.9065 123.538
4.94198 123.54
4.97752 123.544
5.01306 123.547
5.04872 123.555
5.08433 123.56
5.11981 123.562
5.15572 123.577
5.19163 123.591
5.22737 123.6
5.26268 123.597
5.29818 123.598
5.33374 123.602
5.3693 123.606
5.40505 123.615
5.44118 123.635
5.47688 123.642
5.51309 123.664
5.54982 123.701
5.58618 123.726
5.62184 123.732
5.65756 123.739
5.6929 123.736
5.7287 123.745
5.7649 123.765
5.80131 123.791
5.83733 123.805
5.87294 123.809
5.90856 123.813
5.94439 123.822
5.98063 123.842
6.01703 123.866
6.05287 123.875
6.08893 123.889
6.12563 123.921
6.1615 123.93
6.19722 123.935
6.23352 123.955
6.2694 123.965
6.30601 123.992
6.34241 124.014
6.37875 124.034
6.41443 124.038
6.45026 124.045
6.487 124.075
6.5239 124.108
6.56074 124.139
6.59736 124.165
6.63385 124.187
6.6698 124.196
6.70622 124.216
6.74304 124.246
6.77925 124.26
6.81665 124.303
6.85272 124.314
6.88935 124.338
6.92672 124.378
6.96443 124.426
7.00094 124.447
7.0368 124.452
7.07276 124.46
7.10954 124.485
7.14591 124.502
7.18389 124.554
7.22155 124.598
7.25737 124.602
7.29353 124.613
7.33158 124.665
7.36871 124.696
7.40499 124.709
7.44318 124.763
7.48131 124.815
7.51859 124.848
7.55632 124.891
7.59292 124.909
7.63069 124.952
7.66732 124.97
7.70539 125.019
7.74285 125.054
7.78133 125.11
7.81911 125.151
7.85745 125.203
7.89536 125.246
7.93199 125.262
7.9704 125.315
8.00827 125.356
8.04672 125.408
8.08577 125.471
8.12579 125.554
8.16338 125.587
8.20107 125.623
8.23984 125.679
8.2801 125.763
8.31913 125.823
8.3574 125.868
8.39767 125.951
8.43658 126.007
8.47593 126.071
8.5154 126.137
8.55441 126.194
8.68219 126.56
8.72412 126.668
8.76281 126.716
8.80172 126.767
8.84003 126.807
9.04996 127.981
9.08667 127.987
