-1.41719 124.011
-1.38178 124.002
-1.34638 123.995
-0.911905 122.331
-0.876896 122.322
-0.630004 121.829
-0.595109 121.817
-0.560175 121.794
-0.350315 121.482
-0.21094 121.314
-0.176128 121.263
-0.141366 121.232
-0.106621 121.202
-0.071868 121.151
-0.0371337 121.096
-0.00243991 121.069
0.0322385 121.055
0.0669139 121.005
0.101566 120.949
0.136197 120.902
0.170831 120.897
0.205464 120.893
0.240072 120.867
0.274638 120.817
0.309238 120.804
0.343801 120.773
0.378306 120.719
0.412817 120.679
0.447384 120.67
0.481955 120.665
0.516414 120.62
0.550883 120.585
0.585365 120.559
0.619853 120.538
0.654376 120.53
0.688835 120.505
0.723261 120.476
0.757682 120.448
0.792098 120.422
0.826536 120.403
0.861017 120.394
0.895404 120.368
0.929788 120.344
0.96423 120.332
0.998576 120.304
1.03291 120.277
1.06724 120.251
1.10157 120.226
1.13598 120.216
1.17022 120.181
1.20458 120.166
1.23894 120.15
1.27337 120.145
1.30778 120.138
1.34206 120.116
1.37616 120.073
1.4105 120.06
1.44473 120.036
1.47931 120.052
1.5138 120.057
1.548 120.031
1.58211 119.996
1.61631 119.974
1.65055 119.955
1.68486 119.945
1.71924 119.941
1.75347 119.924
1.78764 119.902
1.82193 119.891
1.85615 119.876
1.89047 119.869
1.92483 119.865
1.95898 119.845
1.99318 119.829
2.02746 119.82
2.06184 119.82
2.09594 119.798
2.13018 119.788
2.16435 119.772
2.19852 119.757
2.2326 119.736
2.26684 119.727
2.30101 119.714
2.33532 119.71
2.36973 119.713
2.40409 119.713
2.43819 119.696
2.47225 119.677
2.50657 119.675
2.54095 119.677
2.57535 119.68
2.60953 119.67
2.64362 119.655
2.67779 119.644
2.71193 119.632
2.74618 119.627
2.7806 119.632
2.81497 119.634
2.84915 119.625
2.88321 119.61
2.91729 119.596
2.95155 119.592
2.98601 119.599
3.0202 119.592
3.05427 119.578
3.08895 119.597
3.12345 119.606
3.15764 119.599
3.19148 119.575
3.22566 119.568
3.25994 119.566
3.29437 119.571
3.32836 119.556
3.36308 119.574
3.39824 119.613
3.43186 119.581
3.46535 119.543
3.50004 119.56
3.53447 119.565
3.56898 119.574
3.60337 119.577
3.63773 119.579
3.67197 119.575
3.70612 119.568
3.74051 119.572
3.77491 119.575
3.8091 119.57
3.84325 119.563
3.87756 119.563
3.91199 119.568
3.94652 119.576
3.98096 119.581
4.01545 119.588
4.04976 119.588
4.08399 119.584
4.1183 119.584
4.15257 119.583
4.18693 119.584
4.22128 119.586
4.25569 119.589
4.29019 119.596
4.32474 119.604
4.3592 119.609
4.3938 119.62
4.42826 119.625
4.46263 119.626
4.49719 119.635
4.53176 119.643
4.56638 119.653
4.60095 119.662
4.63543 119.667
4.66981 119.669
4.70444 119.679
4.73908 119.689
4.77367 119.697
4.80811 119.701
4.84254 119.704
4.87714 119.713
4.91201 119.73
4.94624 119.726
4.9809 119.736
5.01563 119.748
5.0503 119.758
5.0847 119.76
5.11904 119.76
5.15383 119.773
5.18863 119.787
5.22395 119.816
5.25853 119.823
5.29323 119.833
5.328 119.845
5.36347 119.878
5.39808 119.884
5.43256 119.888
5.46723 119.896
5.5019 119.905
5.53718 119.93
5.57168 119.934
5.60667 119.951
5.64186 119.973
5.67661 119.983
5.71131 119.992
5.74608 120.002
5.78129 120.024
5.81665 120.05
5.85143 120.06
5.88642 120.076
5.92134 120.089
5.95614 120.099
5.99115 120.115
6.02715 120.156
6.06251 120.18
6.0974 120.192
6.13278 120.216
6.16823 120.242
6.20294 120.249
6.23821 120.269
6.27327 120.285
6.30904 120.317
6.34413 120.333
6.37964 120.359
6.41552 120.393
6.45149 120.429
6.48647 120.441
6.52189 120.464
6.55659 120.469
6.59282 120.51
6.62812 120.529
6.66432 120.569
6.6992 120.577
6.7349 120.605
6.77061 120.633
6.80559 120.643
6.84208 120.688
6.87875 120.736
6.91452 120.764
6.95038 120.793
6.9854 120.804
7.02182 120.845
7.0578 120.876
7.09482 120.93
7.13107 120.967
7.16741 121.005
7.20257 121.017
7.23951 121.067
7.27582 121.104
7.31175 121.132
7.34785 121.163
7.38471 121.21
7.41985 121.22
7.45674 121.267
7.4939 121.32
7.53126 121.376
7.56754 121.409
8.13449 122.31
