-24.1305 129.661
-24.083 129.588
-24.0335 129.501
-23.9869 129.434
-23.0222 127.823
-22.982 127.796
-22.9412 127.766
-22.1184 127.081
-22.038 127.024
-21.9971 126.99
-21.954 126.94
-21.9167 126.932
-21.8763 126.902
-21.837 126.879
-21.7997 126.872
-21.7599 126.845
-21.7198 126.817
-21.6805 126.794
-21.6435 126.789
-21.6034 126.76
-21.5623 126.724
-21.5218 126.692
-21.4838 126.679
-21.4445 126.656
-21.4084 126.656
-21.3724 126.658
-21.3353 126.651
-21.2978 126.642
-21.2609 126.636
-21.2239 126.631
-21.1867 126.623
-21.1468 126.595
-21.1081 126.576
-21.0714 126.572
-21.0317 126.546
-20.9948 126.54
-20.9576 126.533
-20.9185 126.51
-20.8796 126.489
-20.8432 126.488
-20.8038 126.463
-20.7666 126.456
-20.7292 126.446
-20.6916 126.435
-20.652 126.409
-20.6136 126.392
-20.577 126.388
-20.5377 126.364
-20.4981 126.337
-20.4612 126.332
-20.4249 126.33
-20.3892 126.334
-20.3531 126.334
-20.3162 126.329
-20.2774 126.308
-20.2401 126.299
-20.201 126.276
-20.1644 126.273
-20.1285 126.275
-20.0921 126.273
-20.0555 126.269
-20.0194 126.269
-19.9832 126.27
-19.9428 126.236
-19.905 126.223
-19.8696 126.228
-19.8351 126.242
-19.7992 126.244
-19.7614 126.231
-19.7232 126.214
-19.688 126.222
-19.6516 126.22
-19.6129 126.199
-19.5779 126.209
-19.5443 126.23
-19.5084 126.232
-19.4695 126.21
-19.431 126.191
-19.3944 126.187
-19.3592 126.195
-19.3242 126.205
-19.2885 126.209
-19.2523 126.209
-19.2164 126.211
-19.1807 126.215
-19.145 126.219
-19.1082 126.214
-19.0707 126.202
-19.0347 126.204
-18.9995 126.212
-18.9637 126.216
-18.9283 126.222
-18.8921 126.222
-18.8559 126.222
-18.8197 126.223
-18.7849 126.234
-18.7499 126.244
-18.7141 126.248
-18.6797 126.263
-18.6451 126.277
-18.6082 126.271
-18.5698 126.253
-18.5323 126.241
-18.4983 126.26
-18.4634 126.272
-18.427 126.27
-18.3904 126.267
-18.3557 126.28
-18.3213 126.296
-18.2848 126.294
-18.2484 126.292
-18.2126 126.296
-18.1775 126.306
-18.1408 126.302
-18.1042 126.299
-18.0695 126.312
-18.0345 126.324
-17.999 126.33
-17.9627 126.33
-17.9271 126.336
-17.8954 126.376
-17.8634 126.414
-17.8282 126.424
-17.7924 126.428
-17.757 126.436
-17.7218 126.446
-17.6853 126.444
-17.6496 126.45
-17.6165 126.478
-17.5815 126.49
-17.5459 126.496
-17.5104 126.504
-17.4766 126.527
-17.4441 126.561
-17.4088 126.571
-17.3735 126.581
-17.3383 126.591
-17.3042 126.612
-17.2687 126.62
-17.2353 126.647
-17.2018 126.674
-17.1686 126.703
-17.1334 126.714
-17.0975 126.718
-17.0616 126.722
-17.0274 126.743
-16.9933 126.765
-16.9584 126.778
-16.9244 126.801
-16.8911 126.83
-16.8551 126.834
-16.8215 126.861
-16.7881 126.89
-16.7529 126.902
-16.7195 126.931
-16.6857 126.956
-16.6505 126.968
-16.6162 126.989
-16.5822 127.012
-16.5465 127.02
-16.5127 127.046
-16.4774 127.057
-16.4457 127.104
-16.4102 127.113
-16.3771 127.146
-16.3435 127.175
-16.3082 127.187
-16.2762 127.232
-16.2411 127.245
-16.2071 127.27
-16.1764 127.329
-16.1433 127.363
-16.1087 127.383
-16.0712 127.373
-16.0368 127.395
-16.0028 127.42
-15.9693 127.451
-15.9362 127.486
-15.6726 127.786
-15.637 127.798
-15.4717 127.985
-15.4377 128.015
-15.4044 128.05
-14.0621 129.1
-14.0278 129.132
-14.0031 129.274
