19.3351 157.233
19.366 157.107
19.4023 157.037
19.4378 156.96
19.3411 152.979
19.3707 152.853
19.4058 152.782
19.4436 152.738
19.7861 151.966
19.826 151.946
19.8643 151.91
19.9666 151.682
20.0416 151.596
20.0758 151.523
20.1493 151.425
20.1875 151.389
20.2253 151.351
20.2595 151.278
20.2992 151.258
20.3379 151.228
20.3759 151.193
20.4151 151.167
20.451 151.112
20.492 151.104
20.5271 151.041
20.5632 150.989
20.5969 150.913
20.634 150.871
20.672 150.835
20.7121 150.82
20.7525 150.808
20.7896 150.765
20.8308 150.76
20.8706 150.742
20.9049 150.675
20.9417 150.63
20.9792 150.592
21.0201 150.585
21.0604 150.572
21.0982 150.537
21.1352 150.494
21.1724 150.454
21.2113 150.429
21.2485 150.389
21.2865 150.357
21.3239 150.319
21.3639 150.304
21.4024 150.277
21.4426 150.264
21.4809 150.234
21.5211 150.222
21.5618 150.214
21.6026 150.207
21.6413 150.182
21.6789 150.147
21.7182 150.127
21.7564 150.097
21.794 150.062
21.8335 150.044
21.8722 150.019
21.9123 150.007
21.9519 149.989
21.9911 149.969
22.0289 149.937
22.0696 149.929
22.1105 149.924
22.1512 149.917
22.1901 149.894
22.2275 149.86
22.2658 149.832
22.3064 149.825
22.3471 149.817
22.385 149.787
22.4239 149.765
22.4648 149.76
22.5045 149.745
22.5436 149.725
22.5836 149.712
22.623 149.695
22.6621 149.675
22.7033 149.672
22.7441 149.667
22.7844 149.657
22.8241 149.642
22.864 149.63
22.9019 149.6
22.9421 149.59
22.9841 149.595
23.0211 149.558
23.0592 149.53
23.0997 149.523
23.1411 149.523
23.1828 149.525
23.2209 149.498
23.2596 149.476
23.3007 149.473
23.3412 149.465
23.3829 149.468
23.4243 149.468
23.4688 149.492
23.5093 149.485
23.5525 149.499
23.5961 149.517
23.6356 149.502
23.678 149.509
23.7172 149.491
23.7586 149.491
23.7978 149.474
23.8405 149.484
23.8828 149.491
23.9245 149.493
23.9678 149.508
24.0086 149.503
24.0484 149.49
24.0895 149.488
24.1325 149.5
24.1745 149.505
24.2172 149.515
24.2598 149.524
24.3003 149.517
24.341 149.512
24.3828 149.514
24.4254 149.524
24.4668 149.524
24.507 149.514
24.548 149.511
24.591 149.523
24.6353 149.545
24.679 149.563
24.721 149.567
24.7634 149.575
24.8055 149.579
24.8475 149.584
24.8906 149.596
24.932 149.596
24.9721 149.586
25.0138 149.589
25.0562 149.596
25.0973 149.593
25.1384 149.591
25.1821 149.608
25.2248 149.618
25.2705 149.65
25.3142 149.667
25.3577 149.681
25.3991 149.681
25.4425 149.696
25.4842 149.698
25.5303 149.733
25.5731 149.743
25.6115 149.72
25.656 149.742
25.6984 149.75
25.7405 149.754
25.7863 149.786
25.8325 149.821
25.875 149.828
25.9195 149.85
25.9606 149.848
26.0037 149.86
26.0503 149.897
26.0976 149.939
26.1397 149.944
26.1819 149.949
26.2271 149.976
26.2693 149.981
26.3118 149.988
26.3619 150.05
26.4044 150.057
26.4504 150.089
26.4965 150.121
26.54 150.136
26.5829 150.146
26.6342 150.215
26.6772 150.225
26.7236 150.26
26.7651 150.26
26.8112 150.292
27.3681 150.697
27.4144 150.729
27.4586 150.746
27.515 150.849
27.5585 150.861
