-9.75499 117.636
-9.71874 117.608
-9.68227 117.578
-9.64458 117.529
-9.60535 117.456
-9.56983 117.439
-9.53243 117.393
-9.49749 117.384
-9.46255 117.376
-9.38612 117.257
-8.9111 116.799
-8.87539 116.775
-8.84052 116.765
-8.80482 116.741
-8.76894 116.715
-8.73164 116.664
-8.69538 116.631
-8.65964 116.605
-8.62392 116.58
-8.588 116.552
-8.55209 116.523
-8.5165 116.5
-8.48102 116.478
-8.44535 116.453
-8.41047 116.441
-8.37472 116.415
-8.33928 116.393
-8.30355 116.366
-8.26726 116.329
-8.23271 116.323
-8.19922 116.334
-8.164 116.316
-8.12937 116.308
-8.0936 116.279
-8.05785 116.251
-8.02118 116.206
-7.98648 116.196
-7.95169 116.184
-7.9182 116.196
-7.88314 116.179
-7.84654 116.134
-7.81178 116.123
-7.77656 116.103
-7.74199 116.094
-7.70662 116.071
-7.67116 116.046
-7.63616 116.029
-7.60197 116.028
-7.56751 116.021
-7.53288 116.011
-7.49799 115.996
-7.46345 115.988
-7.42702 115.943
-7.39155 115.916
-7.35747 115.916
-7.32355 115.92
-7.2893 115.917
-7.25496 115.912
-7.22096 115.913
-7.18604 115.897
-7.15104 115.879
-7.11671 115.874
-7.08247 115.87
-7.04806 115.864
-7.01382 115.86
-6.97958 115.857
-6.9447 115.841
-6.91022 115.832
-6.87535 115.816
-6.84112 115.812
-6.80665 115.804
-6.77148 115.781
-6.73655 115.763
-6.70226 115.758
-6.66813 115.756
-6.63422 115.76
-6.59993 115.755
-6.56542 115.745
-6.53151 115.748
-6.49753 115.75
-6.46347 115.75
-6.42896 115.74
-6.39453 115.732
-6.36003 115.722
-6.32546 115.71
-6.29185 115.72
-6.25801 115.725
-6.22425 115.732
-6.19026 115.734
-6.15563 115.72
-6.12092 115.706
-6.08651 115.697
-6.05267 115.702
-6.01883 115.707
-5.98464 115.704
-5.95002 115.691
-5.91576 115.686
-5.88157 115.683
-5.84718 115.674
-5.81292 115.67
-5.7786 115.663
-5.74462 115.665
-5.71077 115.67
-5.67692 115.675
-5.6428 115.673
-5.60875 115.673
-5.57476 115.675
-5.54096 115.682
-5.50684 115.68
-5.47323 115.692
-5.43904 115.688
-5.40543 115.7
-5.37212 115.72
-5.33799 115.719
-5.30429 115.729
-5.27047 115.735
-5.23584 115.72
-5.20134 115.709
-5.1674 115.712
-5.13333 115.712
-5.09949 115.719
-5.06566 115.726
-5.0317 115.729
-4.99757 115.728
-4.9639 115.739
-4.93005 115.746
-4.89597 115.746
-4.86206 115.751
-4.8282 115.758
-4.79412 115.758
-4.7602 115.763
-4.72622 115.766
-4.69252 115.778
-4.65876 115.788
-4.62515 115.803
-4.59127 115.81
-4.55743 115.818
-4.5236 115.827
-4.48981 115.837
-4.4558 115.84
-4.42226 115.858
-4.38846 115.869
-4.35449 115.874
-4.32048 115.877
-4.28646 115.88
-4.25318 115.909
-4.21915 115.912
-4.18507 115.914
-4.15138 115.929
-4.11822 115.962
-4.08436 115.972
-4.05045 115.981
-4.01654 115.989
-3.98239 115.989
-3.94814 115.986
-3.91496 116.021
-3.88157 116.05
-3.84763 116.058
-3.814 116.078
-3.78023 116.093
-3.74609 116.095
-3.71213 116.104
-3.6782 116.114
-3.64496 116.15
-3.61102 116.161
-3.57699 116.167
-3.5433 116.188
-3.50959 116.208
-3.4755 116.213
-3.44137 116.216
-3.40739 116.226
-3.37414 116.267
-3.34046 116.29
-3.30595 116.278
-3.27172 116.279
-3.23849 116.322
-3.20493 116.352
-3.17117 116.374
-3.13743 116.398
-3.10335 116.406
-3.0696 116.43
-3.03579 116.452
-3.00212 116.48
-2.96844 116.509
-2.93477 116.539
-2.9014 116.585
-2.86726 116.593
-2.83335 116.614
-2.79914 116.619
-2.69804 116.717
-2.66388 116.727
-2.62963 116.732
-2.49452 116.862
-2.46061 116.89
-2.42668 116.917
-2.3934 116.983
-2.35924 116.998
-2.32527 117.025
-2.29123 117.049
-2.25718 117.073
-2.22319 117.102
-1.74897 117.751
-1.71443 117.757
