8.66781 137.945
8.70533 137.927
8.74177 137.889
8.77776 137.842
8.82859 137.33
8.86466 137.287
8.90017 137.234
9.29306 136.01
9.33043 135.999
9.43202 135.775
9.46625 135.708
9.50182 135.666
9.53599 135.6
9.57198 135.566
9.71042 135.337
9.74515 135.283
9.78208 135.268
9.81783 135.232
9.85345 135.195
9.88786 135.137
9.92165 135.068
9.95578 135.006
9.99179 134.977
10.0291 134.97
10.0649 134.937
10.1018 134.925
10.1363 134.871
10.1701 134.805
10.2055 134.767
10.2427 134.759
10.2779 134.717
10.313 134.676
10.3485 134.641
10.3841 134.608
10.4195 134.57
10.4552 134.539
10.4913 134.515
10.5267 134.479
10.5633 134.463
10.5976 134.411
10.6344 134.399
10.6702 134.37
10.7048 134.322
10.7413 134.306
10.777 134.277
10.8137 134.264
10.8493 134.233
10.8847 134.201
10.9201 134.168
10.9562 134.145
10.9926 134.128
11.0271 134.081
11.0639 134.071
11.1011 134.066
11.1376 134.052
11.1732 134.023
11.2097 134.009
11.2446 133.97
11.279 133.922
11.3156 133.91
11.3506 133.873
11.3872 133.861
11.4236 133.846
11.4601 133.832
11.495 133.795
11.532 133.788
11.5679 133.766
11.604 133.747
11.6405 133.735
11.677 133.72
11.7122 133.69
11.7486 133.675
11.7856 133.669
11.8228 133.667
11.8597 133.66
11.8957 133.64
11.9317 133.621
11.9685 133.613
12.0051 133.603
12.0409 133.58
12.0778 133.574
12.1147 133.567
12.1504 133.545
12.1864 133.526
12.2233 133.52
12.2599 133.51
12.2965 133.499
12.3335 133.495
12.3702 133.487
12.4056 133.46
12.4414 133.44
12.4778 133.427
12.5151 133.427
12.5515 133.415
12.5875 133.396
12.6242 133.388
12.6613 133.386
12.698 133.377
12.7346 133.369
12.7717 133.367
12.809 133.366
12.8463 133.366
12.8825 133.352
12.9187 133.337
12.9559 133.337
12.9937 133.343
13.0311 133.345
13.069 133.353
13.1047 133.332
13.1399 133.306
13.1767 133.299
13.2134 133.293
13.2529 133.321
13.2903 133.323
13.3287 133.337
13.3645 133.319
13.3997 133.292
13.4358 133.278
13.4734 133.282
13.5114 133.291
13.5488 133.293
13.5854 133.285
13.6221 133.279
13.6599 133.284
13.6976 133.29
13.7345 133.286
13.7704 133.27
13.8058 133.247
13.843 133.247
13.8818 133.265
13.9195 133.271
13.9565 133.269
13.9934 133.264
14.0307 133.264
14.0679 133.264
14.1048 133.26
14.1421 133.261
14.1797 133.265
14.2174 133.271
14.2548 133.273
14.292 133.273
14.3301 133.282
14.3675 133.284
14.404 133.276
14.4419 133.284
14.4804 133.298
14.5186 133.31
14.556 133.311
14.593 133.309
14.6303 133.309
14.668 133.315
14.7063 133.327
14.7451 133.345
14.7828 133.351
14.82 133.35
14.8576 133.354
14.8954 133.36
14.9333 133.368
14.9712 133.376
15.0092 133.384
15.0489 133.412
15.0876 133.428
15.1252 133.432
15.1622 133.429
15.1998 133.433
15.2387 133.451
15.2776 133.469
15.3161 133.483
15.3552 133.503
15.3941 133.521
15.4326 133.535
15.4713 133.551
15.5091 133.557
15.5469 133.563
15.5855 133.577
15.6233 133.583
15.6619 133.597
15.7017 133.625
15.7409 133.645
15.7791 133.655
15.8165 133.657
15.8542 133.661
15.8939 133.687
15.9342 133.719
15.9742 133.747
16.012 133.753
16.052 133.781
16.0922 133.812
16.131 133.828
16.171 133.856
16.2112 133.886
16.2503 133.904
16.288 133.908
16.3263 133.918
16.3665 133.949
16.4086 133.997
16.4475 134.013
16.4868 134.033
16.5255 134.048
16.565 134.07
16.6051 134.098
16.6461 134.135
16.685 134.151
16.7248 134.175
16.7645 134.199
16.8047 134.228
16.8457 134.264
16.9306 134.366
16.9688 134.374
17.0099 134.411
17.0522 134.46
17.0906 134.47
17.1287 134.475
17.1716 134.531
17.2155 134.594
17.2544 134.608
17.296 134.649
17.3351 134.665
17.3763 134.702
17.42 134.763
17.4634 134.821
17.5044 134.855
17.6746 135.05
18.3498 136.104
18.3922 136.147
