-24.87 83.9017
-24.8437 83.9005
-23.0308 143.441
-22.855 143.301
-22.6794 143.16
-22.6392 143.154
-22.5986 143.145
-22.3846 143.01
-22.3438 142.999
-22.2976 142.944
-22.2574 142.938
-22.2175 142.934
-22.1742 142.902
-22.1309 142.87
-22.0879 142.841
-22.0475 142.832
-22.0076 142.828
-21.9646 142.799
-21.9239 142.788
-21.8807 142.757
-21.8378 142.727
-21.7973 142.719
-21.7577 142.717
-21.7181 142.715
-21.6786 142.713
-21.6362 142.688
-21.5931 142.657
-21.5524 142.646
-21.5101 142.621
-21.4702 142.617
-21.4304 142.613
-21.3905 142.609
-21.3485 142.586
-21.3051 142.553
-21.265 142.546
-21.2263 142.551
-21.187 142.552
-21.1471 142.547
-21.1073 142.543
-21.0643 142.512
-21.0242 142.505
-20.9822 142.483
-20.9421 142.477
-20.902 142.47
-20.8625 142.468
-20.82 142.441
-20.7797 142.433
-20.7375 142.408
-20.6969 142.397
-20.6574 142.395
-20.6186 142.4
-20.5801 142.408
-20.5403 142.403
-20.501 142.404
-20.4615 142.402
-20.4214 142.396
-20.3819 142.394
-20.3423 142.392
-20.302 142.383
-20.2609 142.368
-20.2219 142.37
-20.1834 142.377
-20.1436 142.373
-20.104 142.371
-20.065 142.374
-20.0257 142.375
-19.9861 142.373
-19.9468 142.373
-19.9073 142.371
-19.8682 142.374
-19.8284 142.37
-19.7891 142.37
-19.7506 142.377
-19.7111 142.375
-19.6717 142.376
-20.0187 145.903
-19.9742 145.863
-19.5553 142.391
-19.5178 142.407
-19.4784 142.407
-19.4401 142.417
-19.4028 142.435
-19.3642 142.443
-19.3276 142.468
-19.2894 142.48
-19.2479 142.46
-19.2086 142.46
-19.167 142.44
-19.1318 142.479
-19.0923 142.477
-19.0549 142.496
-19.0148 142.489
-18.9747 142.483
-18.9347 142.476
-18.8953 142.477
-18.8567 142.484
-18.8166 142.478
-18.7751 142.458
-18.7343 142.444
-18.6964 142.458
-18.6578 142.465
-18.6208 142.489
-18.5824 142.498
-18.5416 142.485
-18.5044 142.506
-18.4676 142.531
-18.4306 142.554
-18.3921 142.564
-18.3537 142.573
-18.3164 142.594
-18.2786 142.611
-18.2425 142.643
-18.2056 142.668
-18.1679 142.685
-18.1287 142.687
-18.0902 142.697
-18.0538 142.727
-18.0162 142.746
-17.9779 142.757
-17.9394 142.767
-17.9011 142.779
-17.8625 142.788
-17.8249 142.807
-17.7895 142.848
-17.7512 142.86
-17.7129 142.872
-17.677 142.909
-17.6387 142.921
-17.5996 142.926
-17.5624 142.949
-17.526 142.981
-17.4872 142.989
-17.4488 143
-17.4109 143.017
-17.3731 143.036
-17.3389 143.091
-17.3012 143.11
-17.2654 143.149
-17.2272 143.163
-17.1883 143.17
-17.149 143.173
-17.1105 143.185
-17.0734 143.211
-17.0349 143.222
-17.0008 143.28
-16.9651 143.322
-16.9285 143.355
-16.8898 143.364
-16.8556 143.422
-16.8173 143.436
-16.7807 143.469
-16.7438 143.499
-16.7066 143.525
-16.6676 143.532
-16.6292 143.546
-16.5929 143.583
-16.5592 143.648
-16.5208 143.663
-16.4856 143.711
-16.4476 143.73
-16.4111 143.765
-16.3726 143.78
-16.3386 143.842
-16.3026 143.884
-16.266 143.919
-16.2296 143.957
-16.1949 144.013
-16.1586 144.053
-16.1207 144.074
-16.0838 144.107
-16.0472 144.142
-16.0111 144.184
-15.9766 144.245
-15.9405 144.287
-15.9023 144.306
-15.8702 144.395
-15.834 144.437
-15.795 144.446
-15.7584 144.484
-15.725 144.559
-15.6934 144.655
-15.6551 144.674
-15.6202 144.733
-15.5841 144.778
-15.5513 144.862
-15.5184 144.944
-15.483 144.999
-15.444 145.011
-15.4094 145.074
-15.3763 145.157
-15.3454 145.265
-15.3115 145.338
-15.2752 145.383
-15.2416 145.462
-15.2076 145.535
-14.9607 147.939
-14.9255 148.007
-14.8852 148.012
-14.8422 147.984
