7.00592 162.199
7.04979 162.185
7.09162 162.113
7.13439 162.068
7.17813 162.051
7.21939 161.964
7.26081 161.883
7.30369 161.844
7.34777 161.839
7.39145 161.822
7.43276 161.741
7.47425 161.666
7.51684 161.622
7.56035 161.602
7.60312 161.563
7.64587 161.524
7.68839 161.48
7.731 161.438
7.77359 161.397
7.81627 161.358
7.85991 161.344
7.90267 161.308
7.9465 161.3
7.99055 161.297
8.0324 161.239
8.07522 161.206
8.11691 161.145
8.16014 161.123
8.2028 161.087
8.24657 161.078
8.28966 161.054
8.33319 161.04
8.37592 161.007
8.4192 160.987
8.46202 160.957
8.5047 160.924
8.54866 160.921
8.59262 160.919
8.63598 160.902
8.67851 160.866
8.72102 160.83
8.76399 160.806
8.80696 160.781
8.85003 160.759
8.89322 160.74
8.9364 160.72
8.97981 160.707
9.02273 160.682
9.06588 160.663
9.10903 160.643
9.15241 160.63
9.19542 160.608
9.23866 160.591
9.28216 160.58
9.32577 160.572
9.36926 160.561
9.41248 160.545
9.45518 160.517
9.49851 160.504
9.54197 160.493
9.58582 160.49
9.62954 160.485
9.67299 160.474
9.71603 160.455
9.7584 160.422
9.80196 160.413
9.84647 160.425
9.88989 160.414
9.93277 160.392
9.97604 160.378
10.0193 160.364
10.0626 160.351
10.1065 160.351
10.1503 160.348
10.1936 160.334
10.2367 160.318
10.2798 160.302
10.3232 160.291
10.3665 160.28
10.4093 160.258
10.4504 160.203
10.4927 160.173
10.5376 160.192
10.582 160.2
10.6271 160.223
10.6723 160.247
10.7155 160.234
10.7582 160.212
10.8014 160.198
10.8458 160.207
10.89 160.212
10.9356 160.243
10.9795 160.243
11.0233 160.24
11.0675 160.246
11.1116 160.248
11.1563 160.262
11.2023 160.301
11.2472 160.318
11.2911 160.318
11.3345 160.307
11.3772 160.285
11.4211 160.285
11.4663 160.307
11.5113 160.326
11.5564 160.346
11.601 160.357
11.6444 160.349
11.6885 160.352
11.7343 160.382
11.7787 160.39
11.8228 160.393
11.8671 160.399
11.9114 160.404
11.9549 160.396
11.9985 160.391
12.0433 160.405
12.0896 160.443
12.1364 160.49
12.181 160.501
12.2253 160.507
12.2698 160.515
12.3145 160.527
12.359 160.535
12.4033 160.54
12.4485 160.56
12.4927 160.563
12.5372 160.571
12.5833 160.604
12.628 160.615
12.6737 160.643
12.7176 160.64
12.7617 160.643
12.8066 160.657
12.8535 160.701
12.8996 160.735
12.944 160.74
12.9886 160.749
13.0353 160.79
13.0797 160.796
13.1281 160.862
13.1745 160.899
13.219 160.904
13.2636 160.913
13.3102 160.951
13.355 160.963
13.4013 160.996
13.446 161.004
13.4925 161.04
13.5377 161.057
13.5844 161.096
13.6289 161.102
13.6758 161.143
13.723 161.188
13.7698 161.227
13.8143 161.233
13.8606 161.263
13.9059 161.28
13.951 161.294
13.9976 161.33
14.0474 161.411
15.4649 163.206
15.5125 163.245
