-4.37079 155.995
-4.32731 155.982
-4.28259 155.913
-4.14942 155.744
-4.10532 155.699
-4.06137 155.659
-4.01804 155.649
-3.79772 155.409
-3.75451 155.401
-3.71136 155.396
-3.66688 155.323
-3.62309 155.283
-3.57982 155.27
-3.53547 155.199
-3.49232 155.191
-3.44854 155.149
-3.3611 155.068
-3.31743 155.029
-3.27423 155.016
-3.23063 154.979
-3.18714 154.948
-3.1441 154.943
-3.10076 154.919
-3.05772 154.914
-3.01444 154.893
-2.97025 154.815
-2.92716 154.804
-2.88412 154.797
-2.84052 154.752
-2.79733 154.734
-2.75415 154.716
-2.71113 154.708
-2.66789 154.685
-2.62451 154.651
-2.5814 154.635
-2.53805 154.601
-2.49468 154.565
-2.45118 154.518
-2.40791 154.487
-2.36535 154.51
-2.32222 154.49
-2.27911 154.469
-2.23609 154.456
-2.19315 154.448
-2.15023 154.443
-2.10726 154.433
-2.06409 154.405
-2.02148 154.426
-1.97849 154.413
-1.93528 154.379
-1.89228 154.363
-1.84942 154.361
-1.80656 154.359
-1.76347 154.333
-1.72054 154.322
-1.6775 154.299
-1.63456 154.286
-1.59139 154.247
-1.54822 154.205
-1.50536 154.198
-1.46257 154.201
-1.41977 154.201
-1.37697 154.201
-1.3341 154.193
-1.29111 154.167
-1.24813 154.142
-1.20543 154.155
-1.16269 154.163
-1.11985 154.158
-1.07691 154.134
-1.03415 154.14
-0.991345 154.137
-0.948424 154.114
-0.905649 154.117
-0.862899 154.125
-0.820046 154.112
-0.777197 154.099
-0.734331 154.081
-0.691494 154.068
-0.648509 154.016
-0.605682 154.001
-0.562844 153.98
-0.520125 153.993
-0.477377 153.999
-0.434574 153.986
-0.39181 153.986
-0.349121 154.017
-0.306418 154.049
-0.26367 154.065
-0.220897 154.07
-0.178102 154.063
-0.135353 154.089
-0.0925847 154.107
-0.0498228 154.144
-0.0070267 154.152
0.0357772 154.15
0.0785794 154.152
0.121383 154.145
0.164183 154.14
0.206991 154.153
0.249808 154.171
0.292627 154.182
0.335435 154.179
0.378253 154.185
0.421137 154.229
0.463988 154.245
0.50682 154.248
0.549653 154.251
0.592494 154.256
0.635323 154.256
0.678176 154.264
0.721082 154.288
0.76384 154.265
0.806653 154.26
0.849604 154.291
0.892633 154.338
0.935572 154.359
0.978437 154.362
1.02127 154.357
1.06411 154.355
1.10695 154.352
1.14993 154.376
1.19298 154.41
1.23604 154.444
1.27898 154.455
1.32205 154.487
1.36499 154.495
1.40789 154.497
1.45087 154.511
1.49402 154.547
1.53713 154.576
1.58 154.571
1.62319 154.608
1.66619 154.619
1.70917 154.627
1.75235 154.658
1.79537 154.669
1.83883 154.73
1.88194 154.748
1.92491 154.751
1.96818 154.785
2.01155 154.827
2.05464 154.841
2.09793 154.872
2.14102 154.883
2.18439 154.92
2.2274 154.923
2.27115 154.991
2.31426 155.002
2.35776 155.044
2.40086 155.052
2.44394 155.058
2.48727 155.084
2.57446 155.174
2.61845 155.248
2.66175 155.267
2.70577 155.338
2.74902 155.352
2.79214 155.354
2.83563 155.384
3.1864 155.769
3.23004 155.798
3.27352 155.817
3.31779 155.883
3.36183 155.934
3.6708 156.292
3.85028 156.624
3.89436 156.661
