-29.3549 140.844
-29.3014 140.754
-29.2413 140.624
-29.1781 140.475
-29.1291 140.412
-29.0791 140.342
-29.0233 140.237
-28.7439 139.706
-28.7042 139.697
-28.6648 139.691
-28.2646 139.113
-28.225 139.105
-28.1809 139.068
-28.1403 139.053
-28.0986 139.032
-28.0528 138.985
-28.0042 138.92
-27.8646 138.763
-27.8213 138.731
-27.778 138.699
-27.6891 138.62
-27.6462 138.59
-27.6027 138.556
-27.5591 138.521
-27.5159 138.489
-27.4734 138.462
-27.432 138.44
-27.3918 138.428
-27.348 138.391
-27.3012 138.336
-27.2608 138.321
-27.2221 138.317
-27.179 138.285
-27.1349 138.246
-27.0919 138.214
-27.0525 138.206
-27.0078 138.163
-26.9688 138.157
-26.9297 138.151
-26.891 138.147
-26.8484 138.117
-26.806 138.089
-26.7631 138.057
-26.7237 138.049
-26.6814 138.021
-26.6418 138.011
-26.6002 137.987
-26.5576 137.958
-26.5183 137.949
-26.477 137.928
-26.4377 137.92
-26.3961 137.896
-26.3578 137.894
-26.3188 137.888
-26.2783 137.871
-26.2361 137.844
-26.1949 137.822
-26.1553 137.812
-26.1138 137.789
-26.0742 137.778
-26.0359 137.776
-25.995 137.757
-25.9554 137.747
-25.9171 137.745
-25.876 137.723
-25.8364 137.713
-25.7978 137.709
-25.7595 137.707
-25.7209 137.703
-25.682 137.696
-25.6418 137.682
-25.6035 137.68
-25.5661 137.684
-25.5269 137.676
-25.4864 137.659
-25.4453 137.638
-25.4077 137.64
-25.3716 137.653
-25.332 137.642
-25.2919 137.627
-25.2533 137.623
-25.215 137.621
-25.1758 137.613
-25.136 137.6
-25.0974 137.596
-25.06 137.601
-25.0224 137.603
-24.9838 137.599
-24.9446 137.59
-24.906 137.586
-24.8683 137.588
-24.8297 137.584
-24.7908 137.578
-24.7531 137.58
-24.7146 137.576
-24.6745 137.561
-24.6362 137.559
-24.5985 137.562
-24.5605 137.562
-24.5222 137.56
-24.4854 137.568
-24.4493 137.581
-24.4119 137.586
-24.373 137.579
-24.335 137.579
-24.2976 137.584
-24.2593 137.582
-24.221 137.58
-24.1839 137.586
-24.1462 137.588
-24.1085 137.591
-24.0723 137.604
-24.0349 137.608
-23.9969 137.608
-23.9583 137.604
-23.9232 137.625
-23.889 137.653
-23.8539 137.674
-23.8141 137.662
-23.7761 137.662
-23.7407 137.681
-23.7047 137.696
-23.6661 137.692
-23.6283 137.694
-23.5915 137.703
-23.5549 137.714
-23.5171 137.716
-23.4791 137.716
-23.4416 137.72
-23.4041 137.725
-23.3661 137.725
-23.3297 137.738
-23.2925 137.744
-23.2551 137.749
-23.219 137.764
-23.1829 137.779
-23.144 137.772
-23.1062 137.775
-23.0693 137.783
-23.0315 137.785
-22.9951 137.798
-22.9584 137.809
-22.9229 137.828
-22.889 137.86
-22.8526 137.873
-22.8159 137.884
-22.7798 137.899
-22.7425 137.906
-22.7064 137.921
-22.6708 137.94
-22.6346 137.955
-22.5987 137.972
-22.5631 137.992
-22.5263 138.002
-22.4904 138.02
-22.4545 138.037
-22.418 138.05
-22.3823 138.069
-22.3475 138.095
-22.3112 138.11
-22.2747 138.123
-22.2382 138.136
-22.2028 138.157
-22.1676 138.181
-22.1308 138.192
-22.0939 138.203
-22.0601 138.237
-22.0257 138.267
-21.9905 138.291
-21.9539 138.304
-21.9173 138.317
-21.8818 138.338
-21.8478 138.373
-21.8112 138.386
-21.7751 138.403
-21.7382 138.414
-21.7045 138.45
-21.6722 138.498
-21.6352 138.508
-21.601 138.541
-21.5667 138.573
-21.53 138.586
-21.4927 138.595
-21.4603 138.642
-21.4262 138.677
-21.3911 138.703
-21.3543 138.716
-21.3208 138.755
-21.2861 138.785
-21.252 138.82
-21.2152 138.833
-21.1829 138.882
-21.1466 138.9
-21.1145 138.952
-21.0782 138.969
-21.0455 139.017
-21.009 139.032
-20.975 139.069
-20.9407 139.104
-20.9093 139.162
-20.8727 139.177
-20.8378 139.208
-20.8033 139.24
-20.7692 139.277
-20.5713 139.558
-20.5021 139.626
-20.4707 139.687
-20.437 139.728
-20.4032 139.77
-20.3717 139.831
-20.3369 139.864
-20.3023 139.899
-20.272 139.971
-20.2382 140.013
-20.2069 140.076
-20.1727 140.116
-20.1426 140.191
-20.1149 140.287
-20.0795 140.316
-20.0423 140.329
-20.0148 140.428
-19.9845 140.503
-19.9505 140.545
-19.9229 140.644
-19.8953 140.743
-19.8652 140.82
-19.8333 140.882
-19.8029 140.958
-19.7796 141.097
-19.7484 141.166
-19.7137 141.204
-19.7029 143.95
