-5.77614 156.821
-5.73191 156.781
-5.68832 156.763
-5.64328 156.695
-5.59902 156.652
-5.46541 156.492
-5.42101 156.442
-5.37672 156.394
-5.33251 156.35
-5.28847 156.31
-5.24516 156.298
-5.20072 156.242
-5.15666 156.2
-5.11332 156.185
-5.06928 156.143
-4.89347 155.981
-4.67578 155.848
-4.6321 155.814
-4.589 155.804
-4.54596 155.797
-4.50176 155.739
-4.45856 155.724
-4.4156 155.719
-4.37211 155.69
-4.32916 155.685
-4.28563 155.654
-4.24194 155.615
-4.19855 155.589
-4.15455 155.534
-4.11147 155.521
-4.06862 155.519
-4.02577 155.517
-3.98254 155.496
-3.93942 155.481
-3.89573 155.437
-3.85226 155.403
-3.80985 155.422
-3.76697 155.417
-3.72388 155.401
-3.6806 155.375
-3.63709 155.336
-3.59398 155.318
-3.55102 155.308
-3.50817 155.303
-3.46532 155.298
-3.42228 155.283
-3.37943 155.278
-3.33635 155.26
-3.29342 155.25
-3.25049 155.24
-3.20761 155.232
-3.16469 155.222
-3.12165 155.204
-3.07878 155.197
-3.03612 155.202
-2.99304 155.182
-2.95022 155.177
-2.90744 155.174
-2.86466 155.172
-2.82185 155.167
-2.77884 155.149
-2.73577 155.126
-2.69296 155.121
-2.6503 155.127
-2.6075 155.122
-2.56459 155.109
-2.52155 155.086
-2.47879 155.084
-2.43603 155.081
-2.39323 155.076
-2.35041 155.069
-2.30749 155.054
-2.26468 155.046
-2.22196 155.046
-2.17923 155.047
-2.13648 155.044
-2.09364 155.034
-2.05084 155.027
-2.0082 155.035
-1.96526 155.014
-1.92241 155.002
-1.83633 150.655
-1.837 155.005
-1.79416 154.992
-1.75125 154.971
-1.70884 155.006
-1.6658 154.969
-1.62304 154.965
-1.58057 154.994
-1.53802 155.015
-1.49536 155.023
-1.45283 155.049
-1.41023 155.068
-1.36759 155.081
-1.32489 155.087
-1.2822 155.095
-1.2395 155.103
-1.19682 155.114
-1.15413 155.125
-1.11149 155.143
-1.06879 155.154
-1.02607 155.162
-0.983333 155.168
-0.94062 155.179
-0.897889 155.187
-0.855118 155.187
-0.812345 155.187
-0.769573 155.188
-0.72681 155.191
-0.684094 155.207
-0.641352 155.217
-0.598657 155.244
-0.555902 155.255
-0.513186 155.281
-0.470424 155.295
-0.427636 155.3
-0.384856 155.311
-0.342109 155.34
-0.299301 155.343
-0.256495 155.348
-0.213726 155.383
-0.170934 155.412
-0.128111 155.42
-0.0852853 155.431
-0.0424605 155.455
0.000381498 155.453
0.0432228 155.455
0.0860745 155.5
0.128946 155.545
0.171817 155.556
0.214683 155.556
0.257578 155.583
0.300465 155.594
0.343389 155.626
0.386296 155.639
0.42926 155.679
0.472231 155.713
0.515154 155.722
0.558095 155.735
0.601095 155.767
0.644053 155.78
0.686983 155.783
0.730016 155.815
0.773112 155.86
0.816198 155.897
0.859311 155.937
0.902431 155.974
0.94558 156.014
0.988619 156.028
1.0318 156.068
1.07481 156.073
1.16138 156.177
1.20465 156.219
1.24777 156.236
1.29098 156.265
1.33428 156.305
1.37745 156.324
1.42079 156.366
1.46391 156.375
1.81216 156.794
1.85579 156.845
1.89903 156.853
1.94271 156.906
1.986 156.917
2.03037 157.035
2.07375 157.051
