19.7555 123.386
19.7893 123.371
19.8578 123.633
19.676 120.805
19.7867 120.305
19.8153 120.256
19.8434 120.204
19.8678 120.123
19.8922 120.043
19.9194 119.983
19.946 119.921
19.9706 119.842
19.9974 119.781
20.0224 119.706
20.0464 119.624
20.0745 119.574
20.1054 119.545
20.1364 119.517
20.1666 119.482
20.1873 119.376
20.2137 119.314
20.2412 119.26
20.2718 119.229
20.3027 119.202
20.3304 119.15
20.3609 119.119
20.39 119.078
20.417 119.021
20.4458 118.978
20.4736 118.928
20.5015 118.878
20.5321 118.849
20.5604 118.802
20.5867 118.742
20.618 118.718
20.6495 118.696
20.6782 118.653
20.705 118.596
20.7359 118.571
20.765 118.531
20.7946 118.495
20.8246 118.463
20.8529 118.418
20.8824 118.383
20.9136 118.359
20.9447 118.335
20.9768 118.318
21.0074 118.29
21.039 118.27
21.0663 118.219
21.0954 118.181
21.127 118.161
21.1554 118.118
21.1874 118.101
21.2175 118.071
21.2485 118.047
21.2773 118.008
21.3078 117.981
21.3381 117.952
21.3683 117.923
21.3988 117.896
21.4312 117.882
21.46 117.843
21.4926 117.832
21.524 117.811
21.5554 117.791
21.5858 117.764
21.6155 117.732
21.6457 117.703
21.676 117.676
21.7069 117.652
21.7392 117.639
21.7705 117.619
21.8016 117.597
21.8341 117.585
21.8637 117.553
21.8962 117.541
21.928 117.524
21.9603 117.511
21.9916 117.491
22.0246 117.482
22.0556 117.46
22.0858 117.433
22.1165 117.41
22.148 117.391
22.18 117.376
22.2112 117.356
22.2419 117.333
22.2728 117.311
22.3057 117.302
22.3379 117.289
22.3696 117.272
22.4017 117.259
22.4331 117.24
22.4658 117.23
22.4977 117.215
22.5283 117.192
22.5607 117.18
22.5926 117.165
22.6252 117.155
22.6578 117.145
22.6899 117.132
22.7225 117.122
22.7548 117.11
22.7867 117.095
22.8193 117.085
22.8529 117.082
22.8849 117.068
22.9162 117.05
22.9488 117.04
22.9803 117.023
23.0134 117.016
23.0462 117.008
23.0793 117.002
23.1126 116.997
23.1451 116.987
23.1766 116.97
23.2094 116.962
23.2427 116.957
23.2758 116.95
23.3075 116.935
23.3392 116.92
23.3723 116.913
23.4053 116.907
23.437 116.892
23.4713 116.894
23.5046 116.889
23.5392 116.892
23.573 116.89
23.602 116.859
23.6348 116.85
23.668 116.845
23.7007 116.837
23.734 116.832
23.772 116.857
23.8066 116.861
23.8407 116.861
23.8734 116.853
23.9058 116.843
23.9396 116.841
23.972 116.831
24.0045 116.821
24.0345 116.796
24.0661 116.781
24.0996 116.778
24.1339 116.78
24.1673 116.776
24.2006 116.772
24.2343 116.77
24.2686 116.772
24.3029 116.773
24.3355 116.765
24.3698 116.767
24.4052 116.775
24.4387 116.772
24.4716 116.766
24.5045 116.759
24.5377 116.754
24.572 116.756
24.6066 116.759
24.6403 116.758
24.6738 116.754
24.7075 116.753
24.7423 116.758
24.7772 116.763
24.8114 116.765
24.8471 116.775
24.8808 116.773
24.9148 116.773
24.9502 116.782
24.9854 116.789
25.0199 116.792
25.0537 116.791
25.0879 116.792
25.1225 116.796
25.1565 116.796
25.19 116.793
25.2245 116.796
25.2599 116.804
25.2945 116.808
25.3285 116.808
25.3648 116.821
25.3999 116.828
25.4342 116.83
25.4682 116.83
25.5042 116.842
25.5399 116.852
25.5754 116.861
25.6117 116.874
25.6465 116.879
25.6808 116.881
25.7157 116.886
25.7526 116.903
25.7878 116.91
25.8221 116.911
25.8572 116.918
25.8938 116.933
25.9279 116.934
25.9645 116.949
25.9991 116.952
26.0337 116.956
26.0689 116.962
26.1067 116.984
26.1419 116.991
26.1771 116.998
26.2169 117.032
26.2516 117.035
26.4338 117.104
26.4711 117.123
26.5066 117.131
26.5448 117.155
26.5827 117.177
26.6174 117.18
26.6535 117.192
26.8014 117.258
26.8364 117.263
26.8741 117.284
26.9127 117.309
26.9516 117.336
26.9874 117.346
27.023 117.355
27.0626 117.385
27.0997 117.402
27.1383 117.428
27.1749 117.441
27.2147 117.473
27.2528 117.495
27.2887 117.506
27.3281 117.534
27.3704 117.58
27.4098 117.609
27.4448 117.614
27.4802 117.621
28.2533 118.294
