-23.8676 160.3
-23.8229 160.293
-23.7256 160.211
-23.6776 160.176
-23.6323 160.163
-23.584 160.125
-23.5315 160.051
-23.4865 160.04
-23.4412 160.027
-23.3888 159.953
-23.3403 159.912
-23.2963 159.91
-23.2521 159.905
-23.2078 159.901
-23.1606 159.871
-22.8295 159.652
-22.7847 159.642
-22.7367 159.604
-22.6922 159.596
-22.6489 159.6
-22.6029 159.579
-22.5603 159.587
-22.5126 159.552
-22.4634 159.503
-22.4158 159.468
-22.3735 159.48
-22.3297 159.478
-22.2821 159.443
-22.2376 159.435
-22.1916 159.414
-22.1472 159.406
-22.103 159.402
-22.0635 159.438
-22.0202 159.441
-21.9721 159.401
-21.9197 159.322
-21.8753 159.314
-21.8336 159.331
-21.7928 159.357
-21.748 159.347
-21.6997 159.303
-21.6513 159.26
-21.6054 159.239
-21.5658 159.275
-21.5235 159.287
-21.4802 159.29
-21.4364 159.288
-21.3911 159.272
-21.3464 159.262
-21.3028 159.262
-21.2572 159.244
-21.2131 159.239
-21.1699 159.242
-21.1264 159.243
-21.0814 159.23
-21.0332 159.187
-20.9864 159.157
-20.9426 159.155
-20.9023 159.186
-20.8608 159.206
-20.8167 159.201
-20.7726 159.196
-20.7293 159.2
-20.6847 159.189
-20.6383 159.162
-20.5942 159.158
-20.5506 159.158
-20.5074 159.162
-20.4658 159.182
-20.4206 159.166
-20.3768 159.164
-20.3304 159.137
-20.2852 159.121
-20.2414 159.119
-20.2015 159.155
-20.1582 159.159
-20.115 159.162
-20.0723 159.171
-20.0268 159.152
-19.9793 159.114
-19.9375 159.132
-19.8945 159.138
-19.8567 159.196
-19.8181 159.246
-19.7754 159.255
-19.7321 159.258
-19.6896 159.27
-19.648 159.29
-19.6063 159.31
-19.563 159.313
-19.5194 159.314
-19.4804 159.361
-19.4389 159.384
-19.3951 159.381
-19.3506 159.374
-19.3078 159.383
-19.2661 159.403
-19.2238 159.417
-19.1813 159.429
-19.1406 159.459
-19.102 159.512
-19.0594 159.524
-19.0157 159.525
-18.9732 159.536
-18.9308 159.551
-18.8895 159.576
-18.8482 159.602
-18.8051 159.608
-18.7622 159.617
-18.7195 159.628
-18.6771 159.643
-18.6342 159.652
-18.595 159.699
-18.5528 159.716
-18.5112 159.739
-18.4682 159.748
-18.4268 159.773
-18.3844 159.788
-18.3422 159.805
-18.3018 159.841
-18.2616 159.881
-18.2209 159.914
-18.1779 159.923
-18.1362 159.946
-18.0954 159.98
-18.0524 159.989
-18.0149 160.059
-17.9719 160.068
-17.9321 160.113
-17.8893 160.124
-17.8485 160.158
-17.8046 160.159
-17.7643 160.198
-17.7217 160.213
-17.6845 160.288
-17.6414 160.297
-17.5608 160.379
-17.5179 160.39
-17.438 160.481
-17.3975 160.52
-17.3543 160.529
-17.314 160.571
-17.0732 160.84
-17.0335 160.891
-16.9907 160.905
-16.9491 160.934
-16.9081 160.971
-16.8305 161.095
-15.7505 163.657
-15.6159 163.072
-15.5757 163.129
-15.5332 163.156
-15.4899 163.173
-15.4445 163.163
