-36.7448 129.652
-36.7072 129.647
-36.6652 129.622
-36.6289 129.622
-36.586 129.593
-36.5432 129.563
-36.5008 129.536
-36.3758 129.464
-36.333 129.435
-36.2954 129.43
-36.2535 129.404
-36.2151 129.395
-36.1788 129.395
-36.1387 129.378
-36.1016 129.374
-36.0597 129.349
-35.7397 129.214
-35.6983 129.191
-35.663 129.195
-35.6263 129.193
-35.5884 129.186
-35.5517 129.184
-35.51 129.159
-35.4725 129.153
-35.435 129.148
-35.3945 129.128
-35.3587 129.131
-35.3229 129.133
-35.2854 129.127
-35.242 129.094
-35.205 129.091
-35.1692 129.093
-35.1321 129.089
-35.0896 129.06
-35.0479 129.035
-35.0059 129.008
-34.9701 129.01
-34.9393 129.036
-34.9068 129.054
-34.871 129.056
-34.8323 129.045
-34.7961 129.045
-34.7586 129.04
-34.7203 129.03
-34.6833 129.026
-34.6437 129.011
-34.6067 129.007
-34.5709 129.01
-34.5355 129.014
-34.4976 129.006
-34.4581 128.991
-34.4231 128.997
-34.3877 129.001
-34.3503 128.996
-34.3136 128.994
-34.2778 128.996
-34.2416 128.997
-34.2057 128.999
-34.1699 129.001
-34.1329 128.998
-34.0942 128.986
-34.0604 128.998
-34.0258 129.006
-33.9904 129.011
-33.9562 129.021
-33.9223 129.033
-33.8881 129.043
-33.8523 129.045
-33.816 129.045
-33.7793 129.044
-33.7415 129.036
-33.7044 129.033
-33.6686 129.035
-33.6347 129.047
-33.6 129.055
-33.563 129.051
-33.5255 129.046
-33.4896 129.048
-33.4546 129.054
-33.4199 129.062
-33.3856 129.072
-33.3545 129.098
-33.3159 129.087
-33.2768 129.073
-33.2381 129.062
-33.2066 129.086
-33.1755 129.111
-33.1396 129.114
-33.1068 129.132
-33.0713 129.136
-33.0342 129.132
-32.9971 129.129
-32.9581 129.115
-32.9249 129.131
-32.8961 129.169
-32.8661 129.2
-32.8329 129.216
-32.7993 129.23
-32.7634 129.233
-32.727 129.233
-32.6938 129.249
-32.6555 129.239
-32.6223 129.255
-32.5883 129.268
-32.5524 129.27
-32.5164 129.272
-32.4804 129.274
-32.4406 129.257
-32.3996 129.234
-32.3644 129.24
-32.3276 129.238
-32.2901 129.233
-32.253 129.229
-32.2194 129.243
-32.205 129.355
-32.1829 129.428
-32.1523 129.458
-32.1201 129.48
-32.0826 129.475
-32.0485 129.487
-32.0136 129.495
-31.9829 129.525
-31.9503 129.545
-31.9154 129.553
-31.8828 129.573
-31.8487 129.585
-31.8145 129.597
-31.7838 129.627
-31.7527 129.655
-31.722 129.685
-31.6905 129.711
-31.6563 129.723
-31.6217 129.733
-31.5894 129.755
-31.5578 129.781
-31.527 129.811
-31.492 129.82
-31.4593 129.84
-31.4243 129.848
-31.3897 129.858
-31.3577 129.882
-31.3257 129.906
-31.2914 129.918
-31.2605 129.948
-31.2289 129.974
-31.1976 130.003
-31.1633 130.015
-31.1357 130.063
-31.1018 130.077
-31.069 130.097
-31.0358 130.115
-31.0052 130.147
-30.9738 130.175
-30.9428 130.206
-30.9114 130.234
-30.8804 130.264
-30.8467 130.28
-30.8194 130.33
-30.785 130.342
-30.7569 130.388
-30.7232 130.405
-30.6925 130.437
-30.661 130.465
-30.634 130.517
-30.5995 130.53
-30.5683 130.56
-30.5387 130.598
-29.5062 132.249
-29.4755 132.286
-29.303 133.001
-28.6873 131.385
-28.6678 131.486
-28.6563 131.634
-28.6419 131.766
-28.6418 131.982
-28.633 132.147
-28.6151 132.259
-28.6024 132.402
