-24.8704 83.9037
-24.8432 83.8985
-10.697 173.123
-9.22956 171.354
-9.18177 171.311
-9.13372 171.263
-9.08622 171.226
-9.04032 171.227
-8.99403 171.218
-8.94604 171.169
-8.89821 171.124
-8.71037 171.021
-8.66426 171.016
-8.56929 170.937
-8.52332 170.934
-8.4776 170.938
-8.43249 170.956
-8.38359 170.88
-8.33715 170.866
-8.2883 170.79
-8.24201 170.778
-8.19464 170.739
-8.14836 170.727
-8.10243 170.724
-8.05651 170.721
-8.00942 170.688
-7.96339 170.683
-7.91621 170.646
-7.86939 170.619
-7.82349 170.617
-7.77781 170.62
-7.73146 170.605
-7.684 170.56
-7.63778 170.548
-7.59156 170.536
-7.54534 170.524
-7.49913 170.513
-7.45217 170.479
-7.40619 170.474
-7.36043 170.474
-7.31445 170.468
-7.26847 170.462
-7.22281 170.466
-7.17704 170.466
-7.13076 170.451
-7.08417 170.427
-7.0377 170.406
-6.99153 170.395
-6.94537 170.383
-6.89972 170.386
-6.85387 170.383
-6.80781 170.375
-6.76177 170.366
-6.71611 170.369
-6.67026 170.366
-6.62431 170.361
-6.57856 170.361
-6.53271 170.358
-6.48676 170.352
-6.4411 170.356
-6.39553 170.362
-6.35005 170.371
-6.30447 170.378
-6.25898 170.387
-6.21385 170.409
-6.16781 170.4
-6.12053 170.349
-6.07486 170.352
-6.03067 170.407
-5.98585 170.441
-5.93955 170.423
-5.89317 170.402
-5.84706 170.39
-5.8012 170.387
-5.75518 170.378
-5.70941 170.378
-5.66372 170.382
-5.61819 170.391
-5.57258 170.398
-5.52672 170.395
-5.48102 170.398
-5.4354 170.404
-5.3897 170.408
-5.34453 170.432
-5.29913 170.448
-5.25341 170.451
-5.20754 170.448
-5.16205 170.461
-5.1167 170.479
-5.07156 170.507
-5.02604 170.519
-4.98081 170.544
-4.93528 170.556
-4.8896 170.562
-4.84371 170.56
-4.79775 170.554
-4.75199 170.557
-4.70624 170.56
-4.66055 170.567
-4.61493 170.576
-4.56989 170.613
-4.52504 170.659
-4.47926 170.662
-4.43399 170.69
-4.38865 170.714
-4.34342 170.745
-4.29767 170.751
-4.25186 170.754
-4.20667 170.788
-4.16109 170.804
-4.11539 170.813
-4.06968 170.822
-4.02438 170.853
-3.97923 170.893
-3.93367 170.912
-3.88799 170.924
-3.84308 170.979
-3.79755 171.001
-3.75195 171.019
-3.70655 171.05
-3.66072 171.056
-3.61551 171.099
-3.56982 171.115
-3.52386 171.115
-3.47796 171.118
-3.4326 171.155
-3.38693 171.174
-3.34193 171.235
-3.29614 171.248
-3.25034 171.26
-3.20496 171.3
-3.15961 171.343
-3.11387 171.362
-3.06902 171.442
-3.02316 171.454
-2.97787 171.506
-2.93306 171.596
-2.88771 171.648
-2.84188 171.667
-2.79662 171.728
-2.75064 171.738
-2.70478 171.756
-2.65969 171.836
-2.6138 171.855
-2.5682 171.898
-2.52258 171.942
-2.47662 171.957
-2.43122 172.022
-2.38537 172.05
-2.3401 172.13
-2.29415 172.152
-2.24848 172.202
-2.2036 172.329
-2.15794 172.385
-2.11222 172.437
-1.83822 172.844
