-3.04831 106.865
-2.66157 106.407
-2.6297 106.381
-2.59786 106.357
-2.56571 106.315
-2.5339 106.291
-2.50173 106.247
-2.46979 106.214
-2.2147 105.945
-2.1828 105.907
-2.1514 105.898
-2.11953 105.86
-1.89818 105.679
-1.86667 105.658
-1.83511 105.632
-1.80382 105.625
-1.77213 105.588
-1.74064 105.566
-1.7094 105.561
-1.6778 105.529
-1.6465 105.519
-1.6149 105.484
-1.5836 105.472
-1.55218 105.451
-1.52075 105.427
-1.48934 105.405
-1.45816 105.402
-1.42677 105.379
-1.39537 105.355
-1.36388 105.322
-1.33266 105.313
-1.30133 105.292
-1.26997 105.268
-1.23864 105.246
-1.20732 105.223
-1.17609 105.209
-1.14498 105.209
-1.11384 105.205
-1.08257 105.184
-1.05138 105.172
-1.02003 105.14
-0.988756 105.116
-0.957507 105.094
-0.926389 105.088
-0.895245 105.078
-0.864134 105.073
-0.832925 105.052
-0.801734 105.032
-0.770604 105.021
-0.739429 105.001
-0.708256 104.98
-0.677152 104.97
-0.646032 104.956
-0.614946 104.948
-0.583784 104.923
-0.552697 104.911
-0.521627 104.903
-0.490583 104.9
-0.459567 104.904
-0.42854 104.906
-0.397432 104.883
-0.366356 104.868
-0.335316 104.862
-0.304286 104.859
-0.273254 104.855
-0.242205 104.843
-0.211156 104.827
-0.180139 104.826
-0.149115 104.819
-0.11808 104.802
-0.0870659 104.796
-0.0560492 104.785
-0.0250411 104.779
0.00596213 104.779
0.036966 104.775
0.0679675 104.764
0.0989655 104.758
0.129962 104.754
0.160953 104.746
0.191936 104.733
0.22292 104.726
0.253898 104.718
0.28488 104.714
0.315868 104.714
0.34685 104.711
0.377823 104.705
0.408806 104.704
0.439767 104.695
0.470717 104.684
0.501671 104.676
0.53261 104.664
0.563556 104.656
0.59453 104.656
0.62551 104.657
0.656466 104.653
0.687446 104.655
0.718426 104.656
0.749379 104.652
0.780315 104.645
0.811263 104.64
0.842217 104.638
0.873145 104.631
0.904131 104.633
0.935081 104.631
0.965956 104.617
0.996902 104.614
1.02801 104.635
1.0591 104.65
1.09006 104.648
1.121 104.644
1.15192 104.639
1.18287 104.636
1.21387 104.64
1.24484 104.64
1.27579 104.637
1.30673 104.634
1.33769 104.633
1.36864 104.631
1.39961 104.631
1.43059 104.633
1.46163 104.64
1.49267 104.646
1.52363 104.645
1.55452 104.638
1.58565 104.652
1.61673 104.662
1.6477 104.662
1.67866 104.66
1.70953 104.652
1.74047 104.649
1.77167 104.667
1.80282 104.681
1.83393 104.691
1.86506 104.702
1.8961 104.706
1.92687 104.69
1.95777 104.685
1.98893 104.697
2.02005 104.707
2.05111 104.713
2.08214 104.715
2.11325 104.724
2.14445 104.737
2.17568 104.753
2.20683 104.762
2.23789 104.767
2.26888 104.767
2.29984 104.764
2.33062 104.751
2.36161 104.751
2.39299 104.773
2.42437 104.796
2.45545 104.8
2.48635 104.794
2.5174 104.797
2.54851 104.802
2.58 104.829
2.61127 104.843
2.64259 104.859
2.67369 104.864
2.70492 104.875
2.7361 104.883
2.76726 104.89
2.7984 104.896
2.82973 104.911
2.86107 104.926
2.89224 104.933
2.92342 104.94
2.95472 104.953
2.98608 104.968
3.01721 104.972
3.0484 104.979
3.07984 104.997
3.11129 105.015
3.14252 105.024
3.17389 105.038
3.20507 105.043
3.23654 105.061
3.26815 105.085
3.29968 105.105
3.33111 105.12
3.36235 105.127
3.39393 105.148
3.42524 105.158
3.45687 105.18
3.48879 105.214
3.52023 105.228
3.55165 105.24
3.58288 105.246
3.61409 105.25
3.64559 105.265
3.67753 105.298
3.70897 105.31
3.74064 105.331
3.7724 105.355
3.80416 105.379
3.83583 105.398
3.86699 105.4
3.89859 105.417
3.93043 105.442
3.96271 105.483
3.99406 105.49
4.05757 105.532
4.08885 105.536
4.1855 105.643
4.21732 105.664
4.24923 105.688
4.28123 105.715
4.31312 105.737
4.34488 105.756
4.37679 105.778
4.40879 105.804
4.44116 105.84
4.5692 105.938
4.66602 106.031
4.69865 106.073
