-3.13215 166.954
-3.08541 166.864
-2.94531 166.584
-2.89929 166.531
-2.85329 166.479
-2.80624 166.351
-2.76027 166.296
-2.71444 166.249
-2.66867 166.206
-2.4845 165.931
-2.43882 165.885
-2.39311 165.835
-2.34747 165.789
-2.25577 165.657
-2.2102 165.61
-2.16477 165.576
-2.11948 165.553
-2.07359 165.472
-2.02812 165.429
-1.98271 165.389
-1.93753 165.372
-1.89212 165.329
-1.84672 165.286
-1.80132 165.24
-1.75622 165.226
-1.71074 165.169
-1.66554 165.14
-1.62045 165.123
-1.57523 165.089
-1.53001 165.055
-1.48477 165.015
-1.43949 164.966
-1.39406 164.894
-1.34906 164.88
-1.30412 164.875
-1.25917 164.867
-1.21392 164.809
-1.16898 164.801
-1.12403 164.79
-1.07906 164.773
-1.03389 164.719
-0.988951 164.705
-0.944019 164.691
-0.899065 164.671
-0.853989 164.622
-0.809096 164.611
-0.764207 164.6
-0.719334 164.592
-0.67438 164.561
-0.62941 164.521
-0.58454 164.507
-0.539641 164.481
-0.494801 164.473
-0.44995 164.459
-0.405091 164.439
-0.360258 164.428
-0.315441 164.423
-0.270611 164.409
-0.225783 164.392
-0.180958 164.372
-0.136145 164.355
-0.0913386 164.339
-0.0465393 164.322
-0.00174697 164.305
0.0430383 164.288
0.0878163 164.268
0.132584 164.243
0.177351 164.235
0.22212 164.235
0.266882 164.227
0.311634 164.213
0.356388 164.204
0.401154 164.205
0.445914 164.202
0.490674 164.2
0.53542 164.191
0.580126 164.169
0.62487 164.163
0.669612 164.158
0.714334 164.147
0.759071 164.142
0.803785 164.13
0.848462 164.111
0.89313 164.091
0.937852 164.086
0.982571 164.08
1.02732 164.081
1.0721 164.089
1.1166 164.041
1.16123 164.021
1.20598 164.025
1.25065 164.014
1.29538 164.014
1.34011 164.014
1.38485 164.014
1.42962 164.02
1.4743 164.012
1.51907 164.018
1.56392 164.033
1.60885 164.059
1.65395 164.105
1.69869 164.102
1.74349 164.108
1.7882 164.103
1.83299 164.106
1.87792 164.127
1.92282 164.141
1.96756 164.139
2.01235 164.142
2.0572 164.151
2.10203 164.157
2.14698 164.174
2.19212 164.209
2.23711 164.229
2.28187 164.227
2.32647 164.21
2.37123 164.207
2.41615 164.219
2.46107 164.231
2.50593 164.237
2.55072 164.237
2.5957 164.252
2.64053 164.255
2.68548 164.266
2.73076 164.304
2.77569 164.313
2.82054 164.316
2.86567 164.339
2.91065 164.351
2.95567 164.366
3.00062 164.375
3.04582 164.401
3.09112 164.433
3.13614 164.444
3.18146 164.476
3.22653 164.491
3.27193 164.526
3.31683 164.529
3.36133 164.506
3.40675 164.541
3.45233 164.584
3.4974 164.596
3.54286 164.631
3.58829 164.663
3.63288 164.646
3.67793 164.654
3.72343 164.689
3.76901 164.727
3.81455 164.762
3.85962 164.771
3.90476 164.782
3.95039 164.82
3.99619 164.867
4.04147 164.884
4.08698 164.913
4.13193 164.913
4.17705 164.922
4.22352 164.998
4.2689 165.018
4.31547 165.096
4.36203 165.172
4.40728 165.184
4.45315 165.224
4.63559 165.332
4.68096 165.347
