-0.185335 114.339
-0.15141 114.271
-0.117571 114.237
0.421458 113.614
0.45501 113.583
0.488569 113.561
0.522118 113.538
0.555645 113.512
0.822934 113.214
0.856232 113.17
0.889728 113.166
0.923193 113.156
0.956455 113.115
0.989893 113.103
1.02327 113.084
1.05675 113.081
1.0901 113.059
1.12351 113.048
1.15664 113
1.18978 112.957
1.22319 112.949
1.25632 112.909
1.28974 112.904
1.32316 112.899
1.35643 112.879
1.38972 112.861
1.42314 112.858
1.45654 112.853
1.48973 112.828
1.52291 112.802
1.55603 112.772
1.58903 112.732
1.62233 112.721
1.65537 112.688
1.68868 112.68
1.72209 112.68
1.75548 112.679
1.78877 112.669
1.82189 112.647
1.85499 112.623
1.88803 112.596
1.92111 112.572
1.95423 112.553
1.98756 112.55
2.02114 112.565
2.05454 112.566
2.08785 112.562
2.1207 112.525
2.15369 112.5
2.1866 112.47
2.21937 112.432
2.25265 112.427
2.28579 112.415
2.31903 112.408
2.35233 112.405
2.38567 112.405
2.41882 112.394
2.45176 112.371
2.48482 112.355
2.5182 112.358
2.55151 112.357
2.58469 112.349
2.61788 112.341
2.65094 112.327
2.68421 112.324
2.71741 112.317
2.7504 112.3
2.78359 112.294
2.81688 112.292
2.85029 112.297
2.8836 112.297
2.91637 112.27
2.9491 112.242
2.98233 112.239
3.0156 112.238
3.0488 112.233
3.08197 112.227
3.1151 112.219
3.14819 112.209
3.18109 112.192
3.21439 112.192
3.24768 112.192
3.28082 112.186
3.31382 112.174
3.34692 112.166
3.38036 112.172
3.41384 112.18
3.44716 112.182
3.48076 112.195
3.51409 112.196
3.54739 112.196
3.58052 112.19
3.61401 112.198
3.64763 112.211
3.6808 112.206
3.71352 112.184
3.74652 112.173
3.77955 112.164
3.81297 112.169
3.84655 112.18
3.87988 112.182
3.91317 112.182
3.94585 112.16
3.97904 112.157
4.0125 112.163
4.0457 112.16
4.07903 112.162
4.11217 112.157
4.14555 112.16
4.17851 112.149
4.21141 112.137
4.24464 112.135
4.27806 112.14
4.31134 112.14
4.34457 112.139
4.37785 112.139
4.41142 112.149
4.4451 112.161
4.47853 112.166
4.51177 112.165
4.54469 112.154
4.57843 112.168
4.61269 112.198
4.64619 112.205
4.67938 112.202
4.71262 112.2
4.74575 112.196
4.77851 112.18
4.81174 112.178
4.84578 112.201
4.88043 112.24
4.91401 112.249
4.94758 112.257
4.98122 112.266
5.01536 112.29
5.04895 112.298
5.08249 112.305
5.11592 112.308
5.14924 112.308
5.18249 112.307
5.21633 112.321
5.24971 112.323
5.28314 112.326
5.3167 112.332
5.3499 112.329
5.38304 112.325
5.41665 112.333
5.45082 112.355
5.48476 112.371
5.51839 112.379
5.55216 112.39
5.58636 112.413
5.62038 112.43
5.65379 112.432
5.68719 112.434
5.72142 112.456
5.75509 112.464
5.78863 112.469
5.82263 112.485
5.85689 112.507
5.89189 112.547
5.92559 112.555
5.95895 112.555
5.99272 112.565
6.0277 112.603
6.06142 112.612
6.09636 112.648
6.13009 112.656
6.16362 112.66
6.19714 112.663
6.23158 112.687
6.26602 112.711
6.29942 112.711
6.33303 112.716
6.3675 112.74
6.40262 112.779
6.47198 112.835
6.50577 112.843
6.54014 112.864
6.57387 112.87
6.60826 112.891
6.64193 112.896
6.67626 112.915
6.7118 112.96
6.74571 112.97
6.92117 113.14
6.95489 113.145
7.0211 113.13
