11.9447 147.733
11.9735 147.552
12.0098 147.487
12.0385 147.306
12.0624 147.052
12.5805 145.784
12.6502 145.634
12.6852 145.561
12.7221 145.517
12.759 145.472
12.7944 145.407
12.8296 145.339
12.8671 145.304
12.904 145.262
13.0494 145.062
13.0851 145.003
13.1214 144.954
13.3386 144.655
13.3756 144.618
13.4127 144.58
13.4497 144.543
13.485 144.483
13.5236 144.469
13.5604 144.43
13.5977 144.397
13.6347 144.36
13.6718 144.325
13.7097 144.302
13.7487 144.293
13.7871 144.276
13.8229 144.225
13.8607 144.2
13.8959 144.142
13.934 144.121
13.969 144.061
14.0047 144.011
14.0432 143.997
14.0802 143.962
14.1187 143.948
14.1565 143.925
14.1955 143.918
14.2318 143.876
14.2685 143.839
14.3075 143.832
14.3426 143.775
14.3805 143.754
14.4176 143.724
14.455 143.696
14.4938 143.687
14.5325 143.677
14.5702 143.654
14.6092 143.647
14.6463 143.617
14.6834 143.587
14.7217 143.573
14.7594 143.55
14.7981 143.541
14.8344 143.502
14.8718 143.476
14.9107 143.469
14.9486 143.451
14.9862 143.428
15.0249 143.418
15.064 143.413
15.1005 143.379
15.1392 143.369
15.1775 143.355
15.2152 143.335
15.2529 143.314
15.2917 143.307
15.3298 143.291
15.3684 143.281
15.4072 143.274
15.4464 143.271
15.4843 143.253
15.5227 143.241
15.5611 143.23
15.5999 143.222
15.6373 143.199
15.6751 143.181
15.7137 143.172
15.7525 143.164
15.7905 143.148
15.8277 143.123
15.8662 143.114
15.9066 143.124
15.9469 143.135
15.9851 143.122
16.0216 143.089
16.0585 143.062
16.0969 143.05
16.1358 143.045
16.176 143.054
16.2161 143.063
16.2552 143.06
16.295 143.064
16.3345 143.066
16.3736 143.064
16.4109 143.041
16.4511 143.049
16.4927 143.074
16.533 143.085
16.5703 143.062
16.6098 143.064
16.6492 143.063
16.6866 143.043
16.7228 143.008
16.7617 143.004
16.8014 143.008
16.8413 143.014
16.8798 143.005
16.9185 142.998
16.9578 142.997
16.9979 143.006
17.0377 143.01
17.077 143.01
17.115 142.996
17.1536 142.989
17.194 143
17.2342 143.008
17.2732 143.006
17.3115 142.994
17.3505 142.991
17.39 142.993
17.4289 142.988
17.4678 142.983
17.5088 143.001
17.5485 143.005
17.5885 143.012
17.628 143.014
17.6682 143.022
17.7079 143.026
17.7483 143.037
17.7876 143.037
17.8264 143.032
17.8662 143.036
17.9075 143.056
17.9477 143.065
17.987 143.065
18.026 143.062
18.0658 143.066
18.1064 143.079
18.148 143.102
18.188 143.108
18.2277 143.112
18.2682 143.123
18.3079 143.127
18.3477 143.131
18.3865 143.126
18.4277 143.144
18.47 143.173
18.51 143.18
18.5502 143.188
18.59 143.192
18.63 143.199
18.6714 143.219
18.7133 143.243
18.7536 143.252
18.7938 143.261
18.8362 143.29
18.8762 143.296
18.9167 143.307
18.9611 143.354
19.0013 143.363
19.0412 143.367
19.0829 143.39
19.1239 143.405
19.1642 143.414
19.2062 143.438
19.2475 143.456
19.288 143.467
19.3305 143.496
19.3718 143.514
19.4141 143.541
19.4566 143.57
19.497 143.579
19.5395 143.608
19.5796 143.614
19.6222 143.643
19.6628 143.654
19.7059 143.688
19.7485 143.717
19.7909 143.744
19.8313 143.753
19.8752 143.794
19.9181 143.825
19.9585 143.834
20.0014 143.865
20.0449 143.901
20.0853 143.91
20.1282 143.942
20.1748 144.005
20.2188 144.046
20.2595 144.057
20.3048 144.109
20.3453 144.118
20.3917 144.179
20.4363 144.225
20.4789 144.252
20.6106 144.367
20.8343 144.595
21.1091 144.917
21.1568 144.986
21.2044 145.055
21.2497 145.103
21.2945 145.146
