-24.8704 83.9037
-24.8437 83.9005
-27.1569 134.255
-27.1177 134.243
-27.0719 134.19
-27.0244 134.126
-26.9856 134.116
-26.3457 133.598
-26.3048 133.573
-26.2673 133.572
-26.2293 133.566
-26.187 133.533
-26.1487 133.525
-25.9803 133.397
-25.9385 133.367
-25.8974 133.341
-25.8587 133.331
-25.8176 133.304
-25.7799 133.301
-25.7422 133.297
-25.7023 133.279
-25.6609 133.25
-25.6188 133.218
-25.5846 133.237
-25.5469 133.233
-25.5058 133.207
-25.4638 133.174
-25.4258 133.168
-25.3811 133.118
-25.3014 133.082
-25.2638 133.078
-25.2234 133.056
-25.19 133.08
-25.1533 133.083
-25.1123 133.057
-25.0731 133.043
-25.0327 133.02
-24.9948 133.015
-24.9538 132.988
-24.9162 132.985
-24.8752 132.958
-24.8379 132.957
-24.8006 132.955
-24.7632 132.953
-24.7265 132.956
-24.6865 132.936
-24.6483 132.928
-24.6071 132.899
-24.5709 132.906
-24.5342 132.908
-24.4978 132.913
-24.4607 132.913
-24.4211 132.895
-24.3805 132.871
-24.3443 132.877
-24.305 132.861
-24.2673 132.857
-24.23 132.856
-24.1921 132.85
-24.1545 132.846
-24.1172 132.844
-24.0802 132.845
-24.044 132.851
-24.007 132.851
-23.9691 132.845
-23.9294 132.827
-23.8918 132.824
-23.8525 132.808
-23.8146 132.802
-23.7773 132.8
-23.7405 132.802
-23.7058 132.819
-23.6679 132.813
-23.63 132.807
-23.5938 132.814
-23.5574 132.818
-23.5209 132.823
-23.485 132.831
-23.4482 132.833
-23.4118 132.838
-23.3753 132.842
-23.3394 132.85
-23.3032 132.857
-23.2675 132.867
-23.231 132.872
-23.1928 132.864
-23.1544 132.854
-23.1184 132.862
-23.0825 132.871
-23.0443 132.863
-23.0075 132.865
-22.9721 132.878
-22.9387 132.905
-22.9057 132.935
-22.8736 132.972
-22.8396 132.995
-22.8022 132.993
-22.7604 132.959
-22.7189 132.927
-22.6813 132.923
-22.6456 132.933
-22.6098 132.944
-22.5744 132.956
-22.5389 132.969
-22.5037 132.984
-22.4652 132.974
-22.4271 132.966
-22.3902 132.968
-22.3547 132.981
-22.3195 132.995
-22.2835 133.004
-22.2461 133.002
-22.2079 132.994
-22.1713 132.998
-22.1358 133.011
-22.1011 133.03
-22.0655 133.042
-22.0295 133.05
-21.9942 133.065
-21.9581 133.074
-21.9213 133.076
-21.8844 133.078
-21.8485 133.089
-21.8135 133.105
-21.7801 133.134
-21.7458 133.157
-21.7113 133.178
-21.6764 133.196
-21.6403 133.205
-21.6037 133.209
-21.568 133.222
-21.5337 133.245
-21.4986 133.261
-21.4635 133.278
-21.4302 133.309
-21.3956 133.33
-21.3625 133.363
-21.3281 133.386
-21.2917 133.392
-21.2552 133.398
-21.2187 133.405
-21.1828 133.415
-21.1476 133.432
-21.1139 133.461
-21.0792 133.482
-21.0468 133.521
-21.0119 133.54
-20.9756 133.548
-20.9391 133.555
-20.9061 133.59
-20.8709 133.607
-20.8356 133.624
-20.8026 133.659
-20.7681 133.682
-20.7355 133.721
-20.6995 133.732
-20.6634 133.742
-20.6306 133.78
-20.596 133.803
-20.5601 133.815
-20.5263 133.844
-20.4954 133.898
-20.46 133.915
-20.4256 133.94
-20.3917 133.969
-20.3583 134.003
-20.3244 134.032
-20.2907 134.063
-20.2543 134.072
-20.2203 134.101
-20.1873 134.138
-20.154 134.174
-20.1208 134.209
-20.087 134.241
-20.0534 134.274
-20.0201 134.31
-19.9863 134.341
-19.9517 134.366
-19.9162 134.383
-19.8855 134.441
-19.8523 134.479
-19.8177 134.504
-19.7838 134.536
-19.7509 134.576
-19.7203 134.636
-19.6864 134.668
-19.6529 134.703
-19.6177 134.724
-19.5859 134.775
-19.5523 134.81
-19.5197 134.855
-19.4893 134.917
-19.4588 134.98
-19.4252 135.016
-19.3937 135.071
-19.3603 135.109
-19.3267 135.145
-19.2937 135.187
-19.266 135.275
-19.233 135.318
-19.2026 135.383
-19.1707 135.436
-19.1351 135.455
-19.1069 135.541
-19.0743 135.588
-19.0438 135.654
-18.6892 138.345
-18.6564 138.397
-18.6219 138.435
-18.5846 138.446
-18.5471 138.455
