-22.5019 132.063
-22.4624 132.047
-22.4203 132.012
-22.037 131.377
-21.946 131.253
-21.7673 131.026
-21.7256 130.992
-21.2592 130.547
-21.1766 130.482
-21.1326 130.428
-21.0945 130.42
-21.0565 130.413
-20.9296 130.29
-20.8893 130.264
-20.8517 130.26
-20.8112 130.232
-20.7729 130.223
-20.7319 130.191
-20.6909 130.16
-20.6501 130.13
-20.6074 130.084
-20.5699 130.081
-20.5319 130.073
-20.4904 130.037
-20.447 129.986
-20.4123 130.004
-20.3716 129.974
-20.3314 129.949
-20.2934 129.941
-20.2535 129.918
-20.2156 129.91
-20.1749 129.88
-20.1338 129.847
-20.0964 129.843
-20.0592 129.841
-20.0164 129.794
-19.9773 129.776
-19.9348 129.731
-19.8972 129.725
-19.8597 129.722
-19.8197 129.696
-19.7813 129.684
-19.7418 129.663
-19.7041 129.657
-19.6677 129.661
-19.6317 129.67
-19.5912 129.64
-19.5495 129.601
-19.511 129.587
-19.4738 129.585
-19.4348 129.568
-19.4002 129.588
-19.3605 129.564
-19.3205 129.539
-19.2826 129.531
-19.2448 129.523
-19.2097 129.54
-19.1726 129.538
-19.1345 129.528
-19.0923 129.483
-19.0547 129.477
-19.0191 129.489
-18.9811 129.48
-18.9433 129.472
-18.9063 129.472
-18.8699 129.476
-18.8327 129.475
-18.7954 129.471
-18.7566 129.455
-18.715 129.414
-18.6774 129.408
-18.6407 129.411
-18.6035 129.409
-18.5655 129.399
-18.5259 129.376
-18.4901 129.386
-18.4541 129.394
-18.4174 129.396
-18.3809 129.4
-18.3445 129.405
-18.3075 129.405
-18.2708 129.407
-18.2341 129.409
-18.1961 129.4
-18.1579 129.388
-18.1185 129.366
-18.0794 129.347
-18.0423 129.345
-18.0054 129.345
-17.9695 129.356
-17.9344 129.372
-17.897 129.368
-17.8594 129.362
-17.8242 129.378
-17.7884 129.388
-17.7514 129.389
-17.7147 129.391
-17.6792 129.405
-17.6434 129.415
-17.6064 129.415
-17.5678 129.4
-17.5317 129.408
-17.496 129.42
-17.4586 129.416
-17.4202 129.403
-17.3835 129.405
-17.3459 129.399
-17.3072 129.383
-17.2715 129.396
-17.2358 129.408
-17.1999 129.418
-17.1652 129.44
-17.1287 129.444
-17.0923 129.45
-17.0545 129.442
-17.0178 129.445
-16.9804 129.441
-16.9428 129.435
-16.9064 129.441
-16.8707 129.453
-16.8347 129.464
-16.8 129.486
-16.7648 129.504
-16.7294 129.52
-16.6928 129.524
-16.6579 129.544
-16.6241 129.576
-16.5883 129.588
-16.5512 129.588
-16.5136 129.582
-16.4776 129.593
-16.4414 129.601
-16.4061 129.619
-16.3733 129.661
-16.3388 129.687
-16.3023 129.693
-16.2647 129.687
-16.2294 129.705
-16.1937 129.719
-16.159 129.744
-16.1229 129.754
-16.087 129.766
-16.0507 129.774
-16.0164 129.802
-15.9801 129.81
-15.9443 129.824
-15.9082 129.835
-15.874 129.865
-15.8383 129.879
-15.8035 129.903
-15.7673 129.913
-15.7325 129.937
-15.698 129.965
-15.6613 129.969
-15.6245 129.974
-15.5895 129.996
-15.5552 130.026
-15.5188 130.034
-15.4835 130.054
-15.4471 130.063
-15.4133 130.099
-15.3771 130.109
-15.3444 130.157
-15.3083 130.169
-15.2756 130.217
-15.2388 130.222
-15.2025 130.232
-15.1697 130.28
-15.1338 130.294
-15.0997 130.329
-15.0645 130.351
-15.0282 130.361
-14.9933 130.387
-14.9568 130.396
-14.9228 130.432
-14.8905 130.486
-14.8541 130.496
-14.8192 130.523
-14.7846 130.553
-14.75 130.583
-14.7154 130.614
-14.6812 130.648
-14.6466 130.678
-14.5438 130.784
-14.509 130.812
-14.4764 130.867
-14.4401 130.879
-14.4052 130.908
-14.3685 130.916
-14.3036 131.029
-14.2667 131.036
-14.2343 131.094
-13.4325 132.294
-13.4055 132.428
-13.3694 132.449
-13.3344 132.484
-12.7788 132.629
-12.75 132.747
-12.7148 132.782
