-24.8722 83.9118
-9.9625 156.114
-9.91954 156.107
-9.46824 155.586
-9.42387 155.547
-9.38091 155.537
-9.33822 155.532
-9.29414 155.498
-9.24806 155.423
-9.20476 155.405
-9.16185 155.395
-9.11782 155.361
-8.94066 155.2
-8.89672 155.166
-8.85387 155.156
-8.80983 155.12
-8.67863 155.029
-8.41919 154.908
-8.37653 154.901
-8.33275 154.867
-8.28875 154.829
-8.24466 154.787
-8.20192 154.777
-8.15918 154.767
-8.1159 154.744
-8.07328 154.736
-8.03001 154.713
-7.9874 154.706
-7.9434 154.664
-7.90027 154.644
-7.85768 154.636
-7.81488 154.623
-7.77314 154.637
-7.73045 154.627
-7.68808 154.624
-7.6455 154.617
-7.60179 154.581
-7.5584 154.552
-7.51574 154.542
-7.47318 154.535
-7.43002 154.512
-7.38747 154.504
-7.34492 154.496
-7.30248 154.492
-7.25974 154.479
-7.21593 154.438
-7.1735 154.433
-7.13127 154.433
-7.08894 154.43
-7.04651 154.426
-7.00389 154.415
-6.96128 154.405
-6.91905 154.406
-6.87691 154.408
-6.83458 154.406
-6.79152 154.383
-6.74883 154.37
-6.70651 154.368
-6.66438 154.371
-6.62197 154.366
-6.57956 154.361
-6.53724 154.358
-6.4951 154.361
-6.45296 154.364
-6.41055 154.359
-6.36781 154.344
-6.32532 154.336
-6.28275 154.326
-6.24053 154.326
-6.19881 154.342
-6.157 154.355
-6.11451 154.348
-6.0717 154.33
-6.02948 154.33
-5.98798 154.353
-5.94752 154.411
-5.90527 154.411
-5.86151 154.362
-5.81903 154.354
-5.77703 154.362
-5.73479 154.362
-5.69286 154.373
-5.65039 154.365
-5.60815 154.366
-5.56606 154.371
-5.52411 154.382
-5.48224 154.395
-5.43991 154.392
-5.39737 154.382
-5.35512 154.382
-5.31309 154.39
-5.27155 154.416
-5.22951 154.424
-5.18753 154.435
-5.14569 154.451
-5.10377 154.464
-5.06157 154.467
-5.01929 154.467
-4.97743 154.483
-4.93596 154.514
-4.89401 154.527
-4.85205 154.54
-4.80989 154.546
-4.7678 154.554
-4.72557 154.556
-4.68321 154.554
-4.64091 154.554
-4.59918 154.578
-4.55744 154.601
-4.51581 154.63
-4.47386 154.646
-4.43155 154.646
-4.38923 154.646
-4.3472 154.659
-4.30594 154.706
-4.26402 154.725
-4.22174 154.727
-4.17974 154.743
-4.13768 154.756
-4.09533 154.756
-4.0531 154.762
-4.01157 154.801
-3.9696 154.819
-3.92793 154.853
-3.8862 154.885
-3.84467 154.927
-3.80259 154.942
-3.7602 154.943
-3.71776 154.94
-3.67552 154.948
-3.63368 154.977
-3.59182 155.006
-3.54995 155.035
-3.50859 155.092
-3.46631 155.1
-3.42439 155.129
-3.38224 155.145
-3.33989 155.15
-3.29795 155.179
-3.25577 155.195
-3.21455 155.268
-3.17243 155.289
-3.13107 155.358
-3.08909 155.389
-3.04672 155.397
-3.00447 155.413
-2.96246 155.445
-2.92043 155.476
-2.87811 155.489
-2.83618 155.529
-2.79461 155.595
-2.75229 155.61
-2.71027 155.647
-2.66826 155.687
-2.62631 155.732
-2.58441 155.782
-2.54266 155.845
-2.50026 155.861
-2.45834 155.914
-2.41628 155.959
-2.37402 155.988
-2.33177 156.019
-2.28969 156.067
-2.24757 156.112
-2.20539 156.154
-2.16367 156.239
-2.12147 156.284
-2.07954 156.356
-2.0373 156.401
-1.99543 156.483
-1.91096 156.586
-1.86927 156.698
-1.82693 156.746
-1.78462 156.799
-1.74223 156.847
-1.69982 156.895
-1.65815 157.031
-1.61577 157.089
-1.57356 157.172
-1.53131 157.255
