-4.35798 124.29
-3.75961 122.992
-3.72381 122.963
-3.68802 122.934
-3.6516 122.879
-3.61626 122.868
-3.58097 122.859
-3.54276 122.724
-3.5073 122.706
-3.47149 122.672
-3.39884 122.556
-3.36309 122.522
-3.32704 122.474
-3.29136 122.442
-3.2552 122.387
-3.21903 122.331
-3.18341 122.299
-3.14725 122.24
-3.11087 122.169
-3.07577 122.16
-3.03979 122.107
-3.00439 122.083
-2.96935 122.075
-2.93346 122.024
-2.89794 121.991
-2.86295 121.985
-2.82771 121.966
-2.79242 121.943
-2.75723 121.925
-2.72148 121.876
-2.68584 121.832
-2.65078 121.819
-2.61506 121.768
-2.57999 121.754
-2.54498 121.743
-2.50998 121.733
-2.47467 121.703
-2.43929 121.668
-2.40423 121.652
-2.36901 121.625
-2.33383 121.601
-2.2989 121.592
-2.26372 121.565
-2.22831 121.523
-2.19333 121.509
-2.15848 121.504
-2.12339 121.481
-2.08809 121.442
-2.05319 121.432
-2.0178 121.384
-1.98289 121.372
-1.94777 121.342
-1.91265 121.313
-1.87766 121.291
-1.84285 121.284
-1.80813 121.284
-1.77318 121.265
-1.73838 121.258
-1.70344 121.239
-1.66865 121.232
-1.63373 121.212
-1.59889 121.2
-1.56393 121.176
-1.52907 121.16
-1.49423 121.146
-1.45928 121.119
-1.42448 121.107
-1.38976 121.104
-1.35479 121.072
-1.32005 121.065
-1.2853 121.056
-1.25054 121.046
-1.21583 121.041
-1.18096 121.016
-1.14623 121.007
-1.11148 120.995
-1.07666 120.974
-1.04187 120.955
-1.00717 120.948
-0.972523 120.948
-0.937806 120.937
-0.903084 120.925
-0.868419 120.921
-0.833786 120.923
-0.799035 120.904
-0.764331 120.892
-0.729632 120.879
-0.694972 120.874
-0.660332 120.872
-0.62563 120.857
-0.590919 120.837
-0.556281 120.834
-0.521671 120.837
-0.487053 120.839
-0.452405 120.832
-0.417771 120.828
-0.383139 120.825
-0.348499 120.818
-0.313858 120.809
-0.279224 120.802
-0.244583 120.79
-0.20996 120.785
-0.175343 120.781
-0.140729 120.779
-0.106121 120.781
-0.071513 120.784
-0.0369014 120.784
-0.00228545 120.775
0.0323266 120.767
0.0669352 120.753
0.10154 120.756
0.136146 120.76
0.170752 120.759
0.20536 120.763
0.239962 120.759
0.274563 120.756
0.309193 120.773
0.343839 120.796
0.378474 120.808
0.413064 120.795
0.447636 120.778
0.482235 120.774
0.516828 120.769
0.551424 120.766
0.585996 120.755
0.620593 120.753
0.655253 120.769
0.689892 120.777
0.724506 120.779
0.759091 120.774
0.793682 120.77
0.828304 120.774
0.862909 120.774
0.897515 120.774
0.932158 120.78
0.966833 120.792
1.00144 120.792
1.03609 120.799
1.07074 120.804
1.10537 120.808
1.14002 120.813
1.17464 120.815
1.20927 120.816
1.24392 120.821
1.27856 120.825
1.31326 120.835
1.34794 120.844
1.3826 120.849
1.41725 120.852
1.45196 120.863
1.48666 120.871
1.5213 120.873
1.55594 120.875
1.59063 120.881
1.62551 120.907
1.66027 120.92
1.69492 120.921
1.72964 120.93
1.76439 120.94
1.79901 120.938
1.83362 120.937
1.8684 120.949
1.9032 120.962
1.93792 120.969
1.97267 120.978
2.00752 120.995
2.04241 121.014
2.07724 121.028
2.11198 121.035
2.14677 121.045
2.18164 121.061
2.21637 121.066
2.25115 121.075
2.28603 121.09
2.32092 121.106
2.35582 121.122
2.39059 121.129
2.42553 121.146
2.46063 121.174
2.49542 121.181
2.53027 121.191
2.56504 121.196
2.60006 121.217
2.63498 121.231
2.67025 121.266
2.70509 121.274
2.73992 121.281
2.77495 121.301
2.80984 121.311
2.84535 121.356
2.88035 121.372
2.91542 121.391
2.95025 121.396
2.98579 121.44
3.02105 121.468
3.05599 121.478
3.09087 121.485
3.12633 121.522
3.16129 121.532
3.19657 121.559
3.2319 121.587
3.2672 121.613
3.30219 121.623
3.33748 121.648
3.37285 121.676
3.40864 121.723
3.444 121.749
3.47904 121.76
3.51446 121.788
3.54985 121.814
3.58526 121.841
3.62115 121.888
3.65623 121.898
3.69171 121.927
3.72721 121.955
3.76317 122.002
3.79882 122.036
3.83436 122.064
3.86936 122.069
3.90543 122.118
3.94157 122.169
3.9773 122.203
4.01291 122.231
4.04871 122.266
4.08498 122.319
4.12068 122.349
4.1563 122.376
4.19208 122.408
4.22819 122.452
4.26348 122.464
4.2992 122.493
4.40927 122.681
4.44512 122.711
4.51841 122.826
4.55441 122.86
4.59104 122.915
4.6277 122.971
4.66371 123.003
4.84933 123.341
4.88552 123.375
4.92251 123.434
4.96091 123.538
4.99734 123.577
