-24.8724 83.9128
-24.8439 83.9015
-13.1166 177.882
-13.0665 177.837
-12.2505 176.813
-12.0457 176.522
-11.9979 176.51
-11.9504 176.501
-11.7513 176.303
-11.704 176.298
-11.6565 176.288
-11.3617 176.051
-11.3146 176.048
-11.2633 175.966
-11.2155 175.95
-11.1685 175.947
-11.1199 175.916
-11.0723 175.904
-11.0229 175.856
-10.975 175.837
-10.9283 175.841
-10.8794 175.803
-10.8327 175.807
-10.7848 175.788
-10.7373 175.776
-10.6898 175.764
-10.6418 175.742
-10.5914 175.672
-10.5434 175.65
-10.4958 175.635
-10.4471 175.597
-10.3999 175.591
-10.3518 175.566
-10.3048 175.563
-10.2578 175.56
-10.2108 175.557
-10.1636 175.552
-10.1156 175.527
-10.068 175.511
-10.0203 175.492
-9.97209 175.464
-9.92364 175.43
-9.87608 175.414
-9.82881 175.405
-9.78214 175.409
-9.73517 175.406
-9.68791 175.397
-9.64066 175.387
-9.59327 175.375
-9.54546 175.353
-9.49907 175.363
-9.45225 175.364
-9.40403 175.332
-9.35639 175.314
-9.30972 175.317
-9.26305 175.321
-9.2161 175.318
-9.16915 175.315
-9.12247 175.319
-9.07593 175.326
-9.02978 175.342
-8.9831 175.345
-8.93575 175.333
-8.88801 175.311
-8.8408 175.302
-8.79398 175.303
-8.74704 175.3
-8.70048 175.306
-8.65559 175.355
-8.60851 175.349
-8.56548 175.444
-8.52065 175.496
-8.47028 175.407
-8.42257 175.385
-8.37387 175.338
-8.32766 175.354
-8.28071 175.351
-8.23363 175.345
-8.1868 175.346
-8.13973 175.34
-8.09278 175.337
-8.04583 175.334
-7.99876 175.328
-7.95252 175.344
-7.90615 175.357
-7.85978 175.37
-7.81294 175.371
-7.7661 175.371
-7.71937 175.375
-7.67332 175.397
-7.62715 175.417
-7.58063 175.427
-7.53399 175.433
-7.48747 175.443
-7.44192 175.482
-7.39527 175.488
-7.34862 175.495
-7.30228 175.511
-7.25583 175.524
-7.20927 175.534
-7.16249 175.538
-7.11634 175.561
-7.06976 175.57
-7.02349 175.59
-6.97926 175.673
-6.93296 175.693
-6.88634 175.702
-6.83922 175.696
-6.79169 175.678
-6.74507 175.687
-6.69854 175.701
-6.65259 175.733
-6.60595 175.743
-6.5594 175.756
-6.51458 175.826
-6.46771 175.83
-6.42085 175.833
-6.37427 175.846
-6.32955 175.923
-6.28294 175.936
-6.23623 175.946
-6.1897 175.963
-6.14498 176.043
-6.09932 176.091
-6.05248 176.098
-6.00546 176.098
-5.95844 176.099
-5.9115 176.102
-5.86569 176.147
-5.82003 176.199
-5.77427 176.247
-5.72738 176.254
-5.68166 176.305
-5.63609 176.363
-5.59008 176.406
-5.54323 176.415
-5.4963 176.422
-5.45017 176.461
-5.40426 176.509
-5.35849 176.564
-5.31269 176.619
-5.26656 176.661
-5.22057 176.71
-5.17463 176.762
-5.12874 176.817
-5.08275 176.869
-5.03652 176.911
-4.99079 176.976
-4.94473 177.028
-4.89772 177.038
-4.85134 177.077
-4.80445 177.093
-3.8463 179.071
-3.80018 179.163
