-37.4484 126.728
-37.4145 126.736
-37.3855 126.765
-37.356 126.792
-37.3238 126.807
-37.2908 126.819
-37.2569 126.827
-37.2225 126.833
-37.1895 126.844
-37.1542 126.846
-37.1102 126.811
-37.0667 126.777
-37.0284 126.766
-36.9997 126.796
-36.9872 126.897
-36.9589 126.93
-36.9249 126.938
-36.8949 126.963
-36.8662 126.994
-36.8313 126.998
-36.8004 127.019
-36.7673 127.031
-36.7341 127.042
-36.704 127.067
-36.6757 127.1
-36.6451 127.123
-36.6115 127.133
-36.5823 127.162
-36.5521 127.187
-36.5177 127.193
-36.4879 127.22
-36.453 127.224
-36.4181 127.228
-36.3935 127.278
-36.3607 127.292
-36.331 127.319
-36.3012 127.346
-36.2675 127.356
-36.2369 127.379
-36.2075 127.408
-36.1746 127.422
-36.1482 127.465
-36.115 127.476
-36.0872 127.513
-36.0569 127.538
-36.0219 127.542
-35.9912 127.566
-35.9634 127.602
-35.9305 127.616
-35.9019 127.649
-35.8694 127.665
-35.8395 127.692
-35.8078 127.712
-35.7736 127.72
-35.7449 127.753
-35.7183 127.795
-35.6985 127.869
-35.6638 127.875
-35.6342 127.904
-35.6012 127.918
-35.5716 127.947
-35.5462 127.995
-35.5157 128.021
-35.4831 128.037
-35.4585 128.089
-35.4305 128.126
-35.4004 128.153
-35.3711 128.185
-35.3372 128.195
-35.3117 128.243
-35.2891 128.306
-35.266 128.366
-35.2333 128.382
-35.2035 128.411
-35.1775 128.458
-35.1435 128.468
-35.1141 128.499
-35.0839 128.527
-35.0549 128.56
-35.0225 128.578
-34.9972 128.629
-34.9732 128.686
-34.9512 128.752
-34.9267 128.807
-34.8976 128.841
-34.8644 128.855
-34.834 128.882
-34.8099 128.939
-34.782 128.979
-34.6781 129.174
-34.6543 129.233
-34.6309 129.294
-34.6078 129.357
-34.5835 129.414
-34.5547 129.45
-34.5365 129.537
-34.5085 129.576
-34.4837 129.632
-34.4601 129.693
-34.4378 129.761
-34.4097 129.801
-34.3508 130.043
-34.3226 130.083
-34.3051 130.174
-34.2818 130.238
-34.2581 130.3
-33.5671 128.541
-33.5325 128.549
-33.5135 128.633
-33.5029 128.758
-33.4947 128.895
-33.4949 129.073
-33.4846 129.201
-33.4727 129.321
-33.4745 129.508
-33.5028 129.826
