39.4412 156.505
39.5007 156.589
39.6521 157.129
39.685 157.08
39.6803 156.846
39.6959 156.713
39.718 156.611
39.7406 156.513
39.7551 156.375
39.7712 156.245
39.7943 156.15
39.4938 151.416
39.5184 151.335
39.543 151.255
39.5707 151.189
39.6094 151.176
39.6485 151.166
39.6835 151.136
39.7663 150.939
39.798 150.894
39.8297 150.849
39.8572 150.784
39.8952 150.768
39.929 150.733
39.9737 150.75
39.9938 150.65
40.0212 150.585
40.0602 150.575
40.1002 150.569
40.1397 150.561
40.1675 150.499
40.1938 150.429
40.2295 150.404
40.2568 150.339
40.2835 150.271
40.3219 150.259
40.3528 150.211
40.3853 150.171
40.4252 150.166
40.464 150.155
40.4922 150.096
40.5305 150.083
40.5634 150.045
40.5926 149.991
40.6208 149.931
40.6569 149.908
40.7004 149.92
40.7408 149.917
40.7768 149.895
40.8038 149.83
40.8383 149.8
40.8663 149.741
40.9044 149.728
40.942 149.713
40.9802 149.7
41.0103 149.65
41.0484 149.638
41.0887 149.635
41.1236 149.607
41.1584 149.58
41.1955 149.562
41.2346 149.555
41.2652 149.507
41.2994 149.478
41.3278 149.421
41.3642 149.401
41.4033 149.393
41.4435 149.39
41.4832 149.385
41.5212 149.372
41.5516 149.325
41.5875 149.303
41.6228 149.278
41.6618 149.27
41.6971 149.245
41.734 149.228
41.7692 149.203
41.8001 149.158
41.8392 149.15
41.8815 149.157
41.9162 149.13
41.953 149.113
41.992 149.105
42.0294 149.09
42.0701 149.089
42.1047 149.062
42.1355 149.018
