-0.541149 102.37
-0.265797 101.873
-0.235407 101.852
-0.204993 101.814
-0.144253 101.762
0.128433 101.387
0.15865 101.367
0.188871 101.362
0.279371 101.251
0.309486 101.203
0.339607 101.17
0.369787 101.17
0.399925 101.153
0.430083 101.146
0.520163 101.014
0.670197 100.862
0.700293 100.859
0.730395 100.858
0.76049 100.855
0.790519 100.841
0.820571 100.831
0.910154 100.717
0.940161 100.707
0.969994 100.671
1.05887 100.494
1.08895 100.502
1.11911 100.519
1.14929 100.537
1.17921 100.523
1.20919 100.518
1.23905 100.498
1.26887 100.476
1.29855 100.439
1.3285 100.433
1.35846 100.428
1.38826 100.407
1.41796 100.377
1.44776 100.358
1.47771 100.354
1.50752 100.337
1.53729 100.318
1.56718 100.31
1.59692 100.289
1.62653 100.258
1.6564 100.25
1.68613 100.23
1.71588 100.213
1.7458 100.211
1.77568 100.204
1.80543 100.189
1.83531 100.183
1.86519 100.178
1.8948 100.153
1.92463 100.146
1.95429 100.126
1.98394 100.107
2.01359 100.087
2.0434 100.079
2.07329 100.077
2.10299 100.062
2.13281 100.056
2.16244 100.038
2.19229 100.034
2.22174 100.005
2.25156 100
2.28155 100.005
2.3114 100.001
2.34117 99.9934
2.37085 99.9804
2.40063 99.9739
2.43034 99.9635
2.46008 99.9544
2.48978 99.9441
2.51955 99.9376
2.54912 99.9207
2.57879 99.909
2.6086 99.9051
2.6385 99.9064
2.66828 99.9012
2.69796 99.8908
2.72755 99.8765
2.75718 99.8649
2.78706 99.8648
2.81701 99.8687
2.84666 99.8583
2.8762 99.8428
2.90582 99.8311
2.93568 99.8311
2.96557 99.8324
2.99544 99.8323
3.02524 99.8297
3.05508 99.8284
3.08482 99.8232
3.11456 99.818
3.14421 99.809
3.17382 99.7986
3.2033 99.7831
3.2329 99.7727
3.26262 99.7675
3.29244 99.7662
3.32225 99.7649
3.3521 99.7649
3.38185 99.761
3.41149 99.7532
3.44137 99.7545
3.47141 99.7622
3.50126 99.7622
3.53083 99.7519
3.56036 99.7402
3.59002 99.7337
3.62003 99.7402
3.64973 99.735
3.6796 99.7363
3.70944 99.7363
3.7392 99.7337
3.76911 99.7362
3.7991 99.7414
3.82919 99.7504
3.85922 99.7568
3.88895 99.7529
3.91859 99.7465
3.94828 99.7413
3.97804 99.7387
4.00787 99.7387
4.03774 99.74
4.06754 99.7386
4.09729 99.7361
4.12717 99.7373
4.15728 99.7464
4.18728 99.7515
4.21732 99.758
4.24741 99.7657
4.27737 99.7696
4.30725 99.7708
4.33722 99.7747
4.36719 99.7786
4.39647 99.7618
4.42691 99.7798
4.45718 99.7927
4.48729 99.8005
4.51713 99.8005
4.54693 99.7992
4.57754 99.8211
4.60756 99.8263
4.63723 99.8211
4.66639 99.8017
4.69633 99.8043
4.72654 99.8146
4.75643 99.8159
4.78618 99.8133
4.81636 99.8224
4.84658 99.8327
4.87667 99.8392
4.9068 99.8469
4.93675 99.8495
4.96689 99.8573
4.99714 99.8676
5.02709 99.8702
5.05714 99.8754
5.08774 99.8948
5.11825 99.9116
5.14847 99.9206
5.17884 99.9336
5.20886 99.9375
5.23873 99.9375
5.2687 99.94
5.29909 99.953
5.32912 99.9569
5.35909 99.9595
5.3897 99.9776
5.42043 99.9983
5.45058 100.005
5.48046 100.005
5.51028 100.004
5.54098 100.023
5.57223 100.055
5.60289 100.074
5.63301 100.079
5.66363 100.096
5.69369 100.1
5.7241 100.111
5.75366 100.103
5.78436 100.122
5.81523 100.144
5.84658 100.176
5.8769 100.185
5.90699 100.189
5.93709 100.193
5.96706 100.194
5.99763 100.209
6.02898 100.24
6.05914 100.245
6.08925 100.249
6.12009 100.269
6.15105 100.291
6.18202 100.313
6.21362 100.348
6.24406 100.358
6.27457 100.37
6.30465 100.373
6.33548 100.391
6.36626 100.408
6.39641 100.412
6.42656 100.416
8.38877 102.584
8.42264 102.639
8.45688 102.7
8.4909 102.756
8.5275 102.854
8.56235 102.923
8.59457 102.95
8.6268 102.977
