-24.8702 83.9027
-24.8441 83.9025
-13.1072 149.955
-12.7513 149.565
-12.7053 149.494
-12.6633 149.48
-12.6195 149.441
-12.5744 149.379
-12.5305 149.338
-12.4887 149.326
-12.446 149.302
-12.4024 149.263
-12.3581 149.214
-12.3142 149.17
-12.2706 149.131
-12.2278 149.105
-12.1859 149.09
-12.1432 149.064
-12.1011 149.047
-12.0579 149.013
-12.0145 148.977
-11.9715 148.945
-11.9295 148.928
-11.8854 148.88
-11.8435 148.865
-11.8015 148.848
-11.759 148.824
-11.7165 148.8
-11.6745 148.783
-11.633 148.774
-11.5886 148.718
-11.5469 148.706
-11.504 148.675
-11.4621 148.658
-11.4194 148.629
-11.3767 148.6
-11.3347 148.583
-11.2922 148.557
-11.251 148.552
-11.2101 148.553
-11.1685 148.541
-11.126 148.514
-11.0838 148.493
-11.0421 148.478
-10.9995 148.449
-10.9582 148.442
-10.9167 148.433
-10.8755 148.426
-10.8335 148.407
-10.7915 148.388
-10.75 148.378
-10.7088 148.371
-10.6675 148.364
-10.6261 148.355
-10.5838 148.331
-10.5417 148.309
-10.5003 148.3
-10.4595 148.3
-10.4182 148.293
-10.377 148.286
-10.3357 148.279
-10.2946 148.274
-10.2534 148.267
-10.2105 148.231
-10.1693 148.224
-10.1284 148.224
-10.0872 148.217
-10.046 148.21
-10.0051 148.211
-9.96416 148.208
-9.92294 148.201
-9.8821 148.202
-9.84152 148.207
-9.80056 148.205
-9.75895 148.19
-9.71773 148.183
-9.67639 148.174
-9.63543 148.172
-9.59409 148.162
-9.55338 148.165
-9.51218 148.158
-9.47122 148.156
-9.43026 148.154
-9.38881 148.142
-9.34835 148.149
-9.30788 148.157
-9.26705 148.157
-9.22621 148.157
-9.18489 148.148
-9.14381 148.143
-9.1025 148.134
-9.06297 148.161
-9.02367 148.193
-8.98306 148.198
-8.94444 148.244
-8.9044 148.261
-8.86202 148.23
-8.82012 148.208
-8.77845 148.192
-8.73714 148.182
-8.69595 148.175
-8.65453 148.163
-8.61323 148.154
-8.57227 148.152
-8.53187 148.162
-8.49135 148.169
-8.45172 148.196
-8.4112 148.204
-8.371 148.218
-8.33112 148.24
-8.29079 148.253
-8.24992 148.253
-8.20915 148.256
-8.1686 148.263
-8.12804 148.271
-8.08759 148.281
-8.04745 148.298
-8.00667 148.301
-7.96609 148.308
-7.92531 148.311
-7.88441 148.311
-7.84424 148.328
-7.80386 148.341
-7.76409 148.368
-7.72399 148.387
-7.68409 148.412
-7.64368 148.424
-7.60356 148.444
-7.56284 148.449
-7.52241 148.462
-7.48217 148.479
-7.44221 148.503
-7.40147 148.508
-7.3615 148.533
-7.32113 148.548
-7.28027 148.551
-7.23951 148.556
-7.19951 148.58
-7.15892 148.59
-7.11834 148.6
-7.07914 148.647
-7.03835 148.652
-6.99765 148.659
-6.95732 148.677
-6.91825 148.728
-6.87789 148.745
-6.83725 148.755
-6.79724 148.783
-6.75739 148.815
-6.71735 148.842
-6.67668 148.852
-6.63609 148.864
-6.59628 148.898
-6.55577 148.913
-6.51645 148.963
-6.47608 148.982
-6.43698 149.039
-6.39617 149.046
-6.35543 149.056
-6.31469 149.066
-6.2747 149.098
-6.23485 149.135
-6.19499 149.172
-6.15421 149.182
-6.11416 149.215
-6.07538 149.286
-6.03482 149.303
-5.9948 149.338
-5.95405 149.35
-5.91409 149.388
-5.87488 149.449
-5.8348 149.484
-5.79409 149.499
-5.75505 149.568
-5.71417 149.578
-5.67388 149.608
-5.63365 149.64
-5.59281 149.653
-5.55374 149.724
-5.5139 149.771
-5.4747 149.841
-5.43482 149.888
-5.39571 149.962
-5.355 149.982
-5.31549 150.044
-5.27468 150.062
-5.23519 150.126
-5.19505 150.169
-4.4077 151.839
-4.36665 151.866
