11.5705 156.83
11.6157 156.865
11.6589 156.865
11.9597 152.648
11.9972 152.571
12.0344 152.49
12.4518 151.764
12.5296 151.665
12.5633 151.539
12.6045 151.527
12.646 151.519
12.6859 151.486
12.727 151.474
12.7664 151.433
12.8396 151.272
12.8785 151.227
12.9175 151.184
12.9559 151.132
12.9966 151.114
13.036 151.076
13.0753 151.039
13.1145 150.999
13.156 150.994
13.1972 150.984
13.2356 150.933
13.2738 150.881
13.3126 150.836
13.3516 150.796
13.3919 150.773
13.4299 150.718
13.4712 150.711
13.5105 150.676
13.5495 150.636
13.5902 150.621
13.6293 150.583
13.6688 150.551
13.7101 150.543
13.7497 150.513
13.7888 150.476
13.8293 150.459
13.8689 150.429
13.9084 150.399
13.9478 150.366
13.989 150.359
14.0302 150.351
14.0701 150.326
14.1098 150.299
14.1504 150.284
14.1897 150.252
14.2302 150.234
14.2696 150.204
14.3102 150.19
14.3514 150.182
14.3912 150.157
14.4308 150.13
14.4713 150.115
14.5123 150.105
14.5528 150.09
14.5928 150.068
14.6325 150.043
14.6736 150.035
14.7132 150.008
14.7535 149.991
14.795 149.988
14.8356 149.976
14.8757 149.956
14.9154 149.931
14.9565 149.924
14.9977 149.919
15.038 149.901
15.0767 149.864
15.1173 149.852
15.1585 149.847
15.1997 149.842
15.241 149.837
15.2822 149.832
15.3234 149.827
15.3648 149.825
15.4052 149.81
15.4448 149.785
15.4848 149.765
15.5254 149.753
15.5662 149.743
15.6073 149.738
15.6465 149.708
15.6862 149.686
15.7278 149.686
15.7687 149.678
15.8072 149.641
15.848 149.631
15.8906 149.644
15.9321 149.644
15.9735 149.641
16.0148 149.639
16.0554 149.626
16.0971 149.629
16.1399 149.643
16.1813 149.641
16.2205 149.614
16.2623 149.616
16.3043 149.621
16.3475 149.641
16.3893 149.643
16.4289 149.621
16.469 149.604
16.5118 149.619
16.5547 149.633
16.5967 149.638
16.638 149.636
16.6796 149.636
16.7209 149.633
16.7627 149.636
16.8049 149.643
16.8471 149.651
16.8889 149.653
16.9313 149.663
16.9735 149.67
17.016 149.68
17.0577 149.683
17.0997 149.687
17.1422 149.697
17.184 149.7
17.2251 149.695
17.2671 149.7
17.3111 149.727
17.3534 149.734
17.3963 149.749
17.4383 149.754
17.4785 149.739
17.5217 149.756
17.5644 149.769
17.6064 149.774
17.648 149.774
17.6907 149.786
17.7337 149.801
17.7792 149.843
17.8231 149.868
17.8647 149.868
17.9058 149.863
17.9477 149.865
17.9904 149.877
18.033 149.887
18.0764 149.907
18.1187 149.914
18.161 149.922
18.2036 149.932
18.2471 149.952
18.2894 149.959
18.3315 149.964
18.3762 149.996
18.419 150.008
18.4645 150.048
18.5076 150.063
18.5507 150.078
18.5928 150.083
18.6373 150.113
18.6826 150.15
18.7252 150.16
18.7676 150.167
18.812 150.194
18.8558 150.217
18.8987 150.229
18.9443 150.269
18.987 150.279
19.0321 150.314
19.0773 150.348
19.1205 150.363
19.1654 150.396
19.2101 150.426
19.2521 150.428
19.2973 150.463
19.4807 150.625
19.5232 150.632
19.5662 150.645
19.6567 150.712
19.6997 150.725
19.7479 150.787
19.7913 150.802
19.8375 150.845
19.8832 150.882
20.3062 151.324
20.3556 151.394
20.402 151.437
20.4463 151.459
20.4988 151.558
20.5459 151.606
20.5916 151.641
20.6382 151.684
20.6867 151.744
20.7347 151.8
