-1.55806 130.9
-1.21828 129.921
-1.18149 129.906
-1.14441 129.849
-1.10705 129.754
-1.07001 129.696
-0.847804 129.263
-0.811073 129.224
-0.774538 129.218
-0.700818 129.076
-0.66421 129.047
-0.627686 129.033
-0.517616 128.856
-0.481084 128.825
-0.444579 128.798
-0.40813 128.784
-0.298539 128.634
-0.262085 128.598
-0.225567 128.523
-0.189191 128.506
-0.152792 128.469
-0.116439 128.454
-0.0800701 128.419
-0.0437188 128.387
-0.00737374 128.343
0.0289362 128.327
0.0652362 128.322
0.101537 128.272
0.137817 128.235
0.174083 128.205
0.210337 128.178
0.246559 128.128
0.2828 128.117
0.319011 128.086
0.355182 128.039
0.391401 128.031
0.427609 128.019
0.463774 127.991
0.499926 127.962
0.53606 127.932
0.572218 127.914
0.608315 127.88
0.644448 127.861
0.680578 127.844
0.716701 127.827
0.752823 127.811
0.788939 127.796
0.824963 127.762
0.861042 127.743
0.897066 127.714
0.933097 127.69
0.969096 127.661
1.00517 127.648
1.0413 127.646
1.07734 127.629
1.11332 127.604
1.14937 127.591
1.18536 127.57
1.2214 127.558
1.25744 127.547
1.29329 127.511
1.3293 127.497
1.36534 127.488
1.4013 127.471
1.43728 127.455
1.47333 127.45
1.50933 127.438
1.54523 127.417
1.58124 127.408
1.61729 127.404
1.65323 127.389
1.68922 127.379
1.72515 127.364
1.76111 127.353
1.79706 127.341
1.83301 127.33
1.86879 127.303
1.90471 127.29
1.9407 127.284
1.97672 127.28
2.01271 127.275
2.0487 127.269
2.08461 127.257
2.12045 127.24
2.15648 127.238
2.19258 127.242
2.22848 127.231
2.26427 127.212
2.30008 127.195
2.33604 127.189
2.37205 127.187
2.40806 127.185
2.4441 127.185
2.47997 127.173
2.51572 127.155
2.5514 127.132
2.58737 127.128
2.62333 127.124
2.65927 127.118
2.69532 127.12
2.73134 127.12
2.7673 127.116
2.80329 127.114
2.83925 127.11
2.87524 127.108
2.91129 127.11
2.94717 127.102
2.98333 127.11
3.01956 127.121
3.0554 127.112
3.09068 127.072
3.1264 127.057
3.16183 127.027
3.19604 126.935
3.23131 126.899
3.27126 127.098
3.30758 127.113
3.34364 127.115
3.37923 127.094
3.41536 127.099
3.45114 127.088
3.48707 127.084
3.52341 127.099
3.55971 127.112
3.5956 127.106
3.63137 127.095
3.6673 127.091
3.70352 127.1
3.73975 127.11
3.77577 127.109
3.81178 127.109
3.84784 127.111
3.88373 127.105
3.91979 127.107
3.95598 127.115
3.99209 127.118
4.02839 127.129
4.06511 127.158
4.10142 127.169
4.13759 127.174
4.17362 127.174
4.2096 127.172
4.24557 127.17
4.28185 127.179
4.31798 127.183
4.35406 127.185
4.39024 127.19
4.42652 127.2
4.46276 127.207
4.49931 127.226
4.53593 127.247
4.57192 127.245
4.60801 127.246
4.64421 127.252
4.68042 127.257
4.71673 127.267
4.75382 127.302
4.79004 127.308
4.82587 127.3
4.86175 127.295
4.89814 127.306
4.9347 127.323
4.97145 127.345
5.0078 127.354
5.04491 127.388
5.08121 127.396
5.11758 127.405
5.15461 127.435
5.19134 127.456
5.22767 127.463
5.26393 127.469
5.3002 127.474
5.33696 127.495
5.37374 127.516
5.41014 127.525
5.44655 127.534
5.48329 127.553
5.52015 127.576
5.55671 127.589
5.59392 127.621
5.63029 127.628
5.66634 127.626
5.70311 127.645
5.74103 127.696
5.77743 127.704
5.8143 127.724
5.85165 127.758
5.88896 127.79
5.92545 127.8
5.96242 127.822
5.99941 127.845
6.03592 127.854
6.07328 127.887
6.11051 127.915
6.14703 127.924
6.185 127.972
6.22227 128
6.25882 128.01
6.29618 128.04
6.33274 128.049
6.37079 128.097
6.40789 128.119
6.44433 128.125
6.48091 128.134
6.51849 128.169
6.55692 128.224
6.59438 128.254
6.6317 128.281
6.66934 128.315
6.70778 128.368
6.89686 128.553
7.0113 128.683
7.04886 128.712
7.08634 128.738
8.11976 130.564
8.15753 130.585
8.19474 130.595
