-12.8021 146.955
-12.7577 146.907
-12.714 146.869
-12.6705 146.833
-12.6244 146.758
-12.4857 146.528
-12.3474 146.3
-12.3036 146.257
-12.2615 146.238
-12.216 146.169
-12.1709 146.107
-12.1295 146.098
-12.0865 146.067
-11.6052 145.569
-11.5636 145.555
-11.5225 145.55
-11.4784 145.496
-11.4349 145.453
-11.392 145.418
-11.3513 145.418
-11.31 145.409
-11.2658 145.355
-11.2246 145.346
-11.1817 145.31
-11.1404 145.301
-11.0548 145.233
-11.0122 145.202
-10.9713 145.198
-10.6751 145.006
-10.6325 144.973
-10.5899 144.94
-10.5488 144.931
-10.5077 144.924
-10.4666 144.915
-10.4231 144.865
-10.382 144.859
-10.3412 144.854
-10.2999 144.843
-10.2565 144.793
-10.2153 144.784
-10.1743 144.777
-10.1336 144.775
-10.0914 144.747
-10.05 144.733
-10.0079 144.705
-9.96637 144.689
-9.92683 144.708
-9.88494 144.685
-9.84346 144.669
-9.80262 144.664
-9.76191 144.662
-9.72019 144.641
-9.6786 144.623
-9.63638 144.592
-9.59531 144.583
-9.55512 144.591
-9.5143 144.586
-9.47311 144.575
-9.43242 144.573
-9.39136 144.563
-9.35054 144.559
-9.30973 144.555
-9.26844 144.541
-9.22642 144.513
-9.18586 144.513
-9.14446 144.497
-9.10271 144.474
-9.06121 144.455
-9.02066 144.455
-8.98034 144.46
-8.94002 144.465
-8.89947 144.466
-8.8581 144.449
-8.81743 144.447
-8.77733 144.457
-8.73632 144.448
-8.69508 144.434
-8.6543 144.43
-8.61374 144.43
-8.57296 144.426
-8.53162 144.409
-8.49118 144.412
-8.45041 144.408
-8.40963 144.403
-8.36754 144.37
-8.32438 144.314
-8.28623 144.366
-8.25022 144.465
-8.21029 144.48
-8.16918 144.468
-8.12573 144.405
-8.08295 144.356
-8.04219 144.351
-8.0031 144.385
-7.964 144.418
-7.92416 144.435
-7.8838 144.44
-7.84373 144.452
-7.80449 144.483
-7.76451 144.497
-7.72412 144.502
-7.68373 144.507
-7.64324 144.51
-7.60324 144.524
-7.56343 144.543
-7.52352 144.56
-7.48301 144.563
-7.44279 144.572
-7.40237 144.577
-7.36175 144.578
-7.32123 144.58
-7.281 144.59
-7.24056 144.595
-7.20023 144.602
-7.15988 144.61
-7.11981 144.624
-7.07927 144.627
-7.0391 144.639
-6.99975 144.672
-6.95956 144.684
-6.91882 144.682
-6.87817 144.682
-6.83806 144.697
-6.7983 144.721
-6.75843 144.742
-6.71865 144.766
-6.67824 144.774
-6.638 144.786
-6.59802 144.805
-6.55811 144.827
-6.51844 144.855
-6.47843 144.874
-6.43815 144.887
-6.39761 144.892
-6.35766 144.913
-6.31753 144.93
-6.27739 144.947
-6.23773 144.978
-6.19741 144.99
-6.15724 145.007
-6.11707 145.024
-6.07697 145.043
-6.03686 145.062
-5.9965 145.074
-5.95629 145.091
-5.91647 145.12
-5.87647 145.144
-5.83609 145.156
-5.7963 145.187
-5.75726 145.242
-5.71684 145.254
-5.67701 145.285
-5.63687 145.307
-5.5965 145.322
-5.55649 145.348
-5.51647 145.375
-5.476 145.387
-5.43624 145.423
-5.39639 145.456
-5.35674 145.497
-5.31707 145.538
-5.27732 145.576
-5.23679 145.589
-5.19728 145.637
-5.15686 145.653
-5.11684 145.685
-5.07694 145.721
-5.03669 145.745
-4.99742 145.805
-4.95688 145.82
-4.91725 145.868
-4.87752 145.914
-4.83759 145.952
-4.79694 145.964
-4.75792 146.039
-4.71793 146.078
-4.6778 146.111
-4.63778 146.15
-4.59786 146.194
-4.5584 146.256
-4.51755 146.264
-4.4774 146.3
-4.43817 146.375
-4.39827 146.423
-4.35835 146.472
-4.31904 146.547
-4.2797 146.622
-4.23959 146.666
-4.19946 146.709
-4.15982 146.775
-4.11921 146.799
-4.07908 146.845
-4.03974 146.928
-4.00009 146.999
-3.95957 147.03
