-24.8702 83.9027
-24.8439 83.9015
3.63447 149.132
3.6755 149.127
3.78683 148.53
3.82712 148.496
3.98026 147.988
4.01941 147.908
4.05859 147.831
4.17435 147.529
4.21408 147.483
4.25303 147.403
4.29206 147.329
4.33111 147.256
4.37069 147.208
4.44853 147.059
4.48752 146.99
4.52636 146.916
4.56588 146.87
4.60615 146.856
4.64521 146.793
4.68395 146.719
4.72272 146.648
4.76225 146.607
4.80189 146.571
4.84201 146.554
4.88068 146.483
4.91945 146.416
4.95889 146.376
4.9985 146.342
5.03804 146.306
5.07723 146.259
5.1166 146.218
5.15622 146.187
5.19569 146.152
5.23494 146.109
5.27391 146.057
5.31264 145.997
5.35259 145.981
5.3915 145.929
5.43065 145.886
5.47015 145.855
5.51033 145.848
5.5503 145.834
5.58969 145.8
5.62877 145.758
5.66798 145.72
5.70747 145.692
5.74694 145.663
5.78685 145.649
5.82616 145.616
5.86545 145.583
5.90525 145.566
5.94459 145.535
5.98399 145.507
6.02369 145.488
6.06331 145.467
6.1026 145.436
6.14251 145.424
6.18185 145.396
6.22167 145.382
6.26083 145.349
6.30006 145.318
6.34001 145.309
6.3793 145.281
6.41842 145.248
6.45835 145.238
6.49835 145.231
6.53827 145.221
6.57692 145.177
6.61691 145.17
6.65681 145.16
6.69662 145.148
6.7359 145.123
6.77517 145.097
6.81496 145.085
6.85377 145.047
6.89337 145.031
6.93295 145.014
6.97316 145.014
7.01291 145.002
7.05212 144.977
7.09204 144.969
7.13223 144.969
7.17243 144.969
7.21234 144.962
7.25207 144.95
7.29141 144.929
7.33075 144.908
7.37055 144.899
7.41034 144.889
7.45004 144.878
7.48983 144.868
7.5299 144.866
7.56841 144.826
7.6074 144.798
7.64657 144.774
7.68533 144.741
7.72547 144.741
7.76671 144.767
7.80765 144.786
7.8481 144.793
7.88724 144.769
7.92687 144.757
7.96609 144.736
8.0052 144.713
8.04512 144.708
8.08525 144.708
8.12496 144.698
8.16477 144.691
8.20521 144.698
8.24597 144.712
8.28631 144.717
8.32773 144.745
8.36883 144.766
8.40821 144.749
8.44758 144.733
8.48771 144.733
8.52763 144.728
8.56698 144.712
8.60733 144.716
8.64768 144.721
8.68791 144.723
8.72827 144.728
8.76862 144.732
8.80875 144.732
8.84887 144.732
8.88877 144.727
8.92821 144.713
8.96833 144.713
9.0088 144.72
9.0502 144.746
9.09091 144.757
9.13104 144.757
9.17046 144.743
9.21071 144.745
9.25131 144.755
9.29168 144.759
9.33241 144.771
9.37314 144.783
9.41412 144.799
9.45352 144.785
9.49353 144.782
9.53428 144.794
9.57491 144.803
9.61529 144.808
9.65555 144.81
9.69581 144.812
9.73607 144.814
9.77646 144.819
9.81685 144.824
9.85863 144.854
9.90031 144.882
9.94097 144.891
9.98125 144.894
10.0224 144.912
10.0628 144.917
10.1029 144.914
10.1434 144.921
10.1849 144.945
10.2258 144.959
10.2663 144.963
10.3076 144.984
10.3481 144.989
10.3888 144.998
10.4307 145.028
10.4714 145.038
10.512 145.045
10.5526 145.052
10.594 145.073
10.6351 145.089
10.6768 145.115
10.7184 145.138
10.7593 145.15
10.8003 145.164
10.8436 145.215
10.8844 145.225
10.9249 145.229
10.9669 145.26
11.0088 145.288
11.0493 145.292
11.0904 145.306
11.1338 145.358
11.1745 145.365
11.2156 145.379
11.258 145.414
11.3005 145.449
11.3415 145.461
11.3833 145.487
11.4255 145.517
11.4667 145.532
11.5077 145.543
11.5513 145.595
11.593 145.618
11.6368 145.673
11.6782 145.689
11.7213 145.734
11.7627 145.75
11.8043 145.769
11.848 145.821
11.8891 145.833
11.9331 145.889
11.9769 145.941
12.0197 145.979
12.0623 146.012
12.1037 146.029
12.1479 146.086
12.1892 146.1
12.2325 146.142
12.2773 146.209
12.3225 146.28
12.3638 146.292
12.4084 146.353
12.4532 146.418
12.4948 146.434
12.7636 146.808
12.8069 146.849
12.8503 146.889
13.175 147.46
13.2188 147.503
