8.06441 135.118
8.09679 134.99
8.1317 134.916
8.16718 134.855
8.20183 134.778
8.23574 134.685
8.27184 134.639
8.30579 134.549
8.34113 134.488
8.37705 134.44
8.41081 134.348
8.44586 134.284
8.48212 134.244
8.51712 134.179
8.5521 134.115
8.58569 134.023
8.62301 134.007
8.65844 133.953
8.69479 133.917
8.72974 133.855
8.76563 133.811
8.80204 133.778
8.83746 133.726
8.87308 133.679
8.90824 133.623
8.94425 133.584
8.97915 133.524
9.016 133.501
9.05174 133.457
9.0879 133.422
9.12393 133.385
9.15995 133.348
9.19617 133.315
9.2326 133.286
9.26835 133.245
9.30272 133.179
9.33911 133.15
9.37582 133.128
9.41286 133.111
9.44853 133.07
9.48555 133.054
9.52061 133.002
9.55703 132.976
9.59262 132.935
9.6296 132.918
9.6647 132.869
9.70178 132.855
9.73908 132.844
9.77567 132.822
9.81153 132.787
9.84643 132.736
9.8837 132.726
9.91988 132.697
9.9558 132.664
9.99317 132.656
10.0296 132.631
10.0656 132.601
10.1016 132.57
10.1377 132.542
10.1743 132.521
10.2107 132.499
10.2482 132.493
10.2845 132.468
10.3204 132.438
10.3563 132.407
10.3936 132.399
10.4309 132.391
10.4673 132.368
10.5035 132.344
10.5405 132.332
10.5768 132.307
10.6131 132.285
10.6501 132.273
10.6868 132.256
10.7238 132.244
10.7606 132.23
10.7959 132.191
10.8328 132.179
10.87 132.171
10.9074 132.165
10.9439 132.147
10.981 132.137
11.018 132.126
11.0541 132.102
11.0907 132.084
11.1278 132.076
11.165 132.068
11.2016 132.051
11.238 132.031
11.275 132.021
11.3124 132.017
11.3497 132.011
11.3861 131.993
11.4223 131.97
11.4594 131.962
11.4967 131.956
11.5341 131.952
11.5715 131.948
11.6086 131.94
11.645 131.922
11.6819 131.912
11.7189 131.902
11.7561 131.896
11.7932 131.887
11.8303 131.879
11.8675 131.873
11.9042 131.859
11.941 131.847
11.979 131.853
12.0164 131.849
12.053 131.835
12.0901 131.827
12.1271 131.819
12.1637 131.805
12.2009 131.799
12.2395 131.811
12.2773 131.813
12.3132 131.791
12.3501 131.781
12.3876 131.779
12.4254 131.781
12.4623 131.771
12.5003 131.777
12.5374 131.769
12.5744 131.761
12.6112 131.75
12.6501 131.767
12.69 131.797
12.7278 131.799
12.7631 131.769
12.8001 131.761
12.8374 131.757
12.875 131.757
12.9133 131.765
12.952 131.779
12.9907 131.793
13.028 131.789
13.0645 131.775
13.1022 131.775
13.1401 131.779
13.1787 131.792
13.2176 131.808
13.2559 131.816
13.2936 131.818
13.3314 131.82
13.3697 131.828
13.4082 131.838
13.4459 131.84
13.4837 131.843
13.5212 131.841
13.5583 131.834
13.5968 131.845
13.6353 131.855
13.6734 131.861
13.7115 131.867
13.7508 131.887
13.7888 131.892
13.8261 131.887
13.8632 131.881
13.901 131.883
13.9409 131.91
13.9804 131.932
14.0202 131.959
14.0582 131.963
14.095 131.953
14.133 131.957
14.172 131.973
14.2098 131.975
14.2482 131.983
14.2879 132.008
14.3264 132.018
14.3657 132.036
14.4037 132.04
14.4422 132.051
14.4808 132.061
14.5216 132.097
14.5605 132.112
14.5994 132.126
14.6385 132.142
14.6766 132.146
14.7153 132.159
14.7548 132.179
14.7932 132.187
14.8323 132.203
14.8722 132.228
14.9119 132.25
14.9505 132.261
14.9893 132.273
15.0279 132.283
15.068 132.31
15.109 132.346
15.1473 132.353
15.1865 132.369
15.225 132.377
15.2657 132.41
15.3066 132.445
15.346 132.463
15.3863 132.492
15.4256 132.508
15.466 132.537
15.5062 132.563
15.5453 132.578
15.5857 132.606
15.6259 132.633
15.6664 132.662
15.7065 132.686
15.7462 132.707
15.7867 132.735
15.8273 132.766
15.8682 132.799
15.9107 132.848
15.9503 132.867
15.9912 132.9
16.0316 132.926
16.0706 132.939
16.1129 132.986
16.1551 133.031
16.1959 133.062
16.2356 133.081
16.2784 133.132
16.3211 133.182
16.3607 133.2
16.4034 133.25
16.4425 133.262
16.4883 133.343
16.5305 133.386
16.5724 133.427
16.6138 133.463
16.6575 133.521
16.7015 133.583
16.7417 133.605
16.7859 133.668
16.8294 133.724
16.8728 133.778
16.9176 133.846
16.9598 133.888
17.0011 133.921
17.0461 133.99
17.4733 134.82
17.5184 134.887
