-19.4107 132.86
-19.3637 132.774
-19.3175 132.696
-19.2701 132.605
-19.2259 132.543
-19.1845 132.505
-18.9925 132.119
-18.9483 132.056
-18.9042 131.992
-18.8603 131.93
-18.8169 131.873
-18.7726 131.807
-18.729 131.747
-18.6879 131.71
-18.6442 131.648
-18.6007 131.589
-18.5619 131.571
-18.5191 131.518
-18.4754 131.456
-18.432 131.397
-18.3935 131.381
-18.351 131.33
-18.3079 131.272
-18.2664 131.229
-18.2246 131.184
-18.1859 131.166
-18.1445 131.123
-18.1054 131.101
-18.0652 131.069
-18.0233 131.022
-17.9843 131.001
-17.9422 130.951
-17.9025 130.924
-17.8627 130.894
-17.8245 130.881
-17.7827 130.834
-17.7423 130.798
-17.7022 130.767
-17.6622 130.735
-17.6239 130.72
-17.5824 130.675
-17.5441 130.659
-17.5044 130.63
-17.4665 130.618
-17.4276 130.596
-17.3858 130.547
-17.3479 130.536
-17.3086 130.51
-17.2689 130.481
-17.2299 130.457
-17.1923 130.448
-17.1524 130.416
-17.1128 130.387
-17.0754 130.379
-17.0386 130.377
-16.9998 130.356
-16.9608 130.332
-16.9206 130.297
-16.8824 130.282
-16.8434 130.258
-16.8049 130.239
-16.7671 130.227
-16.7294 130.215
-16.6908 130.196
-16.6517 130.171
-16.6138 130.157
-16.5761 130.145
-16.5387 130.138
-16.5016 130.132
-16.4652 130.134
-16.4287 130.134
-16.3906 130.118
-16.3504 130.081
-16.3127 130.069
-16.2746 130.054
-16.2373 130.046
-16.1994 130.033
-16.161 130.013
-16.1235 130.003
-16.0853 129.986
-16.0478 129.976
-16.0098 129.961
-15.9725 129.953
-15.936 129.953
-15.8989 129.947
-15.8612 129.935
-15.8251 129.939
-15.789 129.943
-15.7511 129.93
-15.7117 129.899
-15.6746 129.893
-15.6379 129.891
-15.6012 129.889
-15.5649 129.891
-15.5282 129.889
-15.4908 129.879
-15.4535 129.871
-15.4167 129.868
-15.38 129.866
-15.3427 129.858
-15.305 129.844
-15.2683 129.842
-15.2314 129.838
-15.1947 129.837
-15.1588 129.842
-15.1221 129.84
-15.0849 129.833
-15.0487 129.837
-15.0135 129.85
-14.9771 129.852
-14.9396 129.84
-14.9039 129.85
-14.8679 129.856
-14.8311 129.852
-14.7928 129.833
-14.756 129.829
-14.7212 129.848
-14.6859 129.862
-14.649 129.858
-14.6117 129.848
-14.5739 129.835
-14.5376 129.837
-14.5007 129.833
-14.4652 129.844
-14.4289 129.846
-14.3939 129.864
-14.3559 129.846
-14.3173 129.823
-14.2794 129.808
-14.2434 129.813
-14.2103 129.852
-14.176 129.878
-14.1404 129.889
-14.1037 129.887
-14.066 129.874
-14.0303 129.883
-13.9933 129.878
-13.9583 129.895
-13.9221 129.899
-13.886 129.905
-13.8506 129.918
-13.8149 129.928
-13.7789 129.934
-13.7428 129.94
-13.7071 129.95
-13.6722 129.969
-13.6361 129.975
-13.5989 129.967
-13.5622 129.965
-13.5258 129.967
-13.4894 129.969
-13.4539 129.983
-13.4188 130
-13.383 130.01
-13.3469 130.016
-13.3108 130.022
-13.2747 130.028
-13.2397 130.047
-13.2041 130.059
-13.1682 130.067
-13.132 130.072
-13.0964 130.084
-13.0615 130.106
-13.0266 130.127
-12.9906 130.135
-12.9545 130.141
-12.9193 130.158
-12.8839 130.174
-12.8487 130.191
-12.8127 130.199
-12.777 130.211
-12.7422 130.234
-12.7067 130.25
-12.6709 130.26
-12.6356 130.277
-12.5998 130.289
-12.5644 130.305
-12.5294 130.326
-12.496 130.369
-12.4609 130.389
-12.4246 130.395
-12.3888 130.406
-12.3542 130.434
-12.3186 130.447
-12.2835 130.469
-12.2482 130.487
-12.2134 130.512
-12.1783 130.534
-12.143 130.553
-12.108 130.577
-12.0726 130.594
-12.0369 130.608
-12.0013 130.624
-11.9672 130.659
-11.9315 130.673
-11.8966 130.698
-11.8617 130.724
-11.8263 130.744
-11.7921 130.779
-11.7566 130.797
-11.7215 130.82
-11.6871 130.854
-11.6543 130.909
-11.6187 130.926
-11.5825 130.934
-11.5471 130.954
-11.5121 130.98
-11.4774 131.011
-11.4434 131.051
-11.4089 131.084
-11.3754 131.133
-11.3408 131.165
-11.3047 131.177
-11.2714 131.228
-11.2369 131.264
-11.201 131.278
-11.1675 131.327
-11.1315 131.341
-11.0977 131.386
-11.0634 131.426
-11.0298 131.476
-10.9954 131.513
-10.961 131.551
-10.926 131.581
-10.8911 131.612
-10.8568 131.652
-10.8232 131.704
-10.7873 131.72
-10.754 131.777
-10.7195 131.815
-10.6859 131.869
-10.6528 131.929
-10.6184 131.971
