17.5709 148.945
17.6206 149.033
17.6629 149.043
17.7029 149.028
17.7194 148.763
17.7295 148.43
17.7274 144.964
17.7641 144.924
17.8002 144.88
17.8603 144.663
17.8969 144.624
17.9334 144.584
18.0262 144.293
18.0627 144.253
18.0991 144.214
18.1321 144.139
18.165 144.064
18.201 144.02
18.3042 143.843
18.3407 143.806
18.3777 143.773
18.4158 143.752
18.4472 143.664
18.4853 143.643
18.5187 143.576
18.5516 143.504
18.5885 143.471
18.6249 143.434
18.6579 143.365
18.6969 143.353
18.7335 143.318
18.77 143.283
18.803 143.214
18.8393 143.177
18.8756 143.14
18.9142 143.126
18.9481 143.066
18.9846 143.032
19.0234 143.02
19.0579 142.967
19.0963 142.951
19.1308 142.898
19.1689 142.879
19.2053 142.845
19.2409 142.803
19.276 142.757
19.3129 142.727
19.3501 142.702
19.3882 142.684
19.4237 142.642
19.4617 142.624
19.4987 142.596
19.5357 142.569
19.573 142.543
19.6082 142.5
19.6471 142.491
19.6856 142.477
19.724 142.463
19.7597 142.424
19.7971 142.401
19.8355 142.387
19.8704 142.341
19.9087 142.328
19.9474 142.316
19.9827 142.275
20.0206 142.257
20.0587 142.24
20.0983 142.238
20.1353 142.213
20.1709 142.174
20.2076 142.147
20.2462 142.135
20.2814 142.094
20.3187 142.071
20.3577 142.064
20.3973 142.062
20.4356 142.048
20.472 142.018
20.5092 141.996
20.5467 141.975
20.5847 141.959
20.6234 141.95
20.6606 141.927
20.6975 141.902
20.7367 141.897
20.7742 141.877
20.8126 141.865
20.8524 141.865
20.8916 141.861
20.9303 141.851
20.9682 141.835
21.0032 141.794
21.0411 141.779
21.0813 141.783
21.1203 141.776
21.1563 141.744
21.1947 141.733
21.2328 141.719
21.2695 141.694
21.3071 141.676
21.3438 141.651
21.3835 141.651
21.423 141.648
21.4632 141.653
21.5034 141.657
21.5429 141.655
21.5787 141.623
21.6195 141.632
21.6603 141.641
21.6981 141.625
21.7345 141.598
21.7739 141.596
21.8149 141.607
21.8593 141.645
21.8998 141.652
21.9375 141.636
21.9741 141.611
22.0122 141.597
22.0502 141.584
22.0884 141.572
22.1267 141.561
22.1658 141.556
22.2071 141.57
22.249 141.588
22.2895 141.595
22.3289 141.592
22.368 141.588
22.4062 141.576
22.4459 141.576
22.4858 141.578
22.5255 141.578
22.5654 141.58
22.6065 141.592
22.6484 141.61
22.6892 141.619
22.7269 141.603
22.7657 141.596
22.805 141.594
22.8452 141.598
22.8857 141.605
22.9257 141.607
22.9659 141.611
23.0064 141.618
23.0464 141.62
23.0872 141.629
23.1274 141.634
23.1667 141.631
23.2064 141.631
23.2466 141.636
23.2883 141.652
23.328 141.651
23.3685 141.658
23.409 141.665
23.4496 141.672
23.4901 141.678
23.5327 141.701
23.573 141.705
23.6162 141.733
23.6561 141.735
23.6955 141.732
23.736 141.739
23.7778 141.755
23.8211 141.782
23.8613 141.787
23.901 141.786
23.9437 141.809
23.9876 141.841
24.0284 141.85
24.069 141.857
24.109 141.859
24.1514 141.879
24.192 141.886
24.2323 141.89
24.2756 141.917
24.3196 141.949
24.3615 141.965
24.4024 141.974
24.4458 142.001
24.4861 142.006
24.5261 142.008
24.5689 142.031
24.6117 142.053
24.6526 142.062
24.6936 142.071
24.7377 142.103
24.7786 142.112
24.8227 142.144
24.8662 142.171
24.9075 142.183
24.9554 142.242
24.9971 142.255
25.0441 142.308
25.0854 142.319
25.1296 142.351
25.1706 142.36
25.2149 142.392
25.2556 142.399
25.2963 142.405
25.3441 142.463
25.3897 142.504
25.4339 142.536
25.4753 142.547
25.5239 142.609
25.5643 142.613
25.6126 142.673
25.6546 142.689
25.7 142.728
25.745 142.764
25.8398 142.87
25.8809 142.879
25.9294 142.938
25.9709 142.95
26.2577 143.279
26.3027 143.313
26.3516 143.375
26.3983 143.422
26.445 143.468
