-9.32109 124.463
-9.2857 124.463
-9.25009 124.459
-9.21459 124.457
-8.33576 122.602
-8.29933 122.575
-8.18919 122.477
-8.1515 122.426
-8.11384 122.374
-8.07704 122.339
-8.03841 122.268
-8.0022 122.243
-7.96692 122.236
-7.93173 122.231
-7.89519 122.199
-7.85838 122.162
-7.82088 122.11
-7.78259 122.043
-7.7471 122.031
-7.7094 121.974
-7.67199 121.923
-7.6367 121.914
-7.60037 121.884
-7.56302 121.833
-7.52707 121.81
-7.49208 121.807
-7.45709 121.803
-7.42107 121.779
-7.3838 121.727
-7.34756 121.698
-7.3121 121.683
-7.27521 121.639
-7.23902 121.61
-7.20374 121.599
-7.16708 121.559
-7.13157 121.543
-7.09494 121.502
-7.05962 121.49
-7.0239 121.469
-6.98795 121.443
-6.95289 121.436
-6.91791 121.43
-6.88159 121.395
-6.84623 121.381
-6.81111 121.372
-6.77475 121.336
-6.73949 121.323
-6.70424 121.311
-6.66937 121.307
-6.63405 121.293
-6.59821 121.267
-6.562 121.232
-6.52543 121.188
-6.49037 121.18
-6.45546 121.174
-6.41997 121.155
-6.38478 121.143
-6.35061 121.155
-6.3152 121.138
-6.27988 121.122
-6.24349 121.08
-6.2084 121.069
-6.17374 121.069
-6.13886 121.064
-6.1035 121.047
-6.06864 121.041
-6.03336 121.026
-5.99822 121.013
-5.96282 120.994
-5.92797 120.989
-5.89272 120.973
-5.85788 120.968
-5.82297 120.961
-5.78806 120.954
-5.75277 120.936
-5.71741 120.917
-5.68252 120.91
-5.64738 120.896
-5.61217 120.88
-5.57736 120.875
-5.54268 120.873
-5.50793 120.87
-5.47312 120.864
-5.43844 120.863
-5.40357 120.856
-5.36877 120.85
-5.33379 120.84
-5.29918 120.84
-5.26468 120.843
-5.22989 120.838
-5.19486 120.826
-5.15989 120.815
-5.12487 120.803
-5.09021 120.801
-5.05595 120.812
-5.02146 120.815
-4.98656 120.806
-4.95161 120.796
-4.91656 120.782
-4.88156 120.77
-4.8468 120.764
-4.81242 120.771
-4.77793 120.775
-4.74327 120.773
-4.70819 120.757
-4.67365 120.759
-4.63926 120.766
-4.60429 120.753
-4.56969 120.753
-4.5352 120.757
-4.50024 120.745
-4.46544 120.738
-4.431 120.743
-4.39666 120.751
-4.36271 120.774
-4.32846 120.786
-4.2941 120.795
-4.25954 120.796
-4.22479 120.791
-4.18994 120.782
-4.15548 120.787
-4.1212 120.799
-4.08645 120.794
-4.05189 120.796
-4.01687 120.78
-3.98217 120.777
-3.94771 120.782
-3.91323 120.787
-3.87872 120.79
-3.84424 120.795
-3.80972 120.799
-3.77502 120.795
-3.74042 120.795
-3.70623 120.813
-3.67187 120.823
-3.63742 120.83
-3.60276 120.828
-3.56815 120.828
-3.53353 120.828
-3.49895 120.829
-3.46461 120.842
-3.43027 120.854
-3.39588 120.864
-3.36149 120.874
-3.32693 120.878
-3.29231 120.878
-3.25768 120.878
-3.22305 120.878
-3.18856 120.884
-3.15408 120.891
-3.11995 120.916
-3.08563 120.931
-3.05109 120.936
-3.01659 120.943
-2.98208 120.95
-2.9476 120.959
-2.91312 120.967
-2.87874 120.981
-2.84451 121.004
-2.81001 121.012
-2.7757 121.032
-2.74132 121.047
-2.70687 121.059
-2.67226 121.063
-2.63774 121.071
-2.60349 121.096
-2.56919 121.118
-2.53459 121.123
-2.50017 121.139
-2.4657 121.153
-2.4311 121.158
-2.39665 121.174
-2.36236 121.2
-2.32787 121.214
-2.29346 121.233
-2.25888 121.242
-2.22434 121.254
-2.18975 121.262
-2.15526 121.278
-2.12073 121.292
-2.08623 121.308
-2.05148 121.306
-2.01719 121.339
-1.98262 121.351
-1.94815 121.372
-1.91374 121.398
-1.87932 121.424
-1.84469 121.435
-1.81023 121.459
-1.7758 121.487
-1.7414 121.519
-1.70686 121.54
-1.67214 121.545
-1.63761 121.568
-1.60325 121.608
-1.56866 121.627
-1.53395 121.636
-1.49934 121.655
-1.46485 121.687
-1.4304 121.725
-1.39568 121.736
-1.36094 121.744
-1.3264 121.776
-1.29173 121.795
-1.25715 121.825
-1.2227 121.872
-1.18813 121.908
-1.15346 121.932
-1.11878 121.957
-1.08416 121.99
-1.04948 122.018
-1.01479 122.047
-0.980218 122.094
-0.945396 122.106
-0.910635 122.129
-0.875897 122.158
-0.841291 122.21
-0.771781 122.274
-0.737014 122.308
-0.702321 122.359
-0.667496 122.387
-0.632739 122.433
-0.597916 122.469
-0.56307 122.502
-0.528203 122.534
-0.493407 122.589
-0.458569 122.639
-0.423577 122.648
-0.388634 122.674
-0.214033 122.955
-0.179038 123.011
-0.144058 123.093
-0.108984 123.129
-0.0738905 123.161
-0.0387948 123.207
-0.00367225 123.243
0.137018 123.557
0.172266 123.613
