16.1466 122.658
16.1728 122.574
16.1956 122.457
16.2049 122.211
16.2331 122.148
16.2478 121.955
16.2636 121.774
16.4149 122.226
16.7281 121.263
16.757 121.211
16.7877 121.176
16.8173 121.131
16.9274 120.876
16.9613 120.871
16.9932 120.848
17.1343 120.569
17.165 120.536
17.1917 120.467
17.2248 120.457
17.2539 120.41
17.2844 120.375
17.3132 120.327
17.3415 120.273
17.3719 120.239
17.4032 120.213
17.4361 120.201
17.462 120.127
17.4933 120.101
17.5266 120.092
17.645 119.931
17.6786 119.925
17.7082 119.886
17.7392 119.858
17.7724 119.85
17.8006 119.798
17.8263 119.725
17.859 119.713
17.8901 119.687
17.9207 119.656
17.952 119.632
17.9855 119.627
18.0164 119.599
18.0457 119.558
18.0782 119.545
18.1091 119.517
18.1381 119.474
18.1679 119.439
18.1988 119.411
18.2306 119.392
18.2634 119.382
18.293 119.345
18.3258 119.334
18.3586 119.324
18.387 119.276
18.4155 119.23
18.4485 119.222
18.479 119.193
18.5093 119.162
18.5421 119.152
18.5742 119.136
18.6076 119.131
18.6411 119.128
18.671 119.094
18.7033 119.08
18.7346 119.058
18.7658 119.036
18.7987 119.027
18.8308 119.012
18.8633 119
18.8948 118.98
18.9268 118.964
18.9561 118.927
18.9888 118.917
19.0213 118.905
19.0541 118.896
19.0853 118.874
19.1167 118.854
19.1497 118.847
19.1813 118.828
19.2118 118.801
19.2442 118.789
19.2768 118.779
19.3097 118.77
19.3408 118.748
19.3734 118.738
19.4064 118.731
19.439 118.721
19.4707 118.704
19.5024 118.687
19.5345 118.674
19.5671 118.663
19.5983 118.643
19.6315 118.638
19.6643 118.629
19.6964 118.616
19.7291 118.607
19.7606 118.589
19.7929 118.577
19.8263 118.573
19.8599 118.572
19.893 118.566
19.9251 118.553
19.9567 118.536
19.9901 118.533
20.0233 118.527
20.056 118.519
20.088 118.505
20.12 118.492
20.1536 118.49
20.1878 118.493
20.2216 118.493
20.2554 118.493
20.2874 118.48
20.3174 118.451
20.3501 118.442
20.3848 118.449
20.4168 118.435
20.4472 118.41
20.4778 118.387
20.516 118.42
20.5541 118.452
20.5847 118.428
20.6162 118.411
20.6477 118.394
20.6817 118.396
20.7141 118.386
20.7467 118.377
20.7798 118.372
20.8129 118.367
20.845 118.355
20.8778 118.348
20.9123 118.353
20.9483 118.37
20.9825 118.373
21.0147 118.361
21.0472 118.353
21.0798 118.344
21.1129 118.339
21.1461 118.336
21.1796 118.334
21.2136 118.336
21.248 118.341
21.282 118.342
21.315 118.337
21.3483 118.334
21.382 118.333
21.4165 118.338
21.4523 118.353
21.4879 118.367
21.5224 118.372
21.554 118.356
21.5867 118.35
21.6209 118.353
21.6547 118.353
21.6884 118.353
21.7228 118.358
21.7565 118.357
21.79 118.356
21.8242 118.359
21.8591 118.367
21.8953 118.384
21.9292 118.385
21.9632 118.387
21.9981 118.395
22.0323 118.399
22.0661 118.398
22.0998 118.398
22.134 118.402
22.1679 118.403
22.2022 118.406
22.2386 118.425
22.2733 118.431
22.3077 118.436
22.3436 118.451
22.3784 118.458
22.4126 118.461
22.4468 118.464
22.482 118.474
22.516 118.476
22.5497 118.476
22.5839 118.479
22.6191 118.489
22.6561 118.511
22.6903 118.514
22.7268 118.532
22.762 118.542
22.7993 118.566
22.836 118.586
22.8705 118.591
22.904 118.589
22.9402 118.606
22.9752 118.614
23.0095 118.617
23.0458 118.634
23.0808 118.642
23.1155 118.649
23.149 118.647
23.1851 118.662
23.2214 118.679
23.2592 118.705
23.2968 118.731
23.3364 118.769
23.3702 118.769
23.4058 118.781
23.4419 118.796
23.4769 118.804
23.5143 118.828
23.5527 118.858
23.5883 118.87
23.6244 118.885
23.6587 118.888
23.6962 118.911
23.7367 118.955
23.7745 118.98
23.8119 119.004
23.8465 119.009
23.8808 119.012
23.9194 119.042
23.9577 119.071
23.9954 119.096
24.2609 119.278
24.2964 119.288
24.334 119.312
24.3697 119.324
24.4138 119.388
24.452 119.415
24.4872 119.423
24.6094 119.552
24.6444 119.559
24.6892 119.627
