-24.8704 83.9037
-24.8434 83.8995
-30.6505 159.195
-30.6112 159.217
-30.5644 159.191
-30.52 159.181
-30.0026 158.593
-29.9544 158.556
-29.8619 158.509
-29.8088 158.44
-29.7589 158.392
-29.7144 158.38
-29.6658 158.34
-29.6225 158.335
-29.5751 158.304
-29.5306 158.291
-29.2941 158.133
-29.2504 158.126
-28.9239 157.933
-28.8799 157.923
-28.7856 157.86
-28.7463 157.882
-28.698 157.842
-28.6536 157.83
-28.6069 157.801
-28.5633 157.794
-28.5147 157.752
-28.4699 157.736
-28.4232 157.708
-28.3808 157.708
-28.335 157.685
-28.2918 157.68
-28.2486 157.676
-28.2032 157.655
-28.1596 157.648
-28.1149 157.632
-28.0706 157.62
-28.0278 157.618
-27.982 157.594
-27.9381 157.584
-27.8957 157.585
-27.851 157.57
-27.8075 157.562
-27.7636 157.552
-27.7193 157.54
-27.6739 157.519
-27.6312 157.517
-27.5907 157.531
-27.5483 157.532
-27.5036 157.516
-27.4601 157.509
-27.4151 157.491
-27.3716 157.484
-27.3285 157.479
-27.2861 157.48
-27.2422 157.47
-27.1983 157.46
-27.1563 157.463
-27.1139 157.464
-27.0697 157.451
-27.0269 157.449
-26.9857 157.458
-26.944 157.464
-26.9016 157.465
-26.8596 157.468
-26.8176 157.471
-26.7744 157.467
-26.7317 157.465
-26.6911 157.479
-26.6501 157.49
-26.6044 157.467
-26.5602 157.454
-26.5193 157.465
-26.479 157.482
-26.4363 157.48
-26.3938 157.481
-26.355 157.508
-26.3184 157.551
-26.2759 157.552
-26.2306 157.531
-26.191 157.553
-26.1515 157.575
-26.1104 157.587
-26.0641 157.558
-26.023 157.569
-25.9856 157.607
-25.9438 157.613
-25.901 157.611
-25.86 157.623
-25.8157 157.61
-25.7722 157.603
-25.7297 157.603
-25.6869 157.601
-25.6458 157.613
-25.6058 157.632
-25.5637 157.635
-25.5212 157.636
-25.4815 157.658
-25.4418 157.68
-25.399 157.678
-25.3561 157.676
-25.3133 157.674
-25.2722 157.685
-25.231 157.697
-25.1909 157.716
-25.1512 157.738
-25.1097 157.747
-25.0685 157.758
-25.026 157.759
-24.9845 157.768
-24.9464 157.803
-24.907 157.828
-24.8661 157.842
-24.8256 157.859
-24.7837 157.865
-24.7439 157.887
-24.7047 157.914
-24.6658 157.944
-24.6233 157.945
-24.5813 157.951
-24.5425 157.981
-24.5029 158.006
-24.4636 158.033
-24.4254 158.069
-24.3858 158.094
-24.3451 158.11
-24.3035 158.119
-24.2635 158.141
-24.2246 158.171
-24.1846 158.194
-24.1439 158.21
-24.1062 158.251
-24.0672 158.282
-24.0248 158.285
-23.9841 158.302
-23.9473 158.351
-23.9099 158.395
-23.8692 158.411
-23.8317 158.455
-23.7909 158.472
-23.7508 158.494
-23.7152 158.554
-23.6741 158.568
-23.6356 158.604
-23.5967 158.637
-23.5565 158.659
-23.5179 158.695
-23.4771 158.712
-23.4391 158.753
-23.4012 158.794
-23.3625 158.83
-23.322 158.85
-23.2826 158.88
-23.2459 158.932
-23.2117 159.006
-23.1758 159.066
-23.1352 159.086
-23.0929 159.092
-23.0551 159.136
-23.0205 159.207
-22.9804 159.232
-22.9451 159.298
-22.9056 159.329
-22.8705 159.397
-22.8332 159.447
-22.7991 159.524
-22.7579 159.541
-22.7203 159.588
-22.682 159.63
-22.6433 159.668
-22.6053 159.713
-22.5679 159.762
-22.5307 159.815
-22.496 159.889
-22.4617 159.967
-22.0142 160.996
-21.9794 161.074
-22.0048 162.89
-21.9737 163.006
-21.9484 163.176
-21.9299 163.409
-21.9006 163.543
-21.8687 163.654
-21.7869 163.306
-21.7839 163.684
