-35.8237 140.84
-35.7822 140.825
-35.7407 140.81
-35.1402 139.918
-35.0881 139.849
-35.036 139.779
-34.9918 139.749
-34.9467 139.715
-34.8476 139.6
-34.8013 139.559
-34.752 139.502
-34.7083 139.474
-34.6697 139.472
-34.6312 139.47
-34.5871 139.44
-34.5357 139.373
-34.4319 139.233
-34.3909 139.218
-34.3406 139.155
-34.2962 139.123
-34.2577 139.121
-34.2154 139.1
-34.1761 139.093
-34.1313 139.059
-34.0861 139.022
-34.0422 138.992
-33.9975 138.958
-33.9574 138.947
-33.9085 138.891
-33.87 138.889
-33.8312 138.885
-33.7874 138.855
-33.7427 138.821
-33.6997 138.795
-33.6601 138.787
-33.6154 138.752
-33.5704 138.716
-33.5312 138.71
-33.4924 138.705
-33.4491 138.678
-33.4102 138.673
-33.362 138.62
-33.3232 138.616
-33.284 138.609
-33.244 138.599
-33.2011 138.573
-33.1623 138.569
-33.1191 138.541
-33.0754 138.511
-33.0375 138.512
-32.9983 138.505
-32.9547 138.475
-32.9155 138.469
-32.8735 138.448
-32.8343 138.441
-32.7907 138.412
-32.7496 138.395
-32.7084 138.378
-32.6701 138.376
-32.6313 138.371
-32.5942 138.376
-32.5555 138.372
-32.5131 138.348
-32.4732 138.338
-32.434 138.331
-32.3929 138.314
-32.3538 138.308
-32.3155 138.306
-32.2767 138.302
-32.2384 138.3
-32.2005 138.3
-32.1609 138.291
-32.1198 138.275
-32.0811 138.27
-32.042 138.264
-32.0029 138.258
-31.963 138.247
-31.9215 138.228
-31.884 138.23
-31.8453 138.226
-31.8058 138.218
-31.7682 138.22
-31.7334 138.237
-31.6947 138.233
-31.654 138.218
-31.6184 138.231
-31.5817 138.238
-31.5437 138.238
-31.5034 138.225
-31.4647 138.221
-31.4256 138.215
-31.3877 138.215
-31.3501 138.217
-31.313 138.221
-31.2758 138.226
-31.2378 138.226
-31.1991 138.222
-31.1619 138.226
-31.1267 138.241
-31.0887 138.241
-31.0496 138.235
-31.0113 138.233
-30.9752 138.244
-30.9384 138.25
-30.8997 138.246
-30.8625 138.251
-30.8268 138.264
-30.7907 138.275
-30.755 138.287
-30.7193 138.3
-30.6851 138.322
-30.6482 138.328
-30.6076 138.314
-30.5719 138.327
-30.5301 138.305
-30.4907 138.297
-30.4575 138.325
-30.4266 138.366
-30.386 138.351
-30.3492 138.357
-30.3182 138.398
-30.2858 138.43
-30.2437 138.407
-30.2009 138.379
-30.1603 138.364
-30.1193 138.347
-30.0802 138.341
-30.0477 138.373
-30.0149 138.403
-29.9806 138.425
-29.9466 138.449
-29.9071 138.44
-29.868 138.434
-29.8296 138.432
-29.7919 138.434
-29.7583 138.46
-29.7217 138.469
-29.6855 138.48
-29.6496 138.493
-29.6145 138.51
-29.5775 138.516
-29.5402 138.521
-29.5018 138.519
-29.4627 138.513
-29.425 138.515
-29.3884 138.524
-29.3564 138.56
-29.3227 138.586
-29.2933 138.638
-29.2591 138.661
-29.2247 138.683
-29.1884 138.694
-29.1549 138.722
-29.1222 138.754
-29.0866 138.77
-29.0506 138.783
-29.0171 138.811
-28.9826 138.832
-28.9455 138.839
-28.9081 138.843
-28.8717 138.854
-28.8382 138.883
-28.8043 138.908
-28.769 138.926
-28.7337 138.943
-28.7012 138.978
-28.6704 139.023
-28.6336 139.032
-28.5976 139.045
-28.5615 139.058
-28.5293 139.095
-28.4932 139.108
-28.4571 139.121
-28.4238 139.152
-28.3905 139.182
-28.3575 139.215
-28.3238 139.243
-28.288 139.258
-28.2564 139.299
-28.2209 139.317
-28.1879 139.35
-28.151 139.358
-28.1169 139.384
-28.0839 139.417
-28.0487 139.437
-28.0187 139.489
-27.9822 139.5
-27.9487 139.531
-27.9156 139.563
-27.8541 139.659
-27.8171 139.668
-27.7843 139.703
-27.7514 139.738
-27.7189 139.775
-27.6864 139.812
-27.6528 139.843
-27.6195 139.876
-27.5869 139.913
-27.5595 139.983
-27.5306 140.044
-27.4942 140.057
-27.4599 140.084
-27.4228 140.092
-27.1116 140.572
-27.0751 140.585
-26.8989 140.949
-26.8643 140.976
-26.8303 141.007
-26.8007 141.066
-26.778 141.173
-26.7504 141.246
-26.7223 141.317
-26.6906 141.364
-26.6622 141.432
-26.6384 141.533
-26.6059 141.575
-26.5738 141.619
-26.5496 141.717
-26.5304 141.849
-26.5071 141.954
-26.4812 142.041
-26.4533 142.115
-26.4104 142.615
-26.3787 142.665
-26.3429 142.688
-26.6231 144.858
-26.5873 144.883
-26.5538 144.925
