-24.8726 83.9138
-24.8458 83.9106
10.8087 127.621
10.8408 127.557
10.8735 127.504
10.9086 127.486
10.9411 127.431
10.9735 127.373
11.0061 127.32
11.2381 127.009
11.2725 126.984
11.308 126.975
11.609 126.636
11.6417 126.589
11.6771 126.58
11.7111 126.551
11.7452 126.525
11.7801 126.51
11.8127 126.462
11.8478 126.449
11.8806 126.406
11.9146 126.379
11.9497 126.366
11.9819 126.315
12.0172 126.305
12.0494 126.254
12.0829 126.222
12.1185 126.217
12.1542 126.213
12.1881 126.186
12.2218 126.156
12.2559 126.132
12.2896 126.102
12.3248 126.092
12.357 126.043
12.392 126.032
12.4272 126.023
12.4636 126.028
12.4962 125.985
12.5296 125.953
12.5648 125.944
12.5971 125.899
12.6324 125.891
12.6664 125.867
12.7013 125.853
12.7358 125.837
12.7706 125.823
12.8038 125.79
12.8373 125.76
12.8727 125.754
12.9077 125.743
12.9432 125.739
12.9774 125.718
13.0123 125.707
13.048 125.705
13.0836 125.701
13.1177 125.681
13.1511 125.651
13.1859 125.638
13.2198 125.615
13.2543 125.598
13.2899 125.596
13.325 125.587
13.3602 125.58
13.3952 125.57
13.4291 125.548
13.4629 125.523
13.4976 125.51
13.5323 125.497
13.5656 125.467
13.6013 125.467
13.6373 125.469
13.6729 125.467
13.7079 125.458
13.7433 125.454
13.7793 125.456
13.8139 125.443
13.8487 125.432
13.8837 125.422
13.9183 125.409
13.9528 125.394
13.9871 125.378
14.0214 125.361
14.0566 125.355
14.0932 125.364
14.1293 125.368
14.1649 125.366
14.2 125.359
14.2339 125.338
14.268 125.32
14.304 125.323
14.3404 125.331
14.3765 125.334
14.4104 125.314
14.4465 125.318
14.4847 125.346
14.5235 125.379
14.5599 125.387
14.5941 125.37
14.6284 125.353
14.6595 125.303
14.6945 125.295
14.7286 125.276
14.7644 125.278
14.8009 125.286
14.8367 125.288
14.8723 125.286
14.9066 125.271
14.9418 125.265
14.9786 125.276
15.0155 125.289
15.0518 125.295
15.0869 125.289
15.1213 125.274
15.1566 125.271
15.1923 125.271
15.2282 125.272
15.2636 125.269
15.2987 125.263
15.335 125.269
15.3714 125.276
15.4076 125.282
15.4435 125.283
15.4794 125.285
15.5155 125.289
15.5516 125.293
15.5869 125.289
15.6219 125.281
15.6574 125.279
15.6937 125.285
15.731 125.302
15.768 125.315
15.8046 125.324
15.84 125.32
15.8744 125.307
15.9101 125.307
15.9482 125.331
15.9858 125.35
16.0219 125.354
16.0581 125.359
16.0946 125.367
16.1322 125.385
16.1685 125.391
16.2046 125.395
16.241 125.402
16.279 125.424
16.3159 125.435
16.352 125.439
16.3879 125.441
16.4242 125.447
16.4613 125.46
16.4974 125.463
16.5337 125.469
16.5708 125.482
16.6098 125.514
16.6467 125.525
16.683 125.53
16.7197 125.54
16.7582 125.566
16.7953 125.579
16.8328 125.595
16.8706 125.614
16.9067 125.618
16.9432 125.625
16.9812 125.646
17.0177 125.653
17.0569 125.685
17.0932 125.691
17.1296 125.696
17.1666 125.707
17.2054 125.735
17.2433 125.756
17.2797 125.761
17.3161 125.767
17.3533 125.78
17.3936 125.821
17.4318 125.844
17.4682 125.849
17.5068 125.876
17.5445 125.892
17.5836 125.922
17.6219 125.945
17.6604 125.969
17.6991 125.995
17.7365 126.01
17.7747 126.031
17.8117 126.042
17.8526 126.087
17.8903 126.104
17.9307 126.145
17.9679 126.157
18.0088 126.202
18.0461 126.215
18.0854 126.245
18.1246 126.275
18.1618 126.286
18.2036 126.339
18.2423 126.364
18.2812 126.39
18.3209 126.424
18.3607 126.458
18.4027 126.511
18.4429 126.548
18.4823 126.579
18.5213 126.605
18.5637 126.662
18.6045 126.703
18.6435 126.73
18.6823 126.754
18.7231 126.796
18.7684 126.876
18.811 126.932
18.8508 126.965
18.8888 126.982
18.9315 127.039
18.974 127.094
19.0167 127.151
19.0599 127.212
19.1034 127.275
19.1462 127.332
19.1891 127.389
19.2322 127.448
19.2731 127.488
