7.67892 152.595
7.72084 152.582
7.76059 152.515
7.80238 152.5
7.84272 152.449
7.88136 152.356
7.92342 152.349
7.96547 152.341
8.00731 152.328
8.04713 152.267
8.08894 152.254
8.13097 152.246
8.17062 152.182
8.211 152.136
8.25201 152.105
8.29378 152.092
8.33477 152.062
8.37563 152.028
8.41748 152.018
8.45843 151.987
8.49971 151.964
8.54041 151.929
8.58155 151.903
8.6237 151.901
8.66459 151.87
8.70582 151.847
8.74622 151.806
8.78753 151.786
8.82954 151.78
8.8699 151.74
8.91165 151.729
8.95376 151.727
8.99563 151.719
9.03642 151.689
9.07719 151.658
9.11915 151.653
9.16003 151.625
9.2015 151.61
9.24308 151.597
9.28319 151.553
9.32389 151.523
9.36569 151.515
9.40687 151.495
9.44879 151.49
9.4897 151.464
9.53123 151.452
9.57313 151.446
9.61503 151.441
9.65692 151.436
9.69856 151.426
9.73852 151.383
9.77976 151.365
9.82189 151.365
9.86415 151.367
9.90589 151.36
9.94684 151.337
9.98817 151.322
10.0295 151.306
10.0711 151.296
10.1113 151.261
10.1522 151.238
10.1941 151.233
10.2372 151.253
10.2799 151.263
10.3217 151.258
10.3623 151.23
10.4038 151.22
10.444 151.184
10.4844 151.154
10.5244 151.116
10.5629 151.05
10.6066 151.08
10.6487 151.08
10.6897 151.062
10.7321 151.067
10.7754 151.09
10.818 151.1
10.8615 151.125
10.9017 151.092
10.9449 151.113
10.9894 151.155
11.0305 151.138
11.0724 151.135
11.1145 151.135
11.1559 151.125
11.1986 151.135
11.2401 151.125
11.2824 151.13
11.3249 151.137
11.3671 151.14
11.4098 151.15
11.4522 151.155
11.4953 151.172
11.5386 151.193
11.5806 151.192
11.6227 151.192
11.6655 151.205
11.7081 151.213
11.7501 151.212
11.7922 151.212
11.8344 151.215
11.877 151.222
11.9197 151.232
11.9621 151.237
12.004 151.235
12.046 151.235
12.0889 151.247
12.131 151.247
12.175 151.278
12.2192 151.31
12.2619 151.32
12.304 151.32
12.3466 151.328
12.3893 151.338
12.4327 151.358
12.4753 151.366
12.5179 151.373
12.5616 151.398
12.6056 151.426
12.648 151.431
12.6891 151.416
12.7327 151.439
12.7775 151.479
12.8205 151.492
12.8624 151.489
12.9059 151.509
12.9489 151.522
12.9915 151.53
13.0338 151.532
13.0763 151.537
13.1226 151.598
13.1653 151.605
13.2095 151.636
13.2523 151.646
13.2973 151.687
13.3419 151.722
13.3843 151.725
13.4266 151.727
13.4693 151.734
13.5136 151.765
13.5583 151.801
13.6012 151.811
13.6456 151.841
13.6908 151.884
13.7341 151.9
13.7793 151.94
13.8238 151.973
13.8668 151.983
13.9133 152.042
13.9562 152.052
14.0014 152.093
14.0468 152.136
14.091 152.162
14.1336 152.167
14.1766 152.177
14.2215 152.212
14.2691 152.284
14.3119 152.292
14.355 152.302
14.3999 152.337
14.8606 152.827
14.9036 152.834
15.3312 153.414
