-6.40883 150.611
-6.36754 150.608
-5.96152 148.269
-5.91849 148.197
-5.8768 148.166
-5.83505 148.132
-5.79096 148.025
-5.53168 147.519
-5.4892 147.454
-5.44825 147.44
-5.40561 147.369
-5.36384 147.326
-5.32126 147.255
-5.27947 147.209
-5.23818 147.181
-5.19724 147.164
-5.11144 146.991
-5.07069 146.979
-5.0285 146.916
-4.8203 146.684
-4.73767 146.611
-4.69641 146.575
-4.65571 146.561
-4.61454 146.528
-4.57327 146.49
-4.53207 146.455
-4.491 146.425
-4.45035 146.41
-4.4085 146.347
-4.36725 146.307
-4.32675 146.297
-4.28575 146.267
-4.24466 146.232
-4.20353 146.194
-4.16241 146.156
-4.12147 146.126
-4.08107 146.119
-4.04016 146.088
-3.99972 146.079
-3.95857 146.037
-3.91759 146.001
-3.87667 145.969
-3.83587 145.94
-3.79548 145.931
-3.75519 145.926
-3.71485 145.919
-3.67413 145.893
-3.63324 145.858
-3.59278 145.844
-3.55163 145.795
-3.51124 145.783
-3.47085 145.772
-3.43025 145.748
-3.38992 145.739
-3.34924 145.711
-3.30892 145.701
-3.26827 145.673
-3.22771 145.65
-3.18729 145.633
-3.14732 145.643
-3.10699 145.631
-3.06666 145.619
-3.0261 145.593
-2.98574 145.579
-2.94551 145.572
-2.90535 145.57
-2.8649 145.549
-2.82464 145.539
-2.78428 145.523
-2.74392 145.507
-2.70361 145.493
-2.66299 145.458
-2.62262 145.439
-2.58247 145.434
-2.54228 145.427
-2.50193 145.408
-2.46179 145.404
-2.42183 145.413
-2.3815 145.394
-2.34139 145.392
-2.30123 145.385
-2.26106 145.378
-2.22104 145.382
-2.181 145.385
-2.14086 145.38
-2.10071 145.373
-2.06033 145.347
-2.02019 145.34
-1.98007 145.335
-1.93998 145.333
-1.89999 145.34
-1.85987 145.335
-1.81964 145.319
-1.77941 145.302
-1.73944 145.312
-1.69961 145.335
-1.6597 145.351
-1.61937 145.323
-1.57922 145.314
-1.53929 145.327
-1.49912 145.316
-1.45902 145.311
-1.41877 145.288
-1.37886 145.306
-1.33898 145.329
-1.29913 145.357
-1.25891 145.336
-1.21871 145.317
-1.17852 145.299
-1.13856 145.312
-1.09853 145.317
-1.05849 145.322
-1.01854 145.34
-0.978488 145.342
-0.93837 145.333
-0.89833 145.337
-0.858324 145.349
-0.818267 145.351
-0.778231 145.358
-0.738213 145.37
-0.698131 145.367
-0.658041 145.362
-0.617979 145.365
-0.577958 145.378
-0.537891 145.381
-0.497817 145.381
-0.45777 145.39
-0.417731 145.404
-0.377675 145.413
-0.337594 145.413
-0.297504 145.408
-0.257432 145.413
-0.217374 145.426
-0.177307 145.438
-0.137237 145.452
-0.0971594 145.463
-0.0570732 145.47
-0.0169865 145.482
0.0231058 145.491
0.0632016 145.505
0.103303 145.516
0.143408 145.523
0.183514 145.528
0.223644 145.56
0.26377 145.574
0.303901 145.588
0.344029 145.595
0.384178 145.613
0.424357 145.643
0.464521 145.66
0.504696 145.678
0.544868 145.692
0.585027 145.699
0.625223 145.718
0.665419 145.734
0.705599 145.743
0.745808 145.759
0.785979 145.764
0.826275 145.799
0.866507 145.815
0.906714 145.824
0.947111 145.873
0.987312 145.878
1.02754 145.887
1.06803 145.945
1.10828 145.954
1.14851 145.961
1.18889 145.992
1.22915 146.001
1.26958 146.036
1.31001 146.068
1.35046 146.101
1.39075 146.11
1.43105 146.12
1.47167 146.171
1.51196 146.178
1.55271 146.241
1.5931 146.257
1.63344 146.267
1.67419 146.323
1.71477 146.358
1.7552 146.374
1.79581 146.41
1.83667 146.468
1.87709 146.48
1.91777 146.517
1.95873 146.581
1.99913 146.588
2.24374 146.811
2.28426 146.823
2.32585 146.922
2.36643 146.936
2.40728 146.971
2.44818 147.009
2.4895 147.077
2.5305 147.12
2.57188 147.188
2.61332 147.259
2.65399 147.273
2.69538 147.337
2.73659 147.387
2.77814 147.458
2.81972 147.529
2.86119 147.591
2.90199 147.608
2.94291 147.631
3.15298 148.068
3.19436 148.11
