3.30102 132.031
3.33869 132.021
3.412 131.898
3.45004 131.908
3.48677 131.853
3.52401 131.825
3.56128 131.798
3.59846 131.768
3.63558 131.735
3.67312 131.723
3.71017 131.689
3.7468 131.636
3.78382 131.601
3.82127 131.587
3.85807 131.544
3.89551 131.53
3.93312 131.524
3.97035 131.502
4.00681 131.447
4.04426 131.435
4.08131 131.407
4.11874 131.394
4.15631 131.388
4.19294 131.344
4.23044 131.336
4.26749 131.31
4.30463 131.287
4.34155 131.257
4.37877 131.239
4.41593 131.219
4.45382 131.227
4.49102 131.209
4.52805 131.184
4.56495 131.156
4.60223 131.142
4.63907 131.112
4.67583 131.08
4.71319 131.069
4.74982 131.033
4.78734 131.029
4.8248 131.023
4.86214 131.013
4.89936 130.999
4.93699 130.999
4.9742 130.985
5.0108 130.951
5.04775 130.929
5.08506 130.919
5.12248 130.913
5.15996 130.909
5.19707 130.893
5.23441 130.885
5.27119 130.859
5.30796 130.832
5.34529 130.824
5.3821 130.8
5.41935 130.79
5.45679 130.786
5.49364 130.764
5.53082 130.752
5.56771 130.732
5.60567 130.744
5.64337 130.749
5.68053 130.737
5.71829 130.743
5.75619 130.753
5.7932 130.737
5.82999 130.715
5.86635 130.681
5.90397 130.683
5.94151 130.683
5.97827 130.661
6.01516 130.643
6.05262 130.641
6.09008 130.639
6.12703 130.623
6.16382 130.603
6.20112 130.597
6.23886 130.603
6.27623 130.599
6.31391 130.603
6.35112 130.595
6.38803 130.579
6.42616 130.595
6.46477 130.623
6.50221 130.621
6.54107 130.656
6.57868 130.658
6.61581 130.648
6.65318 130.644
6.69055 130.64
6.72735 130.622
6.76398 130.6
6.8019 130.61
6.84 130.624
6.87776 130.63
6.91487 130.62
6.95181 130.606
6.98949 130.61
7.02776 130.629
7.06571 130.639
7.10323 130.639
7.14084 130.641
7.17827 130.639
7.2157 130.637
7.25348 130.643
7.29153 130.655
7.3294 130.663
7.3671 130.667
7.40445 130.663
7.4418 130.659
7.47932 130.66
7.51702 130.664
7.55518 130.678
7.5937 130.7
7.63114 130.698
7.66867 130.698
7.70647 130.704
7.74493 130.724
7.78275 130.731
7.82056 130.737
7.85847 130.745
7.89592 130.743
7.93345 130.743
7.97194 130.763
8.00987 130.771
8.04789 130.781
8.08718 130.818
8.12463 130.816
8.1615 130.802
8.20022 130.826
8.23837 130.838
8.27642 130.848
8.31557 130.881
8.35353 130.889
8.3913 130.893
8.42906 130.897
8.46714 130.907
8.50572 130.927
8.54453 130.952
8.58251 130.96
8.62051 130.968
8.65881 130.982
8.69754 131.004
8.73597 131.021
8.77387 131.027
8.81326 131.061
8.85225 131.088
8.88899 131.071
8.92745 131.088
8.96569 131.1
9.00623 131.155
9.04428 131.163
9.08331 131.189
9.12236 131.215
9.16032 131.222
9.19961 131.252
9.23747 131.256
9.27678 131.287
9.31622 131.319
9.35409 131.323
9.39457 131.374
9.43246 131.378
9.47195 131.411
9.51042 131.425
9.5512 131.48
9.58911 131.484
9.62725 131.492
9.66809 131.547
9.70649 131.559
9.74689 131.606
9.78637 131.637
9.82468 131.647
9.86406 131.676
9.9025 131.688
9.94347 131.743
9.98326 131.778
10.0227 131.806
10.0625 131.841
10.2221 131.982
10.2627 132.029
10.301 132.037
11.8253 134.971
