-6.48438 148.738
-6.44253 148.721
-6.39858 148.643
-6.35475 148.568
-6.26481 148.346
-6.22209 148.3
-6.1793 148.252
-6.13581 148.182
-6.09275 148.124
-6.04996 148.073
-5.96287 147.923
-5.92109 147.901
-5.87801 147.839
-5.83472 147.769
-5.79215 147.721
-5.74908 147.656
-5.70678 147.615
-5.66435 147.569
-5.62223 147.533
-5.58006 147.495
-5.53769 147.449
-5.49483 147.387
-5.45336 147.37
-5.4104 147.303
-5.36811 147.257
-5.32522 147.19
-5.28345 147.162
-5.24211 147.147
-5.20071 147.131
-5.15891 147.1
-5.11639 147.042
-5.07489 147.021
-5.03234 146.961
-4.99067 146.933
-4.9494 146.919
-4.90768 146.888
-4.8663 146.869
-4.82461 146.838
-4.78293 146.807
-4.7417 146.793
-4.6995 146.74
-4.65822 146.724
-4.61654 146.691
-4.57492 146.66
-4.53379 146.648
-4.49209 146.612
-4.45063 146.586
-4.40952 146.575
-4.36813 146.551
-4.32676 146.527
-4.28484 146.48
-4.2436 146.461
-4.20253 146.449
-4.16157 146.442
-4.12008 146.412
-4.07887 146.393
-4.03783 146.381
-3.99689 146.374
-3.95534 146.339
-3.91421 146.322
-3.87309 146.306
-3.83182 146.282
-3.79042 146.251
-3.74942 146.24
-3.70852 146.233
-3.66767 146.228
-3.62654 146.21
-3.58551 146.195
-3.54431 146.172
-3.50324 146.155
-3.46228 146.144
-3.42163 146.149
-3.38085 146.147
-3.33976 146.128
-3.29859 146.104
-3.25769 146.095
-3.21684 146.088
-3.17607 146.086
-3.13513 146.074
-3.09416 146.06
-3.05312 146.042
-3.01217 146.028
-2.97129 146.018
-2.9305 146.014
-2.88952 145.997
-2.84865 145.988
-2.80794 145.988
-2.7673 145.993
-2.72651 145.989
-2.68552 145.97
-2.6446 145.956
-2.60389 145.956
-2.56315 145.954
-2.52218 145.935
-2.48125 145.919
-2.44048 145.914
-2.39984 145.919
-2.3592 145.924
-2.31831 145.91
-2.27749 145.901
-2.23673 145.897
-2.19606 145.899
-2.15533 145.897
-2.11462 145.897
-2.074 145.905
-2.03332 145.907
-1.99254 145.9
-1.95171 145.889
-1.9109 145.88
-1.8702 145.88
-1.82943 145.873
-1.78863 145.864
-1.74777 145.847
-1.6692 141.815
-1.62941 141.818
-1.5895 141.806
-1.58492 145.841
-1.54445 145.867
-1.50382 145.877
-1.46319 145.887
-1.42258 145.899
-1.38196 145.911
-1.34151 145.947
-1.30084 145.954
-1.26011 145.955
-1.21941 145.96
-1.17872 145.965
-1.13803 145.972
-1.09737 145.984
-1.05665 145.987
-1.01594 145.992
-0.975269 146.004
-0.934628 146.023
-0.893893 146.026
-0.853134 146.023
-0.812419 146.031
-0.771732 146.045
-0.731058 146.065
-0.690328 146.072
-0.64962 146.086
-0.608873 146.091
-0.568146 146.104
-0.527428 146.12
-0.486722 146.145
-0.445993 146.164
-0.405237 146.176
-0.364481 146.19
-0.323699 146.195
-0.282939 146.215
-0.242156 146.225
-0.201386 146.249
-0.160583 146.251
-0.119783 146.261
-0.0789822 146.276
-0.0381783 146.3
0.00263872 146.314
0.0434624 146.307
0.084292 146.336
0.125136 146.367
0.16598 146.377
0.206839 146.399
0.2477 146.413
0.288607 146.457
0.329522 146.493
0.370428 146.514
0.411273 146.5
0.452249 146.548
0.49316 146.561
0.534071 146.57
0.575069 146.609
0.615996 146.619
0.656975 146.643
0.697983 146.672
0.738931 146.682
0.779885 146.691
0.821055 146.752
0.862072 146.771
0.903265 146.826
0.944285 146.841
0.985421 146.877
1.02646 146.892
1.06753 146.911
1.10859 146.926
1.14978 146.962
1.19112 147.02
1.23217 147.03
1.27343 147.069
1.31452 147.081
1.35596 147.141
1.43862 147.224
1.68704 147.466
1.72873 147.532
1.76996 147.544
1.81175 147.615
1.97821 147.8
2.01982 147.841
2.10314 147.926
2.313 148.241
2.35513 148.31
2.39738 148.386
2.43972 148.467
2.48201 148.54
2.652 148.872
2.69446 148.945
