-24.8702 83.9027
-24.8434 83.8995
-8.787 131.242
-8.74971 131.238
-8.66927 131.118
-8.63045 131.084
-8.59195 131.057
-8.5545 131.049
-8.51602 131.021
-8.47725 130.987
-8.43829 130.949
-8.39874 130.899
-8.36122 130.889
-8.32261 130.858
-8.28511 130.848
-8.16997 130.765
-8.13141 130.733
-8.09395 130.723
-8.05435 130.669
-8.01594 130.64
-7.9786 130.632
-7.9403 130.604
-7.90192 130.574
-7.86469 130.568
-7.82633 130.539
-7.78798 130.509
-7.74946 130.475
-7.71124 130.448
-7.67431 130.448
-7.63721 130.444
-7.5991 130.418
-7.56091 130.391
-7.52363 130.383
-7.48555 130.357
-7.44793 130.341
-7.40996 130.318
-7.37226 130.3
-7.33475 130.286
-7.29715 130.271
-7.25913 130.245
-7.22138 130.225
-7.18363 130.206
-7.14624 130.194
-7.10902 130.186
-7.07189 130.18
-7.03468 130.172
-6.99663 130.145
-6.95935 130.135
-6.92182 130.119
-6.88405 130.098
-6.84711 130.096
-6.81025 130.096
-6.77299 130.086
-6.73564 130.074
-6.69831 130.063
-6.66113 130.055
-6.6238 130.043
-6.5864 130.029
-6.549 130.016
-6.51161 130.002
-6.47461 129.998
-6.43723 129.984
-6.40008 129.977
-6.36302 129.971
-6.3258 129.961
-6.28881 129.957
-6.2519 129.955
-6.21462 129.944
-6.17757 129.938
-6.14036 129.928
-6.10339 129.924
-6.06648 129.922
-6.02951 129.918
-5.99232 129.909
-5.95506 129.897
-5.91816 129.895
-5.88141 129.897
-5.84458 129.897
-5.80754 129.891
-5.77037 129.882
-5.73368 129.886
-5.69733 129.9
-5.66044 129.898
-5.62279 129.874
-5.58563 129.864
-5.54881 129.864
-5.51245 129.878
-5.47575 129.882
-5.43879 129.879
-5.4017 129.871
-5.36481 129.869
-5.32805 129.871
-5.29128 129.873
-5.25477 129.883
-5.21838 129.897
-5.18185 129.907
-5.14446 129.889
-5.10781 129.895
-5.07146 129.911
-5.03468 129.913
-4.99742 129.899
-4.96028 129.89
-4.92362 129.896
-4.88661 129.89
-4.84971 129.888
-4.81293 129.89
-4.77632 129.898
-4.73954 129.9
-4.70275 129.902
-4.66591 129.902
-4.62923 129.908
-4.59267 129.918
-4.55598 129.924
-4.51913 129.924
-4.48245 129.93
-4.44554 129.928
-4.40858 129.924
-4.37216 129.94
-4.33572 129.956
-4.29896 129.96
-4.26221 129.964
-4.22555 129.972
-4.18889 129.98
-4.15217 129.986
-4.11556 129.996
-4.07883 130.002
-4.04211 130.008
-4.00538 130.014
-3.96894 130.032
-3.93249 130.05
-3.8957 130.054
-3.85882 130.054
-3.82221 130.066
-3.78573 130.084
-3.74934 130.106
-3.71271 130.118
-3.6759 130.122
-3.63913 130.128
-3.60249 130.14
-3.56602 130.16
-3.52957 130.181
-3.49296 130.195
-3.45629 130.207
-3.41978 130.227
-3.38326 130.247
-3.34653 130.257
-3.30976 130.265
-3.27302 130.275
-3.23648 130.295
-3.19996 130.317
-3.16328 130.331
-3.12671 130.351
-3.08987 130.357
-3.05313 130.369
-3.01672 130.399
-2.98026 130.426
-2.94339 130.432
-2.90691 130.46
-2.87031 130.482
-2.83346 130.49
-2.79688 130.514
-2.76039 130.544
-2.72382 130.57
-2.68707 130.586
-2.65032 130.602
-2.61391 130.64
-2.57711 130.654
-2.54042 130.676
-2.50357 130.688
-2.46693 130.714
-2.43033 130.744
-2.39366 130.77
-2.35712 130.806
-2.32077 130.856
-2.28384 130.866
-2.24693 130.878
-2.21017 130.902
-2.17341 130.926
-2.1365 130.94
-2.09977 130.968
-2.06305 130.998
-2.02663 131.054
-1.99 131.094
-1.9533 131.13
-1.91657 131.165
-1.8797 131.189
-1.84267 131.199
-1.80605 131.247
-1.76906 131.263
-1.73249 131.319
-1.69593 131.38
-1.65906 131.412
-1.6222 131.446
-1.58511 131.458
-1.54836 131.506
-1.51151 131.547
-1.47479 131.603
-1.43811 131.668
-1.40113 131.7
-1.36415 131.734
-1.32719 131.773
-1.29039 131.833
-1.2536 131.9
-1.21659 131.941
-1.17945 131.965
-1.14238 132.001
-1.10568 132.095
-1.06872 132.156
-1.0316 132.194
-0.99447 132.235
-0.957453 132.298
-0.920545 132.385
-0.883479 132.45
-0.846383 132.516
-0.809148 132.558
-0.549131 133.205
-0.51175 133.275
-0.250664 134.692
