-2.42257 140.317
-2.38199 140.256
-2.30151 140.178
-2.26097 140.115
-2.22082 140.079
-2.18072 140.046
-2.14088 140.032
-2.10072 139.992
-2.06035 139.934
-2.0206 139.925
-1.77983 139.651
-1.74016 139.642
-1.70027 139.611
-1.66054 139.595
-1.62062 139.56
-1.58066 139.517
-1.54101 139.506
-1.50134 139.493
-1.46157 139.469
-1.42192 139.455
-1.38212 139.424
-1.34231 139.391
-1.30235 139.335
-1.26275 139.325
-1.22305 139.3
-1.18342 139.282
-1.14361 139.238
-1.1039 139.207
-1.06426 139.183
-1.02475 139.178
-0.985203 139.167
-0.945555 139.139
-0.905895 139.106
-0.866396 139.099
-0.8269 139.092
-0.78734 139.073
-0.747831 139.062
-0.708235 139.031
-0.668672 139.004
-0.629111 138.975
-0.589659 138.971
-0.550193 138.962
-0.510591 138.914
-0.471141 138.905
-0.431614 138.87
-0.392165 138.857
-0.352762 138.859
-0.313364 138.863
-0.273891 138.835
-0.23444 138.811
-0.195045 138.813
-0.155639 138.809
-0.116226 138.798
-0.0768161 138.785
-0.037403 138.76
0.00200076 138.734
0.0413881 138.721
0.0807696 138.708
0.120145 138.688
0.159517 138.688
0.198889 138.686
0.238261 138.686
0.277623 138.675
0.316977 138.662
0.356367 138.678
0.395723 138.669
0.435009 138.625
0.47434 138.612
0.51364 138.587
0.552957 138.574
0.5923 138.572
0.631681 138.583
0.671046 138.588
0.71039 138.586
0.749733 138.584
0.789067 138.579
0.828398 138.575
0.867757 138.577
0.907107 138.578
0.946371 138.56
0.985562 138.529
1.02487 138.523
1.06412 138.507
1.10348 138.512
1.14266 138.486
1.18196 138.481
1.22136 138.492
1.2606 138.479
1.30016 138.513
1.34044 138.647
1.37918 138.561
1.41826 138.526
1.45758 138.524
1.49683 138.513
1.53606 138.5
1.57571 138.538
1.61516 138.551
1.65433 138.531
1.69373 138.538
1.73328 138.56
1.77277 138.576
1.81214 138.578
1.85132 138.561
1.89053 138.547
1.93008 138.567
1.96957 138.581
2.00889 138.579
2.04839 138.592
2.08789 138.605
2.12722 138.603
2.16658 138.603
2.20612 138.619
2.24562 138.63
2.28503 138.635
2.32442 138.637
2.36384 138.642
2.40335 138.653
2.44298 138.673
2.48259 138.691
2.52209 138.699
2.56181 138.724
2.60135 138.735
2.6407 138.733
2.68002 138.729
2.71946 138.733
2.75881 138.731
2.79823 138.733
2.83768 138.738
2.87714 138.742
2.91677 138.758
2.95641 138.774
2.99628 138.803
3.03616 138.831
3.07605 138.86
3.11554 138.865
3.15503 138.869
3.19459 138.878
3.23409 138.883
3.2739 138.905
3.31345 138.912
3.35344 138.943
3.39345 138.974
3.43318 138.99
3.47313 139.017
3.51305 139.041
3.55263 139.048
3.59283 139.086
3.63247 139.095
3.67256 139.126
3.71198 139.124
3.75154 139.128
3.79166 139.16
3.83184 139.193
3.87204 139.227
3.91172 139.236
3.9519 139.267
3.99154 139.274
4.03164 139.3
4.07205 139.341
4.11227 139.372
4.15241 139.399
4.19157 139.383
4.2324 139.439
4.27283 139.477
4.31318 139.511
4.35294 139.52
4.39271 139.529
4.43309 139.562
4.51377 139.625
4.55363 139.636
4.5948 139.699
4.67595 139.775
4.71638 139.807
4.75694 139.843
4.79745 139.876
4.8381 139.915
4.87944 139.978
4.91927 139.984
5.00057 140.056
5.70442 140.997
5.74465 141.009
5.91354 141.298
