-24.8696 83.8996
-24.843 83.8975
-7.93362 167.531
-7.88806 167.519
-7.84148 167.481
-7.79593 167.47
-7.75027 167.455
-7.7023 167.379
-7.65546 167.332
-7.60874 167.288
-7.42315 167.142
-7.37726 167.119
-7.33191 167.111
-7.28615 167.09
-7.23853 167.017
-7.193 167.003
-7.14768 166.994
-7.10155 166.962
-7.05523 166.924
-7.00953 166.904
-6.96304 166.86
-6.91677 166.822
-6.87071 166.79
-6.82662 166.817
-6.78145 166.812
-6.73531 166.777
-6.6889 166.733
-6.64366 166.724
-6.59747 166.687
-6.55233 166.681
-6.50691 166.667
-6.46011 166.608
-6.41518 166.609
-6.37115 166.638
-6.32566 166.621
-6.27892 166.563
-6.23373 166.554
-6.18755 166.514
-6.14193 166.49
-6.09667 166.479
-6.05167 166.476
-6.00701 166.485
-5.96261 166.503
-5.91727 166.489
-5.87151 166.46
-5.82551 166.422
-5.7806 166.422
-5.73529 166.408
-5.69006 166.397
-5.64483 166.385
-5.59929 166.362
-5.55424 166.356
-5.50951 166.362
-5.46469 166.366
-5.4194 166.351
-5.37382 166.325
-5.32885 166.323
-5.28389 166.32
-5.2387 166.308
-5.19389 166.312
-5.14863 166.297
-5.10338 166.283
-5.05806 166.266
-5.0129 166.254
-4.96788 166.249
-4.92293 166.246
-4.87764 166.229
-4.83256 166.22
-4.78775 166.223
-4.74302 166.229
-4.69828 166.235
-4.65334 166.233
-4.60853 166.236
-4.56404 166.254
-4.52007 166.295
-4.47473 166.274
-4.42908 166.24
-4.38383 166.222
-4.33908 166.228
-4.29414 166.226
-4.24938 166.232
-4.20438 166.226
-4.15975 166.238
-4.11439 166.215
-4.06999 166.238
-4.0251 166.239
-3.98028 166.242
-3.93534 166.239
-3.89001 166.216
-3.84558 166.239
-3.80102 166.257
-3.75646 166.275
-3.71167 166.281
-3.66673 166.278
-3.62173 166.272
-3.57694 166.278
-3.53225 166.29
-3.48776 166.314
-3.4433 166.34
-3.39879 166.364
-3.35407 166.376
-3.3092 166.379
-3.26433 166.382
-3.2196 166.394
-3.17518 166.426
-3.13043 166.438
-3.08568 166.45
-3.04083 166.456
-2.99611 166.471
-2.95143 166.488
-2.90678 166.509
-2.86204 166.524
-2.81721 166.533
-2.77234 166.539
-2.72754 166.551
-2.68282 166.568
-2.63808 166.586
-2.59346 166.613
-2.54878 166.636
-2.50398 166.651
-2.45918 166.666
-2.41455 166.695
-2.36932 166.675
-2.3247 166.707
-2.27974 166.71
-2.2351 166.743
-2.19023 166.755
-2.14557 166.787
-2.10089 166.82
-2.05602 166.834
-2.0112 166.855
-1.96657 166.896
-1.92198 166.943
-1.87755 167.011
-1.83265 167.029
-1.78766 167.038
-1.7426 167.038
-1.69785 167.076
-1.65311 167.118
-1.60809 167.127
-1.56307 167.136
-1.51855 167.212
-1.47353 167.224
-1.42848 167.233
-1.38395 167.319
-1.33909 167.36
-1.29399 167.366
-1.15958 167.547
-1.11465 167.594
-1.06989 167.677
-1.02477 167.695
-0.979697 167.725
-0.799396 167.876
-0.754163 167.882
-0.708957 167.897
-0.66383 167.939
-0.618684 167.981
-0.573553 168.034
