-4.38275 110.311
-4.3498 110.288
-4.31672 110.261
-4.28301 110.212
-4.24992 110.184
-4.21652 110.145
-4.18413 110.138
-3.98544 109.947
-3.95268 109.926
-3.92022 109.916
-3.8874 109.892
-3.854 109.846
-3.8212 109.822
-3.78846 109.8
-3.7556 109.773
-3.72232 109.729
-3.68996 109.72
-3.65702 109.689
-3.62421 109.662
-3.52632 109.599
-3.49326 109.56
-3.4607 109.541
-3.42855 109.538
-3.39636 109.533
-3.36382 109.514
-3.33121 109.491
-3.2989 109.481
-3.26642 109.463
-3.23384 109.44
-3.20114 109.412
-3.16855 109.388
-3.13597 109.364
-3.1035 109.345
-3.0713 109.337
-3.03846 109.3
-3.00589 109.275
-2.97336 109.251
-2.94091 109.23
-2.90884 109.227
-2.87671 109.221
-2.84403 109.188
-2.81182 109.178
-2.77938 109.155
-2.74713 109.142
-2.71531 109.151
-2.68303 109.136
-2.65088 109.127
-2.61856 109.109
-2.58638 109.099
-2.55421 109.088
-2.52207 109.079
-2.48996 109.072
-2.45796 109.07
-2.42552 109.043
-2.39327 109.027
-2.36108 109.014
-2.32885 108.997
-2.29667 108.984
-2.26469 108.982
-2.23252 108.969
-2.20045 108.962
-2.16822 108.944
-2.13614 108.935
-2.10393 108.917
-2.07186 108.908
-2.03985 108.904
-2.00781 108.896
-1.97568 108.883
-1.9435 108.865
-1.91137 108.85
-1.87924 108.835
-1.84734 108.837
-1.81569 108.857
-1.78369 108.851
-1.7515 108.831
-1.71949 108.823
-1.68757 108.823
-1.65562 108.82
-1.62359 108.811
-1.59152 108.798
-1.55944 108.783
-1.52753 108.783
-1.49562 108.783
-1.46363 108.775
-1.43163 108.766
-1.39969 108.763
-1.36779 108.763
-1.33587 108.762
-1.30391 108.756
-1.27196 108.751
-1.24002 108.747
-1.20811 108.745
-1.17613 108.736
-1.14427 108.741
-1.11242 108.747
-1.08053 108.748
-1.04859 108.744
-1.01665 108.738
-0.984781 108.742
-0.952924 108.748
-0.921023 108.748
-0.888961 108.724
-0.856978 108.711
-0.824991 108.696
-0.793138 108.702
-0.761353 108.72
-0.729526 108.731
-0.697685 108.742
-0.665747 108.734
-0.633857 108.736
-0.601973 108.738
-0.570048 108.732
-0.538138 108.729
-0.506229 108.726
-0.474345 108.729
-0.442471 108.735
-0.410583 108.738
-0.37869 108.74
-0.346796 108.741
-0.314906 108.744
-0.283018 108.748
-0.251118 108.748
-0.219215 108.747
-0.187309 108.744
-0.1554 108.738
-0.12352 108.749
-0.0916329 108.76
-0.0597335 108.763
-0.0278318 108.764
0.00406718 108.771
0.0359658 108.789
0.0678737 108.795
0.0997838 108.798
0.131695 108.801
0.163607 108.802
0.195526 108.812
0.227441 108.814
0.259351 108.811
0.29126 108.808
0.323182 108.814
0.355109 108.821
0.387049 108.833
0.419011 108.852
0.450941 108.855
0.482883 108.862
0.514838 108.872
0.546812 108.887
0.578787 108.9
0.61073 108.903
0.642668 108.905
0.674626 108.91
0.706618 108.924
0.738615 108.937
0.770626 108.952
0.802591 108.956
0.83455 108.959
0.866616 108.981
0.898607 108.989
0.930567 108.99
0.962609 109.005
0.994667 109.021
1.02662 109.021
1.05859 109.022
1.09061 109.031
1.1226 109.036
1.15468 109.05
1.18673 109.062
1.21899 109.099
1.25115 109.121
1.28329 109.14
1.31532 109.146
1.34736 109.152
1.37952 109.171
1.41166 109.188
1.44371 109.194
1.47591 109.214
1.50816 109.24
1.54039 109.262
1.57258 109.28
1.60467 109.287
1.6369 109.306
1.66895 109.309
1.70083 109.297
1.73325 109.331
1.76544 109.346
1.79792 109.383
1.83021 109.404
1.86254 109.428
1.89481 109.446
1.92698 109.455
1.95934 109.478
1.99152 109.487
2.0241 109.526
2.05645 109.547
2.08856 109.55
2.12123 109.591
2.15348 109.603
2.18611 109.641
2.21834 109.649
2.25104 109.69
2.28351 109.714
2.31571 109.72
2.3481 109.737
2.38038 109.748
2.41306 109.782
2.44553 109.803
2.4779 109.818
2.51072 109.858
2.5436 109.902
2.57625 109.93
2.60911 109.971
2.64141 109.978
2.67433 110.02
2.70698 110.046
2.73943 110.061
2.77269 110.118
2.80543 110.146
2.83812 110.172
2.87112 110.212
2.90357 110.224
2.93666 110.268
2.96946 110.297
3.00259 110.34
3.03533 110.364
3.06855 110.411
