30.089 152.663
30.1321 152.671
30.1797 152.706
30.2177 152.681
30.2395 152.553
30.2209 152.169
30.2415 152.034
30.2624 151.902
30.3006 151.879
30.2045 147.415
30.2378 147.369
30.2715 147.326
30.3013 147.258
30.3294 147.181
30.3615 147.128
30.3919 147.065
30.4263 147.027
30.4635 147.005
30.585 146.755
30.6157 146.694
30.6491 146.651
30.6862 146.63
30.7192 146.584
30.7514 146.534
30.7912 146.529
30.8258 146.493
30.86 146.454
30.8973 146.435
30.9286 146.38
30.9656 146.358
30.9953 146.294
31.0289 146.253
31.0614 146.205
31.0894 146.131
31.1279 146.119
31.1607 146.074
31.1987 146.059
31.2283 145.995
31.2627 145.959
31.3031 145.959
31.3423 145.952
31.3795 145.933
31.4061 145.852
31.4372 145.797
31.4759 145.787
31.5122 145.763
31.5506 145.751
31.5848 145.716
31.6199 145.685
31.6545 145.652
31.6887 145.616
31.7278 145.609
31.7669 145.601
31.806 145.594
31.8397 145.556
31.8784 145.546
31.9113 145.504
31.9471 145.478
31.9775 145.421
32.0153 145.406
32.0485 145.366
32.083 145.333
32.1212 145.321
32.1548 145.283
32.1909 145.259
32.227 145.236
32.2668 145.233
32.307 145.233
32.3452 145.221
32.3829 145.207
32.4181 145.178
32.4537 145.152
32.4931 145.147
32.5329 145.145
32.571 145.133
32.6091 145.121
32.6459 145.102
32.6819 145.078
32.7191 145.062
32.7529 145.026
32.7893 145.005
32.8286 145
32.8663 144.986
32.9026 144.965
32.9377 144.936
32.9748 144.92
33.0141 144.915
33.0547 144.917
33.0918 144.9
33.1268 144.872
33.1631 144.851
33.2019 144.844
33.2408 144.836
33.277 144.815
33.309 144.77
33.3469 144.758
33.3874 144.761
33.4262 144.753
33.4594 144.716
33.4978 144.706
33.5383 144.708
33.5848 144.743
33.6353 144.8
33.6771 144.809
33.7129 144.785
33.7508 144.773
33.79 144.768
33.8261 144.747
33.8575 144.7
33.8958 144.691
33.9389 144.707
33.979 144.707
34.0208 144.716
34.063 144.727
34.1013 144.718
34.1378 144.699
34.1766 144.692
34.2122 144.668
34.25 144.656
34.2905 144.659
34.3292 144.651
34.3692 144.651
34.4123 144.667
34.4555 144.684
34.4951 144.681
34.5351 144.681
34.5755 144.683
34.6165 144.688
34.6578 144.695
34.6969 144.69
34.7347 144.678
34.7689 144.647
34.8076 144.64
34.8498 144.652
34.8934 144.67
34.9348 144.677
34.9721 144.663
35.0121 144.663
35.0525 144.665
35.097 144.688
35.1379 144.693
35.1784 144.695
35.2179 144.692
35.2579 144.692
35.3006 144.706
35.341 144.708
35.3774 144.689
35.4183 144.694
35.4633 144.719
35.5037 144.721
35.5437 144.721
35.5841 144.723
35.6255 144.73
35.6682 144.744
35.7133 144.77
35.7523 144.765
35.7965 144.786
35.8392 144.8
35.8783 144.795
35.9178 144.792
35.9587 144.797
36.0037 144.822
36.0456 144.832
36.0874 144.841
36.1325 144.867
36.1729 144.869
36.2162 144.885
36.2613 144.911
36.298 144.894
36.3422 144.915
36.3826 144.917
36.4231 144.919
36.4743 144.975
36.5176 144.992
36.5581 144.994
36.6037 145.022
36.6503 145.054
36.6917 145.061
36.7345 145.075
36.7849 145.127
36.8268 145.136
36.874 145.171
38.0293 145.919
38.0753 145.947
38.1189 145.964
38.1669 146.001
