-2.21965 120.935
-2.18455 120.903
-2.14936 120.865
-2.11342 120.771
-2.07826 120.731
-2.04231 120.632
-2.00695 120.573
-1.9722 120.559
-1.93668 120.485
-1.90139 120.426
-1.58564 119.962
-1.55065 119.908
-1.51618 119.903
-1.4818 119.907
-1.44728 119.896
-1.41224 119.831
-1.37747 119.791
-1.34238 119.716
-1.30767 119.678
-1.27306 119.651
-1.16907 119.538
-1.13438 119.492
-1.10002 119.488
-1.03081 119.409
-0.996313 119.382
-0.961862 119.36
-0.927499 119.35
-0.893022 119.321
-0.858455 119.275
-0.824108 119.263
-0.686383 119.136
-0.651991 119.106
-0.617644 119.082
-0.583307 119.058
-0.549022 119.044
-0.514639 119.004
-0.480385 118.993
-0.446118 118.978
-0.411868 118.966
-0.377529 118.922
-0.343284 118.905
-0.309008 118.873
-0.274793 118.861
-0.2406 118.857
-0.206375 118.835
-0.172149 118.806
-0.137932 118.774
-0.103738 118.75
-0.06957 118.742
-0.0353995 118.725
-0.0012324 118.699
0.0329237 118.672
0.0670663 118.671
0.101208 118.667
0.135343 118.652
0.169472 118.638
0.203587 118.615
0.237696 118.596
0.271812 118.589
0.305922 118.581
0.339988 118.548
0.374082 118.538
0.408152 118.52
0.442239 118.511
0.476286 118.489
0.510338 118.472
0.544356 118.447
0.578379 118.427
0.612441 118.42
0.646531 118.421
0.680615 118.421
0.714663 118.413
0.748708 118.404
0.782732 118.393
0.816727 118.376
0.850722 118.36
0.884738 118.35
0.918767 118.343
0.952803 118.338
0.986755 118.32
1.02071 118.303
1.05477 118.303
1.08878 118.296
1.12272 118.281
1.15673 118.274
1.19076 118.272
1.22466 118.252
1.25866 118.247
1.29267 118.244
1.32666 118.237
1.36064 118.23
1.39469 118.232
1.42877 118.237
1.46279 118.235
1.49675 118.226
1.53074 118.221
1.56479 118.223
1.59877 118.218
1.63268 118.206
1.66662 118.197
1.70063 118.196
1.73455 118.186
1.76838 118.169
1.80231 118.16
1.83638 118.165
1.87052 118.175
1.90448 118.17
1.93827 118.152
1.9722 118.145
2.00602 118.13
2.03979 118.111
2.0737 118.104
2.10786 118.116
2.14212 118.134
2.1762 118.139
2.21042 118.154
2.24446 118.156
2.27847 118.156
2.3125 118.157
2.34652 118.157
2.38055 118.159
2.41456 118.159
2.44852 118.155
2.48248 118.152
2.51649 118.152
2.55052 118.154
2.58456 118.155
2.6186 118.157
2.65269 118.162
2.68676 118.165
2.72077 118.165
2.75475 118.163
2.78873 118.161
2.8228 118.165
2.85705 118.178
2.89128 118.19
2.92542 118.196
2.95947 118.198
2.99351 118.2
3.02746 118.196
3.06151 118.198
3.09579 118.211
3.13004 118.223
3.1641 118.224
3.19818 118.228
3.23234 118.234
3.26654 118.243
3.30099 118.263
3.3353 118.276
3.36937 118.278
3.4034 118.278
3.43754 118.283
3.47175 118.291
3.50593 118.298
3.54012 118.304
3.57434 118.312
3.60838 118.312
3.64245 118.314
3.67657 118.317
3.71096 118.332
3.7454 118.349
3.77977 118.362
3.81444 118.388
3.84907 118.411
3.88346 118.424
3.91773 118.433
3.95166 118.428
3.98584 118.433
4.02003 118.438
4.05404 118.436
4.08841 118.448
4.12269 118.456
4.15721 118.473
4.19163 118.486
4.22639 118.511
4.26148 118.548
4.29589 118.56
4.33063 118.584
4.36486 118.589
4.39937 118.604
4.43366 118.61
4.46794 118.617
4.50257 118.635
4.53751 118.664
4.57196 118.676
4.60717 118.713
4.64143 118.718
4.6757 118.723
4.71038 118.741
4.74475 118.75
4.77971 118.777
4.81514 118.819
4.84954 118.827
4.88394 118.836
4.91931 118.875
4.95373 118.883
4.98793 118.885
5.02345 118.927
5.05931 118.979
5.09365 118.984
5.12793 118.988
5.16232 118.994
5.19785 119.035
5.23249 119.048
5.26845 119.101
5.30421 119.147
5.33847 119.148
5.37279 119.152
5.47923 119.26
5.51448 119.289
5.55023 119.332
5.58557 119.362
5.6208 119.389
5.65617 119.42
5.69087 119.432
5.7257 119.447
5.76078 119.469
5.79613 119.498
5.83181 119.536
6.01134 119.746
6.04679 119.775
6.08233 119.805
6.11876 119.858
6.22798 120.013
6.26368 120.045
6.29953 120.081
6.33588 120.129
6.37078 120.141
6.52073 120.436
6.55652 120.467
6.5929 120.512
6.62981 120.569
