-3.75614 137.762
-3.07271 136.783
-3.03269 136.722
-2.99359 136.712
-2.83449 136.509
-2.79556 136.505
-2.7558 136.452
-2.71674 136.439
-2.67699 136.383
-2.63795 136.37
-2.55922 136.301
-2.51994 136.272
-2.48058 136.235
-2.44165 136.227
-2.40193 136.164
-2.36256 136.124
-2.32326 136.087
-2.2838 136.038
-2.24493 136.03
-2.20602 136.019
-2.16664 135.972
-2.1277 135.957
-2.0886 135.93
-2.04954 135.904
-2.01067 135.893
-1.97155 135.861
-1.93252 135.836
-1.89365 135.823
-1.85462 135.796
-1.8155 135.759
-1.77668 135.749
-1.73745 135.7
-1.69863 135.687
-1.65974 135.668
-1.62104 135.666
-1.58225 135.655
-1.54332 135.63
-1.50433 135.596
-1.46552 135.581
-1.42659 135.551
-1.38771 135.526
-1.34906 135.526
-1.31044 135.53
-1.27172 135.522
-1.23285 135.494
-1.19395 135.463
-1.1553 135.461
-1.11661 135.454
-1.0779 135.444
-1.03905 135.412
-1.00028 135.391
-0.961631 135.387
-0.922853 135.361
-0.884209 135.357
-0.845579 135.355
-0.806916 135.347
-0.768311 135.349
-0.72961 135.332
-0.690927 135.317
-0.652174 135.286
-0.613481 135.264
-0.574857 135.258
-0.536203 135.243
-0.49751 135.216
-0.458929 135.218
-0.42034 135.218
-0.381726 135.21
-0.343082 135.189
-0.304447 135.168
-0.265868 135.168
-0.227353 135.2
-0.188749 135.189
-0.150132 135.168
-0.111539 135.158
-0.0729596 135.156
-0.0343847 135.158
0.00419807 135.15
0.0427807 135.133
0.0813515 135.139
0.119925 135.137
0.158494 135.122
0.197058 135.11
0.235626 135.11
0.274203 135.121
0.312781 135.127
0.351335 135.115
0.389883 135.102
0.428434 135.094
0.466981 135.085
0.50549 135.062
0.544047 135.062
0.58264 135.075
0.621238 135.088
0.659829 135.096
0.698278 135.063
0.736821 135.058
0.775403 135.065
0.81404 135.084
0.852622 135.088
0.891167 135.084
0.9297 135.078
0.968357 135.097
1.00697 135.106
1.04558 135.115
1.08418 135.119
1.12272 135.115
1.16127 135.111
1.19988 135.117
1.2386 135.141
1.27727 135.153
1.31589 135.16
1.35452 135.166
1.3931 135.166
1.43172 135.171
1.47043 135.188
1.50912 135.201
1.54771 135.201
1.58636 135.207
1.62501 135.214
1.66366 135.22
1.70229 135.225
1.74091 135.227
1.7795 135.227
1.81812 135.229
1.85698 135.255
1.89571 135.268
1.93447 135.283
1.97313 135.287
2.01202 135.313
2.05078 135.326
2.0894 135.326
2.12799 135.324
2.16666 135.328
2.20556 135.352
2.24432 135.362
2.28297 135.365
2.3219 135.388
2.3607 135.401
2.39973 135.431
2.43849 135.44
2.47757 135.472
2.51658 135.497
2.55533 135.504
2.59408 135.51
2.63299 135.527
2.67177 135.536
2.71089 135.566
2.74969 135.575
2.7887 135.596
2.82751 135.605
2.86629 135.611
2.90577 135.661
2.94503 135.695
2.98369 135.693
3.02239 135.693
3.06127 135.704
3.10064 135.742
3.13991 135.774
3.17878 135.783
3.21789 135.805
3.25669 135.809
3.2964 135.863
3.33534 135.873
3.37424 135.882
3.4136 135.914
3.45301 135.949
3.49282 136.002
3.53188 136.018
3.57164 136.067
3.61073 136.082
3.65066 136.138
3.6891 136.121
3.72789 136.121
3.76782 136.175
3.8069 136.188
4.32314 136.672
