-24.8704 83.9037
-24.8437 83.9005
-4.73406 137.785
-4.69524 137.776
-4.65578 137.744
-4.61564 137.686
-4.57547 137.625
-4.5359 137.586
-4.06178 137.099
-3.98326 137.028
-3.94404 136.994
-3.90543 136.986
-3.86633 136.956
-3.82711 136.919
-3.78752 136.866
-3.74889 136.855
-3.70981 136.823
-3.63159 136.755
-3.5925 136.721
-3.55365 136.698
-3.5152 136.693
-3.47619 136.661
-3.43712 136.625
-3.3986 136.617
-3.35963 136.585
-3.32109 136.574
-3.28182 136.525
-3.24337 136.519
-3.20485 136.508
-3.16558 136.457
-3.12724 136.455
-3.08877 136.447
-3.05001 136.421
-3.01148 136.409
-2.9727 136.381
-2.93397 136.356
-2.89507 136.319
-2.85622 136.286
-2.81784 136.279
-2.77961 136.281
-2.74096 136.258
-2.70259 136.252
-2.66386 136.222
-2.62514 136.192
-2.58669 136.18
-2.54838 136.176
-2.51004 136.169
-2.47173 136.165
-2.43336 136.157
-2.3949 136.142
-2.35636 136.121
-2.31795 136.108
-2.27957 136.098
-2.241 136.072
-2.2025 136.051
-2.16416 136.043
-2.12586 136.036
-2.08754 136.028
-2.04937 136.032
-2.01112 136.03
-1.9727 136.013
-1.93429 135.997
-1.89596 135.986
-1.85754 135.967
-1.81935 135.969
-1.78112 135.967
-1.74298 135.974
-1.70481 135.978
-1.66658 135.976
-1.62821 135.959
-1.58988 135.946
-1.55154 135.932
-1.51323 135.919
-1.47495 135.91
-1.4366 135.891
-1.39852 135.906
-1.3605 135.928
-1.32233 135.932
-1.28405 135.921
-1.24563 135.892
-1.20736 135.881
-1.16915 135.879
-1.13093 135.875
-1.0927 135.869
-1.05449 135.865
-1.01627 135.86
-0.978085 135.86
-0.939874 135.856
-0.901698 135.859
-0.863543 135.865
-0.825343 135.863
-0.787184 135.869
-0.748975 135.865
-0.710875 135.886
-0.672766 135.908
-0.634454 135.878
-0.596186 135.857
-0.557962 135.846
-0.519749 135.838
-0.481571 135.84
-0.443392 135.842
-0.405212 135.844
-0.367044 135.853
-0.328861 135.855
-0.290679 135.859
-0.252503 135.868
-0.214323 135.876
-0.176131 135.879
-0.137937 135.879
-0.0997495 135.889
-0.0615593 135.904
-0.0233608 135.913
0.0148415 135.919
0.0530486 135.934
0.0912568 135.936
0.129468 135.94
0.16768 135.945
0.205888 135.943
0.244098 135.943
0.282317 135.949
0.320547 135.96
0.358774 135.966
0.397017 135.979
0.435272 135.994
0.473516 136.002
0.511751 136.007
0.550009 136.017
0.588293 136.034
0.626569 136.047
0.664907 136.075
0.703223 136.094
0.741405 136.079
0.779599 136.068
0.817877 136.077
0.856232 136.1
0.894565 136.117
0.932974 136.147
0.971373 136.173
1.00968 136.181
1.04796 136.183
1.08627 136.19
1.1247 136.215
1.16311 136.237
1.20145 136.245
1.23982 136.258
1.27816 136.266
1.31656 136.281
1.35504 136.307
1.3934 136.315
1.43198 136.35
1.47052 136.377
1.50882 136.377
1.54721 136.386
1.58567 136.403
1.62439 136.446
1.66281 136.456
1.70122 136.465
1.73983 136.493
1.77836 136.512
1.8169 136.531
1.85572 136.576
1.89429 136.595
1.93293 136.621
1.97141 136.631
2.01007 136.657
2.04882 136.689
2.08736 136.702
2.1261 136.732
2.16487 136.762
2.20369 136.796
2.24259 136.835
2.28148 136.871
2.32028 136.899
2.35882 136.908
2.39789 136.955
2.43657 136.972
2.47569 137.019
2.51439 137.036
2.55303 137.049
2.59216 137.094
2.63096 137.116
2.67029 137.172
2.70934 137.208
2.74838 137.243
2.78712 137.258
2.8265 137.312
2.8657 137.353
2.9048 137.387
2.94428 137.443
2.98353 137.484
3.02268 137.519
3.06193 137.558
3.10158 137.618
3.14087 137.657
3.18057 137.718
3.22005 137.765
3.25977 137.824
3.29905 137.858
3.33852 137.902
3.37843 137.967
3.41897 138.062
3.4586 138.11
3.49795 138.143
3.53793 138.206
3.57803 138.273
3.61825 138.345
3.65795 138.391
3.69795 138.45
3.7378 138.5
3.86173 138.843
3.90161 138.889
4.15515 139.749
4.19589 139.819
4.23544 139.839
