-0.440253 143.957
-0.399775 143.881
-0.359345 143.811
-0.318989 143.765
-0.278611 143.693
-0.238257 143.617
-0.197977 143.573
-0.157697 143.511
-0.11746 143.469
-0.0772405 143.426
0.00314848 143.292
0.0432995 143.227
0.083427 143.177
0.123525 143.112
0.163622 143.083
0.203717 143.064
0.24374 142.993
0.283733 142.922
0.323756 142.888
0.363781 142.863
0.403814 142.847
0.443783 142.805
0.483746 142.769
0.523648 142.716
0.563631 142.698
0.603451 142.632
0.64333 142.591
0.683207 142.554
0.723086 142.522
0.762952 142.49
0.802864 142.472
0.842581 142.413
0.88237 142.374
0.922189 142.345
0.962066 142.329
1.00185 142.297
1.04166 142.272
1.08138 142.233
1.12113 142.204
1.16098 142.19
1.20073 142.163
1.24044 142.131
1.28009 142.093
1.3199 142.079
1.35965 142.059
1.39945 142.045
1.43908 142.011
1.47877 141.986
1.51855 141.973
1.5582 141.946
1.59796 141.932
1.63757 141.903
1.67732 141.889
1.71693 141.862
1.75656 141.837
1.79615 141.81
1.83582 141.792
1.87539 141.765
1.91497 141.74
1.95468 141.729
1.99445 141.723
2.03421 141.716
2.07378 141.693
2.11327 141.664
2.15304 141.66
2.19284 141.658
2.23253 141.646
2.27195 141.615
2.31148 141.592
2.35117 141.583
2.3908 141.57
2.43033 141.55
2.46989 141.532
2.5095 141.518
2.54911 141.505
2.58877 141.496
2.62847 141.489
2.66826 141.489
2.70785 141.476
2.74743 141.462
2.78722 141.463
2.82683 141.451
2.86647 141.443
2.90593 141.422
2.94549 141.409
2.98512 141.4
3.02482 141.396
3.06452 141.391
3.1041 141.38
3.14383 141.378
3.18349 141.371
3.22318 141.367
3.26258 141.347
3.30202 141.329
3.3417 141.324
3.38154 141.329
3.42127 141.327
3.46081 141.316
3.50022 141.298
3.53976 141.287
3.57947 141.285
3.61932 141.289
3.65899 141.285
3.69851 141.274
3.7378 141.251
3.77755 141.251
3.81739 141.256
3.85724 141.261
3.89729 141.274
3.9372 141.281
3.9767 141.27
4.01586 141.243
4.0552 141.225
4.09495 141.225
4.13511 141.244
4.17523 141.259
4.21541 141.278
4.25528 141.282
4.29553 141.303
4.33546 141.31
4.37517 141.308
4.41477 141.301
4.45487 141.315
4.49493 141.326
4.53482 141.331
4.57453 141.329
4.61431 141.329
4.65426 141.336
4.69421 141.343
4.73399 141.343
4.77377 141.343
4.81415 141.366
4.85431 141.379
4.89415 141.382
4.93407 141.386
4.97392 141.389
5.01377 141.391
5.05376 141.398
5.09445 141.43
5.13438 141.435
5.17444 141.444
5.21437 141.448
5.25425 141.451
5.29405 141.451
5.33413 141.46
5.37461 141.483
5.41463 141.49
5.45465 141.497
5.49579 141.54
5.53589 141.549
5.57607 141.561
5.61619 141.57
5.6561 141.572
5.6965 141.59
5.73649 141.595
5.77655 141.602
5.81705 141.623
5.85734 141.636
5.89808 141.664
5.93831 141.675
5.97915 141.705
6.01932 141.714
6.06003 141.739
6.10068 141.762
6.14056 141.762
6.18067 141.769
6.22078 141.776
6.26185 141.81
6.30286 141.842
6.34379 141.872
6.38402 141.881
6.42506 141.913
6.46653 141.956
6.50809 142.002
6.54828 142.009
6.58804 142.005
6.62781 142
6.66968 142.053
6.7103 142.071
6.75247 142.131
6.79269 142.138
6.833 142.147
6.87496 142.199
6.91599 142.227
6.958 142.28
6.99817 142.284
7.03852 142.294
7.07986 142.328
7.12131 142.365
7.16395 142.431
7.20535 142.466
7.24557 142.47
7.28643 142.491
7.32712 142.507
7.37006 142.578
7.41068 142.592
7.53698 142.74
7.66299 142.876
7.70448 142.908
7.7453 142.924
7.7881 142.986
7.83073 143.044
8.00071 143.257
8.04368 143.319
8.08585 143.363
8.12917 143.433
8.1715 143.479
8.21321 143.512
8.25526 143.551
8.30196 143.693
8.34449 143.742
8.38779 143.807
8.43154 143.882
8.47674 143.987
8.52068 144.064
8.70313 144.506
