-24.87 83.9017
-24.8434 83.8995
9.92229 140.968
9.96144 140.966
9.99996 140.953
10.0372 140.917
10.0712 140.825
10.4811 139.797
10.5193 139.784
10.5574 139.768
10.972 138.913
11.0106 138.908
11.1522 138.693
11.1871 138.632
11.2233 138.593
11.2586 138.538
11.2966 138.527
11.4016 138.355
11.438 138.32
11.4757 138.304
11.5124 138.274
11.5492 138.246
11.5854 138.209
11.6203 138.152
11.6584 138.143
11.6931 138.084
11.7307 138.069
11.7652 138.008
11.8028 137.993
11.8387 137.952
11.8736 137.898
11.9117 137.891
11.9496 137.88
11.9844 137.826
12.0224 137.817
12.0572 137.763
12.0951 137.752
12.1327 137.739
12.1678 137.689
12.2041 137.657
12.2422 137.65
12.2801 137.641
12.316 137.604
12.3507 137.55
12.3871 137.52
12.4251 137.514
12.463 137.505
12.499 137.47
12.535 137.436
12.5718 137.412
12.6093 137.399
12.6459 137.373
12.6827 137.349
12.72 137.334
12.7571 137.315
12.7938 137.291
12.8311 137.276
12.8684 137.261
12.9056 137.243
12.9429 137.228
12.9807 137.219
13.0172 137.193
13.0537 137.168
13.0898 137.137
13.1269 137.12
13.165 137.116
13.2031 137.111
13.2384 137.071
13.2756 137.055
13.3138 137.053
13.3505 137.032
13.3876 137.014
13.4243 136.993
13.4622 136.986
13.5002 136.982
13.5379 136.973
13.5746 136.952
13.6113 136.93
13.6486 136.917
13.6864 136.911
13.7243 136.904
13.7614 136.889
13.7998 136.889
13.8367 136.872
13.8742 136.861
13.9117 136.85
13.9498 136.848
13.9882 136.848
14.0256 136.837
14.0634 136.831
14.1014 136.826
14.1392 136.82
14.1761 136.802
14.2121 136.774
14.2495 136.764
14.2859 136.74
14.324 136.738
14.3609 136.721
14.2501 134.934
14.4052 136.335
14.4668 136.614
14.5122 136.699
14.5591 136.801
14.5973 136.799
14.6316 136.752
14.6699 136.752
14.7067 136.735
14.7457 136.743
14.7834 136.737
14.9481 138.215
14.8596 136.732
14.8962 136.713
14.9345 136.713
14.9724 136.708
15.0096 136.695
15.0475 136.691
15.0869 136.704
15.1249 136.701
15.1624 136.693
15.2007 136.693
15.2393 136.697
15.2778 136.699
15.316 136.699
15.3534 136.688
15.391 136.681
15.4304 136.694
15.4702 136.711
15.5087 136.713
15.5469 136.713
15.585 136.711
15.6229 136.706
15.6611 136.706
15.7007 136.721
15.7399 136.732
15.779 136.74
15.8176 136.744
15.8563 136.748
15.8949 136.753
15.9334 136.755
15.9714 136.752
16.0099 136.754
16.0489 136.763
16.0876 136.767
16.1264 136.773
16.1651 136.777
16.2036 136.779
16.242 136.781
16.2807 136.786
16.3195 136.792
16.3586 136.8
16.3991 136.824
16.4394 136.845
16.478 136.849
16.5161 136.847
16.555 136.853
16.5945 136.866
16.6342 136.881
16.6727 136.883
16.7126 136.9
16.7513 136.904
16.7906 136.914
16.8301 136.927
16.8713 136.957
16.9112 136.974
16.9506 136.985
16.9893 136.989
17.0297 137.01
17.0684 137.014
17.1071 137.018
17.1488 137.053
17.1909 137.091
17.2326 137.125
17.272 137.136
17.3122 137.155
17.3512 137.161
17.3908 137.174
17.4299 137.183
17.4693 137.193
17.5085 137.202
17.5495 137.227
17.5889 137.238
17.6318 137.283
17.6714 137.296
17.7133 137.33
17.7553 137.366
17.7937 137.366
17.8345 137.39
17.8766 137.426
17.9187 137.463
17.9604 137.495
18.0004 137.51
18.0419 137.54
18.0827 137.563
18.1222 137.574
18.1656 137.621
18.2058 137.639
18.2503 137.697
18.2901 137.71
18.3308 137.731
18.3706 137.744
18.4158 137.808
18.4586 137.849
18.5003 137.88
18.5417 137.908
18.5839 137.942
18.6265 137.981
18.6689 138.018
18.7136 138.076
18.7561 138.113
18.7986 138.149
18.8418 138.193
18.8838 138.225
18.9258 138.258
18.9743 138.349
19.0178 138.394
19.0606 138.433
19.1054 138.49
19.1487 138.533
19.1918 138.575
19.2374 138.638
19.283 138.701
19.329 138.768
19.372 138.808
19.7061 139.375
19.7526 139.443
