-26.0012 140.372
-25.9578 140.339
-25.9102 140.278
-25.185 139.259
-25.1376 139.196
-25.0947 139.164
-25.0548 139.153
-25.0118 139.121
-24.9655 139.065
-24.7862 138.882
-24.7431 138.847
-24.703 138.835
-24.6608 138.807
-24.6182 138.777
-24.5751 138.742
-24.5293 138.689
-24.4893 138.676
-24.4468 138.646
-24.4041 138.614
-24.3638 138.599
-24.3174 138.541
-24.278 138.533
-24.2356 138.503
-24.1903 138.451
-24.15 138.436
-24.11 138.424
-24.0683 138.398
-24.0286 138.387
-23.9901 138.385
-23.949 138.364
-23.9035 138.311
-23.86 138.272
-23.8207 138.264
-23.7816 138.257
-23.7397 138.23
-23.6971 138.198
-23.6552 138.17
-23.6162 138.164
-23.5737 138.132
-23.5323 138.108
-23.4939 138.106
-23.4543 138.096
-23.4145 138.083
-23.3703 138.038
-23.3304 138.026
-23.2912 138.017
-23.2505 137.998
-23.2115 137.992
-23.1722 137.983
-23.1318 137.966
-23.0926 137.958
-23.0519 137.939
-23.013 137.933
-22.9734 137.922
-22.9339 137.911
-22.8935 137.895
-22.8549 137.89
-22.8145 137.873
-22.7753 137.865
-22.7361 137.857
-22.6969 137.848
-22.6576 137.84
-22.6176 137.825
-22.5784 137.817
-22.5403 137.817
-22.5019 137.815
-22.4627 137.806
-22.4224 137.789
-22.3832 137.781
-22.3432 137.766
-22.3037 137.756
-22.2651 137.751
-22.2275 137.756
-22.1897 137.758
-22.1508 137.752
-22.1121 137.748
-22.0738 137.746
-22.0343 137.735
-21.9943 137.72
-21.957 137.727
-21.92 137.735
-21.8814 137.731
-21.842 137.721
-21.8039 137.721
-21.7666 137.727
-21.7301 137.74
-21.6917 137.738
-21.6528 137.732
-21.6144 137.73
-21.576 137.728
-21.5374 137.724
-21.4988 137.719
-21.4593 137.709
-21.4212 137.709
-21.3842 137.718
-21.3466 137.722
-21.3085 137.722
-21.2701 137.72
-21.2325 137.724
-21.1955 137.733
-21.1584 137.742
-21.121 137.748
-21.0824 137.744
-21.0435 137.738
-21.0085 137.763
-20.9742 137.795
-20.9371 137.804
-20.8985 137.8
-20.8585 137.785
-20.8191 137.775
-20.7815 137.779
-20.7444 137.788
-20.7029 137.76
-20.6622 137.739
-20.6256 137.752
-20.5908 137.779
-20.5542 137.792
-20.517 137.801
-20.4801 137.812
-20.444 137.829
-20.4076 137.844
-20.3664 137.818
-20.3288 137.823
-20.2924 137.838
-20.255 137.844
-20.2153 137.832
-20.1759 137.821
-20.138 137.823
-20.1025 137.847
-20.0671 137.87
-20.0314 137.892
-19.9932 137.892
-19.955 137.892
-19.5106 134.369
-19.8821 137.922
-19.8468 137.948
-19.8101 137.961
-19.7743 137.982
-19.7371 137.991
-19.7004 138.004
-19.6638 138.019
-19.6271 138.032
-19.5915 138.055
-19.5569 138.087
-19.5196 138.096
-19.4833 138.113
-19.4463 138.124
-19.4097 138.139
-19.3729 138.152
-19.3382 138.184
-19.3016 138.199
-19.265 138.215
-19.228 138.225
-19.1932 138.258
-19.1566 138.273
-19.1195 138.284
-19.0824 138.294
-19.0469 138.32
-19.0105 138.337
-18.9739 138.353
-18.9386 138.381
-18.9038 138.413
-18.8683 138.439
-18.8316 138.454
-18.7944 138.465
-18.7609 138.51
-18.7235 138.519
-18.6863 138.529
-18.6512 138.56
-18.6188 138.616
-18.5816 138.627
-18.5455 138.648
-18.5079 138.655
-18.472 138.679
-18.4359 138.7
-18.3995 138.72
-18.3636 138.743
-18.3284 138.774
-18.2934 138.806
-18.2597 138.852
-18.2236 138.873
-18.191 138.93
-18.1559 138.962
-18.1188 138.975
-18.0835 139.005
-18.049 139.045
-18.0159 139.097
-17.9786 139.107
-17.9414 139.121
-17.9087 139.177
-17.8746 139.22
-17.8416 139.275
-17.8038 139.281
-17.7668 139.297
-17.73 139.314
-17.6963 139.362
-17.6637 139.421
-17.6284 139.453
-17.5937 139.493
-17.5619 139.56
-17.529 139.617
-17.4923 139.637
-17.4598 139.698
-17.4246 139.733
-17.3892 139.765
-17.3547 139.807
-17.3251 139.899
-17.2886 139.921
-17.2533 139.956
-17.2178 139.989
-17.1851 140.05
-17.1507 140.094
-17.1205 140.182
-17.0564 140.32
-17.0193 140.338
-16.861 140.71
-16.8282 140.774
-16.7935 140.818
-16.6388 143.767
-16.5997 143.771
-16.5608 143.778
