-27.9564 149.517
-27.9104 149.48
-27.8619 149.427
-27.5771 148.604
-27.5307 148.563
-27.4886 148.552
-27.4426 148.514
-27.3824 148.38
-26.9178 147.685
-26.877 147.681
-26.5814 147.305
-26.5362 147.27
-26.4944 147.258
-26.4496 147.225
-26.4037 147.185
-26.3592 147.155
-26.3171 147.141
-26.2629 147.042
-26.2215 147.033
-26.1814 147.033
-26.137 147.002
-26.0883 146.941
-25.7739 146.7
-25.7277 146.656
-25.6828 146.621
-25.6428 146.621
-25.6038 146.628
-25.5642 146.631
-25.519 146.593
-25.4699 146.528
-25.4293 146.523
-25.389 146.521
-25.3474 146.51
-25.3033 146.479
-25.2617 146.468
-25.2137 146.409
-25.1692 146.377
-25.1277 146.365
-25.0865 146.356
-25.0427 146.328
-25.0022 146.324
-24.9587 146.298
-24.9179 146.291
-24.8728 146.254
-24.8317 146.245
-24.7921 146.247
-24.7519 146.245
-24.7082 146.217
-24.6673 146.211
-24.6239 146.185
-24.5825 146.174
-24.5391 146.148
-24.4986 146.144
-24.4609 146.16
-24.4179 146.137
-24.3749 146.114
-24.3338 146.105
-24.2902 146.077
-24.2503 146.077
-24.2095 146.07
-24.1693 146.068
-24.1294 146.068
-24.0886 146.062
-24.0472 146.05
-24.007 146.048
-23.9668 146.046
-23.926 146.039
-23.8852 146.032
-23.8429 146.014
-23.8 145.991
-23.7583 145.977
-23.7181 145.975
-23.6782 145.975
-23.6396 145.984
-23.5976 145.968
-23.5565 145.959
-23.5158 145.952
-23.4762 145.955
-23.4369 145.96
-23.3967 145.958
-23.3572 145.96
-23.3185 145.97
-23.2783 145.967
-23.2375 145.961
-23.1974 145.959
-23.1581 145.963
-23.1182 145.964
-23.078 145.961
-23.037 145.952
-22.9939 145.927
-22.954 145.927
-22.9176 145.955
-22.8786 145.962
-22.8384 145.96
-22.7988 145.963
-22.7607 145.977
-22.722 145.987
-22.685 146.01
-22.6448 146.008
-22.5985 145.957
-22.5586 145.957
-22.5231 145.992
-22.486 146.016
-22.4502 146.049
-22.4105 146.051
-22.3695 146.042
-22.331 146.054
-22.2905 146.049
-22.2511 146.054
-22.2092 146.038
-22.1685 146.031
-22.1291 146.036
-22.0912 146.053
-22.049 146.034
-22.0071 146.018
-21.9706 146.046
-21.9323 146.061
-21.8941 146.075
-21.8567 146.096
-21.8139 146.073
-21.772 146.057
-21.7321 146.057
-21.6936 146.069
-21.6595 146.118
-21.6201 146.123
-21.5815 146.135
-21.5437 146.154
-21.5065 146.177
-21.4677 146.187
-21.4299 146.206
-21.3908 146.213
-21.3527 146.23
-21.3152 146.251
-21.2795 146.289
-21.2409 146.3
-21.2017 146.308
-21.1617 146.308
-21.1244 146.331
-21.0866 146.35
-21.0498 146.379
-21.0103 146.384
-20.9717 146.396
-20.9343 146.419
-20.8972 146.445
-20.858 146.452
-20.8196 146.467
-20.7827 146.495
-20.7437 146.505
-20.705 146.517
-20.6679 146.543
-20.6313 146.573
-20.5925 146.585
-20.5585 146.64
-20.5197 146.652
-20.4804 146.659
-20.4432 146.685
-20.4047 146.699
-20.3675 146.725
-20.3305 146.754
-20.2914 146.763
-20.2555 146.801
-20.2164 146.811
-20.1825 146.868
-20.1439 146.882
-20.1071 146.913
-20.0682 146.925
-20.0319 146.961
-19.9956 146.996
-19.9595 147.034
-19.9224 147.063
-19.8858 147.096
-19.8471 147.11
-19.808 147.12
-19.7741 147.179
-19.7349 147.189
-19.7015 147.253
-19.6623 147.263
-19.6259 147.299
-19.5894 147.334
-19.5501 147.344
-19.5164 147.406
-19.2627 147.678
-19.2259 147.712
-19.1208 147.867
-18.6683 148.59
-18.6294 148.607
-18.5922 148.641
-18.5591 148.716
-18.5262 148.793
-18.4931 148.868
-18.4613 148.957
-18.4281 149.032
-18.3941 149.1
-18.3587 149.153
-18.3254 149.229
-18.2947 149.331
-18.2651 149.445
-18.2324 149.527
-18.151 149.949
-18.1146 149.995
