-8.14828 126.885
-8.11 126.847
-8.07086 126.791
-8.03156 126.733
-7.99228 126.674
-7.95294 126.613
-7.91372 126.554
-7.87433 126.492
-7.83347 126.399
-7.79537 126.361
-7.75794 126.336
-7.72033 126.308
-7.68237 126.272
-7.64221 126.191
-7.60319 126.132
-7.56611 126.114
-7.52741 126.061
-7.48882 126.01
-7.45115 125.978
-7.41331 125.942
-7.37443 125.884
-7.33584 125.831
-7.29885 125.812
-7.26161 125.788
-7.2242 125.76
-7.18663 125.728
-7.14908 125.696
-7.11077 125.647
-7.07291 125.608
-7.03549 125.578
-6.99817 125.55
-6.96077 125.52
-6.92247 125.469
-6.88586 125.456
-6.8485 125.426
-6.8105 125.382
-6.77399 125.37
-6.73684 125.344
-6.69937 125.311
-6.66152 125.268
-6.62504 125.256
-6.58857 125.245
-6.55076 125.202
-6.51438 125.193
-6.47715 125.163
-6.44 125.135
-6.40357 125.124
-6.3666 125.1
-6.32972 125.078
-6.29322 125.065
-6.25553 125.022
-6.21897 125.007
-6.18221 124.986
-6.14522 124.96
-6.10891 124.951
-6.0721 124.929
-6.03572 124.918
-5.99885 124.893
-5.96256 124.884
-5.92578 124.862
-5.889 124.84
-5.85266 124.828
-5.81576 124.802
-5.77901 124.78
-5.7429 124.775
-5.70671 124.767
-5.66999 124.745
-5.63375 124.736
-5.5971 124.715
-5.56047 124.695
-5.52431 124.688
-5.48828 124.684
-5.45206 124.675
-5.41552 124.656
-5.37885 124.634
-5.34252 124.621
-5.30625 124.61
-5.26942 124.582
-5.23342 124.578
-5.19736 124.573
-5.16118 124.564
-5.12493 124.552
-5.08857 124.538
-5.05258 124.534
-5.01654 124.528
-4.98037 124.519
-4.94397 124.503
-4.90787 124.495
-4.87195 124.493
-4.83603 124.492
-4.8 124.486
-4.76379 124.475
-4.72771 124.468
-4.69162 124.46
-4.65537 124.447
-4.61935 124.442
-4.5835 124.442
-4.54737 124.432
-4.51114 124.42
-4.47512 124.414
-4.43927 124.414
-4.40343 124.414
-4.36742 124.409
-4.3313 124.399
-4.29504 124.385
-4.25904 124.379
-4.22309 124.375
-4.1872 124.374
-4.15146 124.377
-4.11576 124.383
-4.07976 124.377
-4.04387 124.375
-4.00802 124.375
-3.97208 124.372
-3.93604 124.364
-3.90019 124.364
-3.86449 124.37
-3.82892 124.381
-3.79293 124.376
-3.7569 124.368
-3.72114 124.372
-3.68565 124.387
-3.64997 124.394
-3.61425 124.4
-3.50053 121.1
-3.4667 121.155
-3.37652 118.769
-3.47004 124.366
-3.43432 124.372
-3.3985 124.374
-3.36269 124.376
-3.32683 124.376
-3.29114 124.383
-3.25552 124.394
-3.2197 124.396
-3.18383 124.396
-3.14793 124.394
-3.11199 124.391
-3.07612 124.391
-3.04037 124.396
-3.00473 124.407
-2.96893 124.411
-2.93306 124.411
-2.8973 124.417
-2.86153 124.422
-2.8258 124.43
-2.7901 124.439
-2.75446 124.452
-2.71881 124.465
-2.68309 124.474
-2.64727 124.478
-2.61141 124.48
-2.57562 124.485
-2.53992 124.497
-2.50427 124.511
-2.46865 124.528
-2.43296 124.541
-2.3972 124.55
-2.36156 124.567
-2.32585 124.58
-2.29005 124.587
-2.25421 124.593
-2.2184 124.6
-2.18262 124.61
-2.14691 124.625
-2.11117 124.638
-2.07547 124.654
-2.03974 124.669
-2.0039 124.677
-1.96806 124.684
-1.93221 124.692
-1.89641 124.703
-1.86089 124.736
-1.82507 124.747
-1.78922 124.757
-1.75353 124.779
-1.71778 124.798
-1.68194 124.809
-1.64621 124.831
-1.61034 124.84
-1.57447 124.852
-1.53858 124.861
-1.50273 124.874
-1.4671 124.909
-1.43119 124.919
-1.39533 124.934
-1.35966 124.969
-1.3238 124.986
-1.2879 124.999
-1.25215 125.031
-1.21619 125.038
-1.18021 125.046
-1.14442 125.076
-1.10863 125.107
-1.07279 125.135
-1.03693 125.161
-1.00099 125.178
-0.965192 125.218
-0.929176 125.227
-0.893167 125.238
-0.857248 125.264
-0.821408 125.306
-0.785405 125.323
-0.749564 125.369
-0.713518 125.382
-0.677543 125.411
-0.64162 125.452
-0.605517 125.459
-0.569427 125.471
-0.533517 125.525
-0.497489 125.557
-0.461346 125.563
-0.425341 125.608
-0.389385 125.674
-0.353292 125.706
-0.317113 125.713
-0.28104 125.762
-0.244902 125.794
-0.208741 125.822
-0.172533 125.834
-0.136352 125.864
-0.100196 125.921
-0.0639802 125.951
-0.0277475 125.979
0.00847901 126.032
0.0810042 126.147
0.11731 126.183
0.153633 126.219
0.408537 126.561
0.445043 126.609
0.481546 126.645
0.518122 126.704
