3.43609 155.224
3.47855 155.189
3.52136 155.176
4.43815 153.835
4.48001 153.796
4.52268 153.794
4.56457 153.757
4.60632 153.716
4.64805 153.674
4.89962 153.487
4.9413 153.449
4.9831 153.415
5.02455 153.368
5.06625 153.332
5.10888 153.332
5.15041 153.291
5.19132 153.226
5.23357 153.213
5.27589 153.203
5.31743 153.164
5.3591 153.13
5.4016 153.128
5.44396 153.12
5.48581 153.094
5.52787 153.076
5.56875 153.017
5.61078 152.999
5.65228 152.963
5.69361 152.922
5.73561 152.904
5.77745 152.88
5.81973 152.873
5.86132 152.842
5.90289 152.811
5.94516 152.803
5.98766 152.803
6.03015 152.803
6.07265 152.803
6.11491 152.796
6.1561 152.754
6.19785 152.731
6.23852 152.675
6.27941 152.626
6.32128 152.608
6.36406 152.618
6.40685 152.628
6.4499 152.646
6.49168 152.626
6.5337 152.613
6.57562 152.598
6.61728 152.574
6.65963 152.572
6.7026 152.587
6.74389 152.554
6.78578 152.539
6.82749 152.518
6.86909 152.495
6.91206 152.51
6.95421 152.503
6.99542 152.469
7.03765 152.464
7.08025 152.469
7.12237 152.462
7.16412 152.444
7.20595 152.428
7.24787 152.415
7.29017 152.413
7.3314 152.382
7.37243 152.346
7.41265 152.29
7.45383 152.259
7.4948 152.223
7.53666 152.21
7.58001 152.236
7.62478 152.297
7.66947 152.356
7.7141 152.413
7.75556 152.39
7.79691 152.364
7.83929 152.364
7.88073 152.341
7.92363 152.354
7.96558 152.343
8.00827 152.351
8.05181 152.379
8.0944 152.384
8.13667 152.382
8.17938 152.39
8.22241 152.405
8.26457 152.4
8.30651 152.39
8.34911 152.395
8.39204 152.407
8.43509 152.423
8.47703 152.413
8.51941 152.413
8.56258 152.43
8.60553 152.443
8.64814 152.448
8.69088 152.456
8.73372 152.466
8.77588 152.461
8.81827 152.461
8.86218 152.495
8.90516 152.507
8.94779 152.512
8.99043 152.518
9.0339 152.541
9.07654 152.546
9.11931 152.553
9.16195 152.559
9.2046 152.564
9.24737 152.571
9.29101 152.597
9.33367 152.602
9.3772 152.625
9.42024 152.638
9.46391 152.664
9.50646 152.666
9.54901 152.669
9.59169 152.674
9.6359 152.71
9.67872 152.718
9.72141 152.723
9.7641 152.728
9.8094 152.784
9.85197 152.787
9.89613 152.82
9.93884 152.825
9.98289 152.856
10.026 152.869
10.0689 152.877
10.1117 152.885
10.1565 152.928
10.2011 152.97
10.2443 152.982
10.2882 153.008
10.332 153.034
10.373 153.005
10.4192 153.075
10.4627 153.093
10.5058 153.103
10.5501 153.137
10.5944 153.171
10.6389 153.207
10.684 153.253
10.7283 153.284
10.7713 153.292
10.8161 153.333
10.859 153.338
10.9018 153.344
10.9464 153.38
10.9916 153.426
11.0364 153.465
11.0808 153.496
11.1259 153.54
11.1707 153.579
11.2132 153.576
11.2561 153.582
11.3938 153.75
11.4384 153.784
11.4821 153.802
