-24.8724 83.9128
-24.8434 83.8995
11.9542 130.941
11.9904 130.929
12.1895 130.615
12.5233 130.145
12.5579 130.115
12.5937 130.101
12.6267 130.052
12.6591 129.995
12.695 129.983
12.7633 129.914
12.7955 129.854
12.8299 129.825
12.8647 129.799
12.9331 129.734
12.9674 129.703
13.0015 129.669
13.0359 129.64
13.0699 129.606
13.1042 129.575
13.1385 129.545
13.1729 129.516
13.2069 129.482
13.2413 129.455
13.2774 129.447
13.312 129.421
13.3474 129.406
13.3818 129.378
13.4162 129.351
13.449 129.304
13.4849 129.294
13.5196 129.27
13.5556 129.262
13.5912 129.251
13.6254 129.221
13.6575 129.167
13.6918 129.139
13.7278 129.131
13.7616 129.098
13.7959 129.071
13.8322 129.067
13.8671 129.047
13.9025 129.033
13.9369 129.008
13.972 128.991
14.0077 128.981
14.0435 128.971
14.0777 128.944
14.1122 128.92
14.1481 128.912
14.1838 128.903
14.2187 128.883
14.2545 128.875
14.2889 128.85
14.323 128.823
14.3584 128.809
14.394 128.799
14.4295 128.787
14.4659 128.785
14.502 128.782
14.5365 128.758
14.5718 128.745
14.6065 128.725
14.6418 128.711
14.6769 128.696
14.7127 128.688
14.7489 128.684
14.7841 128.67
14.8194 128.657
14.8539 128.635
14.8895 128.626
14.9255 128.62
14.96 128.598
14.9943 128.575
15.0304 128.571
15.0656 128.558
15.1014 128.55
15.1375 128.546
15.1739 128.546
15.2102 128.544
15.2465 128.542
15.282 128.532
15.3175 128.522
15.3538 128.52
15.3901 128.518
15.4254 128.507
15.46 128.487
15.495 128.472
15.5307 128.464
15.5677 128.47
15.6041 128.47
15.6409 128.473
15.6782 128.483
15.7158 128.495
15.7509 128.481
15.7849 128.456
15.8163 128.404
15.8518 128.394
15.8932 128.446
15.9308 128.458
15.9661 128.446
16.0032 128.454
16.0379 128.436
16.0734 128.426
16.1077 128.405
16.1443 128.407
16.1807 128.407
16.2162 128.397
16.2524 128.395
16.2903 128.411
16.3283 128.426
16.3645 128.424
16.4003 128.418
16.4357 128.408
16.4719 128.407
16.5089 128.412
16.5461 128.42
16.5825 128.42
16.6183 128.414
16.6549 128.416
16.6921 128.424
16.7289 128.427
16.7657 128.431
16.8021 128.431
16.8387 128.433
16.8751 128.433
16.9122 128.441
16.9488 128.443
16.9858 128.448
17.0241 128.466
17.0621 128.481
17.0987 128.483
17.1347 128.479
17.1721 128.489
17.2085 128.489
17.2449 128.489
17.2815 128.49
17.3189 128.5
17.3563 128.51
17.3934 128.515
17.4304 128.521
17.4691 128.542
17.5059 128.546
17.5429 128.552
17.5802 128.56
17.618 128.573
17.6553 128.581
17.6955 128.616
17.7327 128.623
17.7691 128.623
17.8054 128.621
17.8422 128.625
17.8797 128.635
17.9188 128.66
17.9572 128.677
17.9947 128.687
18.0318 128.693
18.0686 128.697
18.1078 128.722
18.1468 128.745
18.1839 128.751
18.2227 128.772
18.2605 128.784
18.2974 128.788
18.336 128.807
18.374 128.82
18.4126 128.84
18.4504 128.851
18.4921 128.898
18.5294 128.906
18.5681 128.925
18.6054 128.933
18.643 128.943
18.6804 128.95
18.7213 128.989
18.7604 129.012
18.8025 129.061
18.841 129.079
18.878 129.082
18.9149 129.086
18.9559 129.125
18.9965 129.16
19.0359 129.186
19.0727 129.187
19.1128 129.219
19.1559 129.275
19.1941 129.289
19.2336 129.314
19.2736 129.343
19.3113 129.353
19.3506 129.376
19.3913 129.412
19.4336 129.46
19.472 129.476
19.5139 129.521
19.5528 129.541
19.596 129.595
19.6363 129.627
19.6769 129.66
19.7175 129.693
19.7581 129.727
19.7975 129.75
19.8377 129.78
19.8786 129.815
19.9226 129.876
19.9664 129.935
20.0078 129.974
20.0488 130.009
20.0922 130.065
20.1805 130.187
20.2247 130.248
20.2658 130.284
20.3074 130.323
20.3507 130.376
20.3952 130.44
20.44 130.505
20.4846 130.568
20.5291 130.63
20.6204 130.773
20.6694 130.87
20.7087 130.89
20.9715 131.515
21.0136 131.555
21.0523 131.569
