-8.11197 101.724
-6.90574 98.9951
-6.87567 98.9874
-6.84499 98.9681
-6.81486 98.9591
-6.65557 98.7471
-6.62478 98.7242
-6.59406 98.7024
-6.5631 98.6757
-6.19154 98.3362
-6.16117 98.3185
-6.1313 98.3108
-6.10009 98.2753
-6.00861 98.212
-5.97894 98.2081
-5.9478 98.1727
-5.9168 98.1398
-5.88698 98.1322
-5.85676 98.1157
-5.82683 98.1055
-5.79576 98.0702
-5.76584 98.06
-5.73542 98.0386
-5.70434 98.002
-5.67428 97.9881
-5.64411 97.9717
-5.55262 97.8986
-5.52304 97.8947
-5.49336 97.8883
-5.46308 97.8682
-5.43237 97.838
-5.4027 97.8316
-5.37309 97.8265
-5.343 97.8101
-5.31271 97.7887
-5.28253 97.7699
-5.25283 97.7623
-5.2234 97.7609
-5.1935 97.7483
-5.16335 97.7294
-5.1331 97.7081
-5.10307 97.6917
-5.0735 97.6866
-5.04338 97.6678
-5.01283 97.6377
-4.98327 97.6326
-4.95372 97.6275
-4.92412 97.6212
-4.89409 97.6036
-4.86425 97.591
-4.83486 97.5897
-4.80561 97.5921
-4.77607 97.587
-4.74602 97.5682
-4.71597 97.5494
-4.68645 97.5443
-4.6566 97.5305
-4.62718 97.5279
-4.59771 97.5241
-4.56787 97.5103
-4.53805 97.4965
-4.50823 97.4827
-4.47815 97.4614
-4.44875 97.4588
-4.41925 97.4538
-4.38963 97.445
-4.35993 97.4337
-4.33023 97.4224
-4.30049 97.4098
-4.27088 97.401
-4.24154 97.3997
-4.21227 97.4009
-4.18292 97.3996
-4.1532 97.387
-4.12345 97.3732
-4.09415 97.3732
-4.06473 97.3693
-4.03527 97.3643
-4.00585 97.3605
-3.97651 97.3592
-3.94702 97.3529
-3.91714 97.3341
-3.88742 97.3203
-3.85806 97.3178
-3.82866 97.314
-3.79903 97.3027
-3.76918 97.284
-3.7399 97.2839
-3.71099 97.2962
-3.6817 97.2962
-3.65224 97.2899
-3.62284 97.2861
-3.59353 97.2848
-3.56424 97.2847
-3.53499 97.2858
-3.50568 97.2845
-3.47632 97.282
-3.44694 97.2782
-3.41749 97.2719
-3.38811 97.2681
-3.35879 97.2667
-3.32935 97.2605
-3.30001 97.2579
-3.27066 97.2553
-3.24135 97.254
-3.21211 97.2552
-3.18299 97.2613
-3.15362 97.2575
-3.12437 97.2587
-3.09527 97.2661
-3.06596 97.2648
-3.03662 97.2622
-3.00737 97.2634
-2.9783 97.272
-2.94902 97.2719
-2.91947 97.2607
-2.89017 97.2594
-2.86108 97.268
-2.83206 97.2791
-2.80285 97.2828
-2.77351 97.2802
-2.74415 97.2764
-2.71484 97.2751
-2.68561 97.2775
-2.65643 97.2824
-2.62717 97.2836
-2.59783 97.2811
-2.56836 97.2723
-2.53908 97.2722
-2.51012 97.2883
-2.48108 97.3007
-2.45191 97.3068
-2.42264 97.308
-2.39344 97.3129
-2.36443 97.3278
-2.33534 97.3389
-2.30611 97.3426
-2.27683 97.3438
-2.24758 97.3462
-2.21825 97.3449
-2.18886 97.3398
-2.15948 97.3348
-2.1303 97.3422
-2.10111 97.3484
-2.07197 97.3583
-2.04277 97.3644
-2.01364 97.3756
-1.98457 97.3904
-1.95539 97.3991
-1.92609 97.4003
-1.89689 97.4077
-1.86782 97.4238
-1.83859 97.43
-1.80934 97.4349
-1.77989 97.4262
-1.75058 97.4274
-1.72131 97.431
-1.69221 97.4472
-1.66315 97.4671
-1.634 97.4807
-1.60471 97.4844
-1.57556 97.4993
-1.54642 97.5155
-1.51728 97.5317
-1.48803 97.5403
-1.45879 97.549
-1.42974 97.5752
-1.40049 97.5851
-1.37131 97.6013
-1.34197 97.6038
-1.31263 97.6062
-1.28333 97.6124
-1.25403 97.6186
-1.22471 97.6236
-1.19538 97.6273
-1.16616 97.6435
-1.1369 97.6559
-1.10756 97.6596
-1.07834 97.6783
-1.04904 97.6883
-1.01987 97.7133
-0.990515 97.7182
-0.96122 97.7307
-0.931863 97.7357
-0.902642 97.7594
-0.873418 97.7844
-0.844054 97.7906
-0.814811 97.8157
-0.785509 97.8332
-0.756113 97.8369
-0.726746 97.8456
-0.697424 97.8632
-0.668095 97.8807
-0.638758 97.8982
-0.609349 97.9032
-0.579931 97.9069
-0.55057 97.9232
-0.521223 97.9445
-0.491902 97.9746
-0.462548 97.9997
-0.433229 98.0374
-0.403837 98.0587
-0.374418 98.0751
-0.344969 98.0838
-0.315533 98.0989
-0.286071 98.1064
-0.256632 98.1253
-0.227185 98.1441
-0.197733 98.1655
-0.138842 98.2386
-0.109335 98.2436
-0.0503362 98.2852
-0.0208223 98.3054
0.00870427 98.3117
0.0382332 98.347
0.0677816 98.3976
0.097334 98.4051
0.126906 98.4367
0.156472 98.4455
0.18604 98.4531
0.215626 98.4708
0.245276 98.524
0.274929 98.5658
0.304591 98.6025
0.334261 98.6355
0.363883 98.6431
0.393516 98.6532
0.423238 98.6926
0.452971 98.7294
0.482707 98.7624
0.512426 98.7866
0.542157 98.8107
0.571903 98.8362
0.60165 98.8591
0.631453 98.8922
0.661241 98.9189
0.691091 98.9559
