-39.1368 134.036
-39.1054 134.062
-39.0701 134.07
-39.0377 134.091
-39.0072 134.121
-38.9781 134.157
-38.9438 134.169
-38.9085 134.178
-38.877 134.203
-38.8459 134.231
-38.8106 134.24
-38.7739 134.242
-38.7423 134.267
-38.7113 134.295
-38.6764 134.306
-38.6458 134.335
-38.6143 134.361
-38.5798 134.373
-38.5506 134.409
-38.519 134.435
-38.4837 134.443
-38.4525 134.471
-38.4181 134.484
-38.3935 134.54
-38.3628 134.57
-38.3326 134.602
-38.2977 134.613
-38.2665 134.64
-38.2315 134.651
-38.2013 134.683
-38.171 134.715
-38.1407 134.746
-38.1104 134.778
-38.0801 134.81
-38.0498 134.842
-38.0199 134.876
-37.99 134.91
-37.9541 134.916
-37.9232 134.946
-37.8882 134.957
-37.8625 135.01
-37.8279 135.023
-37.7975 135.055
-37.775 135.122
-37.716 135.195
-37.6855 135.227
-37.6504 135.238
-37.6236 135.286
-37.589 135.3
-37.5631 135.353
-37.5335 135.389
-37.4502 135.523
-37.415 135.534
-37.3325 135.673
-37.3079 135.732
-37.2722 135.741
-37.0819 136.08
-36.8118 136.757
-36.7762 136.768
-36.7412 136.782
-35.8338 135.531
-35.8135 135.614
-35.7968 135.714
-35.784 135.833
-35.7819 136.003
-35.7682 136.118
-35.7634 136.277
-35.7925 136.598
-35.7855 136.746
-35.7735 136.871
-35.7843 137.106
