-24.8722 83.9118
-24.8432 83.8985
-6.21876 180.325
-6.16949 180.278
-6.12107 180.262
-6.07184 180.216
-5.6694 179.486
-5.62145 179.48
-4.64555 178.522
-4.11632 178.204
-4.06726 178.12
-4.0196 178.11
-3.97201 178.104
-3.9232 178.029
-3.87545 178.013
-3.82709 177.961
-3.77898 177.922
-3.73154 177.922
-3.68394 177.913
-3.63565 177.861
-3.58759 177.822
-3.53971 177.793
-3.49209 177.78
-3.44438 177.761
-3.39703 177.765
-3.35021 177.804
-3.30285 177.807
-3.25496 177.775
-3.20736 177.762
-3.15982 177.753
-3.11215 177.733
-3.06461 177.724
-3.01682 177.695
-2.96856 177.63
-2.92093 177.611
-2.8736 177.614
-2.82615 177.608
-2.77853 177.589
-2.73093 177.569
-2.68325 177.544
-2.63578 177.534
-2.58835 177.528
-2.54077 177.508
-2.49346 177.512
-2.44632 177.531
-2.39897 177.532
-2.35141 177.512
-2.30385 177.493
-2.25628 177.471
-2.20881 177.458
-2.16166 177.477
-2.11449 177.497
-2.06724 177.507
-2.01986 177.504
-1.97251 177.504
-1.92521 177.511
-1.87786 177.511
-1.83035 177.492
-1.78305 177.498
-1.73593 177.528
-1.68862 177.534
-1.64142 177.557
-1.59431 177.593
-1.54685 177.58
-1.49948 177.58
-1.45212 177.58
-1.40469 177.571
-1.35699 177.516
-1.30964 177.516
-1.26228 177.516
-1.21491 177.513
-1.16757 177.516
-1.12025 177.523
-1.07294 177.533
-1.02568 177.556
-0.978355 177.566
-0.931078 177.589
-0.883731 177.595
-0.836357 177.595
-0.789016 177.605
-0.74169 177.622
-0.69431 177.622
-0.646922 177.619
-0.59955 177.622
-0.55217 177.622
-0.504796 177.625
-0.457432 177.635
-0.410054 177.639
-0.362665 177.636
-0.31531 177.662
-0.267935 177.678
-0.22057 177.72
-0.173185 177.759
-0.125775 177.766
-0.0783625 177.786
-0.0309397 177.812
0.0165028 177.857
0.0639489 177.877
0.111384 177.874
0.158818 177.871
0.20626 177.874
0.253707 177.881
0.301181 177.9
0.348663 177.92
0.396146 177.936
0.443599 177.936
0.491102 177.956
0.538642 177.986
0.586164 178.005
0.633654 178.012
0.681248 178.048
0.728907 178.097
0.776536 178.133
0.824182 178.169
0.871743 178.182
0.91949 178.234
0.967135 178.26
1.01492 178.313
1.06263 178.345
1.11025 178.358
1.15785 178.368
1.20561 178.404
1.25323 178.414
1.30133 178.499
1.34897 178.509
1.39689 178.558
1.44483 178.608
1.49274 178.65
1.54045 178.663
1.58816 178.677
1.63615 178.723
1.68418 178.772
1.73256 178.86
1.78036 178.877
1.82848 178.93
1.87666 178.985
1.92478 179.032
1.97275 179.061
2.02058 179.074
2.06885 179.13
2.11723 179.196
2.16555 179.252
2.21417 179.335
2.26265 179.401
2.31145 179.493
2.35947 179.513
3.30959 182.215
3.35772 182.198
3.40654 182.225
3.45504 182.232
