-3.81948 149.652
-3.77652 149.581
-3.73339 149.5
-3.69019 149.414
-3.64787 149.37
-3.39137 148.946
-3.34885 148.883
-3.30663 148.834
-3.264 148.761
-3.22242 148.746
-3.17984 148.673
-3.05383 148.547
-3.01152 148.484
-2.96951 148.437
-2.92729 148.377
-2.88575 148.357
-2.8435 148.292
-2.80198 148.273
-2.75996 148.219
-2.71817 148.181
-2.67666 148.159
-2.63456 148.096
-2.59324 148.087
-2.55121 148.026
-2.50948 147.985
-2.4678 147.946
-2.4262 147.913
-2.38484 147.896
-2.34323 147.86
-2.30198 147.85
-2.2601 147.79
-2.21848 147.749
-2.1772 147.735
-2.13549 147.684
-2.09426 147.672
-2.05278 147.639
-2.01146 147.617
-1.96995 147.579
-1.92873 147.564
-1.8874 147.541
-1.84592 147.5
-1.80471 147.485
-1.76356 147.476
-1.72223 147.447
-1.68105 147.433
-1.63972 147.402
-1.59842 147.373
-1.55722 147.354
-1.51597 147.328
-1.47486 147.318
-1.43374 147.307
-1.39255 147.285
-1.35135 147.261
-1.31023 147.247
-1.26907 147.226
-1.22783 147.192
-1.1868 147.188
-1.14577 147.183
-1.10469 147.171
-1.06354 147.145
-1.02246 147.131
-0.981355 147.109
-0.940306 147.097
-0.899273 147.088
-0.858257 147.081
-0.817187 147.062
-0.776135 147.045
-0.735131 147.039
-0.69411 147.027
-0.653085 147.013
-0.612048 146.994
-0.571059 146.987
-0.530088 146.984
-0.489117 146.982
-0.448127 146.973
-0.407112 146.951
-0.366132 146.942
-0.325147 146.928
-0.284175 146.918
-0.243211 146.911
-0.202246 146.902
-0.161291 146.898
-0.120336 146.893
-0.0793801 146.884
-0.0384297 146.879
0.0025218 146.862
0.0434665 146.858
0.0844103 146.856
0.125352 146.849
0.166287 146.837
0.207226 146.835
0.248168 146.835
0.289094 146.823
0.33002 146.814
0.370958 146.814
0.411864 146.797
0.452774 146.786
0.493691 146.779
0.534618 146.777
0.575551 146.777
0.616486 146.777
0.65742 146.777
0.698373 146.782
0.739283 146.775
0.780238 146.78
0.821115 146.766
0.861977 146.749
0.902853 146.738
0.943749 146.731
0.984739 146.743
1.02573 146.755
1.06676 146.772
1.10773 146.777
1.14872 146.785
1.18978 146.804
1.23077 146.811
1.27184 146.828
1.31291 146.845
1.3539 146.85
1.3949 146.855
1.4359 146.86
1.47686 146.861
1.51789 146.868
1.55907 146.895
1.60015 146.907
1.64112 146.907
1.68212 146.91
1.72319 146.92
1.7642 146.922
1.80538 146.944
1.84649 146.956
1.8876 146.968
1.9286 146.969
1.96964 146.974
2.01087 146.995
2.05214 147.02
2.09328 147.032
2.1344 147.042
2.1755 147.049
2.21657 147.054
2.25756 147.052
2.29885 147.074
2.34023 147.103
2.38135 147.11
2.42251 147.12
2.4637 147.132
2.50503 147.154
2.54611 147.157
2.58725 147.164
2.62871 147.193
2.67024 147.227
2.71141 147.235
2.75293 147.266
2.79447 147.298
2.83566 147.305
2.87689 147.315
2.91853 147.352
2.96004 147.378
3.0013 147.388
3.04252 147.396
3.08402 147.42
3.12529 147.43
3.16742 147.49
3.20867 147.498
3.24992 147.505
3.29164 147.539
3.33304 147.554
3.3747 147.583
3.41633 147.61
3.4578 147.627
3.49963 147.664
3.54135 147.693
3.58271 147.703
3.62403 147.71
3.66629 147.766
3.70825 147.805
3.75031 147.849
3.79231 147.888
3.83367 147.896
3.87505 147.903
3.91773 147.974
3.96035 148.04
4.00201 148.059
4.04395 148.091
4.08532 148.096
4.12723 148.126
4.29703 148.333
4.38148 148.412
4.46583 148.483
4.72243 148.824
4.76423 148.839
4.80604 148.854
4.84911 148.918
