-24.8704 83.9037
-10.5294 134.838
-9.75626 133.906
-9.55689 133.71
-9.51892 133.704
-9.39931 133.583
-9.36137 133.577
-9.28121 133.487
-9.24184 133.454
-9.20237 133.419
-9.16425 133.409
-9.12547 133.386
-9.08637 133.358
-9.04684 133.321
-9.00766 133.29
-8.96838 133.258
-8.93053 133.252
-8.89159 133.225
-8.85396 133.223
-8.81483 133.193
-8.77561 133.16
-8.7364 133.127
-8.69742 133.099
-8.65961 133.093
-8.62085 133.068
-8.58284 133.058
-8.54473 133.046
-8.50693 133.04
-8.46831 133.018
-8.42929 132.987
-8.39018 132.955
-8.3516 132.932
-8.31363 132.922
-8.27586 132.916
-8.2374 132.896
-8.19884 132.873
-8.16089 132.863
-8.12294 132.853
-8.0851 132.845
-8.04579 132.807
-8.00806 132.801
-7.97032 132.795
-7.93173 132.77
-7.89381 132.76
-7.85513 132.734
-7.81761 132.732
-7.77971 132.722
-7.74209 132.718
-7.70457 132.716
-7.66556 132.681
-7.62758 132.669
-7.58961 132.657
-7.55201 132.653
-7.51395 132.639
-7.47635 132.635
-7.43804 132.615
-7.40036 132.609
-7.36259 132.601
-7.32412 132.577
-7.28627 132.567
-7.24852 132.559
-7.2112 132.561
-7.17362 132.557
-7.13596 132.551
-7.09856 132.551
-7.06116 132.551
-7.02316 132.537
-6.98517 132.523
-6.94794 132.527
-6.91037 132.523
-6.87214 132.503
-6.8345 132.497
-6.79718 132.499
-6.76012 132.507
-6.72312 132.518
-6.68572 132.518
-6.64792 132.508
-6.61004 132.495
-6.57225 132.485
-6.53469 132.481
-6.49785 132.496
-6.461 132.51
-6.4232 132.5
-6.38518 132.484
-6.34763 132.48
-6.31016 132.478
-6.27291 132.482
-6.23574 132.489
-6.19864 132.497
-6.16109 132.493
-6.12346 132.487
-6.08635 132.495
-6.04902 132.497
-6.01242 132.52
-5.97559 132.536
-5.9376 132.52
-5.89997 132.514
-5.86228 132.506
-5.82522 132.516
-5.78788 132.518
-5.75018 132.51
-5.71256 132.504
-5.67515 132.504
-5.63774 132.505
-5.60026 132.503
-5.56298 132.507
-5.52577 132.513
-5.48856 132.519
-5.45147 132.53
-5.41411 132.532
-5.37669 132.532
-5.33947 132.538
-5.30249 132.552
-5.26558 132.569
-5.22808 132.567
-5.19059 132.565
-5.15335 132.571
-5.11653 132.592
-5.07953 132.606
-5.04251 132.62
-5.00531 132.629
-4.96811 132.637
-4.93102 132.649
-4.89386 132.66
-4.85652 132.664
-4.8193 132.672
-4.78213 132.682
-4.7449 132.691
-4.70755 132.695
-4.6702 132.699
-4.63313 132.713
-4.59627 132.736
-4.55941 132.758
-4.52215 132.767
-4.48483 132.773
-4.44756 132.781
-4.41109 132.82
-4.37402 132.837
-4.33705 132.857
-4.29976 132.865
-4.26261 132.88
-4.22577 132.906
-4.18866 132.923
-4.15129 132.929
-4.11452 132.96
-4.07729 132.972
-4.03995 132.981
-4.00271 132.993
-3.96595 133.026
-3.92883 133.044
-3.89214 133.081
-3.85486 133.094
-3.81758 133.106
-3.78025 133.116
-3.74323 133.141
-3.70606 133.16
-3.66893 133.18
-3.63179 133.201
-3.59425 133.203
-3.55723 133.23
-3.52028 133.261
-3.48293 133.273
-3.44625 133.318
-3.40926 133.349
-3.37193 133.364
-3.33488 133.393
-3.29789 133.426
-3.26073 133.451
-3.22324 133.459
-3.18575 133.467
-3.14903 133.517
-3.11205 133.554
-3.07469 133.571
-3.03791 133.62
-3.00044 133.633
-2.96377 133.69
-2.92629 133.703
-2.88922 133.74
-2.85207 133.773
-2.81522 133.825
-2.77772 133.84
-2.74053 133.873
-2.70378 133.935
-2.66662 133.972
-2.62947 134.012
-2.59198 134.031
-2.55461 134.058
-2.51739 134.095
-2.48018 134.134
-2.44289 134.17
-2.40602 134.236
-2.36902 134.295
-2.33164 134.328
-2.29419 134.357
-2.25682 134.393
-2.21986 134.461
-2.18242 134.495
-2.1453 134.555
-2.10816 134.616
-2.07054 134.639
-2.03335 134.7
-1.99683 134.819
-1.95931 134.857
-1.92152 134.871
-1.88418 134.928
-1.84696 134.997
-1.80977 135.073
-1.77273 135.165
-1.73536 135.23
-1.66092 135.399
-1.62351 135.469
-1.58608 135.54
-1.21646 137.151
-1.1781 137.168
-1.13971 137.181
