-5.04373 146.014
-4.82934 145.517
-4.78819 145.477
-4.66033 145.184
-4.61869 145.121
-4.53486 144.971
-4.49378 144.927
-4.4522 144.862
-4.41094 144.809
-4.36941 144.744
-4.32865 144.709
-4.28773 144.668
-4.24612 144.596
-4.04147 144.368
-4.0008 144.331
-3.96019 144.296
-3.91885 144.227
-3.67515 143.995
-3.63459 143.956
-3.59372 143.901
-3.55329 143.867
-3.51291 143.835
-3.47296 143.824
-3.43256 143.789
-3.39214 143.753
-3.35217 143.739
-3.3119 143.709
-3.2719 143.693
-3.23136 143.647
-3.19147 143.636
-3.15117 143.601
-3.11088 143.567
-3.0705 143.526
-3.0302 143.49
-2.99001 143.458
-2.95024 143.451
-2.91025 143.43
-2.87038 143.416
-2.82994 143.366
-2.79019 143.359
-2.75046 143.352
-2.71048 143.33
-2.6704 143.3
-2.63051 143.282
-2.59066 143.266
-2.55049 143.227
-2.51063 143.209
-2.47078 143.191
-2.4308 143.163
-2.39097 143.145
-2.35129 143.138
-2.31164 143.134
-2.27185 143.118
-2.2319 143.088
-2.19201 143.063
-2.15236 143.056
-2.11249 143.031
-2.07266 143.008
-2.03286 142.988
-1.99339 142.995
-1.95389 142.999
-1.91433 142.999
-1.87463 142.985
-1.83479 142.958
-1.79494 142.928
-1.75528 142.917
-1.71547 142.89
-1.67594 142.89
-1.63641 142.89
-1.59677 142.878
-1.55708 142.86
-1.51739 142.842
-1.47781 142.835
-1.43822 142.826
-1.39859 142.812
-1.35894 142.796
-1.31948 142.803
-1.28 142.807
-1.24049 142.807
-1.20088 142.794
-1.16126 142.778
-1.1217 142.771
-1.08221 142.773
-1.04269 142.771
-1.00315 142.766
-0.963582 142.755
-0.92394 142.73
-0.884418 142.725
-0.844932 142.727
-0.80539 142.718
-0.765894 142.718
-0.726428 142.725
-0.686921 142.722
-0.647406 142.718
-0.60791 142.718
-0.56839 142.711
-0.528904 142.713
-0.489388 142.706
-0.449921 142.715
-0.410414 142.71
-0.370971 142.731
-0.331488 142.737
-0.292017 142.751
-0.252522 142.755
-0.213012 142.751
-0.173471 142.723
-0.133961 142.712
-0.0944765 142.721
-0.0549981 142.743
-0.015499 142.745
0.0240054 142.734
0.0635038 142.732
0.103001 142.732
0.142499 142.731
0.182004 142.747
0.221514 142.758
0.261021 142.763
0.30053 142.767
0.340037 142.769
0.379527 142.76
0.419013 142.751
0.458532 142.76
0.498071 142.776
0.537616 142.791
0.577149 142.8
0.61668 142.807
0.656199 142.809
0.695726 142.813
0.735239 142.813
0.774743 142.811
0.814282 142.818
0.853891 142.84
0.89351 142.863
0.933096 142.876
0.97271 142.894
1.01227 142.901
1.05179 142.898
1.09133 142.9
1.13089 142.905
1.1705 142.918
1.21015 142.936
1.24984 142.961
1.28945 142.97
1.32902 142.974
1.36861 142.981
1.40829 142.999
1.44804 143.026
1.48769 143.037
1.5273 143.044
1.567 143.062
1.60675 143.085
1.64659 143.116
1.68637 143.139
1.72596 143.141
1.76563 143.15
1.80536 143.166
1.84527 143.2
1.88499 143.213
1.9247 143.224
1.96439 143.233
2.0043 143.263
2.04427 143.297
2.08425 143.33
2.12392 143.335
2.16361 143.342
2.20363 143.376
2.24377 143.419
2.2836 143.434
2.3234 143.448
2.36316 143.457
2.40309 143.48
2.44315 143.511
2.48328 143.548
2.52316 143.563
2.56347 143.611
2.60372 143.652
2.64349 143.659
2.68328 143.665
2.72379 143.722
2.76372 143.738
2.80431 143.797
2.84416 143.806
2.88433 143.836
2.92434 143.854
2.9649 143.907
3.00489 143.922
3.04511 143.952
3.08557 143.995
3.1264 144.059
3.16667 144.089
3.2068 144.11
3.24765 144.171
3.28821 144.215
3.32879 144.258
3.36893 144.276
3.4095 144.318
3.61342 144.565
3.69491 144.653
3.736 144.712
3.98349 145.088
4.02493 145.156
4.06671 145.237
4.10785 145.287
4.14923 145.348
4.19032 145.394
4.27544 145.613
4.31722 145.685
