-0.488036 132.578
-0.44973 132.486
-0.411623 132.443
-0.37354 132.402
-0.335432 132.344
-0.297395 132.305
-0.183194 132.08
-0.0693005 131.857
-0.0314334 131.817
0.00642783 131.758
0.0442512 131.723
0.0820604 131.682
0.119851 131.621
0.157619 131.581
0.195362 131.526
0.233077 131.465
0.270785 131.428
0.308459 131.376
0.346153 131.356
0.383784 131.301
0.42143 131.268
0.459045 131.228
0.496605 131.171
0.5342 131.139
0.57183 131.125
0.684316 130.976
0.72183 130.943
0.759314 130.907
0.796815 130.879
0.834303 130.851
0.87187 130.843
0.90924 130.795
0.946649 130.758
0.984053 130.724
1.02156 130.712
1.05895 130.68
1.09635 130.652
1.13375 130.626
1.17111 130.596
1.20857 130.584
1.24575 130.53
1.28321 130.52
1.32053 130.492
1.35782 130.462
1.39514 130.436
1.43242 130.408
1.46984 130.398
1.50724 130.386
1.54432 130.338
1.58151 130.304
1.61857 130.258
1.65596 130.25
1.69339 130.246
1.73078 130.238
1.76818 130.232
1.80536 130.204
1.84252 130.176
1.87978 130.158
1.91674 130.114
1.95402 130.101
1.99113 130.073
2.02835 130.055
2.06573 130.051
2.10293 130.033
2.14018 130.019
2.17741 130.005
2.21465 129.991
2.25182 129.974
2.28896 129.954
2.32612 129.936
2.3631 129.906
2.40041 129.9
2.43765 129.89
2.47489 129.88
2.51224 129.878
2.54939 129.863
2.58638 129.837
2.62366 129.831
2.66093 129.825
2.69818 129.817
2.73545 129.811
2.77285 129.813
2.81021 129.813
2.84725 129.794
2.88417 129.768
2.92139 129.76
2.95867 129.756
2.99603 129.756
3.03324 129.748
3.07026 129.731
3.10757 129.729
3.14496 129.731
3.18223 129.727
3.2192 129.707
3.25596 129.677
3.29306 129.665
3.33036 129.664
3.36765 129.662
3.40502 129.664
3.44231 129.662
3.47935 129.648
3.51626 129.628
3.55333 129.616
3.59052 129.611
3.6278 129.609
3.66494 129.601
3.70199 129.589
3.73913 129.581
3.77639 129.579
3.81397 129.591
3.85169 129.609
3.8886 129.591
3.92568 129.582
3.96298 129.582
4.00081 129.604
4.03813 129.604
4.0753 129.598
4.11271 129.602
4.14982 129.594
4.18683 129.582
4.22414 129.582
4.26211 129.608
4.29937 129.606
4.33673 129.609
4.37415 129.613
4.41141 129.611
4.44888 129.617
4.48657 129.631
4.52383 129.629
4.56088 129.619
4.59841 129.627
4.63611 129.641
4.67349 129.643
4.71075 129.641
4.74784 129.633
4.78521 129.635
4.82293 129.649
4.8606 129.662
4.8985 129.682
4.9363 129.698
4.97345 129.692
5.01089 129.696
5.04876 129.714
5.08706 129.746
5.12452 129.75
5.16205 129.756
5.19964 129.764
5.2371 129.768
5.27495 129.784
5.31236 129.786
5.3499 129.792
5.38756 129.802
5.42498 129.804
5.46213 129.798
5.49954 129.8
5.53716 129.808
5.57577 129.846
5.61333 129.852
5.65082 129.857
5.68825 129.859
5.72581 129.865
5.76427 129.897
5.80351 129.951
5.84117 129.959
5.8782 129.949
5.91522 129.939
5.95423 129.985
5.9924 130.007
6.0303 130.021
6.06784 130.025
6.10523 130.025
6.14277 130.029
6.1812 130.057
6.21964 130.085
6.25704 130.085
6.2946 130.09
6.33291 130.114
6.37093 130.13
6.41019 130.178
6.44823 130.194
6.48674 130.222
6.52527 130.25
6.56294 130.256
6.60149 130.284
6.63941 130.296
6.67766 130.317
6.71511 130.317
6.75354 130.341
6.7914 130.351
6.83009 130.381
6.86788 130.389
6.90742 130.439
6.94506 130.443
6.9848 130.498
7.02279 130.51
7.0624 130.56
7.10033 130.57
7.13955 130.611
7.17922 130.661
7.21709 130.669
7.25566 130.693
