-4.97482 155.809
-4.93177 155.801
-4.15958 153.805
-4.11616 153.759
-4.0722 153.687
-4.02828 153.615
-3.98482 153.564
-3.94084 153.487
-3.89749 153.439
-3.85431 153.398
-3.8112 153.36
-3.76791 153.311
-3.72352 153.207
-3.68053 153.171
-3.638 153.158
-3.59498 153.12
-3.55193 153.08
-3.50886 153.036
-3.4658 152.993
-3.42276 152.95
-3.37933 152.884
-3.33633 152.841
-3.29331 152.795
-3.25092 152.785
-3.20806 152.747
-3.16488 152.689
-3.12239 152.671
-3.07966 152.638
-3.03728 152.626
-2.9945 152.588
-2.95217 152.578
-2.90909 152.52
-2.86659 152.497
-2.8236 152.442
-2.78119 152.424
-2.73857 152.391
-2.69601 152.361
-2.65334 152.323
-2.61087 152.298
-2.56824 152.26
-2.52597 152.248
-2.48373 152.238
-2.44147 152.226
-2.39921 152.213
-2.35654 152.168
-2.31439 152.163
-2.27225 152.158
-2.22998 152.143
-2.18727 152.09
-2.14497 152.07
-2.10273 152.056
-2.06036 152.028
-2.01803 152.003
-1.97587 151.993
-1.9336 151.973
-1.89104 151.923
-1.84895 151.918
-1.80694 151.921
-1.76485 151.916
-1.72258 151.891
-1.68032 151.866
-1.63809 151.843
-1.59593 151.829
-1.55381 151.816
-1.51166 151.801
-1.46959 151.794
-1.42747 151.782
-1.38531 151.762
-1.34325 151.754
-1.30117 151.745
-1.25906 151.73
-1.21702 151.725
-1.17494 151.713
-1.13284 151.698
-1.09078 151.688
-1.04874 151.681
-1.00662 151.658
-0.964562 151.646
-0.92256 151.644
-0.880572 151.644
-0.83857 151.642
-0.796536 151.632
-0.754505 151.622
-0.712468 151.61
-0.670465 151.605
-0.628454 151.598
-0.58643 151.585
-0.54437 151.56
-0.50238 151.555
-0.460432 151.566
-0.418461 151.569
-0.376465 151.561
-0.334476 151.557
-0.292499 151.557
-0.250505 151.547
-0.208501 151.527
-0.166525 151.525
-0.12456 151.533
-0.0825671 151.508
-0.040602 151.518
0.00136824 151.528
0.0433448 151.506
0.0853147 151.499
0.127276 151.476
0.169251 151.492
0.211214 151.484
0.253199 151.5
0.295156 151.487
0.337126 151.488
0.379115 151.498
0.421148 151.528
0.463156 151.541
0.505183 151.559
0.547231 151.582
0.589247 151.59
0.631252 151.593
0.673258 151.596
0.715275 151.601
0.757276 151.601
0.799278 151.601
0.841322 151.612
0.883415 151.632
0.925425 151.632
0.967399 151.625
1.00945 151.633
1.05158 151.656
1.09375 151.684
1.13592 151.709
1.17798 151.715
1.22004 151.72
1.26209 151.723
1.30414 151.726
1.34621 151.731
1.38842 151.756
1.43058 151.772
1.4727 151.782
1.51481 151.79
1.5569 151.795
1.59894 151.793
1.64114 151.811
1.68346 151.842
1.72563 151.854
1.76768 151.852
1.80977 151.855
1.85199 151.87
1.8943 151.896
1.93663 151.921
1.97908 151.957
2.02125 151.965
2.06348 151.978
2.10594 152.011
2.14816 152.021
2.19067 152.057
2.2331 152.085
2.27529 152.091
2.31744 152.093
2.3597 152.104
2.40258 152.165
2.4452 152.203
2.48748 152.214
2.53013 152.252
2.57236 152.257
2.61463 152.265
2.65725 152.298
2.69953 152.306
2.74182 152.314
2.78455 152.352
2.82769 152.419
2.8705 152.46
2.91283 152.468
2.95566 152.509
2.99804 152.519
3.04075 152.55
3.08371 152.596
3.12702 152.662
3.16944 152.673
3.21229 152.709
3.38417 152.871
3.4272 152.912
3.4702 152.95
3.51276 152.963
3.55574 153
3.59893 153.046
3.64266 153.12
3.68527 153.133
3.72901 153.206
3.77208 153.242
3.81483 153.26
3.85864 153.332
3.90198 153.378
