-0.588674 148.364
-0.09811 146.439
0.223873 145.859
0.264034 145.842
0.304123 145.772
0.384209 145.632
0.42431 145.618
0.464303 145.555
0.504376 145.538
0.544313 145.471
0.584278 145.424
0.624113 145.34
0.664051 145.301
0.704034 145.279
0.743909 145.231
0.783832 145.2
0.823752 145.172
0.86363 145.137
0.903441 145.091
0.943155 145.028
0.983092 145.016
1.18177 144.803
1.22151 144.77
1.26126 144.74
1.30113 144.731
1.34083 144.699
1.38065 144.685
1.42039 144.659
1.46023 144.65
1.49987 144.615
1.53931 144.557
1.57913 144.548
1.61872 144.513
1.65824 144.471
1.69807 144.467
1.73765 144.434
1.77723 144.404
1.817 144.395
1.85654 144.363
1.89625 144.349
1.93555 144.296
1.97519 144.277
2.01496 144.272
2.05476 144.27
2.09436 144.249
2.134 144.233
2.17341 144.198
2.21285 144.166
2.25234 144.141
2.29194 144.125
2.33145 144.101
2.3712 144.099
2.41081 144.085
2.45041 144.071
2.48992 144.05
2.52938 144.027
2.56902 144.018
2.60869 144.011
2.64813 143.988
2.68762 143.969
2.72691 143.937
2.76635 143.917
2.80585 143.9
2.84544 143.891
2.88507 143.884
2.92441 143.859
2.96395 143.847
3.00338 143.829
3.04318 143.833
3.0829 143.833
3.12258 143.831
3.16202 143.814
3.20134 143.791
3.24093 143.784
3.28064 143.784
3.32035 143.784
3.36005 143.784
3.39951 143.77
3.43895 143.756
3.47848 143.747
3.51801 143.738
3.55757 143.73
3.59757 143.746
3.63726 143.746
3.67678 143.737
3.71643 143.734
3.75584 143.721
3.79506 143.698
3.83465 143.693
3.87419 143.686
3.91372 143.679
3.95311 143.665
3.99308 143.678
4.03315 143.697
4.07228 143.671
4.11109 143.632
4.14886 143.548
4.19032 143.627
4.23118 143.68
4.27091 143.682
4.31133 143.714
4.35128 143.725
4.39048 143.704
4.42972 143.686
4.46895 143.667
4.50851 143.662
4.54851 143.676
4.58892 143.705
4.62866 143.708
4.66839 143.71
4.70801 143.707
4.74728 143.691
4.78677 143.684
4.82627 143.677
4.86606 143.681
4.90603 143.693
4.94588 143.699
4.98568 143.704
5.02554 143.71
5.06566 143.726
5.1054 143.728
5.14444 143.705
5.18405 143.703
5.22443 143.728
5.26437 143.737
5.30398 143.734
5.34359 143.732
5.38367 143.745
5.42382 143.761
5.46371 143.768
5.50373 143.779
5.54356 143.783
5.58345 143.79
5.6237 143.808
5.66374 143.819
5.70344 143.819
5.74327 143.823
5.78333 143.834
5.82389 143.862
5.86388 143.871
5.90373 143.875
5.94351 143.877
5.98396 143.9
6.0245 143.925
6.06436 143.929
6.10415 143.931
6.14409 143.938
6.18497 143.972
6.2257 144.002
6.26574 144.01
6.3061 144.029
6.34623 144.04
6.3866 144.058
6.42691 144.074
6.46721 144.09
6.50794 144.117
6.54842 144.137
6.58851 144.146
6.62843 144.151
6.66902 144.173
6.70921 144.185
6.74948 144.198
6.79111 144.248
6.83115 144.255
6.87136 144.266
6.91217 144.294
6.95292 144.319
6.99341 144.337
7.03523 144.389
7.07557 144.403
7.11583 144.414
7.15599 144.423
7.1977 144.471
7.23807 144.485
7.27908 144.515
7.32029 144.549
7.36087 144.567
7.40303 144.625
7.4441 144.654
7.48443 144.666
7.52571 144.7
7.5671 144.737
7.60755 144.75
7.64974 144.805
7.69118 144.842
7.73156 144.853
7.774 144.913
7.81559 144.952
7.856 144.964
7.89841 145.021
7.93894 145.035
7.9817 145.1
8.02357 145.143
8.06495 145.176
8.10676 145.217
8.403 145.576
8.4438 145.592
8.48707 145.661
8.53059 145.736
8.57414 145.81
8.61642 145.857
8.65927 145.915
8.70127 145.954
9.10139 146.746
9.14378 146.788
