0.119987 128.379
0.157002 128.258
0.193979 128.184
0.230946 128.149
0.267897 128.114
0.854394 126.995
0.890816 126.934
0.92721 126.872
0.963717 126.838
1.03632 126.705
1.07286 126.686
1.10928 126.65
1.21836 126.53
1.25475 126.499
1.29101 126.451
1.32732 126.415
1.36343 126.354
1.39956 126.299
1.43588 126.27
1.47236 126.263
1.50866 126.234
1.54476 126.185
1.5812 126.176
1.61746 126.147
1.65363 126.111
1.68964 126.06
1.72576 126.022
1.76196 125.993
1.79806 125.957
1.83399 125.906
1.87014 125.878
1.90651 125.87
1.94262 125.84
1.97872 125.81
2.01464 125.766
2.05096 125.757
2.0873 125.749
2.12361 125.74
2.1595 125.698
2.19574 125.685
2.2315 125.636
2.26768 125.619
2.30345 125.574
2.33952 125.551
2.37577 125.542
2.41185 125.521
2.44809 125.512
2.48424 125.497
2.51981 125.444
2.55562 125.408
2.59162 125.386
2.62773 125.371
2.66401 125.367
2.70019 125.358
2.73619 125.337
2.7724 125.33
2.80835 125.307
2.84419 125.279
2.88038 125.271
2.91653 125.262
2.95241 125.238
2.98811 125.204
3.02424 125.195
3.06016 125.174
3.09631 125.167
3.13253 125.163
3.16879 125.161
3.20512 125.163
3.24138 125.161
3.27722 125.139
3.31328 125.128
3.3488 125.09
3.38454 125.064
3.42092 125.07
3.45708 125.064
3.49299 125.047
3.52849 125.012
3.56466 125.008
3.60092 125.008
3.63705 125.003
3.67327 125.001
3.7094 124.995
3.74513 124.973
3.78108 124.96
3.81684 124.939
3.85304 124.937
3.88942 124.943
3.92552 124.938
3.9614 124.923
3.99727 124.908
4.03332 124.9
4.06955 124.9
4.10564 124.895
4.14149 124.88
4.17757 124.874
4.21414 124.888
4.24998 124.873
4.28571 124.854
4.32178 124.849
4.3582 124.856
4.39452 124.86
4.43044 124.849
4.4664 124.84
4.50252 124.836
4.53884 124.84
4.57516 124.844
4.61133 124.842
4.64711 124.827
4.68322 124.823
4.71938 124.821
4.75581 124.829
4.79252 124.846
4.8293 124.865
4.86563 124.869
4.90186 124.869
4.93745 124.848
4.97344 124.841
5.00977 124.845
5.04587 124.841
5.08215 124.843
5.1186 124.851
5.15464 124.845
5.19074 124.841
5.22701 124.843
5.26323 124.843
5.29939 124.842
5.33579 124.847
5.37231 124.857
5.40897 124.87
5.44526 124.872
5.48135 124.868
5.51751 124.866
5.55392 124.872
5.59028 124.876
5.62656 124.878
5.66311 124.887
5.69941 124.889
5.7355 124.886
5.77186 124.89
5.80828 124.895
5.84512 124.912
5.8821 124.933
5.91847 124.937
5.95471 124.937
5.99115 124.943
6.0276 124.948
6.06391 124.95
6.10022 124.952
6.13667 124.958
6.17362 124.977
6.21016 124.984
6.24706 125.001
6.2836 125.009
6.32058 125.028
6.35721 125.037
6.39383 125.047
6.43032 125.053
6.46786 125.085
6.50443 125.092
6.54077 125.094
6.57711 125.096
6.61369 125.104
6.65105 125.13
6.68841 125.157
6.72516 125.168
6.76161 125.172
6.79853 125.187
6.83505 125.193
6.87246 125.219
6.909 125.225
6.94611 125.244
6.98265 125.249
7.02034 125.282
7.05805 125.314
7.09545 125.338
7.13218 125.348
7.16892 125.357
7.20693 125.395
7.24369 125.405
7.28002 125.405
7.31636 125.405
7.35398 125.433
7.39075 125.443
7.42909 125.486
7.46667 125.513
7.50355 125.524
7.54114 125.551
7.57902 125.583
7.61682 125.613
7.65454 125.642
7.6921 125.666
7.72885 125.674
7.76561 125.682
7.80419 125.727
7.84106 125.737
7.87885 125.765
7.91563 125.773
7.95335 125.8
7.99136 125.832
8.03014 125.879
8.068 125.908
8.14403 125.971
8.18087 125.978
8.33345 126.11
8.37171 126.144
8.40988 126.177
8.45135 126.272
8.48857 126.286
8.5268 126.318
8.56605 126.37
8.6031 126.379
8.64137 126.412
8.67966 126.445
8.71786 126.475
8.75886 126.558
8.79845 126.613
8.83567 126.625
8.87551 126.684
8.91527 126.742
8.95379 126.776
