-14.7359 151.769
-14.6883 151.698
-14.6397 151.615
-13.7683 150.054
-13.6281 149.847
-13.5834 149.805
-13.5392 149.771
-13.4951 149.736
-13.4502 149.692
-13.4077 149.68
-13.3642 149.653
-13.2283 149.497
-13.1841 149.46
-13.1416 149.448
-13.051 149.342
-12.9207 149.262
-12.8785 149.252
-12.832 149.181
-12.7876 149.139
-12.7437 149.105
-12.6999 149.07
-12.6575 149.058
-12.6154 149.049
-12.5714 149.012
-12.5277 148.98
-12.4843 148.951
-12.4443 148.974
-12.3984 148.907
-12.3541 148.866
-12.3104 148.831
-12.2684 148.824
-12.2242 148.783
-12.181 148.756
-12.1396 148.757
-12.098 148.754
-12.0557 148.742
-12.01 148.676
-11.9678 148.664
-11.9248 148.64
-11.8829 148.633
-11.8394 148.601
-11.7975 148.594
-11.7561 148.595
-11.7146 148.593
-11.6727 148.586
-11.6306 148.576
-11.5855 148.517
-11.5432 148.503
-11.4999 148.471
-11.4563 148.437
-11.4145 148.43
-11.3731 148.431
-11.3319 148.434
-11.2899 148.424
-11.2469 148.397
-11.2043 148.378
-11.1623 148.369
-11.1205 148.362
-11.0794 148.367
-11.0382 148.37
-10.9965 148.365
-10.9531 148.331
-10.911 148.319
-10.8702 148.329
-10.829 148.332
-10.787 148.323
-10.7449 148.311
-10.703 148.301
-10.6608 148.287
-10.6181 148.265
-10.5766 148.263
-10.5351 148.261
-10.4933 148.254
-10.4518 148.252
-10.41 148.245
-10.3685 148.243
-10.3273 148.246
-10.285 148.229
-10.2431 148.219
-10.2007 148.203
-10.1591 148.198
-10.1179 148.201
-10.076 148.191
-10.0336 148.172
-9.99272 148.182
-9.95188 148.192
-9.90972 148.178
-9.86718 148.156
-9.8266 148.171
-9.78575 148.181
-9.74425 148.179
-9.70108 148.145
-9.6601 148.153
-9.62178 148.212
-9.578 148.166
-9.53411 148.117
-9.49237 148.11
-9.45238 148.138
-9.41114 148.14
-9.37138 148.173
-9.33 148.173
-9.28984 148.198
-9.24846 148.198
-9.20768 148.211
-9.16677 148.221
-9.12574 148.229
-9.08543 148.251
-9.04438 148.259
-9.00369 148.274
-8.96276 148.284
-8.92158 148.289
-8.88063 148.299
-8.84027 148.322
-8.79966 148.339
-8.75858 148.347
-8.71738 148.352
-8.67629 148.36
-8.63543 148.373
-8.5949 148.393
-8.55379 148.4
-8.51246 148.403
-8.47123 148.408
-8.43101 148.436
-8.39055 148.458
-8.34953 148.468
-8.30894 148.488
-8.26878 148.518
-8.22807 148.536
-8.18659 148.536
-8.14542 148.544
-8.10501 148.569
-8.06384 148.577
-8.02277 148.587
-7.98285 148.624
-7.94271 148.656
-7.9013 148.659
-7.85999 148.664
-7.81961 148.692
-7.77871 148.707
-7.73769 148.72
-7.69728 148.747
-7.65665 148.77
-7.61561 148.782
-7.57456 148.795
-7.5341 148.822
-7.49413 148.862
-7.45395 148.897
-7.41266 148.905
-7.37138 148.913
-7.3295 148.906
-7.28957 148.948
-7.24922 148.98
-7.20839 149
-7.16698 149.006
-7.12613 149.026
-7.08677 149.086
-7.04739 149.145
-7.00705 149.18
-6.96652 149.21
-6.92532 149.223
-6.88394 149.231
-6.84364 149.268
-6.80333 149.306
-6.76192 149.314
-6.64209 149.461
-6.60073 149.472
-6.56023 149.507
-6.51998 149.549
-6.47868 149.562
-6.43925 149.63
-6.23713 149.831
-6.19657 149.868
-6.15599 149.906
-6.11467 149.921
-6.07398 149.957
-5.23562 151.404
-5.19382 151.417
-4.82467 153.476
