-24.8702 83.9027
-24.8439 83.9015
7.34625 150.455
7.38815 150.467
7.42966 150.47
7.47088 150.465
7.51199 150.457
8.3639 148.223
8.40415 148.208
8.59476 147.907
8.63504 147.895
8.67429 147.861
8.71341 147.825
8.98449 147.522
9.02347 147.486
9.06362 147.474
9.10116 147.409
9.13974 147.365
9.17998 147.356
9.21901 147.322
9.25899 147.307
9.29702 147.254
9.33722 147.245
9.3762 147.211
9.41504 147.175
9.45386 147.139
9.49266 147.103
9.53331 147.102
9.57384 147.1
9.61261 147.064
9.65074 147.016
9.6891 146.973
9.72934 146.965
9.76653 146.9
9.80688 146.896
9.84581 146.864
9.88473 146.833
9.92467 146.821
9.96344 146.787
10.0036 146.78
10.0435 146.768
10.0814 146.718
10.1215 146.711
10.1617 146.703
10.2005 146.672
10.2407 146.665
10.2795 146.634
10.3196 146.626
10.3599 146.622
10.3997 146.61
10.4389 146.586
10.4779 146.559
10.5172 146.538
10.5562 146.511
10.5951 146.483
10.6342 146.459
10.6742 146.451
10.7145 146.446
10.7537 146.425
10.7937 146.418
10.8341 146.415
10.8729 146.386
10.9132 146.384
10.9524 146.362
10.992 146.348
11.0312 146.327
11.0711 146.317
11.1111 146.31
11.1499 146.283
11.1895 146.269
11.2304 146.276
11.2705 146.271
11.3099 146.254
11.3499 146.247
11.3908 146.254
11.4318 146.264
11.472 146.259
11.5112 146.24
11.5501 146.216
11.5903 146.211
11.6304 146.206
11.6703 146.199
11.71 146.187
11.7494 146.17
11.789 146.158
11.83 146.167
11.871 146.177
11.9111 146.172
11.9486 146.127
11.9876 146.105
12.0288 146.117
12.0645 146.046
12.1171 146.231
12.1589 146.252
12.1911 146.128
12.2312 146.123
12.2721 146.13
12.3145 146.161
12.3549 146.161
12.395 146.156
12.4348 146.146
12.4748 146.142
12.5152 146.141
12.5558 146.144
12.5958 146.139
12.6356 146.129
12.676 146.129
12.718 146.153
12.7589 146.16
12.7988 146.152
12.8387 146.145
12.8789 146.143
12.9194 146.145
12.9603 146.152
13.0009 146.154
13.0408 146.147
13.0806 146.14
13.1219 146.151
13.1626 146.156
13.2032 146.158
13.2456 146.187
13.2869 146.198
13.3276 146.203
13.3682 146.205
13.4084 146.203
13.45 146.219
13.4911 146.228
13.5322 146.238
13.5731 146.245
13.6135 146.245
13.6537 146.242
13.6946 146.249
13.7372 146.278
13.7785 146.289
13.8192 146.294
13.8605 146.306
13.9017 146.315
13.9426 146.322
13.9845 146.341
14.0258 146.353
14.067 146.362
14.1094 146.388
14.1504 146.395
14.1915 146.404
14.234 146.43
14.2764 146.456
14.3174 146.463
14.3599 146.49
14.4011 146.499
14.4417 146.501
14.4846 146.532
14.5262 146.546
14.5685 146.57
14.6101 146.584
14.6531 146.615
14.6958 146.643
14.7372 146.655
14.7804 146.688
14.8213 146.693
14.8623 146.7
14.903 146.702
14.946 146.733
14.9896 146.771
15.033 146.807
15.0763 146.84
15.1191 146.869
15.1612 146.888
15.2049 146.926
15.247 146.945
15.2891 146.964
15.3303 146.971
15.3738 147.007
15.4171 147.04
15.4603 147.071
15.5043 147.111
15.5499 147.171
15.5917 147.186
15.6335 147.2
15.6767 147.231
15.7179 147.238
15.7643 147.305
15.8082 147.343
15.8554 147.42
15.8995 147.461
15.9433 147.497
15.9885 147.549
16.0311 147.571
16.0749 147.607
16.1195 147.653
16.1659 147.718
16.2106 147.763
16.2545 147.799
16.3924 147.978
16.4375 148.026
16.4825 148.074
16.5274 148.12
16.5747 148.193
16.6244 148.292
16.6718 148.365
16.7194 148.44
16.7624 148.464
16.8136 148.578
16.8647 148.69
16.9104 148.743
16.9585 148.821
17.0085 148.921
17.06 149.036
