-24.87 83.9017
-24.8437 83.9005
-16.6341 137.383
-16.5923 137.347
-15.4952 136.224
-15.2946 136.108
-15.2541 136.081
-15.2138 136.056
-15.1732 136.027
-15.1324 135.995
-15.0936 135.987
-15.0527 135.953
-15.0111 135.913
-14.9684 135.859
-14.9319 135.876
-14.8891 135.821
-14.8509 135.819
-14.8124 135.813
-14.7715 135.78
-14.7312 135.752
-14.692 135.738
-14.652 135.715
-14.6139 135.713
-14.5747 135.699
-14.5362 135.693
-14.4973 135.682
-14.4549 135.63
-14.4157 135.615
-14.3774 135.611
-14.3393 135.609
-14.2979 135.567
-14.2591 135.557
-14.2206 135.551
-14.1804 135.524
-14.14 135.495
-14.1018 135.491
-14.0637 135.489
-14.0257 135.489
-13.9876 135.487
-13.9496 135.485
-13.9094 135.458
-13.8693 135.431
-13.8307 135.423
-13.7924 135.419
-13.7545 135.419
-13.7166 135.42
-13.6785 135.418
-13.6401 135.412
-13.6008 135.395
-13.5624 135.389
-13.5235 135.377
-13.4851 135.371
-13.4469 135.367
-13.4085 135.361
-13.3699 135.352
-13.3316 135.348
-13.2926 135.334
-13.2544 135.33
-13.2156 135.32
-13.1769 135.309
-13.139 135.31
-13.1011 135.31
-13.063 135.308
-13.024 135.294
-12.9858 135.29
-12.9481 135.292
-12.9101 135.292
-12.8719 135.288
-12.8335 135.282
-12.7952 135.276
-12.7568 135.27
-12.7187 135.268
-12.6811 135.272
-12.6437 135.279
-12.6064 135.288
-12.5683 135.286
-12.5301 135.282
-12.4927 135.288
-12.455 135.293
-12.4171 135.293
-12.3791 135.291
-12.3411 135.291
-12.3034 135.294
-12.2662 135.304
-12.2292 135.317
-12.1919 135.326
-12.1574 135.374
-12.1212 135.4
-12.0825 135.39
-12.0419 135.352
-12.0031 135.34
-11.9651 135.34
-11.9273 135.342
-11.8891 135.338
-11.8506 135.33
-11.8113 135.311
-11.7743 135.324
-11.7369 135.333
-11.6981 135.32
-11.6586 135.297
-11.6202 135.291
-11.583 135.302
-11.5458 135.313
-11.5087 135.326
-11.4717 135.34
-11.4349 135.357
-11.3975 135.366
-11.36 135.373
-11.3233 135.392
-11.2867 135.413
-11.2493 135.422
-11.2113 135.422
-11.1735 135.424
-11.1364 135.439
-11.1008 135.475
-11.0635 135.486
-11.026 135.494
-10.9894 135.516
-10.9516 135.52
-10.9136 135.52
-10.8759 135.525
-10.8386 135.535
-10.802 135.559
-10.7656 135.584
-10.728 135.591
-10.6904 135.597
-10.6527 135.604
-10.6151 135.61
-10.5781 135.628
-10.5415 135.651
-10.5041 135.662
-10.467 135.677
-10.4301 135.696
-10.3941 135.73
-10.357 135.747
-10.3207 135.777
-10.2833 135.787
-10.2461 135.802
-10.2085 135.811
-10.172 135.837
-10.1348 135.852
-10.098 135.875
-10.0602 135.88
-10.0234 135.903
-9.9862 135.918
-9.95005 135.952
-9.91315 135.973
-9.87637 135.997
-9.83921 136.014
-9.80289 136.046
-9.76571 136.063
-9.72985 136.104
-9.69193 136.108
-9.65437 136.119
-9.61799 136.151
-9.5816 136.183
-9.54531 136.217
-9.50912 136.254
-9.47315 136.294
-9.43681 136.328
-9.40011 136.356
-9.3634 136.384
-9.32598 136.399
-9.28924 136.427
-9.25284 136.461
-9.2163 136.493
-9.17942 136.519
-9.14173 136.53
-9.10527 136.564
-9.07014 136.624
-9.03387 136.663
-8.99724 136.695
-8.96072 136.729
-8.92418 136.764
-8.88807 136.807
-8.8516 136.843
-8.81491 136.876
-8.77939 136.931
-8.74223 136.955
-8.70635 137.005
-8.66991 137.043
-8.63357 137.084
-8.59688 137.119
-8.56135 137.177
-8.52505 137.22
-8.48958 137.281
-8.45293 137.317
-8.41657 137.361
-8.38145 137.43
-8.34546 137.482
-8.30802 137.503
-8.27405 137.598
-8.23851 137.661
-8.20172 137.698
-8.16492 137.735
-8.12971 137.807
-8.09428 137.874
-8.05882 137.941
-8.02463 138.037
-7.95405 138.183
-7.91847 138.25
-7.881 138.277
-7.81244 138.473
-7.54266 140.312
-7.50601 140.371
-7.46763 140.389
-7.43253 140.485
