1.02349 145.095
1.0634 145.076
1.10337 145.072
1.8775 142.458
1.91651 142.417
1.95561 142.385
2.07153 142.176
2.11011 142.106
2.14899 142.066
2.18788 142.028
2.22647 141.965
2.26535 141.929
2.30451 141.917
2.34266 141.826
2.3814 141.783
2.42015 141.743
2.45903 141.713
2.4979 141.684
2.53654 141.639
2.57559 141.626
2.61404 141.57
2.6531 141.559
2.69138 141.494
2.72996 141.452
2.76865 141.418
2.8074 141.389
2.84641 141.378
2.88454 141.311
2.9231 141.273
2.96183 141.246
3.00072 141.23
3.03939 141.201
3.07834 141.19
3.11687 141.154
3.15558 141.13
3.19419 141.101
3.23264 141.063
3.27107 141.025
3.3092 140.972
3.34808 140.961
3.38696 140.95
3.42553 140.923
3.46435 140.909
3.50253 140.863
3.54133 140.849
3.57981 140.82
3.61869 140.811
3.65764 140.807
3.69619 140.782
3.73455 140.749
3.77339 140.74
3.81177 140.709
3.85013 140.678
3.88896 140.669
3.92768 140.656
3.96577 140.614
4.00457 140.605
4.04317 140.587
4.08191 140.576
4.1209 140.575
4.15989 140.575
4.19842 140.555
4.23673 140.526
4.27529 140.509
4.31331 140.469
4.35179 140.449
4.39027 140.429
4.42841 140.396
4.46692 140.378
4.50619 140.391
4.54524 140.395
4.58385 140.382
4.6224 140.366
4.6607 140.342
4.69958 140.34
4.73839 140.335
4.77715 140.328
4.81566 140.313
4.85435 140.304
4.89279 140.286
4.93128 140.27
4.97001 140.264
5.00899 140.266
5.04802 140.27
5.08675 140.263
5.12515 140.245
5.16374 140.234
5.20239 140.225
5.24123 140.223
5.28006 140.221
5.3185 140.205
5.357 140.192
5.3959 140.191
5.43485 140.193
5.47328 140.178
5.51203 140.173
5.55112 140.18
5.58987 140.175
5.62827 140.16
5.66743 140.168
5.70674 140.181
5.74506 140.164
5.78103 140.073
5.81925 140.054
5.86041 140.123
5.90182 140.2
5.94057 140.196
5.97784 140.147
6.01664 140.145
6.05619 140.164
6.09477 140.155
6.13365 140.155
6.17275 140.161
6.21087 140.139
6.24943 140.13
6.28846 140.135
6.32788 140.15
6.36699 140.156
6.40571 140.152
6.44418 140.14
6.48346 140.151
6.52265 140.16
6.56177 140.166
6.60073 140.168
6.63969 140.17
6.67889 140.179
6.71794 140.183
6.75715 140.191
6.7962 140.196
6.83533 140.202
6.87438 140.206
6.91335 140.208
6.95207 140.204
6.99086 140.201
7.03026 140.214
7.06984 140.232
7.10899 140.238
7.14779 140.236
7.18677 140.238
7.22592 140.244
7.26535 140.257
7.30514 140.279
7.34449 140.289
7.38339 140.289
7.42274 140.3
7.46247 140.32
7.50248 140.346
7.54167 140.352
7.58067 140.354
7.62005 140.365
7.65962 140.38
7.69939 140.4
7.73859 140.406
7.77761 140.408
7.81662 140.41
7.85593 140.419
7.89622 140.449
7.93612 140.471
7.97515 140.473
8.01467 140.486
8.055 140.517
8.09494 140.538
8.13408 140.543
8.17404 140.564
8.2138 140.582
8.25336 140.595
8.29426 140.636
8.33384 140.649
8.37322 140.658
8.41479 140.713
8.4545 140.728
8.49442 140.748
8.53383 140.756
8.57335 140.767
8.61351 140.791
8.65368 140.815
8.69332 140.828
8.7335 140.853
8.77305 140.863
8.81369 140.896
8.85446 140.931
8.89414 140.944
8.93559 140.993
8.97563 141.013
9.01678 141.054
9.05695 141.076
9.09893 141.134
9.13844 141.142
9.17807 141.153
9.21953 141.2
9.25929 141.213
9.3001 141.246
9.34115 141.283
9.38222 141.321
9.42307 141.354
9.46405 141.389
9.50516 141.427
9.54724 141.482
9.58744 141.502
9.62825 141.533
9.67051 141.591
9.7105 141.606
9.75269 141.661
9.79416 141.704
9.96274 141.917
10.0027 141.93
10.0455 141.995
10.0902 142.091
10.1303 142.106
10.1713 142.137
10.2145 142.207
10.3444 142.415
10.3861 142.457
10.43 142.536
10.4747 142.628
10.5166 142.671
10.56 142.74
10.6058 142.848
10.6477 142.891
