-2.89917 125.557
-2.86223 125.526
-2.82561 125.513
-2.78821 125.457
-2.75073 125.395
-2.71335 125.336
-2.67616 125.287
-2.63932 125.257
-2.56505 125.16
-2.52785 125.105
-2.49062 125.047
-2.23231 124.746
-2.19598 124.737
-2.15906 124.686
-2.12246 124.657
-2.08614 124.646
-2.04928 124.595
-2.01267 124.562
-1.97605 124.526
-1.93925 124.476
-1.90271 124.445
-1.86624 124.417
-1.82971 124.383
-1.79326 124.355
-1.75661 124.309
-1.72032 124.292
-1.68396 124.268
-1.64779 124.261
-1.6112 124.215
-1.57455 124.161
-1.53833 124.146
-1.50203 124.122
-1.46576 124.1
-1.42966 124.094
-1.39335 124.067
-1.35715 124.05
-1.32063 123.996
-1.28434 123.967
-1.2482 123.952
-1.21219 123.952
-1.17611 123.945
-1.13988 123.917
-1.10379 123.906
-1.06763 123.886
-1.03154 123.873
-0.99522 123.827
-0.959046 123.799
-0.923019 123.792
-0.887019 123.788
-0.850895 123.765
-0.814749 123.735
-0.778627 123.707
-0.742588 123.693
-0.706527 123.673
-0.670549 123.667
-0.6346 123.667
-0.598592 123.654
-0.562526 123.627
-0.526533 123.614
-0.490581 123.61
-0.454584 123.594
-0.418601 123.579
-0.382654 123.574
-0.346709 123.568
-0.310751 123.557
-0.27477 123.535
-0.2388 123.513
-0.202862 123.503
-0.166905 123.479
-0.13096 123.455
-0.0950449 123.446
-0.0591365 123.438
-0.0232381 123.439
0.0126629 123.435
0.048564 123.428
0.084461 123.424
0.120357 123.413
0.156249 123.411
0.192142 123.413
0.228031 123.406
0.263908 123.39
0.299771 123.368
0.335624 123.346
0.371485 123.335
0.407387 123.35
0.443273 123.353
0.479141 123.348
0.514988 123.335
0.550819 123.319
0.586669 123.312
0.622522 123.306
0.658373 123.301
0.694235 123.299
0.730081 123.294
0.765911 123.284
0.801728 123.274
0.83754 123.263
0.873391 123.261
0.909241 123.259
0.945081 123.256
0.980939 123.256
1.01677 123.25
1.05262 123.25
1.08854 123.26
1.12445 123.269
1.16031 123.269
1.19606 123.253
1.23197 123.26
1.26792 123.273
1.30376 123.269
1.33956 123.262
1.37538 123.257
1.41118 123.249
1.44701 123.246
1.48283 123.242
1.5187 123.244
1.55467 123.257
1.59069 123.274
1.62648 123.267
1.66225 123.257
1.69798 123.245
1.73389 123.25
1.76979 123.254
1.80565 123.254
1.84152 123.256
1.87744 123.262
1.91341 123.271
1.94929 123.273
1.98513 123.271
2.02101 123.273
2.05694 123.279
2.09294 123.29
2.12888 123.295
2.16477 123.297
2.20073 123.305
2.2367 123.312
2.2726 123.314
2.30859 123.324
2.34449 123.325
2.38042 123.329
2.4164 123.337
2.45255 123.355
2.4887 123.374
2.52473 123.383
2.56073 123.39
2.59676 123.4
2.63277 123.407
2.66893 123.424
2.70509 123.44
2.74105 123.444
2.77692 123.442
2.81301 123.454
2.8491 123.465
2.88533 123.483
2.92137 123.491
2.95758 123.507
2.99349 123.507
3.02951 123.513
3.06577 123.532
3.10176 123.535
3.13782 123.543
3.17388 123.55
3.21017 123.569
3.24624 123.576
3.28257 123.597
3.31877 123.61
3.3552 123.634
3.39152 123.652
3.42759 123.658
3.46365 123.664
3.49972 123.669
3.53655 123.71
3.57271 123.719
3.60875 123.723
3.64566 123.766
3.68209 123.786
3.71866 123.812
3.75536 123.844
3.792 123.871
3.82821 123.881
3.86487 123.909
3.90189 123.951
3.93799 123.955
3.97401 123.955
4.01062 123.979
4.08433 124.046
4.12102 124.072
4.15711 124.074
4.19392 124.104
4.26767 124.167
4.30374 124.168
4.33995 124.173
4.37676 124.201
4.41435 124.257
4.45191 124.311
4.48878 124.339
4.52498 124.343
4.56192 124.373
5.08686 124.993
5.1234 125.003
5.16037 125.025
