-14.7444 143.629
-14.7038 143.624
-14.6175 143.553
-14.5765 143.544
-14.4038 143.396
-14.3598 143.35
-14.3175 143.322
-14.2775 143.325
-14.2369 143.321
-14.1946 143.293
-14.1518 143.261
-14.1082 143.217
-14.067 143.204
-14.0243 143.172
-13.9832 143.16
-13.9398 143.119
-13.8988 143.108
-13.858 143.099
-13.8159 143.074
-13.7731 143.039
-13.7324 143.032
-13.6897 142.998
-13.6487 142.987
-13.608 142.98
-13.5656 142.95
-13.5236 142.925
-13.4816 142.9
-13.4391 142.868
-13.3981 142.857
-13.358 142.857
-13.3183 142.862
-13.2784 142.865
-13.2371 142.849
-13.1939 142.808
-13.1532 142.799
-13.1131 142.799
-13.0708 142.769
-13.0282 142.735
-12.9866 142.715
-12.9467 142.717
-12.9067 142.718
-12.8663 142.713
-12.8254 142.702
-12.7846 142.693
-12.7446 142.693
-12.7044 142.692
-12.6635 142.68
-12.6216 142.655
-12.5809 142.646
-12.5407 142.644
-12.4982 142.61
-12.458 142.608
-12.4174 142.601
-12.3758 142.579
-12.3356 142.577
-12.2954 142.575
-12.2549 142.568
-12.2146 142.566
-12.1748 142.569
-12.1344 142.565
-12.0947 142.569
-12.0532 142.549
-12.0124 142.538
-11.972 142.534
-11.9306 142.513
-11.8905 142.513
-11.8519 142.534
-11.8118 142.535
-11.7699 142.507
-11.7284 142.485
-11.6883 142.485
-11.6481 142.483
-11.6081 142.483
-11.5689 142.497
-11.5292 142.502
-11.4879 142.484
-11.4467 142.466
-11.4056 142.45
-11.3657 142.453
-11.3271 142.476
-11.288 142.49
-11.2466 142.47
-11.2066 142.47
-11.1664 142.468
-11.1276 142.489
-11.088 142.497
-11.0461 142.467
-11.0053 142.456
-10.9662 142.472
-10.9259 142.468
-10.8858 142.468
-10.8486 142.515
-10.8098 142.536
-10.7698 142.538
-10.7298 142.539
-10.6908 142.557
-10.6515 142.571
-10.6124 142.588
-10.5731 142.602
-10.5337 142.614
-10.4938 142.617
-10.4545 142.631
-10.4164 142.666
-10.3767 142.673
-10.337 142.68
-10.2972 142.687
-10.2574 142.692
-10.2174 142.695
-10.1783 142.714
-10.139 142.728
-10.0992 142.735
-10.0592 142.738
-10.0204 142.761
-9.9818 142.789
-9.94255 142.806
-9.90381 142.831
-9.86415 142.841
-9.82411 142.844
-9.78407 142.846
-9.74479 142.863
-9.70511 142.872
-9.66644 142.9
-9.62676 142.91
-9.58694 142.917
-9.54837 142.948
-9.50891 142.962
-9.47018 142.99
-9.43145 143.018
-9.39184 143.03
-9.35283 143.053
-9.3126 143.054
-9.27262 143.059
-9.23299 143.071
-9.19587 143.131
-9.15764 143.171
-9.11822 143.188
-9.07819 143.192
-9.03898 143.214
-8.99918 143.223
-8.96147 143.275
-8.92188 143.289
-8.88356 143.329
-8.84464 143.357
-8.80457 143.362
-8.76563 143.39
-8.72588 143.402
-8.68748 143.442
-8.64873 143.475
-8.60895 143.487
-8.57129 143.543
-8.5316 143.558
-8.49291 143.593
-8.41568 143.668
-8.37584 143.68
-8.33697 143.713
-8.29787 143.742
-8.22049 143.817
-8.18167 143.852
-8.14294 143.89
-8.06542 143.966
-7.90987 144.11
-7.86978 144.12
-7.71634 144.321
-7.6771 144.352
-7.63914 144.413
-7.37083 144.8
-7.3316 144.836
-7.29246 144.874
-6.45016 146.377
-6.40929 146.383
-6.36816 146.38
