-17.0179 129.124
-16.9776 129.086
-16.9371 129.045
-16.894 128.98
-16.8548 128.951
-16.8151 128.919
-16.7654 128.788
-16.7227 128.725
-16.6826 128.687
-16.6375 128.601
-16.6 128.587
-16.5581 128.532
-16.513 128.444
-16.471 128.387
-16.4339 128.377
-16.3947 128.347
-16.3532 128.293
-16.3159 128.282
-16.1957 128.164
-16.1565 128.133
-16.117 128.099
-16.0724 128.014
-16.0352 128.002
-15.9952 127.962
-15.9582 127.953
-15.9212 127.943
-15.8827 127.919
-15.8431 127.883
-15.8022 127.833
-15.7653 127.824
-15.7265 127.795
-15.6856 127.746
-15.607 127.678
-15.5684 127.652
-15.5291 127.618
-15.4911 127.597
-15.4546 127.591
-15.4181 127.585
-15.3794 127.557
-15.3421 127.544
-15.3041 127.523
-15.2662 127.502
-15.2293 127.493
-15.1905 127.463
-15.1518 127.434
-15.113 127.404
-15.0748 127.38
-15.0376 127.367
-14.9981 127.329
-14.9618 127.325
-14.9253 127.319
-14.8864 127.287
-14.8481 127.261
-14.8118 127.257
-14.7753 127.252
-14.7375 127.231
-14.7007 127.221
-14.6637 127.21
-14.6249 127.178
-14.5883 127.171
-14.5513 127.159
-14.5139 127.142
-14.4774 127.137
-14.4408 127.129
-14.4031 127.109
-14.3668 127.105
-14.3304 127.099
-14.2937 127.09
-14.2553 127.062
-14.219 127.058
-14.1824 127.05
-14.1457 127.041
-14.1085 127.026
-14.0706 127.003
-14.0332 126.986
-13.9967 126.979
-13.9605 126.975
-13.9247 126.977
-13.888 126.968
-13.851 126.955
-13.8146 126.949
-13.7788 126.949
-13.7427 126.947
-13.7065 126.943
-13.6696 126.932
-13.6315 126.906
-13.595 126.898
-13.5591 126.898
-13.5232 126.898
-13.4872 126.896
-13.451 126.893
-13.4147 126.887
-13.378 126.877
-13.3418 126.874
-13.3059 126.874
-13.27 126.874
-13.2328 126.857
-13.196 126.846
-13.1602 126.847
-13.1245 126.849
-13.0885 126.847
-13.0528 126.849
-13.0169 126.849
-12.9809 126.847
-12.9456 126.855
-12.9103 126.862
-12.8747 126.866
-12.8385 126.862
-12.8027 126.862
-12.7666 126.86
-12.7301 126.853
-12.6946 126.857
-12.6591 126.862
-12.6228 126.857
-12.5868 126.855
-12.5512 126.858
-12.5154 126.86
-12.4792 126.856
-12.4431 126.853
-12.4079 126.862
-12.373 126.875
-12.3386 126.894
-12.3038 126.909
-12.2674 126.901
-12.2306 126.89
-12.1937 126.877
-12.1574 126.871
-12.1216 126.873
-12.0864 126.882
-12.0518 126.899
-12.0169 126.912
-11.9817 126.922
-11.9461 126.926
-11.9109 126.935
-11.8756 126.944
-11.84 126.948
-11.8038 126.944
-11.7673 126.937
-11.7316 126.939
-11.6965 126.95
-11.6615 126.963
-11.626 126.968
-11.5902 126.97
-11.5546 126.974
-11.5194 126.985
-11.4847 127.002
-11.4499 127.017
-11.4146 127.027
-11.3791 127.032
-11.3434 127.036
-11.3084 127.049
-11.2736 127.066
-11.2386 127.079
-11.2034 127.09
-11.1684 127.103
-11.1332 127.115
-11.0979 127.124
-11.0623 127.13
-11.0273 127.143
-10.9925 127.16
-10.9578 127.178
-10.9228 127.194
-10.8878 127.207
-10.8524 127.216
-10.8171 127.225
-10.7828 127.252
-10.7484 127.274
-10.7129 127.282
-10.6774 127.289
-10.6421 127.301
-10.6082 127.333
-10.5727 127.34
-10.5381 127.361
-10.5033 127.38
-10.4677 127.387
-10.4322 127.395
-10.3968 127.404
-10.3617 127.419
-10.3273 127.444
-10.2929 127.47
-10.2594 127.51
-10.2241 127.521
-10.1898 127.549
-10.1544 127.559
-10.1188 127.566
-10.0854 127.61
-10.0502 127.623
-10.0157 127.65
-9.98165 127.682
-9.94637 127.695
-9.91238 127.729
-9.87685 127.738
-9.84132 127.748
-9.80833 127.799
-9.77405 127.829
-9.73838 127.837
-9.70534 127.888
-9.66976 127.898
-9.63646 127.945
-9.60211 127.975
-9.56662 127.987
-9.53192 128.011
-9.4963 128.021
-9.4618 128.049
-9.4284 128.097
-9.39398 128.127
-9.35966 128.16
-9.32433 128.175
-9.29054 128.217
-9.25629 128.251
-9.22213 128.287
-9.18807 128.325
-9.15474 128.377
-9.12021 128.408
-9.05121 128.471
-9.01803 128.526
-8.74612 128.867
-8.7115 128.9
-8.67677 128.93
-8.64315 128.982
-8.6089 129.023
-8.57453 129.061
-8.54085 129.113
-8.50644 129.152
-8.4421 129.316
-8.40652 129.333
-8.3415 129.488
-8.30944 129.575
-8.27458 129.608
-8.23961 129.639
