-24.8726 83.9138
2.05355 151.288
2.78161 149.868
2.8218 149.794
2.86191 149.717
2.90302 149.708
3.18635 149.385
3.22652 149.326
3.26735 149.306
3.3074 149.242
3.46911 149.085
3.67153 148.923
3.71184 148.884
3.75281 148.879
3.79319 148.845
3.8334 148.804
3.8743 148.796
3.91398 148.73
3.9543 148.696
3.99507 148.684
4.03588 148.674
4.0759 148.628
4.1167 148.618
4.1576 148.613
4.19839 148.603
4.23852 148.564
4.27869 148.528
4.31895 148.496
4.35925 148.467
4.39994 148.454
4.43999 148.415
4.48073 148.406
4.52104 148.379
4.56182 148.372
4.6026 148.364
4.64295 148.34
4.68366 148.33
4.72436 148.32
4.76394 148.267
4.80462 148.257
4.8448 148.228
4.88547 148.218
4.92601 148.204
4.96622 148.177
5.00661 148.157
5.04719 148.145
5.0877 148.131
5.12787 148.104
5.16843 148.092
5.20871 148.07
5.24946 148.065
5.29001 148.053
5.3302 148.029
5.37094 148.024
5.41175 148.021
5.45255 148.019
5.49343 148.019
5.53387 148.004
5.57438 147.992
5.61511 147.987
5.65561 147.975
5.69589 147.956
5.7363 147.941
5.77708 147.939
5.81794 147.938
5.8585 147.929
5.89905 147.919
5.93928 147.9
5.97982 147.89
6.02082 147.895
6.06167 147.895
6.10244 147.892
6.14297 147.882
6.18349 147.873
6.22425 147.87
6.26493 147.865
6.30528 147.851
6.34612 147.851
6.38721 147.858
6.42855 147.872
6.46964 147.88
6.50981 147.86
6.54929 147.821
6.589 147.79
6.6306 147.812
6.67126 147.807
6.71244 147.816
6.75353 147.824
6.79471 147.833
6.83573 147.838
6.8771 147.852
6.91811 147.857
6.95832 147.84
6.99897 147.835
7.0398 147.835
7.08063 147.835
7.12193 147.847
7.16333 147.862
7.20398 147.857
7.24462 147.852
7.28555 147.854
7.32658 147.859
7.36732 147.856
7.40816 147.856
7.44929 147.864
7.49051 147.873
7.53184 147.885
7.57298 147.892
7.61422 147.902
7.65527 147.907
7.69621 147.909
7.73776 147.926
7.77973 147.953
7.82089 147.96
7.86195 147.965
7.90271 147.962
7.94346 147.96
7.98484 147.972
8.02611 147.981
8.06761 147.996
8.10847 147.996
8.1489 147.986
8.18987 147.988
8.23106 147.995
8.27278 148.015
8.31386 148.019
8.35571 148.041
8.39779 148.068
8.4401 148.099
8.48231 148.128
8.52387 148.143
8.56487 148.145
8.60633 148.157
8.64846 148.184
8.69027 148.203
8.73141 148.208
8.77334 148.229
8.81517 148.249
8.85667 148.261
8.89874 148.285
8.94083 148.309
8.98199 148.314
9.02328 148.321
9.06491 148.336
9.10668 148.353
9.14977 148.396
9.19143 148.411
9.23371 148.438
9.27575 148.459
9.31951 148.515
9.36085 148.523
9.40182 148.522
9.44427 148.552
9.48648 148.576
9.52884 148.603
9.57158 148.637
9.61433 148.671
9.65596 148.683
9.69887 148.719
9.74192 148.758
9.78487 148.795
9.82769 148.829
9.86937 148.841
9.9121 148.873
9.95379 148.885
9.99824 148.948
10.0436 149.029
10.0864 149.061
10.1279 149.068
10.1711 149.107
10.2146 149.151
10.2578 149.188
10.3006 149.22
10.3438 149.256
10.3871 149.295
10.4308 149.342
10.4759 149.413
10.5196 149.457
10.5616 149.472
10.6044 149.501
10.6492 149.565
10.6955 149.654
10.7392 149.698
10.7827 149.738
10.8281 149.809
10.8736 149.883
10.9176 149.93
10.9616 149.977
11.0055 150.021
11.1009 150.239
11.1453 150.291
11.1896 150.341
11.2368 150.437
11.2813 150.489
11.3273 150.566
