-29.097 139.985
-29.0522 139.946
-29.0098 139.922
-28.669 139.248
-28.4203 138.895
-28.3716 138.83
-28.323 138.766
-28.2747 138.704
-28.2352 138.695
-28.0001 138.419
-27.9517 138.355
-27.9119 138.344
-27.8735 138.342
-27.8307 138.313
-27.7674 138.154
-27.7219 138.108
-27.6852 138.116
-27.6475 138.118
-27.6088 138.114
-27.5617 138.057
-27.5146 137.999
-27.4752 137.991
-27.4366 137.987
-27.3932 137.953
-27.3458 137.893
-27.1699 137.741
-27.1276 137.713
-27.0887 137.707
-27.0498 137.701
-27.0072 137.671
-26.9643 137.639
-26.926 137.637
-26.8874 137.633
-26.8446 137.601
-26.7984 137.548
-26.6739 137.479
-26.6354 137.475
-26.5932 137.447
-26.5543 137.441
-26.5155 137.435
-26.4773 137.433
-26.4342 137.399
-26.3914 137.367
-26.3494 137.34
-26.3105 137.334
-26.2691 137.31
-26.2302 137.304
-26.1921 137.302
-26.1513 137.283
-26.1115 137.271
-26.0698 137.245
-26.0307 137.237
-25.9918 137.231
-25.9502 137.206
-25.9117 137.201
-25.8744 137.206
-25.8366 137.206
-25.7974 137.198
-25.7567 137.179
-25.7176 137.17
-25.6794 137.168
-25.6406 137.162
-25.599 137.137
-25.5571 137.109
-25.5183 137.103
-25.4798 137.099
-25.4416 137.097
-25.4032 137.093
-25.3638 137.083
-25.3209 137.049
-25.2831 137.049
-25.2486 137.072
-25.2077 137.051
-25.1692 137.047
-25.1314 137.047
-25.0932 137.045
-25.0554 137.046
-25.0169 137.041
-24.9778 137.033
-24.9375 137.016
-24.8991 137.012
-24.8612 137.012
-24.8234 137.012
-24.787 137.023
-24.7507 137.034
-24.7134 137.038
-24.674 137.028
-24.6353 137.021
-24.595 137.005
-24.5562 136.998
-24.5178 136.994
-24.4799 136.994
-24.4427 136.999
-24.4048 136.999
-24.3675 137.003
-24.3315 137.016
-24.2945 137.022
-24.2563 137.02
-24.2181 137.018
-24.1803 137.019
-24.1424 137.019
-24.1075 137.04
-24.0722 137.059
-24.0355 137.068
-23.9997 137.082
-23.9624 137.087
-23.9219 137.068
-23.8819 137.053
-23.847 137.074
-23.8093 137.077
-23.7747 137.1
-23.7347 137.085
-23.6991 137.102
-23.6609 137.1
-23.6265 137.126
-23.5889 137.128
-23.5515 137.132
-23.5116 137.118
-23.4737 137.118
-23.4366 137.124
-23.3999 137.133
-23.3617 137.131
-23.3234 137.129
-23.2861 137.133
-23.2496 137.144
-23.2145 137.165
-23.1769 137.167
-23.1389 137.167
-23.1021 137.176
-23.0656 137.187
-23.0285 137.193
-22.9945 137.223
-22.9546 137.208
-22.9172 137.212
-22.8812 137.227
-22.8472 137.257
-22.8112 137.272
-22.7743 137.281
-22.7386 137.298
-22.7034 137.319
-22.6665 137.327
-22.6288 137.33
-22.5922 137.34
-22.5578 137.368
-22.5215 137.381
-22.4862 137.402
-22.4496 137.413
-22.4141 137.432
-22.3774 137.443
-22.3413 137.458
-22.3058 137.477
-22.2683 137.481
-22.2314 137.49
-22.1961 137.511
-22.1613 137.537
-22.1246 137.548
-22.0879 137.558
-22.0534 137.586
-22.0191 137.616
-21.9821 137.624
-21.947 137.648
-21.91 137.657
-21.876 137.689
-21.8417 137.719
-21.8055 137.734
-21.7711 137.763
-21.7365 137.791
-21.7027 137.825
-21.6656 137.834
-21.6309 137.862
-21.5941 137.873
-21.5624 137.924
-21.525 137.93
-21.4898 137.954
-21.453 137.965
-21.419 137.999
-21.3856 138.038
-21.3511 138.068
-21.3137 138.074
-21.2792 138.104
-21.2449 138.136
-21.2078 138.145
-21.1735 138.177
-21.1416 138.229
-21.1044 138.237
-21.006 138.373
-20.9683 138.377
-20.9308 138.384
-20.7633 138.584
-20.6634 138.711
-20.6238 138.701
-20.5919 138.755
-20.5578 138.791
-20.4286 138.999
-20.2305 139.279
-20.197 139.322
-20.165 139.379
-20.1285 139.396
-20.1008 139.49
-20.0732 139.586
-20.0386 139.621
-20.0038 139.653
-19.9707 139.702
-19.9401 139.771
-19.9091 139.839
-19.8779 139.905
-19.8465 139.968
-19.8155 140.036
-19.7847 140.106
-19.7539 140.176
-19.7206 140.225
-19.69 140.297
-19.6695 140.46
-19.6427 140.568
-19.6076 140.601
-19.571 140.621
-19.5303 140.954
