-24.87 83.9017
-24.8434 83.8995
12.9035 141.463
12.9414 141.442
12.9783 141.408
14.0318 139.32
14.7793 138.503
14.8174 138.496
14.8542 138.474
14.8903 138.444
14.9262 138.411
14.9618 138.376
14.9969 138.334
15.0331 138.306
15.0708 138.295
15.107 138.267
15.1421 138.225
15.1758 138.168
15.2134 138.158
15.2516 138.153
15.2904 138.155
15.3248 138.107
15.3626 138.098
15.3975 138.057
15.4328 138.02
15.4687 137.99
15.5065 137.981
15.5442 137.972
15.5828 137.972
15.6176 137.931
15.6546 137.913
15.691 137.889
15.7283 137.876
15.7645 137.85
15.8008 137.826
15.8385 137.817
15.8764 137.811
15.9128 137.787
15.9491 137.763
15.9866 137.752
16.0245 137.745
16.0619 137.734
16.0976 137.704
16.1337 137.678
16.1711 137.667
16.2092 137.663
16.2458 137.643
16.2813 137.611
16.3179 137.591
16.3553 137.58
16.3933 137.576
16.4305 137.563
16.4679 137.552
16.5049 137.536
16.5431 137.534
16.5816 137.534
16.6189 137.523
16.6559 137.508
16.6914 137.478
16.729 137.469
16.7664 137.458
16.8037 137.447
16.8406 137.432
16.8782 137.423
16.9157 137.414
16.9537 137.41
16.9912 137.401
17.0282 137.386
17.0657 137.377
17.1026 137.362
17.1388 137.34
17.1785 137.353
17.2196 137.381
17.2601 137.403
17.2957 137.374
17.3338 137.372
17.3713 137.363
17.409 137.357
17.4459 137.342
17.4881 137.38
17.5352 137.466
17.5723 137.453
17.6069 137.416
17.6411 137.375
17.6764 137.345
17.7141 137.339
17.7514 137.328
17.7886 137.317
17.8276 137.323
17.8644 137.308
17.9015 137.295
17.9393 137.29
17.9779 137.292
18.0169 137.299
18.0552 137.299
18.0927 137.29
18.1308 137.288
18.1693 137.29
18.2081 137.294
18.2469 137.298
18.2859 137.304
18.3258 137.319
18.363 137.308
18.3995 137.291
18.4383 137.295
18.4776 137.304
18.5166 137.31
18.5558 137.318
18.5941 137.318
18.632 137.314
18.6708 137.318
18.7098 137.324
18.7491 137.333
18.7888 137.346
18.8271 137.345
18.8659 137.35
18.9054 137.36
18.9452 137.373
18.9833 137.371
19.0218 137.373
19.0599 137.37
19.0971 137.359
19.1371 137.374
19.1766 137.385
19.2161 137.396
19.2566 137.415
19.2961 137.425
19.3361 137.44
19.3749 137.445
19.414 137.451
19.4536 137.461
19.4941 137.481
19.5329 137.485
19.572 137.491
19.6128 137.513
19.6533 137.532
19.6943 137.555
19.7349 137.575
19.7745 137.585
19.8138 137.594
19.8537 137.606
19.8948 137.63
19.9339 137.636
19.9742 137.653
20.0134 137.66
20.0545 137.683
20.0944 137.696
20.1355 137.72
20.1749 137.728
20.215 137.743
20.2574 137.778
20.2986 137.801
20.3383 137.812
20.3812 137.851
20.4212 137.863
20.4603 137.87
20.4998 137.878
20.5436 137.924
20.584 137.941
20.6237 137.951
20.6658 137.982
20.7068 138.003
20.7493 138.038
20.794 138.089
20.8353 138.113
20.8769 138.139
20.9182 138.163
20.9585 138.178
21.0009 138.21
21.0423 138.234
21.0823 138.247
21.125 138.281
21.1685 138.322
21.2112 138.357
21.254 138.392
21.2989 138.444
21.3395 138.461
21.3853 138.519
21.4281 138.554
21.4714 138.593
21.5186 138.663
21.5615 138.698
21.6011 138.706
21.6437 138.739
21.6902 138.802
21.7331 138.837
21.7796 138.9
21.824 138.946
21.8678 138.987
21.9144 139.05
21.958 139.09
22.0016 139.129
