-5.74519 157.2
-4.8393 155.739
-4.79619 155.74
-4.39811 155.308
-4.35418 155.268
-4.31099 155.261
-4.26709 155.221
-4.22245 155.147
-4.1787 155.113
-4.13504 155.082
-4.09172 155.066
-4.04841 155.051
-4.00439 155.001
-3.96066 154.964
-3.91695 154.928
-3.87331 154.894
-3.83021 154.886
-3.78655 154.85
-3.74279 154.808
-3.69925 154.776
-3.65629 154.774
-3.61268 154.737
-3.56953 154.725
-3.52643 154.714
-3.48237 154.651
-3.4392 154.636
-3.39608 154.623
-3.35218 154.566
-3.30917 154.558
-3.2658 154.529
-3.22281 154.522
-3.17995 154.522
-3.13692 154.512
-3.09358 154.483
-3.05026 154.454
-3.00708 154.434
-2.96354 154.389
-2.92018 154.356
-2.87715 154.343
-2.83405 154.325
-2.79143 154.338
-2.74841 154.325
-2.70529 154.304
-2.66221 154.286
-2.61922 154.273
-2.57637 154.271
-2.53342 154.261
-2.49037 154.243
-2.44704 154.204
-2.40421 154.201
-2.36132 154.194
-2.31846 154.189
-2.2756 154.184
-2.23253 154.16
-2.18958 154.147
-2.1468 154.148
-2.10389 154.137
-2.06099 154.127
-2.01806 154.114
-1.97512 154.099
-1.93223 154.089
-1.88924 154.068
-1.84602 154.024
-1.8031 154.008
-1.76057 154.032
-1.71786 154.037
-1.67492 154.019
-1.63207 154.009
-1.5894 154.02
-1.5467 154.028
-1.5039 154.023
-1.46098 154.005
-1.41789 153.963
-1.3751 153.958
-1.33231 153.953
-1.28934 153.922
-1.24647 153.904
-1.20358 153.883
-1.16081 153.878
-1.118 153.866
-1.07518 153.853
-1.03252 153.863
-0.98968 153.845
-0.946937 153.843
-0.904071 153.817
-0.861901 153.927
-0.81904 153.903
-0.776502 153.948
-0.733772 153.953
-0.690985 153.946
-0.648273 153.956
-0.605556 153.967
-0.562917 154.001
-0.520219 154.022
-0.477456 154.025
-0.434677 154.022
-0.391885 154.015
-0.349134 154.023
-0.306429 154.054
-0.263681 154.07
-0.220906 154.075
-0.178137 154.086
-0.135353 154.089
-0.0925654 154.089
-0.0497813 154.094
-0.00700102 154.11
0.0357834 154.134
0.0785821 154.137
0.121382 154.126
0.164179 154.124
0.206981 154.132
0.249812 154.177
0.292639 154.195
0.335474 154.213
0.378329 154.24
0.421154 154.24
0.463988 154.245
0.506836 154.256
0.549724 154.282
0.592578 154.29
0.63543 154.296
0.678345 154.322
0.721231 154.335
0.764175 154.364
0.807058 154.372
0.850074 154.414
0.893046 154.441
0.935929 154.443
0.978825 154.449
1.02176 154.462
1.06495 154.525
1.10787 154.53
1.15076 154.531
1.19373 154.544
1.23696 154.602
1.27995 154.615
1.32309 154.652
1.36611 154.668
1.40928 154.705
1.45244 154.736
1.49543 154.744
1.53839 154.747
1.58156 154.776
1.62461 154.79
1.6676 154.795
1.71084 154.829
1.75411 154.866
1.7975 154.914
1.8409 154.961
1.88418 154.993
1.9272 154.996
1.97028 155.004
2.01364 155.041
2.05705 155.081
2.14408 155.176
2.18721 155.184
2.49253 155.513
2.5361 155.55
2.57933 155.558
2.62293 155.595
2.88662 155.938
2.93041 155.978
2.97421 156.018
3.06212 156.115
3.10651 156.189
