0.26751 131.403
0.305026 131.4
0.748321 129.65
0.785095 129.565
0.822014 129.522
0.858814 129.457
0.895574 129.39
0.932325 129.327
0.9693 129.312
1.00598 129.245
1.04236 129.131
1.0791 129.084
1.11561 129.006
1.15245 128.982
1.1891 128.933
1.22568 128.876
1.26216 128.81
1.29887 128.779
1.3356 128.752
1.37204 128.689
1.40847 128.629
1.44503 128.588
1.48161 128.551
1.51809 128.504
1.55483 128.489
1.59123 128.438
1.62756 128.382
1.66426 128.366
1.70062 128.318
1.73709 128.281
1.77357 128.248
1.80984 128.195
1.8465 128.182
1.88272 128.13
1.91932 128.112
1.95558 128.066
1.99215 128.048
2.02835 128
2.06495 127.987
2.10121 127.946
2.13777 127.931
2.1739 127.882
2.21041 127.865
2.24661 127.824
2.2831 127.807
2.31926 127.767
2.35576 127.751
2.39212 127.726
2.42841 127.697
2.46494 127.686
2.50097 127.641
2.53743 127.626
2.57376 127.603
2.61029 127.593
2.64661 127.57
2.68278 127.54
2.71901 127.513
2.75545 127.499
2.79176 127.478
2.82822 127.467
2.86447 127.444
2.90065 127.417
2.93681 127.39
2.97307 127.369
3.00949 127.357
3.04588 127.344
3.08208 127.321
3.11826 127.298
3.15466 127.287
3.19091 127.268
3.22729 127.256
3.26345 127.233
3.29986 127.224
3.33619 127.21
3.37224 127.183
3.40864 127.174
3.44507 127.166
3.48138 127.153
3.51731 127.122
3.5536 127.109
3.59001 127.101
3.62625 127.086
3.66257 127.075
3.69897 127.067
3.73519 127.052
3.77149 127.04
3.80788 127.033
3.84413 127.019
3.88019 126.998
3.91643 126.985
3.95261 126.97
3.98903 126.964
4.02553 126.962
4.06189 126.955
4.09824 126.947
4.1346 126.94
4.171 126.934
4.20729 126.924
4.24364 126.917
4.27978 126.902
4.31611 126.894
4.35245 126.886
4.38883 126.881
4.42541 126.883
4.4619 126.881
4.49806 126.867
4.53443 126.862
4.57064 126.85
4.60712 126.849
4.64348 126.843
4.67984 126.837
4.71626 126.833
4.75284 126.835
4.78931 126.834
4.82572 126.83
4.86179 126.815
4.8982 126.811
4.93483 126.815
4.97112 126.807
5.00735 126.798
5.04327 126.779
5.07925 126.761
5.11576 126.762
5.1527 126.775
5.18927 126.777
5.22652 126.8
5.26323 126.806
5.29919 126.788
5.33546 126.781
5.37166 126.771
5.40862 126.785
5.44526 126.789
5.48146 126.779
5.51772 126.772
5.55417 126.77
5.59068 126.77
5.62746 126.778
5.66424 126.785
5.70096 126.791
5.73809 126.808
5.77502 126.82
5.81175 126.826
5.84842 126.829
5.88508 126.833
5.92168 126.835
5.95821 126.835
5.99481 126.837
6.03149 126.841
6.06852 126.855
6.10541 126.864
6.14217 126.87
6.17878 126.872
6.21532 126.872
6.25201 126.876
6.28899 126.887
6.32613 126.903
6.36283 126.907
6.39998 126.922
6.43653 126.922
6.47331 126.928
6.5104 126.941
6.54734 126.951
6.58436 126.962
6.62092 126.962
6.65756 126.964
6.69459 126.976
6.73179 126.991
6.76892 127.005
6.80573 127.01
6.84303 127.028
6.88017 127.041
6.91716 127.051
6.95439 127.066
6.99221 127.095
7.02905 127.101
7.06581 127.105
7.10299 127.118
7.14077 127.145
7.17822 127.164
7.21508 127.17
7.25203 127.178
7.2895 127.197
7.32646 127.205
7.3642 127.23
7.40135 127.241
7.43885 127.261
7.47601 127.272
7.51362 127.293
7.55132 127.316
7.58886 127.336
7.62659 127.359
7.66423 127.38
7.70107 127.384
7.7391 127.413
7.77631 127.424
7.81446 127.455
7.85243 127.482
7.89032 127.507
7.92757 127.519
7.96642 127.563
8.00378 127.577
8.04171 127.602
8.07966 127.627
8.11714 127.643
8.15598 127.685
8.19328 127.697
8.23059 127.708
8.26918 127.745
8.3069 127.764
8.34542 127.799
8.38495 127.853
8.42341 127.886
8.46128 127.908
8.49866 127.919
8.53695 127.948
8.57638 127.999
8.61388 128.012
8.65232 128.043
8.69088 128.076
8.73069 128.133
8.76939 128.168
8.80914 128.222
8.84651 128.232
8.88621 128.284
8.92476 128.316
8.96247 128.331
9.00212 128.382
9.04212 128.438
9.07987 128.454
9.11991 128.511
9.15986 128.565
9.19853 128.597
9.23722 128.628
9.27746 128.686
9.93595 129.808
9.97518 129.842
