-4.38089 150.92
-4.33813 150.89
-4.29601 150.888
-4.25373 150.878
-4.21002 150.805
-4.16696 150.76
-4.12426 150.73
-4.0819 150.715
-4.03857 150.655
-3.99618 150.637
-3.95337 150.6
-3.91122 150.593
-3.86833 150.55
-3.82593 150.53
-3.78312 150.49
-3.74094 150.48
-3.69776 150.42
-3.65566 150.413
-3.61365 150.411
-3.57135 150.393
-3.52824 150.333
-3.48602 150.318
-3.44351 150.288
-3.4014 150.279
-3.35905 150.256
-3.31704 150.251
-3.27494 150.242
-3.23217 150.194
-3.18995 150.177
-3.14787 150.167
-3.1058 150.157
-3.06339 150.127
-3.0212 150.11
-2.97889 150.085
-2.9366 150.06
-2.89428 150.033
-2.85228 150.026
-2.81025 150.016
-2.76818 150.004
-2.72597 149.981
-2.68354 149.944
-2.64139 149.924
-2.5991 149.894
-2.55718 149.89
-2.5154 149.895
-2.47359 149.898
-2.43143 149.875
-2.38915 149.843
-2.34718 149.833
-2.30544 149.841
-2.26344 149.829
-2.22132 149.806
-2.17937 149.796
-2.13769 149.809
-2.0958 149.804
-2.05368 149.78
-2.01171 149.767
-1.96969 149.75
-1.92776 149.74
-1.88591 149.738
-1.84417 149.746
-1.8024 149.751
-1.76045 149.739
-1.71839 149.714
-1.67648 149.704
-1.63483 149.722
-1.59308 149.729
-1.55109 149.71
-1.5091 149.69
-1.46714 149.673
-1.42511 149.645
-1.38323 149.635
-1.34135 149.626
-1.29957 149.628
-1.25754 149.596
-1.21583 149.609
-1.17401 149.604
-1.13223 149.607
-1.09053 149.622
-1.04864 149.607
-1.00671 149.585
-0.964984 149.595
-0.923193 149.595
-0.881508 149.615
-0.839815 149.635
-0.7982 149.673
-0.756438 149.683
-0.714649 149.688
-0.672857 149.693
-0.631043 149.694
-0.58922 149.691
-0.547415 149.694
-0.505651 149.709
-0.463897 149.729
-0.422067 149.727
-0.380197 149.71
-0.338384 149.712
-0.296599 149.727
-0.254797 149.737
-0.213009 149.758
-0.17122 149.783
-0.129388 149.785
-0.0875523 149.786
-0.0457088 149.778
-0.00387403 149.778
0.0379452 149.809
0.0797801 149.831
0.121627 149.834
0.163474 149.831
0.20533 149.857
0.247192 149.872
0.289054 149.879
0.330917 149.885
0.372805 149.907
0.41471 149.935
0.456593 149.943
0.498471 149.945
0.540355 149.95
0.582294 149.978
0.624278 150.018
0.66621 150.033
0.708111 150.036
0.749989 150.031
0.791856 150.024
0.833849 150.052
0.875864 150.082
0.917996 150.137
0.959957 150.147
1.00191 150.155
1.04396 150.183
1.0859 150.185
1.12787 150.193
1.16997 150.223
1.21196 150.233
1.25406 150.261
1.29625 150.301
1.33846 150.342
1.38048 150.349
1.42268 150.385
1.46474 150.397
1.50692 150.425
1.54913 150.455
1.59121 150.468
1.63356 150.513
1.67579 150.541
1.71786 150.549
1.75996 150.559
1.8023 150.597
1.84483 150.653
1.88695 150.663
1.92911 150.676
1.97152 150.713
2.01399 150.756
2.05653 150.805
2.09936 150.878
2.14179 150.911
2.18388 150.911
2.22634 150.944
2.31158 151.035
2.35376 151.04
2.39631 151.076
2.43899 151.122
2.48122 151.129
2.52365 151.152
2.69569 151.409
2.73835 151.442
2.8674 151.61
3.92458 153.801
3.96763 153.816
4.01094 153.845
