-35.7994 148.86
-35.7505 148.815
-35.708 148.803
-35.6614 148.769
-35.2914 148.304
-35.2322 148.204
-35.1872 148.178
-35.1453 148.169
-35.0981 148.131
-34.8059 147.856
-34.7641 147.847
-34.7219 147.835
-34.673 147.788
-34.6304 147.774
-34.5904 147.774
-34.5456 147.748
-34.4985 147.71
-34.4044 147.635
-34.0433 147.412
-34.0021 147.405
-33.9614 147.4
-33.8694 147.335
-33.8239 147.304
-33.7831 147.299
-33.7424 147.295
-33.7016 147.29
-33.6561 147.26
-33.6094 147.222
-33.5686 147.218
-33.5283 147.216
-33.4829 147.185
-33.4413 147.176
-33.3963 147.148
-33.3517 147.122
-33.311 147.118
-33.2695 147.108
-33.2267 147.092
-33.186 147.088
-33.1431 147.071
-33.1012 147.06
-33.0584 147.044
-33.0168 147.034
-32.9757 147.027
-32.9329 147.011
-32.8923 147.007
-32.8516 147.002
-32.8113 147
-32.7702 146.993
-32.7279 146.979
-32.6826 146.949
-32.6432 146.951
-32.6055 146.963
-32.5614 146.94
-32.5208 146.936
-32.481 146.936
-32.4395 146.927
-32.3955 146.903
-32.3586 146.92
-32.3192 146.923
-32.2793 146.923
-32.2399 146.925
-32.1997 146.923
-32.1582 146.914
-32.1171 146.907
-32.0748 146.893
-32.0342 146.889
-31.9939 146.887
-31.9533 146.882
-31.9143 146.887
-31.8761 146.897
-31.8358 146.895
-31.7952 146.89
-31.7541 146.883
-31.7151 146.888
-31.6753 146.888
-31.635 146.886
-31.5956 146.889
-31.5562 146.891
-31.5159 146.889
-31.4765 146.892
-31.4374 146.897
-31.3964 146.89
-31.3569 146.893
-31.3223 146.923
-31.2869 146.949
-31.2478 146.954
-31.2043 146.933
-31.1649 146.936
-31.1266 146.946
-31.0944 146.991
-31.0489 146.958
-31.0086 146.956
-30.9687 146.956
-30.9332 146.982
-30.8862 146.94
-30.8519 146.973
-30.8247 147.049
-30.7872 147.063
-30.7457 147.054
-30.7074 147.064
-30.6686 147.071
-30.6268 147.059
-30.588 147.067
-30.5489 147.072
-30.5086 147.07
-30.466 147.053
-30.4288 147.07
-30.3932 147.096
-30.354 147.101
-30.3133 147.097
-30.2715 147.085
-30.2354 147.109
-30.1982 147.126
-30.1594 147.133
-30.1191 147.131
-30.0788 147.129
-30.0415 147.145
-30.0028 147.153
-29.9644 147.162
-29.9302 147.198
-29.8929 147.215
-29.8549 147.227
-29.8184 147.248
-29.7807 147.263
-29.7426 147.275
-29.7042 147.285
-29.6684 147.311
-29.6314 147.33
-29.593 147.34
-29.5583 147.373
-29.5206 147.387
-29.4825 147.4
-29.4466 147.426
-29.4089 147.44
-29.3737 147.471
-29.3386 147.502
-29.2997 147.51
-29.2612 147.519
-29.2286 147.567
-29.1905 147.579
-29.1519 147.589
-29.1145 147.606
-29.0826 147.658
-29.0448 147.673
-29.0062 147.682
-28.9736 147.73
-28.9353 147.742
-28.8963 147.75
-28.8614 147.783
-28.8258 147.812
-28.7916 147.85
-28.7566 147.884
-28.7172 147.889
-28.6815 147.918
-28.6436 147.932
-28.6045 147.94
-28.5695 147.973
-28.5404 148.045
-28.5016 148.055
-28.4666 148.088
-28.4315 148.122
-28.3935 148.137
-28.3621 148.194
-28.3233 148.204
-28.2886 148.24
-28.2509 148.257
-28.219 148.312
-28.1839 148.346
-28.1458 148.361
-28.1157 148.428
-27.5746 149.132
-27.5409 149.178
-27.5062 149.217
-27.4714 149.256
-27.4362 149.292
-27.4021 149.336
-27.3727 149.411
-27.3392 149.46
-27.3086 149.528
-27.2737 149.567
-27.2434 149.638
-27.216 149.728
-27.1807 149.764
-27.1446 149.796
-27.115 149.872
-27.0909 149.987
-27.0615 150.065
-27.0307 150.134
-26.9971 150.183
-26.9687 150.268
-26.9399 150.352
-26.9093 150.423
-26.7888 151.009
-26.9966 153.632
-26.9648 153.701
-26.9319 153.762
-26.8962 153.803
