3.97812 165.684
4.0237 165.696
4.06928 165.708
4.11441 165.696
5.83335 162.347
5.87642 162.293
5.91865 162.211
5.962 162.169
6.00641 162.163
6.05089 162.16
6.09454 162.129
6.13808 162.095
6.18238 162.087
6.22625 162.064
6.27019 162.044
6.31308 161.99
6.35648 161.954
6.40003 161.923
6.44392 161.903
6.487 161.858
6.53034 161.821
6.57447 161.81
6.61768 161.77
6.66097 161.734
6.70526 161.728
6.74983 161.731
6.79392 161.72
6.83595 161.646
6.87993 161.632
6.92438 161.632
6.96758 161.596
7.01135 161.576
7.05491 161.551
7.09915 161.545
7.14308 161.531
7.18583 161.483
7.22845 161.432
7.27276 161.43
7.31706 161.427
7.36106 161.416
7.40495 161.401
7.44822 161.371
7.4922 161.359
7.53523 161.323
7.57826 161.286
7.62284 161.292
7.66732 161.295
7.71148 161.289
7.75563 161.283
7.79979 161.278
7.84383 161.269
7.88744 161.25
7.92983 161.199
7.97341 161.18
8.01787 161.182
8.06255 161.191
8.10701 161.194
8.15113 161.188
8.1948 161.171
8.23755 161.132
8.28097 161.109
8.32438 161.087
8.36685 161.042
8.41023 161.02
8.45431 161.014
8.49897 161.022
8.54339 161.025
8.58379 160.933
8.62498 160.86
8.66877 160.849
8.71484 160.891
8.76081 160.93
8.8085 161.008
8.85255 161.003
8.89661 160.997
8.94029 160.983
8.9852 160.997
9.0305 161.019
9.07443 161.011
9.11923 161.022
9.1634 161.019
9.20885 161.044
9.25277 161.036
9.29772 161.05
9.34371 161.086
9.38893 161.106
9.43299 161.1
9.47625 161.078
9.52109 161.089
9.56593 161.1
9.61078 161.111
9.65523 161.114
9.69928 161.108
9.74373 161.111
9.78846 161.119
9.83373 161.139
9.87818 161.142
9.92278 161.147
9.96738 161.153
10.0121 161.161
10.0574 161.181
10.102 161.186
10.1468 161.195
10.192 161.211
10.2377 161.239
10.2822 161.242
10.3264 161.239
10.3709 161.242
10.4162 161.261
10.461 161.27
10.5064 161.289
10.5525 161.323
10.5968 161.323
10.6406 161.312
10.6852 161.317
10.7305 161.334
10.7754 161.345
10.8211 161.37
10.866 161.379
10.9106 161.384
10.958 161.44
11.003 161.451
11.0494 161.488
11.0944 161.499
11.1411 161.541
11.1857 161.544
11.2301 161.544
11.2765 161.58
11.3218 161.597
11.3683 161.634
11.4151 161.676
11.46 161.684
11.5046 161.687
11.551 161.721
11.596 161.732
11.6427 161.771
11.6875 161.777
11.7359 161.844
11.7807 161.85
11.8254 161.855
11.8709 161.872
11.9178 161.914
11.9647 161.954
12.0116 161.996
12.2457 162.188
12.2926 162.227
12.4365 162.394
12.481 162.394
12.5258 162.397
12.8584 162.723
12.9058 162.765
12.9533 162.811
13.0036 162.899
