3.10905 144.02
3.14854 143.969
3.18771 143.902
3.2267 143.825
3.26504 143.714
3.30341 143.607
3.34233 143.533
3.38164 143.483
3.42002 143.383
3.45893 143.314
3.49821 143.266
3.53751 143.22
3.57589 143.127
3.61455 143.051
3.65377 143.006
3.69265 142.943
3.73188 142.9
3.77067 142.836
3.80938 142.769
3.84898 142.746
3.88769 142.682
3.92642 142.62
3.96612 142.604
4.00476 142.54
4.04383 142.497
4.08293 142.456
4.12212 142.419
4.16093 142.367
4.20045 142.346
4.23949 142.305
4.27796 142.242
4.31696 142.201
4.35615 142.169
4.39523 142.132
4.43428 142.096
4.47338 142.062
4.51235 142.023
4.55136 141.987
4.59035 141.951
4.62951 141.921
4.66865 141.892
4.70813 141.876
4.74719 141.844
4.78605 141.806
4.82496 141.769
4.86398 141.738
4.90323 141.715
4.94253 141.695
4.98126 141.654
5.0199 141.611
5.05949 141.602
5.09913 141.595
5.13871 141.586
5.17757 141.553
5.21582 141.498
5.25504 141.478
5.29465 141.471
5.33359 141.442
5.37251 141.413
5.41143 141.383
5.45067 141.365
5.4897 141.341
5.5292 141.332
5.56835 141.311
5.60763 141.296
5.6467 141.273
5.68611 141.262
5.72501 141.235
5.76419 141.217
5.80322 141.195
5.84231 141.174
5.88183 141.168
5.92113 141.154
5.9605 141.143
5.99956 141.123
6.03839 141.096
6.07751 141.078
6.11639 141.053
6.15557 141.038
6.19498 141.029
6.23438 141.02
6.27386 141.013
6.31318 141.002
6.35225 140.984
6.39164 140.975
6.43094 140.964
6.4704 140.957
6.50969 140.946
6.54882 140.931
6.58835 140.926
6.62771 140.917
6.6669 140.904
6.70626 140.895
6.74578 140.891
6.78504 140.879
6.8243 140.868
6.86321 140.848
6.90254 140.839
6.94196 140.833
6.98119 140.821
7.02016 140.803
7.05939 140.792
7.09888 140.788
7.13864 140.79
7.17858 140.797
7.21815 140.795
7.25755 140.788
7.29694 140.782
7.33624 140.773
7.37591 140.773
7.41548 140.771
7.45486 140.764
7.49368 140.744
7.53296 140.735
7.57299 140.744
7.61294 140.751
7.65202 140.738
7.69139 140.731
7.73076 140.724
7.7707 140.731
7.81075 140.74
7.85041 140.74
7.88977 140.734
7.92863 140.716
7.96888 140.729
8.00964 140.754
8.04941 140.756
8.08907 140.757
8.12883 140.759
8.1688 140.766
8.20898 140.777
8.24896 140.784
8.28852 140.782
8.32787 140.775
8.36796 140.784
8.40815 140.795
8.44772 140.793
8.48707 140.787
8.52684 140.789
8.56683 140.796
8.60737 140.814
8.64791 140.832
8.68791 140.839
8.72792 140.846
8.76804 140.855
8.80794 140.859
8.84785 140.864
8.88776 140.868
8.92834 140.887
8.96848 140.896
9.00862 140.905
9.04877 140.914
9.08903 140.925
9.12907 140.932
9.1698 140.952
9.21008 140.964
9.2499 140.966
9.29019 140.977
9.33049 140.989
9.37067 140.998
9.41144 141.018
9.45163 141.027
9.49206 141.041
9.53238 141.052
9.57259 141.061
9.61267 141.068
9.65325 141.084
9.69383 141.1
9.73502 141.127
9.77538 141.138
9.81549 141.145
9.85783 141.193
9.8982 141.204
9.93845 141.213
9.97846 141.218
10.0196 141.243
10.0613 141.277
10.1028 141.308
10.1442 141.338
10.1843 141.343
10.2247 141.354
10.2672 141.402
10.3079 141.417
10.3483 141.429
10.3897 141.456
10.4308 141.479
10.4714 141.493
10.5133 141.529
10.5546 141.554
10.5951 141.565
10.6357 141.579
10.6781 141.622
10.7205 141.665
10.7616 141.686
10.8046 141.738
10.845 141.747
10.8873 141.788
10.9275 141.793
11.0553 141.927
11.0976 141.966
11.1397 142.003
11.1801 142.01
11.2221 142.044
11.2644 142.083
11.3087 142.151
11.351 142.19
11.3933 142.227
11.4357 142.266
11.4781 142.305
11.5226 142.376
11.5648 142.41
11.6073 142.449
11.6497 142.486
11.694 142.552
11.7362 142.587
11.7772 142.6
11.8664 142.741
11.9113 142.814
11.9539 142.853
11.9984 142.92
12.0454 143.024
12.0887 143.072
12.1316 143.114
12.1764 143.183
12.407 143.623
