-29.0496 155.694
-27.9102 154.205
-27.8634 154.17
-27.8156 154.127
-27.7681 154.086
-27.7254 154.079
-27.6747 154.016
-27.6269 153.973
-27.5836 153.96
-27.5329 153.897
-27.4899 153.887
-27.4386 153.819
-27.3952 153.807
-27.3487 153.772
-27.3014 153.731
-27.2548 153.696
-27.2115 153.684
-27.1654 153.651
-27.1192 153.619
-27.0763 153.609
-27.0295 153.571
-26.9816 153.526
-26.9383 153.514
-26.894 153.494
-26.8522 153.491
-26.809 153.479
-26.7594 153.421
-26.7166 153.411
-26.6737 153.402
-26.6281 153.372
-26.5824 153.342
-26.5403 153.337
-26.4968 153.322
-26.4501 153.284
-26.4041 153.252
-26.3617 153.245
-26.3192 153.237
-26.2751 153.218
-26.2333 153.215
-26.1909 153.208
-26.1481 153.198
-26.1057 153.191
-26.0594 153.156
-26.0163 153.144
-25.9736 153.134
-25.9298 153.117
-25.8877 153.112
-25.8436 153.092
-25.7988 153.067
-25.7567 153.062
-25.7174 153.078
-25.6736 153.06
-25.6305 153.048
-25.5875 153.036
-25.5444 153.023
-25.5027 153.021
-25.4593 153.006
-25.4163 152.994
-25.3729 152.979
-25.3312 152.977
-25.2891 152.972
-25.2461 152.96
-25.2044 152.958
-25.1627 152.956
-25.1207 152.951
-25.079 152.949
-25.0373 152.946
-24.9966 152.952
-24.9572 152.967
-24.9165 152.972
-24.8738 152.962
-24.8301 152.945
-24.7887 152.945
-24.7487 152.956
-24.7047 152.936
-24.6613 152.921
-24.6203 152.924
-24.5799 152.932
-24.5376 152.924
-24.4952 152.917
-24.4542 152.92
-24.4131 152.923
-24.3727 152.931
-24.3313 152.931
-24.2906 152.936
-24.2505 152.946
-24.2098 152.952
-24.1674 152.944
-24.1257 152.942
-24.0869 152.963
-24.0477 152.98
-24.0035 152.958
-23.9589 152.933
-23.9166 152.926
-23.8774 152.944
-23.8401 152.977
-23.8006 152.992
-23.763 153.023
-23.7213 153.02
-23.6805 153.026
-23.64 153.033
-23.6008 153.051
-23.5613 153.067
-23.5189 153.059
-23.48 153.08
-23.4348 153.05
-23.3931 153.048
-23.3516 153.048
-23.3108 153.053
-23.2707 153.064
-23.2332 153.097
-23.1933 153.109
-23.1534 153.122
-23.1129 153.13
-23.073 153.143
-23.0343 153.166
-22.994 153.176
-22.9529 153.179
-22.9123 153.187
-22.8721 153.197
-22.8315 153.205
-22.7925 153.225
-22.7537 153.248
-22.7137 153.261
-22.6734 153.272
-22.6313 153.267
-22.5938 153.3
-22.5541 153.315
-22.5155 153.341
-22.477 153.366
-22.437 153.379
-22.3975 153.397
-22.3596 153.428
-22.3198 153.443
-22.2818 153.474
-22.2418 153.487
-22.2026 153.507
-22.164 153.533
-22.1239 153.546
-22.0832 153.553
-22.0431 153.566
-22.0053 153.6
-21.9658 153.618
-21.9271 153.643
-21.8884 153.669
-21.8483 153.682
-21.8081 153.695
-21.7703 153.728
-21.7324 153.761
-21.6948 153.797
-21.6575 153.835
-21.6173 153.848
-21.576 153.851
-21.5355 153.861
-21.5004 153.92
-21.4607 153.938
-21.4236 153.979
-21.3893 154.045
-21.3491 154.058
-21.3122 154.102
-21.2744 154.138
-21.2364 154.171
-21.1955 154.179
-21.1586 154.223
-21.1219 154.269
-21.0838 154.302
-21.0429 154.31
-21.0078 154.372
-20.968 154.39
-20.9335 154.456
-20.8928 154.467
-20.8549 154.503
-20.7798 154.583
-20.7058 154.673
-20.5234 154.925
-20.4856 154.964
-20.448 155.006
-20.4137 155.078
-20.3759 155.117
-20.3382 155.158
-20.3052 155.243
-20.2689 155.298
-20.2307 155.334
-20.1906 155.353
-20.1548 155.412
-20.1206 155.487
-19.9496 155.869
-19.9147 155.939
-19.8776 155.989
