9.91422 158.303
9.95776 158.301
9.9998 158.268
10.6393 156.365
10.9563 155.847
10.9952 155.773
11.0374 155.757
11.115 155.605
11.1574 155.592
11.1978 155.547
11.2384 155.504
11.2792 155.465
11.3198 155.422
11.4771 155.171
11.5194 155.16
11.5624 155.16
11.6053 155.16
11.6836 155.033
11.7244 154.996
11.7646 154.951
11.8032 154.88
11.8454 154.869
11.8859 154.83
11.9262 154.788
11.9673 154.759
12.0098 154.753
12.0517 154.737
12.0923 154.701
12.132 154.651
12.1714 154.595
12.2142 154.595
12.2547 154.558
12.2959 154.532
12.337 154.506
12.3792 154.495
12.4198 154.461
12.4606 154.429
12.5022 154.411
12.5422 154.369
12.5818 154.319
12.624 154.311
12.6657 154.295
12.7082 154.29
12.75 154.277
12.7909 154.248
12.8321 154.224
12.8739 154.211
12.9153 154.19
12.9568 154.172
12.9972 154.138
13.039 154.124
13.0809 154.111
13.1209 154.072
13.1617 154.043
13.2035 154.03
13.2447 154.009
13.2874 154.009
13.3297 154.003
13.372 153.998
13.4138 153.985
13.4529 153.933
13.495 153.925
13.5389 153.943
13.5812 153.938
13.6218 153.909
13.6617 153.87
13.7025 153.843
13.7442 153.83
13.7865 153.825
13.8295 153.83
13.8723 153.832
13.9136 153.814
13.9531 153.77
13.9949 153.759
14.0379 153.764
14.0802 153.759
14.1235 153.769
14.1652 153.756
14.2032 153.694
14.2374 153.579
14.2782 153.556
14.321 153.558
14.3653 153.581
14.4104 153.615
14.4543 153.633
14.4973 153.638
14.5397 153.635
14.5832 153.648
14.626 153.651
14.6672 153.632
14.7117 153.658
14.7549 153.666
14.7975 153.666
14.8391 153.652
14.8833 153.673
14.926 153.675
14.969 153.681
15.0124 153.691
15.0558 153.701
15.0996 153.716
15.143 153.727
15.1832 153.695
15.2239 153.672
15.2679 153.69
15.313 153.721
15.3558 153.723
15.3983 153.723
15.4411 153.726
15.4839 153.728
15.5269 153.733
15.5681 153.715
15.6102 153.709
15.6564 153.753
15.7002 153.769
15.7435 153.777
15.7863 153.779
15.8291 153.781
15.8719 153.784
15.9166 153.81
15.9595 153.812
16.0021 153.812
16.0447 153.812
16.0879 153.819
16.1335 153.856
16.177 153.866
16.2196 153.866
16.262 153.863
16.3068 153.889
16.3503 153.899
16.3934 153.904
16.4362 153.907
16.4819 153.943
16.5246 153.943
16.5674 153.945
16.6127 153.976
16.6587 154.015
16.6986 153.984
16.7415 153.986
16.7873 154.022
16.8308 154.033
16.8767 154.069
16.922 154.1
16.9654 154.108
17.0085 154.113
17.0544 154.149
17.0979 154.16
17.1413 154.167
17.187 154.201
17.2331 154.24
17.2765 154.248
17.3213 154.271
17.364 154.271
17.4092 154.299
17.4529 154.31
17.4991 154.349
17.5461 154.396
17.5902 154.411
17.6358 154.442
17.6789 154.447
17.725 154.484
17.7682 154.489
17.8174 154.559
17.8616 154.575
18.0465 154.724
18.0895 154.726
18.1367 154.773
18.1836 154.818
18.2306 154.862
18.2742 154.87
18.3712 154.99
18.4143 154.993
18.4601 155.024
18.5067 155.064
19.0873 155.743
