-14.6824 125.046
-14.6417 124.992
-14.6046 124.978
-14.5654 124.94
-14.5229 124.866
-14.4836 124.827
-14.4453 124.8
-14.4073 124.774
-14.3691 124.746
-14.3285 124.692
-14.2896 124.657
-14.251 124.624
-14.2105 124.57
-14.1702 124.519
-14.1334 124.506
-14.0936 124.46
-14.0552 124.428
-14.0182 124.414
-13.9782 124.364
-13.9398 124.332
-13.9014 124.301
-13.8634 124.274
-13.8254 124.246
-13.7886 124.233
-13.751 124.209
-13.7128 124.18
-13.6748 124.152
-13.637 124.126
-13.5986 124.093
-13.5621 124.082
-13.5243 124.057
-13.4853 124.016
-13.4488 124.005
-13.411 123.98
-13.3728 123.949
-13.3364 123.938
-13.2994 123.921
-13.2619 123.897
-13.2254 123.886
-13.1863 123.844
-13.1498 123.831
-13.1132 123.818
-13.0758 123.796
-13.0386 123.776
-13.0013 123.754
-12.9649 123.743
-12.9289 123.738
-12.8919 123.72
-12.8546 123.698
-12.8179 123.683
-12.7815 123.672
-12.7446 123.654
-12.7088 123.65
-12.6712 123.625
-12.6338 123.601
-12.5976 123.592
-12.5601 123.566
-12.524 123.559
-12.4881 123.553
-12.4505 123.526
-12.4143 123.517
-12.3781 123.508
-12.342 123.501
-12.3061 123.495
-12.2687 123.47
-12.2325 123.46
-12.1966 123.455
-12.1604 123.446
-12.1246 123.44
-12.089 123.439
-12.0524 123.424
-12.0154 123.404
-11.9794 123.397
-11.9432 123.388
-11.9075 123.384
-11.8721 123.384
-11.8365 123.382
-11.7994 123.36
-11.7623 123.338
-11.7261 123.329
-11.6913 123.337
-11.656 123.338
-11.6198 123.329
-11.5838 123.322
-11.548 123.316
-11.5124 123.315
-11.4768 123.313
-11.4413 123.311
-11.4057 123.309
-11.3697 123.302
-11.3335 123.291
-11.2979 123.289
-11.2625 123.289
-11.2266 123.284
-11.1913 123.285
-11.1559 123.285
-11.1204 123.285
-11.0847 123.282
-11.0488 123.275
-11.0132 123.273
-10.9779 123.275
-10.9423 123.273
-10.9066 123.269
-10.8712 123.269
-10.8357 123.269
-10.8005 123.273
-10.7651 123.273
-10.7297 123.275
-10.6943 123.275
-10.6586 123.271
-10.6231 123.271
-10.588 123.276
-10.5532 123.285
-10.5178 123.285
-10.4823 123.285
-10.4476 123.296
-10.4126 123.304
-10.1481 119.892
-10.1144 119.907
-10.0782 119.885
-10.0423 119.867
-10.2351 123.302
-9.99032 120.131
-10.1654 123.32
-10.1304 123.327
-10.0951 123.331
-10.0595 123.329
-10.0243 123.333
-9.98917 123.338
-9.95368 123.338
-9.91819 123.338
-9.88306 123.344
-9.84838 123.356
-9.81335 123.364
-9.77831 123.371
-9.74304 123.375
-9.70789 123.38
-9.67364 123.4
-9.6387 123.409
-9.60342 123.413
-9.56802 123.415
-9.53295 123.422
-9.49844 123.438
-9.46337 123.446
-9.42874 123.46
-9.39343 123.464
-9.3579 123.464
-9.3227 123.469
-9.28859 123.493
-9.25349 123.5
-9.21861 123.511
-9.18425 123.531
-9.15 123.553
-9.1152 123.566
-9.08018 123.575
-9.04633 123.604
-9.01108 123.61
-8.97593 123.617
-8.94099 123.628
-8.90604 123.639
-8.87267 123.678
-8.8376 123.687
-8.80232 123.692
-8.76797 123.714
-8.73371 123.738
-8.69841 123.743
-8.66311 123.749
-8.62852 123.767
-8.59321 123.773
-8.55901 123.798
-8.525 123.828
-8.49078 123.853
-8.45584 123.866
-8.4206 123.874
-8.38505 123.875
-8.35099 123.905
-8.31603 123.918
-8.28214 123.951
-8.24921 124.002
-8.21422 124.015
-8.1797 124.037
-8.14508 124.057
-8.10977 124.065
-8.07465 124.076
-8.04086 124.112
-8.00592 124.127
-7.97267 124.175
-7.93732 124.182
-7.90197 124.19
-7.86756 124.216
-7.83424 124.263
-7.80008 124.295
-7.76599 124.328
-7.7305 124.334
-7.69602 124.359
-7.66162 124.387
-7.62739 124.419
-7.59314 124.45
-7.56023 124.509
-7.52496 124.52
-7.49004 124.539
-7.45449 124.544
-7.42089 124.591
-7.38656 124.622
-7.35222 124.654
-7.31865 124.702
-7.2834 124.715
-7.24884 124.743
-7.21435 124.772
-7.18097 124.826
-7.0456 125.006
-7.01102 125.036
-6.9765 125.068
-6.94197 125.1
-6.90851 125.156
-6.87394 125.187
-6.84035 125.241
-6.80493 125.254
-6.7713 125.309
-6.73765 125.363
-6.66979 125.46
-6.63502 125.49
-6.60025 125.52
-6.50156 125.747
-6.46608 125.762
-6.4323 125.819
-6.39779 125.858
-6.16572 126.387
-6.1302 126.406
-5.88976 128.72
-5.85312 128.724
-5.81676 128.736
-5.78032 128.746
