-24.8724 83.9128
-24.8434 83.8995
-13.273 150.554
-12.5496 149.012
-12.2767 148.603
-12.235 148.591
-12.1913 148.548
-12.1478 148.509
-11.794 148.089
-11.7514 148.06
-11.7102 148.053
-11.6667 148.01
-11.6236 147.974
-11.5803 147.933
-11.5377 147.904
-11.324 147.741
-11.2813 147.71
-11.2399 147.698
-11.1954 147.636
-11.1524 147.597
-11.1108 147.583
-11.0699 147.579
-11.0273 147.548
-10.8158 147.409
-10.7765 147.434
-10.7335 147.393
-10.6898 147.34
-10.6487 147.333
-10.6077 147.327
-10.565 147.291
-10.5223 147.255
-10.4813 147.248
-10.4404 147.243
-10.3983 147.217
-10.3568 147.203
-10.3157 147.194
-10.2736 147.168
-10.2315 147.142
-10.1904 147.132
-10.1493 147.123
-10.1072 147.097
-10.0657 147.08
-10.0246 147.071
-9.98326 147.057
-9.9419 147.043
-9.90106 147.038
-9.85933 147.017
-9.81747 146.993
-9.77664 146.989
-9.7362 146.991
-9.69538 146.987
-9.65405 146.973
-9.61197 146.944
-9.57016 146.92
-9.5291 146.911
-9.48855 146.911
-9.44786 146.909
-9.40694 146.902
-9.36589 146.893
-9.32497 146.886
-9.28417 146.881
-9.24362 146.882
-9.20294 146.88
-9.16203 146.873
-9.12099 146.863
-9.07985 146.852
-9.03918 146.849
-8.99921 146.862
-8.95761 146.84
-8.91624 146.824
-8.87558 146.822
-8.83514 146.824
-8.79459 146.824
-8.75359 146.815
-8.71281 146.811
-8.67226 146.811
-8.63183 146.813
-8.59128 146.814
-8.55061 146.812
-8.51017 146.814
-8.46984 146.819
-8.42929 146.819
-8.38852 146.815
-8.34807 146.817
-8.30849 146.839
-8.26707 146.82
-8.22565 146.801
-8.18446 146.787
-8.14678 146.852
-8.10251 146.769
-8.06628 146.867
-8.02445 146.838
-7.98274 146.812
-7.94322 146.836
-7.90266 146.837
-7.86127 146.818
-7.8202 146.806
-7.77882 146.787
-7.73887 146.802
-7.70023 146.847
-7.66006 146.857
-7.61948 146.857
-7.57871 146.853
-7.53814 146.853
-7.49806 146.865
-7.45787 146.875
-7.41739 146.878
-7.37729 146.89
-7.33747 146.909
-7.29755 146.926
-7.25753 146.941
-7.21712 146.946
-7.17624 146.939
-7.13565 146.939
-7.09542 146.949
-7.05501 146.954
-7.01487 146.966
-6.97508 146.988
-6.93493 147
-6.89603 147.046
-6.85567 147.053
-6.81523 147.058
-6.77513 147.073
-6.73503 147.087
-6.69518 147.109
-6.65498 147.121
-6.61477 147.133
-6.57482 147.153
-6.53485 147.172
-6.49462 147.184
-6.45481 147.209
-6.41482 147.228
-6.37431 147.233
-6.33365 147.233
-6.29322 147.241
-6.25288 147.25
-6.2131 147.277
-6.17331 147.304
-6.13318 147.321
-6.09337 147.347
-6.05307 147.36
-6.01347 147.393
-5.97378 147.425
-5.93345 147.437
-5.89428 147.486
-5.85385 147.495
-5.81343 147.505
-5.77314 147.52
-5.73383 147.566
-5.69346 147.578
-5.65293 147.585
-5.61328 147.622
-5.57368 147.661
-5.53393 147.695
-5.49416 147.729
-5.45373 147.741
-5.414 147.777
-5.3744 147.819
-5.33471 147.857
-5.29473 147.887
-5.25418 147.897
-5.21424 147.928
-5.17443 147.965
-5.13473 148.006
-5.09428 148.021
-5.05429 148.052
-5.01389 148.07
-4.97446 148.123
-4.93455 148.16
-4.89463 148.196
-4.85431 148.218
-4.81493 148.277
-4.77445 148.294
-4.73441 148.328
-4.69453 148.37
-4.65543 148.443
-4.61612 148.509
-4.57612 148.548
-4.53622 148.592
-4.4963 148.636
-4.4563 148.678
-4.41635 148.722
-4.37695 148.79
-4.33683 148.83
-4.29664 148.867
-4.25717 148.935
-4.21745 148.994
-4.17864 149.095
-4.13792 149.112
-4.09834 149.181
-4.05888 149.257
-4.01935 149.331
-3.97936 149.385
-3.93908 149.427
-3.78375 149.887
-3.74342 149.934
-3.70292 149.974
-3.66246 150.016
-3.62295 150.108
-3.58575 150.321
-3.4038 151.683
-3.36231 151.693
-3.3209 151.709
-3.27921 151.709
-3.23731 151.696
-3.19606 151.722
-3.15399 151.699
