10.2225 155.815
10.2741 155.981
10.31 155.847
10.3413 152.413
10.3789 152.327
10.5251 151.913
10.5629 151.835
10.6009 151.761
10.6757 151.592
10.7117 151.484
10.7512 151.438
10.8635 151.197
10.9029 151.152
10.9422 151.106
10.9803 151.039
11.0212 151.021
11.0593 150.956
11.0971 150.886
11.136 150.833
11.1737 150.763
11.2134 150.726
11.2542 150.708
11.2917 150.636
11.3297 150.571
11.3697 150.541
11.4083 150.486
11.4493 150.474
11.49 150.456
11.5277 150.389
11.5657 150.327
11.6048 150.282
11.6438 150.237
11.6829 150.195
11.7229 150.168
11.7627 150.135
11.8016 150.091
11.841 150.053
11.881 150.026
11.9203 149.989
11.9598 149.954
11.9996 149.924
12.0389 149.887
12.0777 149.843
12.1172 149.808
12.158 149.796
12.1985 149.778
12.2371 149.731
12.2776 149.714
12.3173 149.684
12.357 149.655
12.3973 149.635
12.4384 149.628
12.4785 149.605
12.5178 149.571
12.5576 149.544
12.5961 149.497
12.6366 149.482
12.6775 149.472
12.7171 149.442
12.7555 149.396
12.7952 149.369
12.8367 149.369
12.8778 149.361
12.9176 149.337
12.9573 149.309
12.9971 149.285
13.0373 149.265
13.0783 149.258
13.1191 149.248
13.1585 149.218
13.1982 149.191
13.2381 149.169
13.2791 149.162
13.3192 149.142
13.3599 149.132
13.4004 149.118
13.4401 149.093
13.4798 149.069
13.5206 149.059
13.561 149.044
13.6019 149.037
13.6432 149.034
13.6834 149.017
13.7227 148.988
13.7625 148.965
13.8038 148.963
13.8452 148.963
13.8852 148.943
13.9254 148.926
13.9666 148.924
14.0073 148.914
14.0476 148.899
14.0885 148.892
14.1294 148.885
14.1691 148.862
14.21 148.855
14.2525 148.87
14.2911 148.833
14.331 148.813
14.3717 148.804
14.4129 148.801
14.4511 148.76
14.4929 148.764
14.5337 148.757
14.5751 148.757
14.6163 148.755
14.6559 148.733
14.6992 148.757
14.7528 148.914
14.7973 148.953
14.8274 148.809
14.8672 148.789
14.909 148.794
14.9494 148.782
14.9895 148.764
15.0316 148.774
15.072 148.762
15.1138 148.767
15.1554 148.769
15.1973 148.777
15.2395 148.787
15.2817 148.796
15.3243 148.811
15.3654 148.809
15.4062 148.801
15.448 148.806
15.4902 148.816
15.5322 148.823
15.5738 148.826
15.6152 148.826
15.6561 148.821
15.6975 148.821
15.7395 148.828
15.7809 148.828
15.8225 148.831
15.8647 148.84
15.9073 148.855
15.9487 148.855
15.9901 148.855
16.0321 148.862
16.0739 148.867
16.1157 148.872
16.1586 148.889
16.2004 148.894
16.2439 148.919
16.2862 148.929
16.3286 148.941
16.3736 148.983
16.4172 149.007
16.4588 149.01
16.5 149.007
16.5412 149.005
16.5826 149.005
16.6245 149.009
16.6663 149.014
16.7084 149.022
16.7511 149.036
16.7945 149.058
16.8359 149.058
16.88 149.088
16.9243 149.12
16.9664 149.127
17.0085 149.135
17.0526 149.164
17.0947 149.171
17.1386 149.199
17.1805 149.203
17.2233 149.218
17.2697 149.272
17.3129 149.292
17.3551 149.299
17.3968 149.302
17.443 149.354
17.4856 149.366
17.5283 149.378
17.5725 149.408
17.6174 149.445
17.6619 149.477
17.7041 149.484
17.7484 149.514
17.7911 149.526
17.8351 149.553
17.8776 149.563
17.9226 149.6
17.9679 149.64
18.013 149.677
18.1461 149.766
18.1934 149.825
18.2364 149.84
18.2818 149.88
18.3269 149.917
18.8741 150.401
18.9227 150.471
19.0644 150.636
