-2.66495 133.193
-2.62744 133.185
-2.59022 133.195
-2.55271 133.187
-1.85147 130.764
-1.81442 130.747
-1.70123 130.503
-1.66414 130.475
-1.62703 130.444
-1.58957 130.377
-1.55249 130.346
-1.51543 130.314
-1.32957 130.072
-1.2926 130.039
-1.25565 130.007
-1.14461 129.877
-0.99716 129.75
-0.960348 129.721
-0.923672 129.711
-0.886727 129.656
-0.849921 129.621
-0.813175 129.594
-0.77643 129.565
-0.739658 129.528
-0.702835 129.477
-0.666229 129.468
-0.629522 129.435
-0.592871 129.411
-0.556223 129.386
-0.519624 129.371
-0.482905 129.32
-0.446334 129.307
-0.409732 129.281
-0.373131 129.252
-0.336595 129.243
-0.300035 129.221
-0.26348 129.198
-0.226964 129.188
-0.190376 129.138
-0.153862 129.119
-0.117351 129.095
-0.0808511 129.072
-0.0443761 129.064
-0.00790466 129.057
0.028572 129.031
0.0650373 129.006
0.10149 128.997
0.137933 128.952
0.174368 128.939
0.210792 128.917
0.247212 128.904
0.283613 128.877
0.32001 128.857
0.356417 128.85
0.392814 128.838
0.42919 128.819
0.465565 128.803
0.501957 128.797
0.538326 128.784
0.574672 128.765
0.610998 128.741
0.647338 128.726
0.683686 128.714
0.719991 128.693
0.756341 128.685
0.792671 128.674
0.829013 128.666
0.865334 128.654
0.901602 128.633
0.937939 128.627
0.974264 128.62
1.01052 128.6
1.04681 128.589
1.08316 128.587
1.11948 128.581
1.15581 128.577
1.19211 128.569
1.22838 128.558
1.26465 128.546
1.30093 128.536
1.33723 128.53
1.37357 128.53
1.40988 128.526
1.44611 128.513
1.48235 128.501
1.51864 128.496
1.55491 128.488
1.59122 128.486
1.62756 128.486
1.66391 128.487
1.70017 128.48
1.7364 128.47
1.77263 128.46
1.80892 128.456
1.84533 128.464
1.88162 128.46
1.91775 128.443
1.95398 128.435
1.99033 128.437
2.02674 128.444
2.06302 128.44
2.0993 128.436
2.13557 128.433
2.17179 128.425
2.20779 128.4
2.24451 128.43
2.28106 128.447
2.31739 128.447
2.3535 128.432
2.38985 128.434
2.42634 128.445
2.46243 128.43
2.49867 128.424
2.53493 128.42
2.57122 128.418
2.60745 128.412
2.64367 128.406
2.68002 128.408
2.71652 128.419
2.75303 128.431
2.78948 128.438
2.82573 128.434
2.86202 128.432
2.89841 128.436
2.93476 128.438
2.97115 128.442
3.00764 128.451
3.04404 128.455
3.08029 128.451
3.11665 128.453
3.15319 128.464
3.18967 128.471
3.22603 128.473
3.26258 128.485
3.2991 128.494
3.33555 128.5
3.37196 128.503
3.40838 128.507
3.44487 128.515
3.48153 128.53
3.51795 128.534
3.55437 128.537
3.59112 128.556
3.62759 128.562
3.6639 128.56
3.70041 128.568
3.73715 128.585
3.77393 128.604
3.81046 128.611
3.84686 128.613
3.8834 128.621
3.92016 128.638
3.95684 128.651
3.99344 128.66
4.03004 128.67
4.06678 128.685
4.10353 128.7
4.14005 128.706
4.17666 128.716
4.21313 128.719
4.24971 128.727
4.28653 128.744
4.32351 128.767
4.36051 128.79
4.39787 128.826
4.43452 128.836
4.47118 128.845
4.50763 128.847
4.5444 128.86
4.5815 128.885
4.61828 128.898
4.65497 128.908
4.6922 128.937
4.72944 128.965
4.76648 128.986
4.80307 128.992
4.83984 129.004
4.87695 129.027
4.91402 129.048
4.95144 129.08
4.9887 129.107
5.02532 129.113
5.06201 129.12
5.09936 129.149
5.13731 129.197
5.17421 129.211
5.21213 129.257
5.24886 129.264
5.28633 129.295
5.32375 129.324
5.36043 129.33
5.39787 129.359
5.43545 129.391
5.47292 129.42
5.51046 129.451
5.54801 129.482
5.77355 129.665
5.81107 129.692
5.9997 129.853
6.03757 129.888
6.07715 129.969
6.11506 130.004
6.15284 130.035
6.22997 130.139
6.26838 130.185
6.30535 130.193
6.38241 130.29
6.42127 130.347
6.45857 130.362
6.49869 130.45
6.53846 130.529
6.57612 130.552
6.61495 130.605
6.65396 130.662
6.85282 131.031
6.89047 131.051
