-37.5775 131.411
-37.5403 131.408
-37.4974 131.378
-37.4593 131.37
-37.4111 131.317
-37.3616 131.258
-37.3231 131.248
-37.2794 131.215
-37.2357 131.181
-37.1951 131.162
-37.1575 131.156
-37.1195 131.148
-37.0776 131.123
-37.0357 131.097
-36.9973 131.087
-36.9549 131.06
-36.9122 131.03
-36.869 130.999
-36.8267 130.972
-36.7888 130.964
-36.7517 130.96
-36.7099 130.934
-36.6724 130.929
-36.6302 130.901
-36.5927 130.895
-36.5509 130.87
-36.5091 130.844
-36.4717 130.839
-36.4333 130.829
-36.3933 130.811
-36.3558 130.805
-36.315 130.784
-36.2728 130.756
-36.2354 130.751
-36.1945 130.729
-36.1575 130.725
-36.1196 130.717
-36.0784 130.694
-36.041 130.688
-36.0035 130.682
-35.9657 130.674
-35.9283 130.669
-35.8879 130.649
-35.8513 130.647
-35.8131 130.637
-35.7723 130.616
-35.7328 130.6
-35.6958 130.596
-35.6584 130.591
-35.6202 130.581
-35.5803 130.563
-35.5471 130.577
-35.5126 130.585
-35.4752 130.579
-35.4341 130.555
-35.3971 130.552
-35.3597 130.546
-35.3178 130.518
-35.2812 130.517
-35.2501 130.54
-35.2148 130.544
-35.1782 130.542
-35.1417 130.54
-35.1018 130.522
-35.0628 130.509
-35.0267 130.509
-34.991 130.511
-34.9557 130.515
-34.9216 130.524
-34.885 130.522
-34.8464 130.511
-34.8095 130.507
-34.7713 130.497
-34.7343 130.493
-34.6998 130.501
-34.6653 130.509
-34.6288 130.507
-34.5927 130.507
-34.5573 130.511
-34.5232 130.521
-34.4887 130.528
-34.4534 130.532
-34.416 130.526
-34.377 130.513
-34.3397 130.507
-34.3027 130.503
-34.267 130.505
-34.2316 130.509
-34.1975 130.519
-34.1649 130.536
-34.13 130.542
-34.0975 130.56
-34.0649 130.577
-34.0291 130.579
-33.993 130.579
-33.9584 130.587
-33.925 130.601
-33.8884 130.599
-33.8527 130.601
-33.8217 130.626
-33.7891 130.644
-33.7489 130.624
-33.7151 130.636
-33.6793 130.638
-33.651 130.677
-33.612 130.663
-33.5739 130.653
-33.5428 130.679
-33.5145 130.718
-33.483 130.741
-33.4452 130.734
-33.407 130.724
-33.3712 130.726
-33.3358 130.73
-33.2999 130.732
-33.2649 130.738
-33.2314 130.751
-33.1956 130.753
-33.1581 130.747
-33.1231 130.753
-33.0915 130.777
-33.0561 130.781
-33.0198 130.781
-32.9871 130.798
-32.9536 130.812
-32.9177 130.814
-32.8822 130.818
-32.8475 130.826
-32.8159 130.849
-32.7819 130.861
-32.7484 130.875
-32.7175 130.902
-32.6851 130.922
-32.6484 130.92
-32.6129 130.924
-32.5804 130.943
-32.5511 130.979
-32.5175 130.992
-32.4777 130.975
-32.4406 130.971
-32.4108 131.004
-32.3848 131.057
-32.3512 131.071
-32.3187 131.091
-32.2858 131.108
-32.2506 131.114
-32.2169 131.128
-32.1859 131.156
-32.1533 131.175
-32.1219 131.201
-32.0886 131.217
-32.0575 131.244
-32.0268 131.274
-31.9923 131.284
-31.9597 131.303
-31.9249 131.311
-31.8903 131.321
-31.8626 131.366
-31.8292 131.382
-31.7973 131.406
-31.7624 131.414
-31.7324 131.447
-31.7053 131.497
-31.6696 131.501
-31.6343 131.507
-31.6061 131.55
-31.5723 131.564
-31.5418 131.596
-31.5121 131.631
-31.4816 131.663
-31.4499 131.689
-31.4183 131.714
-31.3833 131.722
-31.3486 131.732
-31.3214 131.782
-31.2875 131.796
-31.2606 131.847
-31.2259 131.857
-31.2001 131.915
-31.1651 131.923
-31.1329 131.947
-31.1027 131.98
-31.0764 132.036
-31.0458 132.068
-31.0114 132.08
-30.9807 132.112
-30.9496 132.141
-30.9229 132.195
-30.8981 132.259
-30.8673 132.291
-30.8325 132.301
-30.7962 132.303
-30.7651 132.333
-30.7397 132.395
-30.6781 132.459
-30.652 132.517
-30.2535 133.159
-30.2231 133.196
-30.1899 133.216
-30.1552 133.228
-30.1353 133.323
-30.111 133.394
-30.0845 133.452
-30.0634 133.541
-30.0297 133.56
-30.0014 133.608
-29.9774 133.681
-29.9573 133.777
-29.9314 133.84
-29.9063 133.907
-29.8771 133.951
-29.8605 134.067
-29.8317 134.114
-29.8104 134.204
-29.7894 134.296
-29.7613 134.347
-29.7289 134.587
-29.7038 134.656
-29.9589 137.419
