-24.8724 83.9128
23.141 147.279
23.1733 147.214
23.2062 147.154
23.2394 147.096
23.2695 147.015
23.2927 146.878
23.3149 146.735
24.2653 145.686
24.4651 145.381
24.5035 145.369
24.5359 145.312
24.567 145.246
24.6707 145.125
24.7088 145.111
24.7404 145.05
24.7778 145.031
24.81 144.974
24.8458 144.944
24.8838 144.929
24.915 144.866
24.9845 144.791
25.023 144.781
25.0545 144.72
25.0898 144.687
25.1277 144.673
25.1659 144.661
25.1977 144.603
25.2365 144.595
25.2724 144.567
25.3099 144.55
25.3435 144.506
25.3781 144.468
25.4149 144.447
25.4498 144.412
25.4837 144.37
25.5191 144.339
25.5562 144.321
25.5888 144.269
25.6265 144.255
25.6619 144.225
25.7003 144.215
25.7364 144.189
25.7748 144.18
25.8092 144.142
25.8462 144.124
25.8829 144.102
25.9192 144.079
25.9559 144.058
25.9896 144.016
26.0272 144.002
26.0648 143.988
26.1028 143.976
26.1411 143.966
26.178 143.947
26.2136 143.919
26.2499 143.896
26.2885 143.889
26.3267 143.879
26.3626 143.853
26.4002 143.839
26.4364 143.816
26.4722 143.79
26.5091 143.771
26.5439 143.739
26.5794 143.711
26.6166 143.694
26.6558 143.692
26.6947 143.687
26.7322 143.673
26.7703 143.663
26.8068 143.642
26.8429 143.619
26.8807 143.607
26.9195 143.602
26.9587 143.6
26.9972 143.592
27.035 143.581
27.0714 143.56
27.1084 143.543
27.1466 143.534
27.1871 143.54
27.2273 143.545
27.2664 143.542
27.3014 143.512
27.3374 143.488
27.3751 143.477
27.4128 143.465
27.4544 143.478
27.4928 143.471
27.5281 143.443
27.5616 143.404
27.5993 143.392
27.6493 143.461
27.7602 143.926
27.7378 143.522
27.7677 143.46
27.8039 143.439
27.842 143.429
27.8779 143.406
27.9166 143.401
27.9539 143.387
27.993 143.384
28.0299 143.368
28.0701 143.372
28.1099 143.374
28.1471 143.36
28.1851 143.351
28.2231 143.341
28.2625 143.341
28.3027 143.345
28.3425 143.347
28.3819 143.347
28.4217 143.349
28.4625 143.358
28.5023 143.36
28.541 143.355
28.5797 143.35
28.6194 143.352
28.6592 143.354
28.6983 143.351
28.7362 143.342
28.776 143.344
28.8194 143.368
28.8603 143.377
28.8994 143.375
28.9388 143.374
28.9793 143.381
29.0213 143.397
29.0585 143.383
29.096 143.371
29.1354 143.37
29.1767 143.382
29.2179 143.393
29.2581 143.397
29.3001 143.413
29.3403 143.417
29.3797 143.417
29.4191 143.416
29.4615 143.434
29.5035 143.45
29.5437 143.454
29.5835 143.456
29.6263 143.477
29.6684 143.492
29.707 143.487
29.746 143.485
29.7862 143.489
29.8283 143.505
29.8688 143.511
29.9121 143.534
29.9519 143.536
29.9959 143.563
30.0353 143.563
30.0759 143.569
30.1184 143.587
30.1605 143.603
30.2045 143.63
30.2471 143.648
30.2869 143.65
30.3279 143.659
30.3712 143.682
30.4184 143.728
30.4586 143.732
30.4984 143.734
30.5398 143.745
30.5832 143.768
30.6238 143.774
30.6676 143.799
30.7094 143.813
30.7528 143.835
30.7934 143.842
30.8388 143.876
30.8858 143.92
30.9272 143.931
30.9707 143.954
31.0149 143.981
31.0616 144.022
31.1086 144.066
31.1541 144.1
31.1952 144.109
31.2383 144.129
31.2794 144.138
31.3214 144.152
31.3705 144.207
31.4161 144.241
31.4625 144.28
31.5085 144.317
31.5549 144.356
31.5969 144.37
31.6462 144.425
31.6882 144.438
31.7371 144.492
31.7787 144.503
31.8293 144.565
31.8783 144.618
31.9249 144.657
31.9682 144.678
32.0161 144.724
32.0639 144.77
32.1143 144.831
32.1614 144.872
32.213 144.939
32.2593 144.976
32.4134 145.171
