-10.7586 165.79
-10.4273 165.507
-10.3796 165.458
-10.3337 165.444
-10.2866 165.406
-10.2391 165.36
-10.1917 165.317
-10.1463 165.311
-10.0991 165.271
-10.0535 165.263
-10.0079 165.254
-9.96109 165.22
-9.91313 165.162
-9.86463 165.093
-9.8177 165.055
-9.77217 165.047
-9.72678 165.042
-9.67961 164.998
-9.63273 164.961
-9.5875 164.959
-9.54254 164.962
-9.49649 164.942
-9.44912 164.893
-9.40337 164.879
-9.35616 164.833
-9.31056 164.822
-9.26522 164.817
-9.21937 164.8
-9.17378 164.788
-9.1269 164.748
-9.08106 164.731
-9.03549 164.72
-8.98993 164.709
-8.94399 164.689
-8.89856 164.681
-8.85301 164.67
-8.80709 164.65
-8.76043 164.613
-8.71502 164.604
-8.67097 164.628
-8.62581 164.626
-8.58029 164.614
-8.53415 164.589
-8.48767 164.554
-8.44193 164.537
-8.39678 164.535
-8.35164 164.532
-8.30626 164.524
-8.26006 164.496
-8.21493 164.493
-8.17015 164.499
-8.12513 164.5
-8.07988 164.494
-8.0336 164.463
-7.98665 164.414
-7.94165 164.415
-7.89698 164.424
-7.85175 164.418
-7.80619 164.404
-7.76052 164.387
-7.71464 164.365
-7.66932 164.356
-7.62367 164.339
-7.57835 164.331
-7.53358 164.337
-7.48752 164.309
-7.44242 164.306
-7.39765 164.313
-7.35256 164.31
-7.30527 164.247
-7.25977 164.233
-7.21573 164.259
-7.17106 164.268
-7.127 164.295
-7.08089 164.263
-7.03349 164.194
-6.98722 164.157
-6.94475 164.23
-6.89978 164.23
-6.85677 164.288
-6.81295 164.323
-6.76825 164.332
-6.72402 164.356
-6.67911 164.359
-6.63449 164.371
-6.59043 164.4
-6.54607 164.421
-6.50283 164.476
-6.45789 164.48
-6.41294 164.483
-6.36818 164.492
-6.32369 164.51
-6.27937 164.533
-6.23469 164.545
-6.19026 164.566
-6.14565 164.581
-6.10068 164.584
-6.05544 164.578
-6.01021 164.573
-5.96575 164.594
-5.92129 164.614
-5.87707 164.644
-5.83267 164.667
-5.78758 164.668
-5.7425 164.668
-5.69758 164.674
-5.65332 164.703
-5.60945 164.747
-5.56483 164.765
-5.51964 164.763
-5.4743 164.754
-5.43006 164.786
-5.38519 164.795
-5.3403 164.805
-5.29611 164.84
-5.25198 164.878
-5.2073 164.896
-5.16315 164.934
-5.11822 164.943
-5.07389 164.975
-5.02961 165.01
-4.98474 165.022
-4.93979 165.031
-4.89548 165.067
-4.85066 165.082
-4.80653 165.126
-4.76169 165.14
-4.71739 165.179
-4.67308 165.217
-4.62807 165.226
-4.58379 165.267
-4.53944 165.305
-4.4944 165.314
-4.45015 165.359
-4.40509 165.368
-4.36068 165.406
-4.31549 165.409
-4.2713 165.459
-4.22696 165.503
-4.18267 165.55
-4.13756 165.56
-4.09379 165.633
-4.04877 165.648
-4.00453 165.701
-3.96026 165.754
-3.91568 165.793
-3.87108 165.831
-3.826 165.846
-3.78137 165.884
-3.73667 165.92
-3.69135 165.923
-3.42573 166.307
-2.277 169.225
-2.23013 169.159
-2.18455 169.208
