6.00977 117.892
6.04389 117.884
6.07849 117.887
6.11281 117.884
6.1481 117.904
6.28657 115.441
6.31791 115.38
6.34951 115.326
6.38102 115.27
6.41054 115.168
6.44003 115.066
6.47046 114.988
6.50086 114.909
6.5313 114.833
6.56349 114.797
6.59466 114.738
6.62573 114.678
6.65729 114.629
6.6894 114.593
6.72078 114.541
6.75117 114.468
6.78162 114.397
6.81373 114.362
6.84604 114.333
6.87738 114.283
6.90862 114.231
6.93976 114.178
6.97111 114.129
7.00327 114.099
7.03451 114.049
7.06664 114.018
7.09806 113.973
7.12939 113.926
7.16055 113.876
7.19238 113.841
7.22381 113.797
7.25584 113.767
7.28794 113.738
7.31909 113.689
7.35044 113.646
7.38258 113.619
7.4147 113.591
7.44657 113.559
7.47787 113.516
7.50995 113.489
7.54178 113.457
7.57392 113.431
7.60547 113.394
7.63816 113.38
7.66969 113.343
7.70137 113.31
7.73345 113.284
7.76543 113.257
7.79724 113.227
7.82861 113.188
7.86106 113.171
7.89223 113.129
7.92483 113.115
7.95649 113.083
7.98907 113.069
8.02036 113.031
8.05215 113.002
8.08427 112.98
8.11708 112.97
8.14927 112.949
8.18128 112.926
8.21399 112.914
8.24544 112.881
8.27778 112.864
8.30947 112.835
8.34206 112.822
8.37482 112.813
8.4063 112.781
8.43859 112.764
8.46996 112.73
8.50278 112.722
8.53551 112.713
8.56758 112.692
8.59974 112.673
8.6317 112.651
8.66356 112.627
8.6955 112.605
8.72809 112.594
8.7602 112.575
8.79278 112.564
8.8245 112.539
8.85649 112.518
8.88866 112.501
8.92131 112.492
8.95347 112.474
8.98591 112.462
9.01815 112.446
9.05097 112.44
9.0829 112.419
9.11503 112.402
9.14812 112.4
9.18092 112.394
9.21323 112.38
9.24502 112.358
9.27751 112.347
9.30999 112.336
9.34197 112.317
9.37453 112.307
9.4074 112.302
9.43976 112.29
9.47201 112.276
9.50405 112.258
9.53691 112.254
9.56955 112.246
9.60157 112.229
9.63358 112.211
9.66621 112.203
9.69915 112.2
9.73177 112.192
9.76439 112.185
9.79742 112.183
9.83025 112.178
9.86264 112.167
9.89493 112.155
9.92753 112.147
9.96044 112.144
9.99368 112.146
10.0267 112.144
10.0589 112.13
10.0904 112.106
10.1233 112.103
10.1562 112.1
10.1888 112.094
10.2215 112.088
10.2543 112.083
10.2873 112.081
10.3204 112.081
10.3538 112.085
10.387 112.086
10.4199 112.083
10.4525 112.077
10.4853 112.072
10.5177 112.063
10.5498 112.049
10.5828 112.047
10.6163 112.052
10.6502 112.063
10.6832 112.061
10.7153 112.049
10.7482 112.046
10.7808 112.039
10.8134 112.032
10.846 112.025
10.879 112.024
10.9127 112.032
10.9458 112.032
10.9784 112.026
11.0109 112.018
11.0433 112.008
11.0758 112.001
11.1091 112.004
11.1424 112.007
11.1755 112.007
11.2085 112.005
11.2417 112.007
11.2756 112.018
11.3092 112.024
11.343 112.034
11.3761 112.034
11.4091 112.032
11.4421 112.031
11.4751 112.029
11.5084 112.033
11.5421 112.04
11.576 112.05
11.6096 112.056
11.6425 112.055
11.6753 112.05
11.7085 112.052
11.7421 112.058
11.7765 112.074
11.8099 112.079
11.8431 112.079
11.8763 112.08
11.9094 112.08
11.9421 112.076
11.9756 112.08
12.0096 112.091
12.0434 112.099
12.0776 112.114
12.1112 112.118
12.1441 112.117
12.1772 112.117
12.2117 112.133
12.2455 112.141
12.2794 112.15
12.3138 112.166
12.3476 112.174
12.3818 112.186
12.4153 112.191
12.4493 112.201
12.4831 112.209
12.5171 112.22
12.5514 112.232
12.5855 112.243
12.6193 112.251
12.6531 112.259
12.6882 112.281
12.7228 112.299
12.7574 112.315
12.7909 112.319
12.8246 112.326
12.8596 112.346
12.8949 112.37
12.9286 112.376
12.9619 112.378
12.9962 112.391
13.0299 112.397
13.0649 112.418
13.1004 112.443
13.1347 112.456
13.1705 112.484
13.2042 112.491
13.2384 112.502
13.2748 112.537
13.3086 112.543
13.3438 112.565
13.378 112.576
13.4117 112.581
13.4462 112.596
13.4805 112.607
13.5159 112.631
13.551 112.651
13.585 112.659
13.6218 112.697
13.656 112.708
13.6929 112.747
13.7273 112.759
13.7638 112.794
13.798 112.804
13.8322 112.814
13.8695 112.856
13.9052 112.882
13.9403 112.901
13.9742 112.908
14.0098 112.931
14.0454 112.955
14.081 112.979
14.117 113.008
14.1533 113.038
14.1908 113.082
14.225 113.091
14.2625 113.134
14.2966 113.142
14.3345 113.189
14.3723 113.233
14.4081 113.259
14.5163 113.341
14.554 113.384
14.5906 113.416
14.6296 113.472
14.6659 113.501
14.702 113.529
14.7403 113.577
14.7786 113.625
14.8166 113.67
14.853 113.699
14.8874 113.709
14.9236 113.736
15.0435 113.927
15.0807 113.962
15.1193 114.012
15.1579 114.061
