-14.699 163.15
-14.6552 163.15
-14.6107 163.142
-13.9935 161.23
-13.9473 161.191
-13.9006 161.145
-13.371 160.38
-13.327 160.37
-13.2806 160.324
-13.2365 160.31
-13.189 160.248
-13.1449 160.234
-13.0984 160.186
-13.05 160.107
-13.0041 160.067
-12.96 160.053
-12.9125 159.989
-12.8684 159.975
-12.8207 159.905
-12.7764 159.889
-12.7324 159.876
-12.6852 159.813
-12.641 159.797
-12.5935 159.73
-12.5477 159.687
-12.5037 159.674
-12.4597 159.66
-12.4147 159.631
-12.3697 159.601
-12.3259 159.591
-12.2804 159.553
-12.2363 159.537
-12.1909 159.499
-12.1458 159.467
-12.1002 159.427
-12.0562 159.411
-12.0124 159.4
-11.9675 159.371
-11.9227 159.341
-11.8785 159.323
-11.833 159.282
-11.7896 159.277
-11.7453 159.256
-11.7014 159.242
-11.6565 159.21
-11.6128 159.2
-11.5693 159.192
-11.5256 159.181
-11.4799 159.136
-11.4364 159.128
-11.3929 159.12
-11.3491 159.106
-11.3057 159.098
-11.2614 159.077
-11.2164 159.042
-11.1723 159.024
-11.1287 159.013
-11.0845 158.992
-11.0415 158.992
-10.9984 158.989
-10.9551 158.984
-10.9115 158.973
-10.8676 158.957
-10.8236 158.939
-10.7797 158.923
-10.7369 158.926
-10.6946 158.939
-10.6509 158.926
-10.6073 158.915
-10.5638 158.905
-10.5201 158.891
-10.4762 158.875
-10.4331 158.873
-10.3903 158.875
-10.3463 158.857
-10.3029 158.849
-10.2602 158.854
-10.2168 158.846
-10.1734 158.838
-10.1302 158.833
-10.0871 158.831
-10.0436 158.82
-10.0006 158.82
-9.95736 158.815
-9.91385 158.804
-9.87182 158.823
-9.8302 158.85
-9.78708 158.847
-9.74464 158.858
-9.70126 158.85
-9.65722 158.829
-9.61425 158.829
-9.57035 158.81
-9.52803 158.824
-9.48402 158.802
-9.44027 158.786
-9.3982 158.805
-9.35715 158.845
-9.31531 158.869
-9.27105 158.843
-9.22744 158.829
-9.18496 158.84
-9.14297 158.862
-9.10123 158.888
-9.05712 158.864
-9.01375 158.856
-8.97089 158.859
-8.92936 158.891
-8.88648 158.894
-8.84312 158.886
-8.80024 158.889
-8.75724 158.889
-8.7146 158.897
-8.67219 158.91
-8.62953 158.919
-8.58676 158.924
-8.54457 158.943
-8.50225 158.959
-8.46004 158.978
-8.41759 158.991
-8.37491 158.999
-8.33222 159.007
-8.28941 159.013
-8.24728 159.034
-8.20458 159.042
-8.16232 159.061
-8.11972 159.072
-8.07711 159.083
-8.03428 159.088
-7.99188 159.104
-7.94937 159.118
-7.90674 159.128
-7.86389 159.134
-7.82189 159.161
-7.77999 159.19
-7.73744 159.204
-7.69467 159.212
-7.65211 159.225
-7.61121 159.282
-7.56831 159.287
-7.52542 159.293
-7.48231 159.293
-7.43951 159.301
-7.39742 159.328
-7.35511 159.349
-7.31409 159.406
-7.27146 159.419
-7.22891 159.435
-7.18696 159.468
-7.1442 159.479
-7.10231 159.514
-7.05964 159.527
-7.01782 159.565
-6.9758 159.597
-6.93367 159.627
-6.89105 159.643
-6.84918 159.681
-6.80663 159.7
-6.76538 159.757
-6.72262 159.77
-6.6806 159.805
-6.63783 159.819
-6.59586 159.857
-6.55298 159.867
-6.51109 159.908
-6.46899 159.943
-6.42706 159.984
-6.38511 160.024
-6.34314 160.065
-6.30028 160.079
-6.25915 160.146
-6.21627 160.16
-6.17449 160.209
-6.13354 160.285
-6.09071 160.301
-6.04845 160.336
-6.00635 160.377
-5.96439 160.423
-5.9225 160.472
-5.88124 160.543
-5.83824 160.557
-5.79597 160.595
-5.754 160.644
-5.71304 160.728
-5.67094 160.775
-5.6296 160.848
-5.58762 160.9
-5.54545 160.947
-5.50304 160.985
-5.46107 161.04
-5.253 161.393
-5.21154 161.473
-5.16997 161.55
