15.3949 143.084
15.4345 143.077
16.095 141.475
16.1342 141.468
16.1697 141.42
16.198 141.292
16.2975 141.074
16.3356 141.056
16.3712 141.01
16.4028 140.922
16.4394 140.888
16.4776 140.872
16.5116 140.811
16.5479 140.774
16.5807 140.7
16.6142 140.634
16.6505 140.598
16.6867 140.562
16.7229 140.526
16.7608 140.508
16.7942 140.442
16.8304 140.406
16.8664 140.368
16.9031 140.338
16.9395 140.304
16.9732 140.244
17.0119 140.235
17.0477 140.196
17.0829 140.151
17.1157 140.082
17.152 140.048
17.1884 140.016
17.2264 140.001
17.2595 139.936
17.2952 139.897
17.3345 139.895
17.3713 139.868
17.4083 139.843
17.4461 139.828
17.4822 139.794
17.5161 139.738
17.5535 139.718
17.5905 139.693
17.6285 139.68
17.665 139.651
17.7013 139.619
17.7375 139.588
17.7735 139.554
17.8115 139.541
17.8472 139.505
17.8834 139.474
17.9196 139.443
17.9575 139.429
17.9943 139.405
18.0307 139.376
18.0686 139.362
18.1068 139.351
18.146 139.351
18.1824 139.322
18.2193 139.299
18.2526 139.242
18.2905 139.228
18.3275 139.206
18.3658 139.197
18.4039 139.186
18.4401 139.157
18.4765 139.13
18.5155 139.128
18.5541 139.121
18.5907 139.096
18.6287 139.085
18.6677 139.083
18.706 139.074
18.7421 139.045
18.7785 139.018
18.8151 138.994
18.8528 138.98
18.8911 138.972
18.9295 138.965
18.9682 138.96
19.0067 138.954
19.0437 138.933
19.0802 138.909
19.1148 138.867
19.154 138.867
19.1934 138.869
19.2298 138.844
19.2656 138.813
19.3035 138.802
19.3383 138.762
19.373 138.723
19.4104 138.707
19.4493 138.705
19.4896 138.716
19.5279 138.709
19.567 138.709
19.6103 138.746
19.6479 138.733
19.6856 138.719
19.7251 138.724
19.7657 138.737
19.8038 138.728
19.8412 138.712
19.879 138.701
19.9181 138.701
19.9585 138.712
19.9968 138.705
20.0313 138.666
20.0661 138.628
20.1075 138.648
20.1483 138.663
20.1902 138.687
20.2275 138.672
20.265 138.658
20.3041 138.658
20.3434 138.66
20.3827 138.662
20.422 138.664
20.4606 138.66
20.4996 138.66
20.54 138.671
20.5806 138.684
20.6202 138.688
20.6595 138.69
20.6978 138.684
20.7353 138.67
20.7751 138.677
20.8129 138.666
20.8538 138.681
20.8944 138.694
20.9334 138.694
20.9725 138.694
21.0123 138.7
21.054 138.722
21.0934 138.724
21.1324 138.724
21.1715 138.724
21.2111 138.728
21.2512 138.737
21.29 138.735
21.3277 138.724
21.3662 138.719
21.4063 138.728
21.4478 138.747
21.4885 138.761
21.5308 138.787
21.5704 138.791
21.6103 138.798
21.6521 138.82
21.6914 138.822
21.7305 138.822
21.7698 138.824
21.8116 138.846
21.8515 138.852
21.8908 138.854
21.9305 138.859
21.9734 138.889
22.013 138.894
22.0529 138.9
22.0959 138.931
22.1383 138.957
22.1782 138.964
22.2179 138.968
22.2575 138.973
22.2972 138.977
22.3371 138.983
22.3818 139.027
22.422 139.036
22.4626 139.047
22.507 139.089
22.5439 139.071
22.5844 139.082
22.6238 139.084
22.6657 139.106
22.7088 139.137
22.7543 139.186
22.8003 139.239
22.8371 139.221
22.8757 139.216
22.9177 139.238
22.9623 139.28
23.0035 139.296
23.0496 139.349
23.0934 139.384
23.1337 139.393
23.1729 139.393
23.2156 139.42
23.2565 139.433
23.3042 139.497
23.3442 139.504
23.3843 139.51
23.4754 139.606
23.6914 139.754
23.7352 139.788
23.778 139.814
23.8218 139.848
23.8665 139.888
23.9157 139.961
23.9571 139.977
23.9994 139.999
24.0393 140.003
24.0828 140.034
24.3604 140.338
24.4087 140.403
