6.5084 147.753
6.54674 147.671
6.58512 147.591
6.69516 147.214
6.73451 147.166
6.77488 147.147
6.81402 147.094
6.85296 147.037
6.89108 146.957
6.9273 146.828
6.96597 146.765
7.00623 146.746
7.04449 146.674
7.08246 146.595
7.12166 146.55
7.16076 146.502
7.19919 146.438
7.2387 146.402
7.27727 146.342
7.31732 146.321
7.35556 146.254
7.39368 146.185
7.43358 146.162
7.47222 146.107
7.51142 146.066
7.55051 146.024
7.58977 145.986
7.62892 145.945
7.66795 145.903
7.70608 145.839
7.74596 145.817
7.78315 145.732
7.8234 145.72
7.86304 145.694
7.90318 145.68
7.9426 145.649
7.9815 145.607
8.02048 145.566
8.05975 145.533
8.09911 145.503
8.1395 145.496
8.17864 145.46
8.21712 145.411
8.25517 145.352
8.29562 145.347
8.33554 145.331
8.37492 145.302
8.4144 145.276
8.45343 145.241
8.49299 145.218
8.53199 145.182
8.57109 145.149
8.61029 145.119
8.65035 145.107
8.68963 145.079
8.72946 145.063
8.76883 145.037
8.80808 145.009
8.84811 144.997
8.8879 144.98
8.92746 144.959
8.96656 144.929
9.00575 144.901
9.04574 144.889
9.08515 144.866
9.12501 144.852
9.1644 144.828
9.20448 144.819
9.24409 144.8
9.2838 144.784
9.3228 144.753
9.36274 144.742
9.40267 144.73
9.44248 144.716
9.48276 144.711
9.5228 144.702
9.5621 144.679
9.60164 144.66
9.64105 144.639
9.68069 144.623
9.72008 144.602
9.76008 144.592
9.80008 144.583
9.83982 144.569
9.87956 144.555
9.91917 144.539
9.95952 144.536
9.99975 144.532
10.0396 144.52
10.0794 144.508
10.1195 144.501
10.1596 144.495
10.1998 144.49
10.2398 144.481
10.2791 144.46
10.3185 144.441
10.3582 144.427
10.3973 144.404
10.4373 144.397
10.4779 144.399
10.5178 144.39
10.557 144.366
10.5967 144.355
10.6363 144.341
10.675 144.311
10.7149 144.301
10.7556 144.306
10.7956 144.299
10.8359 144.297
10.8752 144.278
10.9158 144.281
10.9566 144.288
10.9987 144.316
11.0361 144.264
11.0772 144.276
11.1197 144.311
11.1606 144.318
11.201 144.318
11.2407 144.307
11.283 144.337
11.3243 144.351
11.3653 144.361
11.4062 144.368
11.4466 144.368
11.4871 144.368
11.5277 144.37
11.5681 144.37
11.6084 144.368
11.6488 144.368
11.6896 144.373
11.7308 144.385
11.7713 144.387
11.8116 144.385
11.8524 144.389
11.8937 144.403
11.9337 144.396
11.9742 144.396
12.0144 144.394
12.0549 144.394
12.0962 144.408
12.137 144.413
12.1779 144.42
12.2193 144.434
12.2602 144.441
12.3016 144.455
12.3427 144.465
12.3844 144.484
12.4261 144.502
12.4669 144.507
12.507 144.502
12.5473 144.5
12.5891 144.519
12.6308 144.538
12.6719 144.547
12.7129 144.554
12.7538 144.561
12.7959 144.585
12.8371 144.594
12.8785 144.608
12.92 144.622
12.9608 144.627
13.0021 144.639
13.0451 144.674
13.0859 144.679
13.1277 144.698
13.1689 144.707
13.2138 144.768
13.255 144.777
13.2962 144.787
13.3387 144.815
13.3798 144.822
13.4225 144.853
13.4653 144.883
13.5061 144.888
13.5472 144.895
13.5883 144.902
13.6311 144.933
13.6742 144.968
13.7158 144.982
13.7587 145.013
13.7997 145.02
13.8447 145.079
13.8858 145.086
13.9291 145.121
13.972 145.152
14.0135 145.164
14.0562 145.192
14.0995 145.228
14.1412 145.242
14.1842 145.273
14.2273 145.306
14.269 145.32
14.3146 145.384
14.3578 145.417
14.4014 145.455
14.4432 145.469
14.4884 145.528
14.5304 145.545
14.5739 145.58
14.6177 145.621
14.6639 145.689
14.7083 145.737
14.7517 145.77
14.7952 145.806
14.8392 145.846
14.8811 145.86
14.9277 145.934
14.9739 146.001
15.016 146.017
15.062 146.082
15.1053 146.113
15.1521 146.187
15.1968 146.234
15.2427 146.296
15.2843 146.306
15.475 146.636
15.5199 146.684
15.5642 146.725
