-10.4983 133.689
-10.4581 133.656
-10.1278 133.238
-10.089 133.226
-10.0505 133.218
-10.0094 133.166
-9.96879 133.123
-9.92735 133.065
-9.80708 132.958
-9.76731 132.927
-9.72755 132.896
-9.4888 132.703
-9.44949 132.679
-9.41077 132.665
-9.37125 132.636
-9.3315 132.603
-9.05696 132.434
-9.0172 132.399
-8.97647 132.346
-8.93852 132.344
-8.89958 132.324
-8.86109 132.312
-8.82173 132.283
-8.78369 132.279
-8.74543 132.271
-8.7061 132.243
-8.6671 132.22
-8.62875 132.21
-8.58956 132.184
-8.55122 132.174
-8.5131 132.168
-8.47288 132.121
-8.43446 132.109
-8.39552 132.086
-8.35743 132.08
-8.31861 132.06
-8.28052 132.054
-8.24243 132.048
-8.20394 132.034
-8.16393 131.989
-8.12606 131.987
-8.08879 131.998
-8.05062 131.99
-8.01265 131.986
-7.97448 131.978
-7.93651 131.974
-7.89874 131.974
-7.85971 131.948
-7.81961 131.899
-7.78147 131.891
-7.74353 131.887
-7.70549 131.881
-7.66688 131.863
-7.62884 131.857
-7.59006 131.835
-7.55222 131.833
-7.51429 131.829
-7.47645 131.827
-7.43852 131.823
-7.40078 131.823
-7.36285 131.819
-7.3242 131.799
-7.28619 131.793
-7.24854 131.795
-7.21026 131.783
-7.17145 131.759
-7.13399 131.765
-7.09651 131.772
-7.05816 131.758
-7.01973 131.741
-6.98243 131.752
-6.9447 131.752
-6.90671 131.746
-6.86837 131.732
-6.83047 131.728
-6.79266 131.726
-6.75467 131.72
-6.71703 131.722
-6.6793 131.723
-6.64148 131.721
-6.60367 131.719
-6.56593 131.719
-6.52796 131.713
-6.49015 131.711
-6.45169 131.693
-6.413 131.669
-6.3756 131.677
-6.33898 131.706
-6.30109 131.702
-6.26351 131.706
-6.22586 131.708
-6.18835 131.714
-6.15062 131.715
-6.11311 131.721
-6.07545 131.723
-6.03801 131.731
-6.00012 131.727
-5.96267 131.736
-5.92537 131.748
-5.8877 131.75
-5.8501 131.755
-5.81293 131.771
-5.77597 131.794
-5.7385 131.802
-5.70066 131.8
-5.66269 131.794
-5.62486 131.792
-5.58731 131.799
-5.54975 131.805
-5.5122 131.811
-5.47464 131.817
-5.43762 131.84
-5.40045 131.859
-5.36308 131.871
-5.32536 131.873
-5.28758 131.873
-5.24999 131.88
-5.21227 131.882
-5.17494 131.896
-5.13741 131.905
-5.10019 131.923
-5.06252 131.927
-5.02498 131.936
-4.9873 131.94
-4.94963 131.944
-4.91244 131.965
-4.87543 131.992
-4.8381 132.008
-4.80046 132.014
-4.76288 132.023
-4.72518 132.027
-4.68771 132.039
-4.65099 132.078
-4.6135 132.091
-4.57589 132.099
-4.53856 132.118
-4.50134 132.141
-4.46388 132.155
-4.42619 132.161
-4.38905 132.188
-4.35141 132.197
-4.31425 132.223
-4.27659 132.232
-4.2393 132.254
-4.20163 132.263
-4.16512 132.316
-4.12753 132.329
-4.08979 132.335
-4.0526 132.364
-4.0147 132.364
-3.97804 132.416
-3.94082 132.445
-3.90314 132.455
-3.8659 132.484
-3.8282 132.494
-3.79098 132.526
-3.75313 132.53
-3.71645 132.586
-3.67863 132.592
-3.6408 132.598
-3.56637 132.667
-3.52892 132.691
-3.49107 132.698
-3.45369 132.727
-3.41683 132.781
-3.37959 132.818
-3.34178 132.828
-3.30431 132.855
-3.26695 132.889
-3.22961 132.924
-3.19226 132.959
-3.1553 133.015
-3.11751 133.03
-3.08003 133.061
-2.33084 133.925
-2.21865 134.118
-2.18084 134.156
-2.14295 134.189
