-8.42326 142.583
-8.38043 142.52
-8.20931 142.262
-8.16746 142.217
-8.12573 142.174
-8.0831 142.111
-8.0406 142.049
-7.99884 142.004
-7.95649 141.945
-7.91487 141.902
-7.87348 141.864
-7.8316 141.814
-7.78925 141.753
-7.74771 141.71
-7.70639 141.672
-7.66528 141.638
-7.62341 141.586
-7.58281 141.564
-7.5406 141.503
-7.50022 141.485
-7.45843 141.434
-7.41826 141.42
-7.37697 141.38
-7.33477 141.317
-7.2939 141.285
-7.25368 141.27
-7.21219 141.223
-7.17199 141.207
-7.13107 141.174
-7.09017 141.14
-7.05017 141.129
-7.00956 141.102
-6.96861 141.066
-6.92758 141.028
-6.88692 140.999
-6.8467 140.982
-6.80512 140.928
-6.76527 140.919
-6.72551 140.913
-6.68422 140.866
-6.64414 140.85
-6.60431 140.841
-6.56365 140.81
-6.52284 140.774
-6.48238 140.748
-6.44266 140.741
-6.40286 140.732
-6.36202 140.694
-6.32183 140.674
-6.28189 140.661
-6.24156 140.637
-6.20124 140.612
-6.1614 140.601
-6.12117 140.579
-6.08088 140.555
-6.04113 140.546
-6.00123 140.533
-5.96141 140.522
-5.92168 140.513
-5.88127 140.484
-5.8414 140.471
-5.8016 140.46
-5.76174 140.447
-5.72151 140.422
-5.68145 140.402
-5.64188 140.398
-5.60225 140.392
-5.56248 140.381
-5.52286 140.374
-5.48282 140.354
-5.44286 140.337
-5.40331 140.332
-5.36343 140.317
-5.32341 140.297
-5.28394 140.295
-5.24441 140.291
-5.20487 140.286
-5.16501 140.271
-5.12516 140.256
-5.0855 140.247
-5.04591 140.24
-5.00639 140.236
-4.9668 140.23
-4.92716 140.221
-4.88757 140.214
-4.84818 140.215
-4.80866 140.21
-4.76908 140.204
-4.72951 140.197
-4.69 140.193
-4.65031 140.182
-4.6108 140.178
-4.57129 140.173
-4.53173 140.167
-4.49233 140.167
-4.45277 140.161
-4.41321 140.154
-4.37371 140.15
-4.33432 140.15
-4.29476 140.144
-4.25494 140.126
-4.21555 140.126
-4.17637 140.135
-4.13719 140.144
-4.09759 140.136
-4.05819 140.136
-4.01945 140.165
-3.9799 140.158
-3.94035 140.152
-3.9007 140.141
-3.86033 140.097
-3.8206 140.081
-3.7816 140.099
-3.7423 140.104
-3.70309 140.113
-3.66401 140.129
-3.62475 140.136
-3.58548 140.142
-3.54612 140.145
-3.50697 140.158
-3.46769 140.165
-3.42837 140.17
-3.38933 140.19
-3.35004 140.197
-3.3107 140.202
-3.27144 140.211
-3.2323 140.227
-3.19311 140.24
-3.15375 140.245
-3.11451 140.256
-3.07534 140.272
-3.03612 140.286
-2.99682 140.295
-2.95737 140.295
-2.91792 140.295
-2.87872 140.311
-2.83934 140.316
-2.80002 140.325
-2.7608 140.341
-2.72157 140.356
-2.68224 140.365
-2.643 140.381
-2.60362 140.388
-2.5644 140.406
-2.52504 140.415
-2.48581 140.433
-2.44644 140.443
-2.40704 140.45
-2.3679 140.477
-2.32851 140.486
-2.28904 140.488
-2.24981 140.511
-2.21044 140.522
-2.17101 140.529
-2.13219 140.587
-2.09313 140.628
-2.05383 140.648
-2.01433 140.653
-1.97488 140.662
-1.93558 140.685
-1.89612 140.694
-1.85663 140.701
-1.81712 140.705
-1.77776 140.726
-1.73828 140.735
-1.69901 140.767
-1.65968 140.794
-1.6202 140.805
-1.58097 140.846
-1.54169 140.882
-1.50216 140.891
-1.46289 140.932
-1.42339 140.948
-1.38391 140.966
-1.34458 141.004
-1.30512 141.029
-1.26574 141.066
-1.22614 141.073
-1.18658 141.086
-1.14699 141.098
-1.10756 141.134
-1.06825 141.193
-1.02864 141.207
-0.989161 141.243
-0.949517 141.252
-0.909961 141.279
-0.870437 141.316
-0.831024 141.379
-0.791471 141.418
-0.751881 141.452
-0.712194 141.466
-0.672699 141.532
-0.633174 141.598
-0.593422 141.605
-0.553651 141.607
-0.513979 141.643
-0.47437 141.709
-0.434658 141.746
-0.394935 141.785
-0.355194 141.824
-0.315428 141.858
-0.27569 141.919
-0.235892 141.958
0.00325402 142.267
0.043194 142.329
0.323637 142.816
0.363716 142.828
0.403974 142.923
