-24.8702 83.9027
-24.8432 83.8985
-4.05721 130.621
-4.01991 130.609
-3.82622 130.238
-3.59697 129.889
-3.55991 129.879
-3.52242 129.85
-3.44616 129.728
-3.36931 129.572
-3.33193 129.543
-3.29499 129.535
-3.25759 129.504
-3.18229 129.414
-3.03189 129.232
-2.73377 128.968
-2.69673 128.945
-2.65963 128.918
-2.62249 128.887
-2.58535 128.856
-2.51107 128.79
-2.47407 128.764
-2.43705 128.737
-2.40028 128.725
-2.36328 128.698
-2.32664 128.694
-2.28932 128.644
-2.25255 128.63
-2.21525 128.578
-2.17856 128.568
-2.14132 128.518
-2.10464 128.508
-2.06776 128.483
-2.03112 128.475
-1.99427 128.45
-1.95768 128.447
-1.92108 128.441
-1.88422 128.414
-1.84734 128.383
-1.81048 128.354
-1.77365 128.325
-1.7371 128.321
-1.70057 128.319
-1.66404 128.317
-1.62728 128.292
-1.59029 128.244
-1.5537 128.234
-1.51721 128.234
-1.48067 128.228
-1.44401 128.209
-1.40742 128.198
-1.37084 128.186
-1.33408 128.153
-1.29742 128.13
-1.26066 128.093
-1.22417 128.09
-1.18769 128.086
-1.15114 128.074
-1.11455 128.055
-1.0781 128.055
-1.04163 128.051
-1.00511 128.04
-0.968491 128.013
-0.931934 127.993
-0.895442 127.984
-0.858987 127.98
-0.822544 127.978
-0.786022 127.961
-0.749565 127.955
-0.71311 127.949
-0.676649 127.942
-0.640184 127.932
-0.603738 127.926
-0.567346 127.934
-0.530929 127.936
-0.494486 127.93
-0.458021 127.917
-0.421539 127.896
-0.385093 127.884
-0.348662 127.876
-0.312216 127.861
-0.275824 127.869
-0.239373 127.846
-0.202966 127.844
-0.166579 127.857
-0.130166 127.852
-0.0937442 127.834
-0.0573406 127.832
-0.0209386 127.833
0.0154644 127.829
0.0518658 127.825
0.0882664 127.825
0.12467 127.831
0.161067 127.823
0.197462 127.817
0.233866 127.821
0.27029 127.839
0.306688 127.835
0.343081 127.829
0.379495 127.835
0.415938 127.852
0.452384 127.868
0.488822 127.877
0.525252 127.883
0.561595 127.86
0.597927 127.837
0.634221 127.806
0.670582 127.797
0.707049 127.814
0.743441 127.812
0.779823 127.808
0.81624 127.812
0.852717 127.827
0.88916 127.835
0.92566 127.853
0.962124 127.862
0.998513 127.858
1.03489 127.853
1.07134 127.858
1.10781 127.868
1.14421 127.866
1.18056 127.857
1.21693 127.851
1.25334 127.851
1.28981 127.859
1.32629 127.868
1.3628 127.88
1.39927 127.886
1.43574 127.891
1.47221 127.897
1.50868 127.903
1.54516 127.909
1.58169 127.92
1.61821 127.93
1.65481 127.947
1.69142 127.965
1.72794 127.973
1.76442 127.976
1.80086 127.976
1.83741 127.986
1.87398 127.998
1.91056 128.009
1.94708 128.015
1.98369 128.029
2.02031 128.042
2.05695 128.058
2.09358 128.071
2.13015 128.079
2.16666 128.083
2.20318 128.087
2.24012 128.121
2.27672 128.131
2.31323 128.133
2.3499 128.147
2.38691 128.183
2.42357 128.195
2.46012 128.199
2.49685 128.214
2.5337 128.238
2.57044 128.253
2.60719 128.269
2.64416 128.298
2.68081 128.305
2.71742 128.311
2.75423 128.329
2.79121 128.356
2.82794 128.367
2.86481 128.387
2.90158 128.4
2.93853 128.424
2.97557 128.451
3.01265 128.48
3.0495 128.496
3.08682 128.536
3.12365 128.55
3.1607 128.575
3.19774 128.598
3.23455 128.61
3.27171 128.639
3.30854 128.651
3.34557 128.672
3.38245 128.686
3.41994 128.729
3.4568 128.741
3.49441 128.787
3.53141 128.805
3.56897 128.848
3.60599 128.865
3.64375 128.916
3.68111 128.947
3.71803 128.959
3.75523 128.982
3.79298 129.029
3.83025 129.055
3.86767 129.086
3.90491 129.109
3.94231 129.139
3.97987 129.174
4.01782 129.225
4.05507 129.246
4.09306 129.297
4.13078 129.336
4.16832 129.368
4.20627 129.415
4.24379 129.444
4.28153 129.482
4.31995 129.544
4.35773 129.582
4.3962 129.645
4.43455 129.702
4.47217 129.731
4.50986 129.763
4.54827 129.82
4.58693 129.885
4.6255 129.946
4.6641 130.008
4.7015 130.025
4.73992 130.079
4.81827 130.235
4.85638 130.275
4.89514 130.336
4.97481 130.529
5.01361 130.589
5.05232 130.644
5.09081 130.692
5.1726 130.941
5.21224 131.023
5.25424 131.179
5.29215 131.204
5.42284 131.803
5.51398 132.313
