-3.12095 152.585
-3.07753 152.508
-2.81678 151.99
-2.77391 151.934
-2.731 151.874
-2.68877 151.859
-2.64615 151.816
-2.60344 151.766
-2.51686 151.575
-2.47447 151.542
-2.43233 151.527
-2.38954 151.462
-2.3471 151.422
-2.30459 151.375
-2.26176 151.299
-2.21944 151.264
-2.17714 151.229
-2.13445 151.159
-2.0923 151.135
-2.05008 151.102
-2.00785 151.067
-1.96581 151.05
-1.92324 150.98
-1.88103 150.943
-1.83921 150.943
-1.79692 150.896
-1.75463 150.846
-1.71222 150.781
-1.67007 150.741
-1.62816 150.727
-1.5861 150.695
-1.54412 150.67
-1.50221 150.653
-1.46015 150.615
-1.41815 150.583
-1.37614 150.549
-1.33425 150.529
-1.29219 150.484
-1.25036 150.469
-1.20852 150.452
-1.16661 150.423
-1.12472 150.396
-1.08297 150.388
-1.04119 150.376
-0.999245 150.334
-0.957268 150.282
-0.915517 150.27
-0.873686 150.24
-0.831937 150.226
-0.790217 150.216
-0.748469 150.199
-0.706687 150.172
-0.664955 150.154
-0.623248 150.142
-0.581546 150.13
-0.539786 150.098
-0.498048 150.069
-0.456295 150.029
-0.414632 150.019
-0.372974 150.01
-0.331334 150.008
-0.289677 149.995
-0.248009 149.973
-0.20637 149.966
-0.164723 149.949
-0.123071 149.919
-0.0814408 149.902
-0.0398245 149.9
0.00179191 149.895
0.0434068 149.891
0.0850201 149.886
0.12663 149.876
0.168233 149.862
0.209815 149.83
0.251413 149.825
0.293002 149.815
0.334573 149.796
0.376149 149.784
0.41774 149.781
0.459319 149.774
0.500895 149.767
0.542482 149.765
0.584047 149.755
0.625624 149.75
0.667158 149.733
0.708694 149.719
0.750271 149.716
0.791856 149.717
0.833411 149.71
0.874975 149.705
0.916514 149.695
0.958073 149.69
0.999668 149.693
1.04127 149.696
1.08281 149.689
1.12435 149.681
1.16585 149.667
1.20733 149.652
1.24882 149.638
1.29041 149.64
1.33202 149.646
1.32069 142.189
1.41518 149.646
1.45664 149.631
1.49803 149.607
1.5397 149.619
1.58136 149.63
1.62285 149.62
1.66445 149.623
1.70626 149.65
1.74796 149.663
1.78957 149.665
1.83128 149.678
1.87313 149.705
1.91478 149.711
1.95638 149.711
1.9979 149.704
2.03935 149.689
2.081 149.694
2.12281 149.714
2.16458 149.729
2.2063 149.739
2.248 149.747
2.28964 149.75
2.3315 149.77
2.37321 149.777
2.4148 149.775
2.45645 149.778
2.49833 149.798
2.54012 149.81
2.58182 149.815
2.62358 149.826
2.66553 149.848
2.70734 149.861
2.74927 149.881
2.7912 149.901
2.83304 149.913
2.87473 149.916
2.9165 149.924
2.95835 149.936
3.00006 149.939
3.04168 149.937
3.0837 149.959
3.12574 149.982
3.16798 150.017
3.20987 150.029
3.25177 150.042
3.2935 150.045
3.33532 150.052
3.37714 150.06
3.41945 150.095
3.46174 150.128
3.50345 150.128
3.54539 150.14
3.5877 150.173
3.63003 150.205
3.67205 150.221
3.7144 150.253
3.75614 150.253
3.79788 150.253
3.84022 150.284
3.88227 150.299
3.92417 150.306
3.96659 150.339
4.00918 150.379
4.05163 150.412
4.09357 150.419
4.13663 150.479
4.17875 150.494
4.22076 150.505
4.26389 150.565
4.30581 150.57
4.34853 150.61
4.39137 150.655
4.43338 150.663
4.47597 150.696
4.51875 150.736
4.56154 150.776
4.60442 150.819
4.64647 150.827
4.68913 150.859
4.73199 150.9
4.77494 150.942
4.81708 150.953
4.90483 151.109
4.9478 151.149
4.99078 151.189
5.03352 151.22
5.07574 151.23
5.11883 151.273
5.16201 151.318
5.20589 151.389
5.6413 151.921
6.44318 154.541
6.48612 154.549
6.52951 154.57
