-1.60477 130.392
-1.56743 130.406
-1.53005 130.417
-1.30266 130.139
-1.26468 130.075
-1.22692 130.033
-1.07368 129.545
-1.03641 129.549
-0.885151 129.219
-0.847845 129.205
-0.810303 129.15
-0.548106 128.736
-0.510773 128.681
-0.473429 128.617
-0.436149 128.562
-0.39903 128.548
-0.361784 128.491
-0.32456 128.433
-0.287408 128.392
-0.250275 128.351
-0.21314 128.3
-0.176073 128.273
-0.139015 128.243
0.00913441 128.058
0.0460956 128.055
0.083057 128.045
0.120018 127.989
0.156954 127.936
0.193883 127.93
0.230797 127.905
0.267691 127.868
0.304569 127.833
0.341437 127.802
0.378293 127.773
0.415129 127.74
0.451962 127.713
0.488786 127.688
0.525633 127.677
0.562427 127.648
0.599202 127.617
0.635957 127.584
0.672691 127.549
0.709422 127.518
0.746176 127.497
0.782976 127.489
0.819756 127.478
0.856478 127.455
0.893189 127.431
0.929841 127.399
0.966579 127.385
1.00326 127.362
1.03991 127.335
1.07657 127.314
1.11321 127.289
1.14991 127.276
1.18653 127.252
1.22314 127.228
1.25988 127.224
1.29661 127.218
1.33319 127.193
1.36972 127.164
1.40642 127.157
1.44295 127.13
1.47947 127.103
1.51611 127.091
1.55264 127.068
1.58916 127.045
1.6258 127.036
1.66229 127.011
1.69882 126.992
1.7353 126.969
1.77203 126.971
1.80874 126.971
1.84539 126.965
1.88178 126.936
1.91818 126.91
1.95468 126.892
1.99129 126.885
2.02791 126.879
2.06462 126.881
2.10136 126.885
2.13805 126.885
2.17472 126.883
2.21121 126.868
2.24754 126.841
2.28396 126.822
2.32053 126.815
2.35699 126.799
2.39353 126.79
2.42997 126.775
2.46638 126.757
2.50285 126.744
2.53936 126.735
2.57605 126.737
2.61279 126.742
2.64966 126.756
2.68639 126.76
2.72305 126.76
2.75965 126.756
2.79618 126.749
2.83265 126.737
2.86907 126.724
2.90569 126.722
2.94235 126.722
2.97893 126.719
3.01534 126.705
3.05178 126.694
3.08821 126.682
3.12482 126.681
3.1612 126.667
3.19807 126.679
3.23471 126.679
3.27135 126.679
3.30842 126.7
3.34511 126.702
3.3823 126.729
3.41864 126.714
3.45501 126.701
3.49154 126.695
3.52773 126.674
3.5645 126.68
3.60127 126.686
3.63778 126.68
3.67438 126.678
3.71107 126.68
3.74793 126.69
3.78493 126.705
3.82149 126.702
3.85804 126.698
3.89446 126.688
3.93097 126.683
3.96784 126.692
4.00477 126.704
4.0417 126.716
4.07897 126.741
4.11615 126.762
4.15296 126.768
4.18937 126.758
4.22549 126.737
4.26249 126.751
4.2995 126.764
4.33621 126.766
4.37287 126.766
4.40969 126.772
4.44656 126.78
4.48364 126.795
4.52073 126.811
4.55773 126.822
4.59456 126.828
4.63118 126.826
4.66774 126.823
4.70441 126.823
4.74109 126.823
4.7781 126.834
4.81596 126.875
4.85316 126.892
4.89019 126.904
4.92728 126.918
4.96386 126.914
5.0002 126.902
5.03766 126.927
5.07507 126.951
5.11237 126.97
5.1492 126.974
5.18676 127.001
5.22378 127.011
5.26092 127.024
5.29926 127.074
5.33593 127.072
5.37253 127.069
5.40951 127.077
5.44643 127.082
5.48335 127.088
5.52034 127.096
5.55845 127.137
5.59538 127.143
5.63286 127.164
5.67007 127.177
5.70756 127.199
5.74438 127.201
5.78223 127.232
5.82009 127.263
5.85776 127.288
5.89481 127.296
5.9332 127.34
5.97033 127.35
6.00804 127.375
6.04526 127.387
6.08299 127.412
6.12015 127.422
6.159 127.476
6.19654 127.496
6.23388 127.509
6.27085 127.513
6.30886 127.544
6.34697 127.577
6.38585 127.63
6.42376 127.657
6.46092 127.665
6.49893 127.694
6.53618 127.704
6.57413 127.731
6.61217 127.76
6.65023 127.79
6.68759 127.801
6.72655 127.852
6.76473 127.883
6.80292 127.914
6.84096 127.942
7.26641 128.382
7.30255 128.363
7.33964 128.365
