-2.44394 147.035
-2.40341 147.028
-2.36276 147.011
-1.44988 144.218
-1.40973 144.179
-1.36939 144.112
-1.32924 144.066
-1.28892 143.995
-1.24868 143.931
-1.20845 143.865
-1.16856 143.844
-1.12862 143.814
-1.08871 143.787
-1.04873 143.745
-1.00856 143.67
-0.968502 143.608
-0.928736 143.594
-0.888892 143.565
-0.849048 143.533
-0.809286 143.514
-0.769329 143.453
-0.729501 143.414
-0.6897 143.378
-0.649923 143.343
-0.610153 143.307
-0.570496 143.298
-0.530683 143.241
-0.49103 143.227
-0.451331 143.195
-0.411688 143.179
-0.37195 143.122
-0.332341 143.111
-0.292709 143.086
-0.253079 143.056
-0.213443 143.015
-0.173835 142.981
-0.134267 142.967
-0.0946887 142.938
-0.0551235 142.908
-0.0155799 142.895
0.0239621 142.867
0.0634902 142.858
0.103009 142.802
0.142511 142.768
0.182019 142.774
0.221522 142.77
0.261003 142.745
0.300465 142.713
0.339925 142.69
0.379395 142.679
0.418779 142.625
0.458182 142.591
0.497637 142.586
0.537135 142.599
0.576547 142.579
0.615923 142.55
0.655336 142.536
0.694681 142.504
0.734094 142.495
0.773503 142.486
0.812917 142.479
0.852337 142.475
0.891725 142.463
0.931139 142.459
0.97054 142.452
1.00988 142.434
1.04913 142.4
1.08855 142.399
1.12797 142.399
1.16729 142.383
1.20656 142.359
1.24572 142.32
1.28508 142.313
1.32446 142.311
1.36378 142.3
1.40302 142.277
1.44229 142.261
1.48171 142.266
1.52122 142.281
1.5606 142.279
1.59982 142.258
1.63914 142.252
1.67853 142.251
1.71781 142.24
1.75702 142.222
1.79625 142.206
1.83556 142.199
1.87495 142.201
1.91437 142.206
1.95374 142.206
1.99311 142.205
2.03243 142.201
2.0717 142.192
2.11089 142.176
2.15023 142.174
2.18959 142.173
2.2289 142.169
2.26815 142.16
2.30737 142.148
2.34664 142.141
2.38634 142.168
2.42631 142.215
2.46621 142.255
2.50541 142.242
2.54447 142.219
2.58387 142.221
2.62292 142.199
2.66197 142.176
2.70175 142.205
2.74108 142.203
2.78044 142.203
2.8197 142.196
2.85871 142.173
2.89796 142.166
2.93739 142.171
2.97674 142.171
3.01609 142.17
3.05563 142.181
3.09536 142.204
3.13461 142.197
3.17385 142.19
3.21356 142.21
3.25299 142.214
3.29235 142.214
3.33175 142.216
3.3712 142.221
3.41056 142.22
3.45008 142.229
3.48953 142.234
3.52902 142.24
3.56873 142.258
3.60832 142.269
3.64782 142.276
3.68715 142.273
3.72665 142.28
3.76635 142.295
3.80577 142.298
3.84533 142.306
3.88518 142.329
3.92475 142.338
3.96432 142.346
4.00376 142.348
4.04334 142.357
4.08297 142.368
4.12276 142.386
4.16251 142.402
4.20221 142.415
4.24202 142.433
4.28184 142.451
4.32141 142.457
4.36119 142.473
4.40097 142.489
4.44093 142.511
4.48073 142.527
4.5207 142.549
4.56046 142.562
4.60005 142.569
4.63971 142.578
4.67971 142.6
4.72008 142.636
4.75981 142.647
4.79937 142.651
4.83977 142.687
4.87964 142.703
4.91976 142.728
4.9594 142.734
4.99892 142.736
5.03869 142.747
5.07897 142.777
5.11869 142.785
5.15963 142.837
5.19943 142.848
5.23969 142.875
5.28016 142.909
5.32005 142.922
5.36054 142.956
5.40105 142.99
5.44157 143.024
5.4815 143.037
5.52246 143.084
5.56227 143.093
5.60291 143.129
5.64287 143.143
5.68411 143.197
5.72402 143.208
5.76472 143.244
5.84618 143.317
5.88605 143.326
5.92762 143.387
5.96759 143.398
6.0092 143.459
6.04994 143.493
6.08994 143.504
6.13162 143.566
6.17348 143.632
6.21352 143.643
6.25457 143.684
6.2965 143.75
6.33744 143.786
6.37824 143.818
6.42041 143.888
6.46164 143.932
6.50176 143.943
6.58719 144.11
6.6286 144.155
6.66861 144.162
6.70921 144.185
6.75167 144.258
6.8368 144.407
6.9661 144.666
7.00773 144.712
7.04973 144.767
7.09131 144.811
7.13408 144.885
