-24.8707 83.9047
-13.3803 135.485
-13.3356 135.399
-13.2962 135.38
-13.2562 135.353
-13.0818 135.058
-13.039 134.993
-12.9968 134.937
-12.9598 134.948
-12.5859 134.499
-12.5476 134.491
-12.5092 134.483
-12.4651 134.396
-12.4264 134.383
-12.3869 134.359
-12.3481 134.344
-12.1459 134.154
-12.1044 134.101
-12.0663 134.095
-12.0262 134.06
-11.9863 134.029
-11.9481 134.021
-11.9068 133.969
-11.8673 133.943
-11.8291 133.935
-11.7892 133.902
-11.7511 133.896
-11.554 133.765
-11.5161 133.761
-11.4366 133.697
-11.3972 133.67
-11.3594 133.666
-11.3203 133.644
-11.282 133.634
-11.2427 133.607
-11.2044 133.597
-11.1652 133.573
-11.127 133.563
-11.0889 133.554
-11.0482 133.507
-11.0096 133.491
-10.9709 133.473
-10.9332 133.471
-10.8954 133.467
-10.8563 133.442
-10.8181 133.432
-10.7792 133.412
-10.7413 133.406
-10.7034 133.4
-10.6645 133.378
-10.6262 133.365
-10.5871 133.341
-10.5494 133.339
-10.5115 133.333
-10.4726 133.311
-10.4346 133.303
-10.3971 133.303
-10.3595 133.301
-10.3221 133.303
-10.2843 133.299
-10.2444 133.26
-10.2065 133.254
-10.1685 133.246
-10.1304 133.236
-10.0926 133.23
-10.0551 133.23
-10.0169 133.22
-9.97933 133.218
-9.94098 133.204
-9.90288 133.194
-9.86514 133.19
-9.82741 133.186
-9.7892 133.174
-9.75111 133.164
-9.71326 133.158
-9.67565 133.156
-9.63804 133.154
-9.60055 133.154
-9.5634 133.161
-9.5266 133.173
-9.48887 133.169
-9.45045 133.153
-9.4125 133.145
-9.37534 133.151
-9.33785 133.152
-9.29978 133.141
-9.26161 133.129
-9.22501 133.146
-9.18852 133.164
-9.15101 133.165
-9.11273 133.15
-9.07545 133.155
-9.03839 133.163
-9.00132 133.171
-8.96468 133.188
-8.92825 133.209
-8.89138 133.221
-8.85418 133.227
-8.81837 133.26
-8.78083 133.26
-8.74139 133.224
-8.70238 133.195
-8.6635 133.169
-8.62556 133.161
-8.58826 133.165
-8.55054 133.161
-8.51374 133.175
-8.47561 133.163
-8.43778 133.157
-8.40027 133.157
-8.36265 133.155
-8.32534 133.16
-8.28822 133.168
-8.2515 133.185
-8.21457 133.197
-8.17744 133.205
-8.1406 133.22
-8.10395 133.238
-8.0671 133.253
-8.03004 133.263
-7.99259 133.266
-7.95562 133.278
-7.91855 133.288
-7.88129 133.295
-7.84354 133.291
-7.80617 133.295
-7.76937 133.312
-7.73247 133.326
-7.69537 133.336
-7.65826 133.347
-7.62106 133.355
-7.58367 133.359
-7.54701 133.38
-7.51098 133.415
-7.47449 133.44
-7.43716 133.446
-7.39983 133.453
-7.3634 133.48
-7.32642 133.494
-7.28881 133.494
-7.25173 133.507
-7.21438 133.513
-7.17763 133.534
-7.14079 133.552
-7.10369 133.565
-7.06649 133.575
-7.02928 133.586
-6.99225 133.6
-6.95503 133.611
-6.91798 133.625
-6.88084 133.638
-6.84444 133.669
-6.80761 133.69
-6.7716 133.731
-6.73434 133.742
-6.69715 133.754
-6.65988 133.765
-6.62293 133.783
-6.58661 133.818
-6.55027 133.854
-6.51344 133.877
-6.47605 133.885
-6.4385 133.889
-6.40165 133.912
-6.36525 133.947
-6.32884 133.983
-6.29295 134.033
-6.25574 134.047
-6.21829 134.056
-6.18122 134.074
-6.14459 134.106
-6.10735 134.12
-6.0707 134.152
-6.0341 134.185
-5.99742 134.216
-5.96072 134.247
-5.92351 134.264
-5.88743 134.314
-5.85091 134.352
-5.81394 134.377
-5.77682 134.398
-5.74053 134.444
-5.70304 134.454
-5.6663 134.488
-5.63044 134.548
-5.59408 134.594
-5.55695 134.617
-5.51941 134.628
-5.483 134.674
-5.44644 134.716
-5.41025 134.77
-5.373 134.791
-5.33677 134.846
-5.29929 134.861
-5.26258 134.9
-5.22732 134.989
-5.19056 135.029
-5.15366 135.064
-5.11662 135.096
-5.08049 135.159
-5.04428 135.22
-5.00676 135.237
-4.97111 135.319
-4.93428 135.361
-4.89737 135.401
-4.86105 135.463
-4.82422 135.507
-4.78778 135.566
-4.75132 135.625
-4.71431 135.666
-4.64333 135.86
-4.60625 135.901
-4.56993 135.971
-4.53359 136.041
-4.49655 136.086
-4.08652 138.147
-4.04779 138.145
