-24.046 138.237
-24.0031 138.203
-23.9603 138.169
-23.8265 138.028
-23.7834 137.992
-23.7371 137.933
-23.6964 137.913
-23.6519 137.867
-23.6092 137.833
-23.5656 137.792
-23.5226 137.756
-23.4805 137.727
-23.4407 137.714
-23.3952 137.659
-23.3531 137.629
-23.3137 137.619
-23.2716 137.589
-23.2293 137.557
-23.1864 137.521
-23.147 137.511
-23.1056 137.485
-23.063 137.451
-23.0202 137.415
-22.9777 137.382
-22.9358 137.352
-22.893 137.316
-22.8536 137.306
-22.8123 137.28
-22.7735 137.274
-22.7319 137.247
-22.6933 137.243
-22.649 137.194
-22.6094 137.181
-22.5672 137.15
-22.5282 137.141
-22.4861 137.11
-22.444 137.078
-22.4055 137.074
-22.3668 137.068
-22.3261 137.047
-22.2841 137.015
-22.2445 137.003
-22.206 136.999
-22.1654 136.978
-22.1242 136.952
-22.0846 136.94
-22.0459 136.934
-22.008 136.934
-21.9679 136.917
-21.9262 136.888
-21.8867 136.875
-21.8483 136.871
-21.8074 136.848
-21.7687 136.842
-21.7295 136.831
-21.6905 136.823
-21.6526 136.823
-21.6126 136.806
-21.5718 136.783
-21.5331 136.777
-21.4946 136.773
-21.4557 136.764
-21.416 136.75
-21.3775 136.746
-21.3386 136.737
-21.2999 136.731
-21.2615 136.727
-21.2223 136.717
-21.1834 136.708
-21.1447 136.702
-21.1055 136.692
-21.0666 136.683
-21.0274 136.673
-20.989 136.669
-20.9519 136.675
-20.914 136.675
-20.8751 136.667
-20.8362 136.659
-20.7988 136.663
-20.7614 136.667
-20.7233 136.665
-20.6849 136.661
-20.6472 136.663
-20.6071 136.644
-20.5687 136.64
-20.5321 136.651
-20.4937 136.647
-20.454 136.632
-20.4149 136.622
-20.377 136.622
-20.3401 136.63
-20.3027 136.635
-20.264 136.628
-20.2271 136.637
-20.1895 136.639
-20.1513 136.637
-20.1132 136.635
-20.075 136.633
-20.0376 136.637
-20.0007 136.646
-19.9633 136.65
-19.9261 136.656
-19.8909 136.68
-19.8537 136.686
-19.8155 136.684
-19.7788 136.695
-19.7402 136.688
-19.7015 136.682
-19.6646 136.691
-19.6283 136.706
-19.5921 136.72
-19.5561 136.737
-19.5198 136.752
-19.4809 136.744
-19.4425 136.74
-19.4039 136.733
-19.3669 136.742
-19.3304 136.755
-19.2936 136.765
-19.2566 136.774
-19.2191 136.778
-19.1814 136.78
-19.1439 136.785
-19.106 136.785
-19.0678 136.783
-19.0317 136.8
-18.9944 136.806
-18.9565 136.806
-18.9192 136.813
-18.8831 136.829
-18.8486 136.861
-18.8117 136.872
-18.7752 136.885
-18.739 136.901
-18.7017 136.908
-18.6644 136.914
-18.6273 136.923
-18.5928 136.955
-18.5559 136.965
-18.5186 136.972
-18.4819 136.984
-18.4468 137.012
-18.4113 137.035
-18.3742 137.044
-18.3386 137.067
-18.3017 137.078
-18.2644 137.084
-18.2286 137.105
-18.1921 137.12
-18.1547 137.127
-18.1178 137.137
-18.0828 137.167
-18.0459 137.178
-18.0089 137.188
-17.9733 137.212
-17.9381 137.239
-17.9015 137.254
-17.8661 137.28
-17.8289 137.288
-17.7936 137.316
-17.7571 137.331
-17.7216 137.357
-17.6859 137.38
-17.6493 137.395
-17.614 137.423
-17.5774 137.438
-17.5442 137.487
-17.5065 137.491
-17.4694 137.502
-17.436 137.548
-17.3991 137.561
-17.3622 137.574
-17.3286 137.619
-17.2917 137.632
-17.2565 137.662
-17.2191 137.67
-17.182 137.681
-17.1493 137.736
-17.1147 137.773
-17.0796 137.805
-17.0448 137.839
-17.0101 137.875
-16.975 137.907
-16.9376 137.916
-16.8732 138.04
-16.8359 138.051
-16.7654 138.113
-16.7283 138.126
-16.695 138.178
-16.6602 138.214
-16.6249 138.246
-16.5897 138.279
-16.5528 138.294
-16.5199 138.352
-16.4875 138.414
-16.453 138.455
-16.4162 138.472
-16.3825 138.522
-16.3453 138.535
-16.31 138.567
-16.2104 138.735
-16.1108 138.906
-16.0755 138.941
-16.0424 138.999
-16.0083 139.047
-15.9733 139.086
-15.9403 139.147
-15.5848 139.918
-15.351 140.791
-15.3155 140.831
