-24.8704 83.9037
-24.8441 83.9025
8.83556 142.029
8.86921 141.911
8.90168 141.77
9.03041 141.974
9.47266 140.642
9.83057 140.029
10.1546 139.55
10.1929 139.539
10.2298 139.504
10.265 139.44
10.3032 139.426
10.3406 139.4
10.3756 139.334
10.4121 139.292
10.4503 139.281
10.4872 139.248
10.5226 139.188
10.5608 139.177
10.5964 139.122
10.6334 139.091
10.6714 139.078
10.7095 139.065
10.7449 139.008
10.7818 138.977
10.8918 138.871
10.9301 138.862
10.9671 138.834
11.0041 138.805
11.0421 138.792
11.0771 138.733
11.1154 138.724
11.1504 138.665
11.1886 138.656
11.2254 138.626
11.2633 138.612
11.3003 138.584
11.3377 138.564
11.3759 138.555
11.4139 138.544
11.4508 138.516
11.4875 138.485
11.5256 138.474
11.5621 138.442
11.6001 138.431
11.6367 138.398
11.6745 138.385
11.7126 138.376
11.7504 138.363
11.7877 138.341
11.8249 138.319
11.8627 138.306
11.9005 138.293
11.938 138.275
11.9751 138.253
12.0126 138.236
12.0502 138.221
12.0883 138.212
12.1259 138.196
12.1629 138.172
12.2008 138.161
12.239 138.155
12.2769 138.144
12.3141 138.124
12.3514 138.105
12.3889 138.089
12.4271 138.083
12.4643 138.063
12.4007 136.636
12.4421 136.678
12.5757 138
12.6138 137.993
12.6526 137.995
12.6921 138.008
12.7313 138.017
12.7679 137.989
12.8059 137.98
12.844 137.973
12.8827 137.975
12.9204 137.962
12.957 137.936
12.9951 137.929
13.0329 137.919
13.0708 137.91
13.1084 137.897
13.1449 137.868
13.1826 137.857
13.2199 137.84
13.2576 137.829
13.2935 137.794
13.3128 137.542
13.3541 137.578
13.4002 137.677
13.4539 137.874
13.507 138.063
13.5556 138.191
13.5983 138.243
13.7161 139.259
13.7778 139.552
13.8228 139.63
13.8704 139.74
13.9072 139.713
13.7982 137.839
13.8369 137.841
13.8755 137.84
13.914 137.84
13.9524 137.838
13.9908 137.836
14.0293 137.836
14.0677 137.833
14.1066 137.838
14.1442 137.827
14.1826 137.824
14.222 137.835
14.2612 137.844
14.3001 137.848
14.3392 137.854
14.3783 137.861
14.417 137.863
14.4546 137.852
14.4923 137.841
14.5306 137.839
14.5695 137.843
14.6091 137.856
14.6482 137.862
14.6882 137.879
14.7266 137.877
14.7656 137.883
14.8056 137.901
14.8451 137.911
14.8831 137.905
14.9209 137.896
14.9615 137.92
15.0024 137.948
15.0415 137.954
15.0799 137.952
15.1186 137.954
15.1577 137.96
15.1968 137.967
15.2365 137.979
15.276 137.99
15.3158 138.005
15.3548 138.009
15.3937 138.014
15.4326 138.018
15.4725 138.033
15.5134 138.059
15.5537 138.078
15.5932 138.089
15.6337 138.111
15.6727 138.115
15.7114 138.117
15.7521 138.141
15.7925 138.16
15.8324 138.175
15.8729 138.197
15.9119 138.201
15.9523 138.22
15.9918 138.231
16.0314 138.242
16.0726 138.27
16.1158 138.32
16.1556 138.333
16.1946 138.337
16.2336 138.341
16.2766 138.389
16.3169 138.406
16.3579 138.432
16.3967 138.434
16.438 138.463
16.4779 138.476
16.5194 138.506
16.5609 138.536
16.602 138.562
16.6417 138.573
16.6816 138.586
16.7231 138.616
16.7645 138.645
16.8067 138.682
16.8487 138.717
16.8905 138.749
16.9315 138.773
16.9717 138.788
17.0129 138.814
17.0531 138.83
17.0979 138.893
17.1392 138.919
17.1786 138.925
17.2201 138.954
17.2633 139
17.3057 139.037
17.3502 139.096
17.3909 139.116
17.4351 139.17
17.478 139.212
17.5209 139.254
17.5648 139.304
17.6053 139.321
17.65 139.381
17.6926 139.418
17.7347 139.451
17.7775 139.49
17.8228 139.554
17.8659 139.596
17.9115 139.662
17.9546 139.704
18.0009 139.777
18.0436 139.814
18.0884 139.871
18.1348 139.944
18.2272 140.086
18.2737 140.159
18.3173 140.203
18.6662 140.927
18.7138 141.008
18.7669 141.14
