-5.4585 151.82
-5.24023 151.569
-5.19685 151.526
-5.15362 151.488
-5.11033 151.448
-5.06693 151.403
-4.97944 151.284
-4.93631 151.246
-4.89338 151.216
-4.851 151.206
-4.80804 151.173
-4.7217 151.09
-4.54931 150.927
-4.50695 150.915
-4.46398 150.877
-4.42097 150.837
-4.37845 150.817
-4.33624 150.809
-4.2935 150.779
-4.25113 150.765
-4.2083 150.729
-4.16594 150.715
-4.12308 150.677
-4.08029 150.642
-4.03752 150.607
-3.99482 150.574
-3.95256 150.562
-3.91036 150.552
-3.86769 150.52
-3.82561 150.515
-3.7825 150.46
-3.74038 150.453
-3.69847 150.455
-3.65645 150.453
-3.61424 150.441
-3.57121 150.386
-3.52887 150.366
-3.48606 150.321
-3.44394 150.311
-3.40177 150.299
-3.3597 150.291
-3.31713 150.256
-3.27507 150.249
-3.23315 150.249
-3.19114 150.245
-3.14883 150.222
-3.10678 150.215
-3.06448 150.193
-3.0217 150.14
-2.9798 150.14
-2.93789 150.141
-2.89591 150.136
-2.85393 150.131
-2.81184 150.119
-2.7694 150.084
-2.72733 150.071
-2.68521 150.057
-2.64329 150.054
-2.60134 150.05
-2.55935 150.042
-2.51722 150.025
-2.47531 150.023
-2.43363 150.038
-2.39131 150.005
-2.34911 149.981
-2.30721 149.978
-2.26537 149.981
-2.22335 149.969
-2.18111 149.939
-2.1391 149.927
-2.09718 149.922
-2.05526 149.917
-2.01343 149.92
-1.97166 149.927
-1.92983 149.93
-1.88799 149.933
-1.84618 149.938
-1.80422 149.928
-1.76223 149.916
-1.72015 149.894
-1.67832 149.896
-1.63635 149.884
-1.59443 149.877
-1.55247 149.864
-1.51057 149.86
-1.4689 149.88
-1.42704 149.88
-1.38469 149.818
-1.3425 149.773
-1.30077 149.786
-1.25899 149.793
-1.21749 149.841
-1.17594 149.884
-1.13424 149.906
-1.09241 149.911
-1.0506 149.919
-1.00886 149.939
-0.966905 149.924
-0.925027 149.922
-0.883083 149.907
-0.841313 149.925
-0.799535 149.943
-0.75782 149.975
-0.715978 149.983
-0.674089 149.981
-0.632232 149.986
-0.590373 149.991
-0.548565 150.011
-0.506766 150.037
-0.464899 150.044
-0.42297 150.032
-0.381149 150.057
-0.339279 150.067
-0.297392 150.072
-0.255519 150.085
-0.213631 150.093
-0.17174 150.1
-0.129887 150.138
-0.087988 150.151
-0.0460757 150.156
-0.00415724 150.156
0.0377587 150.161
0.0796748 150.174
0.121595 150.207
0.163531 150.252
0.205476 150.265
0.247438 150.298
0.289395 150.305
0.331358 150.316
0.373344 150.341
0.415327 150.356
0.457304 150.364
0.49927 150.364
0.541231 150.362
0.583256 150.387
0.625324 150.425
0.667332 150.435
0.709398 150.463
0.751526 150.506
0.793655 150.544
0.835754 150.569
0.877777 150.572
0.919832 150.582
0.961892 150.592
1.00408 150.63
1.04644 150.698
1.08853 150.708
1.13061 150.716
1.17284 150.749
1.21496 150.762
1.25723 150.797
1.29951 150.833
1.34182 150.871
1.38419 150.914
1.4265 150.947
1.46846 150.927
1.51079 150.96
1.59587 151.074
1.63806 151.081
1.68047 151.117
1.72297 151.16
1.76564 151.221
1.80791 151.234
1.85024 151.252
1.89304 151.32
1.93558 151.359
1.97789 151.371
2.02014 151.377
2.06295 151.438
2.10595 151.514
2.14826 151.522
2.7073 152.269
2.969 152.763
3.01267 152.84
3.05645 152.923
3.10028 153.005
