-24.8698 83.9006
-24.843 83.8975
-1.80856 174.839
-1.76138 174.789
-1.71397 174.706
-1.66717 174.7
-1.62038 174.694
-1.5736 174.688
-1.52679 174.679
-1.47953 174.603
-1.43273 174.59
-1.38573 174.546
-1.33896 174.537
-1.29221 174.531
-1.2453 174.496
-1.19859 174.493
-1.15169 174.456
-1.10491 174.44
-1.05804 174.402
-1.01129 174.387
-0.964439 174.349
-0.917743 174.343
-0.871023 174.33
-0.824226 174.296
-0.777533 174.287
-0.730812 174.268
-0.684049 174.233
-0.637394 174.23
-0.590757 174.234
-0.544118 174.237
-0.497413 174.212
-0.450719 174.187
-0.404006 174.146
-0.357357 174.133
-0.310731 174.134
-0.264101 174.131
-0.21747 174.124
-0.170843 174.121
-0.124206 174.099
-0.0775838 174.09
-0.0309684 174.106
0.0156529 174.109
0.0622674 174.084
0.108878 174.072
0.155483 174.059
0.202082 174.047
0.248673 174.031
0.295258 174.015
0.34186 174.016
0.388475 174.022
0.43506 174.013
0.481606 173.988
0.528188 173.981
0.574784 173.981
0.621399 173.988
0.668016 173.994
0.714615 173.994
0.761193 173.988
0.807744 173.976
0.854427 173.998
0.901199 174.039
0.947906 174.061
0.994346 174.023
1.04086 174.004
1.0875 174.011
1.134 173.992
1.18064 173.998
1.22724 173.998
1.27378 173.989
1.3204 173.992
1.36714 174.014
1.41373 174.011
1.46023 173.995
1.50685 173.999
1.55359 174.017
1.60025 174.024
1.6469 174.03
1.69359 174.04
1.7403 174.052
1.78697 174.058
1.83364 174.065
1.88029 174.068
1.9269 174.068
1.97355 174.071
2.02041 174.096
2.06725 174.118
2.11394 174.125
2.16067 174.134
2.2074 174.144
2.25413 174.153
2.30087 174.163
2.34776 174.185
2.39451 174.194
2.44144 174.219
2.48831 174.238
2.53516 174.254
2.58197 174.267
2.62883 174.282
2.67553 174.286
2.72232 174.295
2.76924 174.314
2.81633 174.345
2.86355 174.386
2.91046 174.402
2.95728 174.412
3.00402 174.415
3.05063 174.408
3.09765 174.431
3.14476 174.459
3.19203 174.497
3.23913 174.522
3.28638 174.557
3.3335 174.582
3.38044 174.595
3.42753 174.617
3.47493 174.658
3.52226 174.693
3.56922 174.705
3.61662 174.743
3.66356 174.753
3.7112 174.803
3.75843 174.828
3.80623 174.885
3.85331 174.901
3.9004 174.917
3.94797 174.958
3.99573 175.009
4.04297 175.031
4.09119 175.104
4.1389 175.148
4.18588 175.155
4.23355 175.196
4.28074 175.212
4.32844 175.253
4.37642 175.307
4.42508 175.393
4.47239 175.412
4.51957 175.425
4.56818 175.504
4.61608 175.549
4.66344 175.568
4.7122 175.651
4.75966 175.673
4.80849 175.756
4.85591 175.775
