-10.7035 104.256
-10.6705 104.229
-10.1186 103.046
-9.97854 102.807
-9.94631 102.784
-9.91531 102.777
-9.87949 102.705
-9.84661 102.673
-9.68037 102.482
-9.64945 102.475
-9.47921 102.222
-9.44587 102.181
-9.41293 102.144
-9.382 102.136
-9.35117 102.129
-9.31959 102.112
-9.28783 102.092
-9.15948 101.991
-9.12731 101.964
-9.09506 101.936
-9.06163 101.891
-9.02868 101.852
-8.99575 101.813
-8.96519 101.809
-8.86752 101.708
-8.83592 101.688
-8.80548 101.685
-8.77495 101.681
-8.74319 101.658
-8.64684 101.573
-8.51945 101.473
-8.48907 101.47
-8.45868 101.467
-8.42788 101.458
-8.39622 101.435
-8.36399 101.403
-8.33363 101.401
-8.27264 101.391
-8.24029 101.357
-8.20695 101.306
-8.17612 101.296
-8.14389 101.262
-8.11339 101.257
-8.08314 101.256
-8.05289 101.254
-8.02135 101.232
-7.98901 101.196
-7.95838 101.188
-7.92719 101.171
-7.89584 101.151
-7.86546 101.147
-7.83524 101.145
-7.80415 101.129
-7.77275 101.108
-7.74152 101.09
-7.71061 101.076
-7.67925 101.055
-7.64874 101.048
-7.618 101.038
-7.58596 101.005
-7.55471 100.985
-7.52369 100.969
-7.4932 100.962
-7.46235 100.949
-7.43194 100.944
-7.40162 100.94
-7.37129 100.936
-7.34104 100.933
-7.31138 100.941
-7.28179 100.95
-7.25154 100.947
-7.22064 100.932
-7.1893 100.91
-7.15899 100.906
-7.12839 100.897
-7.0973 100.878
-7.06642 100.864
-7.03605 100.858
-7.00583 100.856
-6.97539 100.849
-6.94495 100.842
-6.91459 100.837
-6.8843 100.833
-6.85387 100.826
-6.82324 100.816
-6.79275 100.808
-6.76302 100.814
-6.73335 100.822
-6.70293 100.815
-6.67258 100.81
-6.64223 100.805
-6.61182 100.798
-6.58115 100.786
-6.55062 100.777
-6.52008 100.767
-6.48969 100.761
-6.45936 100.755
-6.42929 100.755
-6.39929 100.757
-6.36916 100.755
-6.33902 100.754
-6.30896 100.754
-6.27889 100.754
-6.24857 100.748
-6.21825 100.743
-6.18787 100.736
-6.15768 100.733
-6.12768 100.735
-6.09719 100.725
-6.06682 100.719
-6.03675 100.719
-6.00675 100.72
-5.97675 100.721
-5.94699 100.728
-5.91722 100.734
-5.88727 100.737
-5.85738 100.74
-5.82731 100.74
-5.79713 100.738
-5.76694 100.735
-5.73705 100.739
-5.70721 100.744
-5.6772 100.745
-5.64696 100.741
-5.61706 100.745
-5.58716 100.749
-5.55652 100.736
-5.52629 100.732
-5.49644 100.737
-5.46654 100.741
-5.43663 100.744
-5.40678 100.75
-5.37703 100.757
-5.34744 100.769
-5.31752 100.773
-5.28728 100.769
-5.25758 100.778
-5.22771 100.783
-5.19736 100.777
-5.16728 100.776
-5.13762 100.787
-5.10805 100.8
-5.07807 100.802
-5.04813 100.806
-5.0183 100.813
-4.98841 100.818
-4.95852 100.823
-4.92912 100.841
-4.89913 100.844
-4.86883 100.839
-4.83859 100.835
-4.80835 100.831
-4.77806 100.825
-4.74839 100.837
-4.71868 100.847
-4.6891 100.862
-4.65919 100.867
-4.6296 100.881
-4.59977 100.889
-4.57022 100.905
-4.54079 100.924
-4.51063 100.923
-4.4806 100.926
-4.45062 100.929
-4.42077 100.937
-4.39109 100.95
-4.36141 100.963
-4.33203 100.986
-4.3025 101.004
-4.27258 101.011
-4.24223 101.004
-4.21256 101.018
-4.18297 101.035
-4.15337 101.052
-4.12364 101.066
-4.09391 101.079
-4.064 101.086
-4.03429 101.101
-4.00454 101.114
-3.97449 101.118
-3.94505 101.142
-3.91568 101.168
-3.88566 101.173
-3.85567 101.18
-3.82553 101.181
-3.79551 101.186
-3.7654 101.189
-3.73511 101.185
-3.70489 101.183
-3.6753 101.204
-3.64579 101.228
-3.61651 101.261
-3.58694 101.283
-3.55731 101.304
-3.52768 101.326
-3.49764 101.332
-3.46792 101.351
-3.43819 101.369
-3.40807 101.373
-3.37833 101.391
-3.34895 101.424
-3.31889 101.431
-3.28915 101.451
-3.25937 101.469
-3.22932 101.477
-3.19963 101.5
-3.02107 101.627
-2.99121 101.645
-2.96104 101.65
-2.93111 101.666
-2.72306 101.856
-2.66323 101.898
-2.63334 101.92
-2.60326 101.934
-2.57285 101.931
-1.61594 103.079
-1.46591 103.346
-1.43558 103.377
-1.40534 103.418
-1.37509 103.459
