-39.288 136.329
-39.2557 136.353
-39.2137 136.334
-39.1751 136.33
-39.136 136.324
-39.0906 136.291
-39.0525 136.289
-39.0154 136.292
-38.9782 136.294
-38.9338 136.265
-38.8957 136.263
-38.8571 136.259
-38.818 136.253
-38.7795 136.25
-38.7361 136.225
-38.698 136.223
-38.6174 136.2
-38.5789 136.197
-38.5408 136.195
-38.5032 136.195
-38.4603 136.172
-38.4217 136.169
-38.3831 136.165
-38.3455 136.165
-38.3065 136.159
-38.2684 136.158
-38.2303 136.156
-38.1932 136.158
-38.1555 136.159
-38.1127 136.136
-38.0746 136.134
-38.0408 136.152
-38.0046 136.158
-37.9665 136.157
-37.9227 136.13
-37.8861 136.134
-37.8494 136.139
-37.8113 136.137
-37.7788 136.161
-37.743 136.17
-37.704 136.164
-37.6664 136.165
-37.6287 136.165
-37.5906 136.163
-37.5558 136.177
-37.5228 136.198
-37.4838 136.192
-37.4456 136.191
-37.4099 136.2
-37.368 136.181
-37.3248 136.156
-37.2876 136.158
-37.2509 136.163
-37.2137 136.166
-37.1793 136.181
-37.1439 136.192
-37.1091 136.205
-37.0751 136.223
-37.0379 136.225
-36.9965 136.209
-36.9538 136.186
-36.9083 136.15
-36.8766 136.178
-36.8476 136.219
-36.8145 136.241
-36.7768 136.241
-36.7424 136.257
-36.7202 136.329
-36.6843 136.338
-36.6484 136.347
-36.6098 136.344
-36.5707 136.338
-36.5334 136.34
-36.4953 136.339
-36.4589 136.345
-36.4266 136.371
-36.397 136.41
-36.3602 136.415
-36.3184 136.396
-36.2824 136.405
-36.2519 136.44
-36.2186 136.462
-36.1804 136.46
-36.1427 136.46
-36.1031 136.452
-36.0712 136.481
-36.0002 136.323
-35.9589 136.306
-35.9216 136.309
-35.8878 136.329
-35.8572 136.363
-35.8695 136.603
-35.8375 136.631
-35.8046 136.655
-35.7676 136.66
-35.736 136.691
-35.7013 136.706
-35.667 136.724
-35.6296 136.726
-35.5939 136.737
-35.5614 136.764
-35.5218 136.755
-35.4856 136.764
-35.4566 136.808
-35.4209 136.819
-35.387 136.839
-35.3518 136.852
-35.3196 136.881
-35.2883 136.913
-35.2512 136.918
-35.2129 136.916
-35.182 136.951
-35.1515 136.988
-35.1157 136.999
-35.0835 137.028
-35.0521 137.061
-35.0211 137.096
-34.9849 137.105
-34.9526 137.133
-34.9207 137.164
-34.8844 137.173
-34.8525 137.203
-34.8206 137.234
-34.7882 137.263
-34.7515 137.27
-34.7248 137.326
-34.6902 137.344
-34.6586 137.377
-34.6267 137.408
-34.5899 137.415
-34.5527 137.419
-34.4643 137.551
-34.3402 137.696
-34.302 137.696
-34.2652 137.703
-34.2326 137.732
-34.1124 137.899
-33.1587 139.545
-33.1331 139.615
-33.1074 139.684
-33.0821 139.755
-32.4335 138.564
-32.4245 138.722
-32.4068 138.835
-32.3916 138.961
-32.3743 139.076
-32.384 139.338
-32.3834 139.544
-32.3595 139.625
