37.8473 146.99
37.8925 147.013
37.9339 147.018
37.9826 147.059
38.0249 147.068
38.0524 147.005
38.0607 146.849
38.0422 146.564
38.0588 146.45
38.0736 145.746
37.748 142.287
37.783 142.267
37.8199 142.255
37.8807 141.984
37.9099 141.937
37.941 141.898
37.9683 141.841
38.0036 141.823
38.026 141.743
38.0499 141.671
38.0747 141.603
38.11 141.585
38.1347 141.517
38.1691 141.494
38.1952 141.433
38.2209 141.37
38.2566 141.354
38.2837 141.298
38.3141 141.257
38.3479 141.232
38.3797 141.199
38.4101 141.158
38.4405 141.118
38.4699 141.073
38.494 141.003
38.5248 140.965
38.557 140.933
38.5878 140.895
38.6186 140.857
38.6465 140.805
38.682 140.79
38.7162 140.767
38.7508 140.747
38.7766 140.686
38.8059 140.642
38.838 140.61
38.8755 140.604
38.9125 140.595
38.9427 140.554
38.9685 140.494
39.0025 140.472
39.039 140.46
39.0759 140.451
39.1031 140.398
39.1352 140.367
39.1672 140.335
39.2017 140.315
39.2293 140.264
39.2667 140.257
39.2982 140.224
39.3297 140.191
39.3646 140.173
39.3922 140.122
39.4271 140.104
39.4595 140.075
39.4969 140.068
39.5303 140.044
39.5662 140.03
39.5951 139.986
39.6315 139.975
39.6619 139.937
39.6918 139.897
39.7291 139.891
39.7654 139.88
39.7933 139.831
39.8296 139.82
39.8674 139.815
39.9056 139.813
39.9429 139.806
39.9777 139.789
40.0025 139.727
40.0329 139.689
