-18.7 140.826
-18.6579 140.795
-18.6174 140.78
-18.4221 140.4
-18.3773 140.343
-18.3356 140.314
-18.2902 140.251
-18.2444 140.183
-18.1982 140.111
-18.1542 140.061
-18.1146 140.052
-18.0226 139.91
-17.9806 139.877
-17.9354 139.814
-17.8925 139.773
-17.847 139.705
-17.8044 139.666
-17.7618 139.627
-17.7201 139.597
-17.6788 139.571
-17.6391 139.56
-17.5966 139.521
-17.5543 139.484
-17.4647 139.36
-17.4257 139.356
-17.3835 139.319
-17.3408 139.278
-17.2991 139.246
-17.2582 139.222
-17.2179 139.205
-17.1736 139.146
-17.1317 139.112
-17.0906 139.086
-17.0504 139.069
-17.0079 139.028
-16.9686 139.019
-16.9278 138.995
-16.8851 138.952
-16.8453 138.939
-16.8052 138.922
-16.7648 138.903
-16.7241 138.879
-16.6841 138.864
-16.6428 138.834
-16.6016 138.806
-16.562 138.793
-16.5212 138.769
-16.4806 138.746
-16.4409 138.733
-16.4 138.707
-16.3601 138.692
-16.3187 138.66
-16.2794 138.651
-16.2394 138.634
-16.199 138.613
-16.1597 138.604
-16.1203 138.593
-16.0793 138.566
-16.0385 138.54
-15.9993 138.531
-15.9601 138.523
-15.9197 138.501
-15.8803 138.491
-15.8411 138.482
-15.8018 138.471
-15.762 138.456
-15.7236 138.456
-15.685 138.454
-15.6453 138.439
-15.6061 138.431
-15.5671 138.425
-15.5274 138.41
-15.4865 138.382
-15.4462 138.36
-15.4072 138.354
-15.3681 138.345
-15.3293 138.341
-15.2898 138.328
-15.2511 138.324
-15.2123 138.32
-15.1735 138.316
-15.1337 138.299
-15.0953 138.299
-15.0569 138.299
-15.0184 138.297
-14.9794 138.29
-14.9405 138.284
-14.9014 138.275
-14.8615 138.258
-14.8228 138.254
-14.7846 138.256
-14.7464 138.258
-14.7075 138.252
-14.6686 138.246
-14.63 138.244
-14.5918 138.246
-14.5527 138.237
-14.5143 138.237
-14.4763 138.242
-14.4378 138.24
-14.3992 138.237
-14.36 138.227
-14.3216 138.227
-14.2844 138.242
-14.2468 138.251
-14.2075 138.24
-14.1684 138.231
-14.1302 138.234
-14.092 138.236
-14.054 138.24
-14.0178 138.268
-13.9806 138.283
-13.9421 138.281
-13.904 138.285
-13.8644 138.27
-13.8269 138.281
-13.7887 138.283
-13.7506 138.288
-13.713 138.299
-13.6733 138.281
-13.6342 138.273
-13.5968 138.286
-13.5586 138.288
-13.5193 138.277
-13.4801 138.267
-13.4427 138.28
-13.4051 138.29
-13.3672 138.297
-13.3304 138.318
-13.2927 138.327
-13.2544 138.329
-13.2163 138.334
-13.1799 138.359
-13.1424 138.372
-13.1041 138.374
-13.0652 138.368
-13.0269 138.37
-12.9893 138.381
-12.9515 138.39
-12.9137 138.398
-12.8766 138.416
-12.8379 138.413
-12.7989 138.405
-12.7606 138.407
-12.7232 138.422
-12.6868 138.45
-12.6506 138.48
-12.6133 138.498
-12.5753 138.504
-12.5394 138.539
-12.5016 138.549
-12.4625 138.541
-12.4256 138.562
-12.389 138.588
-12.3509 138.595
-12.3129 138.601
-12.2762 138.627
-12.2395 138.653
-12.2024 138.673
-12.1661 138.705
-12.1287 138.72
-12.0913 138.737
-12.053 138.74
-12.0147 138.744
-11.9768 138.753
-11.9415 138.8
-11.9037 138.811
-11.8654 138.815
-11.8288 138.843
-11.7921 138.872
-11.754 138.878
-11.7159 138.885
-11.6805 138.932
-11.6431 138.95
-11.6068 138.984
-11.5702 139.015
-11.532 139.021
-11.4952 139.047
-11.457 139.054
-11.4205 139.086
-11.3843 139.123
-11.3495 139.182
-11.3115 139.192
-11.2733 139.199
-11.238 139.251
-11.2001 139.262
-11.1617 139.266
-11.1247 139.292
-11.0522 139.369
-11.0155 139.401
-10.979 139.436
-10.9424 139.469
-10.9043 139.48
-10.8696 139.543
-10.8341 139.595
-10.7959 139.604
-10.7594 139.641
-10.7212 139.65
-10.6862 139.711
-10.6482 139.724
-10.6133 139.787
-10.5799 139.877
-10.5417 139.886
-10.5034 139.894
-10.4669 139.934
-10.4337 140.028
-10.3967 140.059
-10.3597 140.089
-10.2507 140.219
-10.2127 140.234
-10.1773 140.294
-10.1413 140.344
-10.1077 140.437
-10.0696 140.452
-10.033 140.492
-9.99793 140.56
-9.96272 140.626
-9.92749 140.692
-9.8225 140.907
-9.78741 140.978
-9.75044 141.015
-9.71309 141.046
