-24.8724 83.9128
3.06535 139.961
3.1032 139.89
3.1386 139.684
3.17708 139.653
3.21567 139.629
3.25383 139.583
3.51422 138.951
3.55283 138.938
3.62734 138.782
3.85262 138.432
3.89114 138.421
3.92837 138.354
3.96572 138.293
4.07843 138.145
4.11641 138.114
4.15478 138.101
4.19216 138.047
4.2304 138.03
4.26827 137.997
4.38004 137.83
4.41723 137.774
4.45573 137.77
4.49412 137.761
4.53131 137.707
4.56951 137.692
4.6073 137.661
4.64484 137.622
4.68161 137.555
4.71941 137.527
4.75761 137.514
4.79545 137.488
4.83315 137.458
4.8712 137.441
4.90888 137.411
4.9468 137.389
4.98495 137.376
5.02172 137.316
5.05922 137.282
5.09753 137.275
5.13539 137.254
5.17337 137.236
5.21121 137.215
5.2493 137.202
5.2868 137.17
5.32428 137.137
5.36188 137.109
5.40014 137.103
5.43839 137.096
5.4759 137.066
5.51346 137.038
5.55156 137.028
5.58944 137.011
5.62732 136.993
5.66484 136.965
5.70256 136.944
5.74062 136.933
5.77861 136.92
5.81624 136.897
5.85392 136.875
5.89203 136.867
5.93007 136.856
5.96765 136.832
6.00516 136.807
6.0431 136.794
6.08118 136.785
6.11888 136.766
6.15657 136.747
6.19449 136.734
6.2324 136.721
6.27053 136.715
6.30889 136.715
6.34679 136.702
6.38476 136.691
6.42272 136.68
6.46036 136.661
6.49823 136.648
6.53625 136.64
6.57403 136.625
6.61172 136.608
6.6499 136.603
6.6879 136.595
6.72533 136.571
6.76166 136.52
6.79872 136.488
6.83905 136.539
6.88084 136.627
6.91969 136.639
6.95684 136.609
6.99319 136.56
7.03091 136.545
7.06914 136.543
7.10711 136.535
7.14473 136.518
7.18304 136.518
7.22118 136.513
7.25914 136.505
7.29682 136.49
7.33494 136.485
7.37307 136.481
7.41165 136.487
7.44913 136.468
7.48586 136.432
7.51908 136.315
7.5671 136.539
7.6071 136.577
7.63491 136.338
7.67506 136.381
7.71419 136.4
7.75305 136.413
7.7921 136.43
7.83107 136.445
7.86975 136.453
7.90795 136.451
7.94634 136.453
7.98493 136.459
8.02342 136.464
8.06162 136.461
8.09961 136.455
8.13861 136.47
8.17731 136.478
8.21591 136.485
8.25421 136.485
8.29251 136.485
8.33091 136.487
8.36952 136.493
8.40803 136.497
8.44643 136.499
8.48463 136.497
8.52293 136.497
8.56176 136.508
8.60006 136.508
8.6389 136.518
8.67838 136.542
8.71701 136.548
8.75586 136.559
8.79461 136.567
8.83292 136.567
8.87157 136.574
8.91021 136.58
8.94853 136.58
8.98707 136.584
9.02583 136.593
9.06493 136.608
9.10359 136.614
9.14225 136.62
9.18092 136.627
9.22038 136.648
9.25917 136.656
9.29808 136.667
9.33756 136.688
9.37706 136.71
9.41563 136.714
9.45468 136.727
9.49385 136.742
9.53326 136.761
9.57185 136.765
9.61044 136.769
9.64999 136.791
9.68895 136.801
9.72863 136.825
9.76724 136.829
9.80609 136.837
9.84702 136.882
9.88662 136.904
9.92635 136.927
9.96474 136.927
10.003 136.925
10.0428 136.948
10.082 136.963
10.1214 136.981
10.1607 136.995
10.2 137.01
10.2406 137.047
10.2801 137.066
10.3199 137.09
10.3595 137.109
10.3998 137.139
10.4406 137.18
10.4804 137.201
10.5192 137.207
10.5581 137.214
10.5994 137.261
10.6388 137.276
10.6779 137.287
10.7185 137.321
10.7585 137.345
10.7991 137.379
10.8397 137.413
10.8801 137.444
10.9206 137.476
10.9613 137.51
11.0012 137.532
11.0426 137.577
11.083 137.607
11.1228 137.627
11.1637 137.663
11.205 137.706
11.2453 137.732
11.2871 137.782
11.3279 137.816
11.3691 137.857
11.4103 137.896
11.4531 137.961
11.4943 138
11.534 138.015
11.5779 138.096
11.6177 138.113
11.6605 138.176
11.703 138.232
11.7441 138.269
11.7878 138.343
11.8291 138.382
11.8696 138.408
11.9108 138.445
11.9566 138.548
11.9983 138.591
12.0391 138.622
12.0827 138.691
12.174 138.89
12.2156 138.93
12.2573 138.971
