-0.0348405 135.442
0.0419949 135.305
0.0803685 135.238
0.118714 135.172
0.157029 135.103
0.195317 135.038
0.233587 134.981
0.271855 134.941
0.310103 134.899
0.348307 134.843
0.386478 134.782
0.42466 134.738
0.462782 134.677
0.500934 134.638
0.538996 134.573
0.577102 134.531
0.615211 134.496
0.65323 134.439
0.69128 134.398
0.729354 134.366
0.767301 134.308
0.805323 134.273
0.843331 134.237
0.881313 134.2
0.91929 134.165
0.957175 134.115
0.995245 134.102
1.03319 134.069
1.07112 134.036
1.10904 134.003
1.14694 133.97
1.18477 133.928
1.2225 133.874
1.26033 133.837
1.29813 133.8
1.33602 133.775
1.37399 133.762
1.41181 133.731
1.44958 133.696
1.4874 133.669
1.52522 133.643
1.56298 133.612
1.60092 133.601
1.63886 133.591
1.67651 133.552
1.71435 133.533
1.75208 133.505
1.78982 133.478
1.8275 133.447
1.86532 133.43
1.90303 133.404
1.94077 133.381
1.97861 133.369
2.01628 133.342
2.05395 133.315
2.09182 133.307
2.12959 133.291
2.16707 133.252
2.20487 133.239
2.24253 133.217
2.28024 133.198
2.3177 133.161
2.35558 133.157
2.39349 133.155
2.43128 133.145
2.46887 133.12
2.50662 133.108
2.54416 133.081
2.58187 133.067
2.61967 133.059
2.65739 133.047
2.69499 133.026
2.73264 133.01
2.77036 132.998
2.80806 132.985
2.84586 132.979
2.88356 132.967
2.92129 132.957
2.95894 132.943
2.99659 132.928
3.03426 132.916
3.07197 132.906
3.1096 132.892
3.14715 132.873
3.1848 132.861
3.22256 132.855
3.26025 132.845
3.29801 132.839
3.33584 132.837
3.37363 132.833
3.41122 132.818
3.44881 132.804
3.48655 132.798
3.52429 132.792
3.56203 132.786
3.59985 132.784
3.63763 132.78
3.67536 132.774
3.71313 132.77
3.75086 132.764
3.78841 132.749
3.82608 132.741
3.86385 132.737
3.90161 132.733
3.93937 132.729
3.97703 132.721
4.0147 132.713
4.05255 132.713
4.09045 132.715
4.12815 132.709
4.16575 132.699
4.2036 132.699
4.24186 132.715
4.27925 132.697
4.31684 132.687
4.3549 132.695
4.39254 132.687
4.43038 132.687
4.46818 132.685
4.50597 132.683
4.54398 132.689
4.58172 132.685
4.61946 132.681
4.6577 132.696
4.69589 132.708
4.73408 132.721
4.77205 132.725
4.80991 132.725
4.84771 132.723
4.88563 132.725
4.9236 132.729
4.96158 132.733
4.99974 132.744
5.03779 132.75
5.07571 132.752
5.11364 132.754
5.15157 132.756
5.18962 132.763
5.22756 132.765
5.26536 132.763
5.30311 132.759
5.3411 132.763
5.37968 132.785
5.41814 132.804
5.45622 132.81
5.49423 132.814
5.53225 132.819
5.57026 132.823
5.60842 132.831
5.64644 132.835
5.6846 132.844
5.72345 132.872
5.7617 132.883
5.79987 132.891
5.83834 132.908
5.87645 132.914
5.91457 132.92
5.9527 132.926
5.9914 132.949
6.02968 132.959
6.06788 132.968
6.1061 132.976
6.14409 132.978
6.18254 132.993
6.22136 133.017
6.26012 133.04
6.29844 133.05
6.33691 133.065
6.37555 133.083
6.41426 133.104
6.45253 133.112
6.4908 133.121
6.5293 133.135
6.56884 133.177
6.60705 133.183
6.64598 133.208
6.68436 133.218
6.72267 133.226
6.76171 133.253
6.80084 133.282
6.83925 133.293
6.87841 133.322
6.91758 133.351
6.95601 133.361
6.9963 133.417
7.03552 133.446
7.07364 133.448
7.11184 133.452
7.15022 133.46
7.18947 133.49
7.22891 133.523
7.2689 133.568
7.30722 133.575
7.34564 133.583
7.38522 133.618
7.42482 133.654
7.46552 133.714
7.5048 133.741
7.54326 133.749
7.58274 133.78
7.62242 133.816
7.6623 133.855
7.70174 133.884
7.74128 133.916
7.78102 133.951
7.82059 133.982
7.86028 134.016
7.89978 134.045
7.97932 134.114
8.02062 134.181
8.10047 134.254
8.18118 134.344
8.22122 134.382
8.26248 134.444
8.30266 134.484
8.34225 134.511
8.38369 134.576
8.42424 134.623
8.46532 134.679
8.50612 134.73
8.54747 134.791
8.58843 134.843
8.62762 134.86
8.67169 134.974
8.7139 135.05
8.75583 135.119
8.79639 135.162
8.83935 135.25
8.88018 135.297
8.9218 135.358
