28.9486 130.039
28.9744 129.975
28.9856 129.829
28.9916 129.654
29.0153 129.579
29.0431 129.528
28.7973 126.697
28.8267 126.659
28.8493 126.583
28.8728 126.513
28.8977 126.451
28.9233 126.392
28.9435 126.303
28.9636 126.214
28.9887 126.154
29.0159 126.105
29.0407 126.043
29.0583 125.941
29.0828 125.877
29.1119 125.839
29.1417 125.806
29.1719 125.774
29.1955 125.706
29.2222 125.656
29.2534 125.629
29.2756 125.554
29.3825 125.354
29.4042 125.278
29.4301 125.224
29.4598 125.19
29.489 125.155
29.5217 125.138
29.5558 125.129
29.5878 125.108
29.6139 125.056
29.6424 125.017
29.6713 124.98
29.6922 124.9
29.7214 124.865
29.7505 124.83
29.7824 124.809
29.8147 124.791
29.8462 124.769
29.8697 124.704
29.8981 124.665
29.9275 124.632
29.9569 124.598
29.9811 124.537
30.0105 124.504
30.0409 124.477
30.0734 124.46
30.1055 124.442
30.1338 124.403
30.1631 124.37
30.1962 124.357
30.2273 124.333
30.2573 124.303
30.2876 124.276
30.3182 124.25
30.3485 124.222
30.3767 124.184
30.4069 124.156
30.4376 124.131
30.4678 124.103
30.4998 124.085
30.5261 124.037
30.5585 124.02
30.5858 123.978
30.6157 123.949
30.6472 123.929
30.6813 123.922
30.7125 123.9
30.743 123.874
30.7728 123.845
30.8054 123.83
30.8369 123.81
30.8681 123.788
30.9011 123.775
30.9322 123.753
30.9655 123.742
30.9952 123.713
31.0252 123.686
31.0542 123.653
31.0846 123.627
31.1182 123.618
31.1493 123.596
31.1825 123.586
31.215 123.571
31.2435 123.536
31.2713 123.498
31.3013 123.471
31.333 123.453
31.3673 123.447
31.4019 123.444
31.4326 123.42
31.4632 123.396
31.4938 123.373
31.528 123.367
31.5645 123.373
31.5991 123.369
31.6297 123.346
31.6599 123.32
31.6923 123.306
31.7228 123.282
31.7534 123.258
31.7875 123.253
31.8221 123.249
31.8589 123.257
31.8949 123.26
31.9284 123.251
31.9581 123.224
31.9875 123.195
32.0202 123.183
32.0551 123.181
32.0893 123.175
32.1179 123.143
32.1505 123.13
32.1839 123.121
32.2188 123.119
32.2541 123.119
32.2871 123.109
32.3234 123.114
32.3576 123.109
32.3902 123.096
32.4273 123.105
32.4618 123.102
32.4974 123.103
32.5383 123.131
32.5739 123.133
32.6039 123.107
32.6357 123.091
32.6661 123.067
32.6971 123.048
32.7316 123.044
32.7668 123.044
32.8039 123.053
32.8361 123.039
32.8687 123.026
32.8952 122.984
32.9266 122.966
32.9648 122.981
33.0057 123.008
33.0397 123.003
33.0711 122.985
33.1048 122.978
33.1381 122.969
33.1729 122.967
33.2069 122.961
33.2436 122.969
33.2754 122.952
33.3064 122.933
33.3427 122.938
33.3801 122.949
33.4145 122.945
33.4493 122.944
33.4845 122.944
33.5189 122.94
33.5521 122.931
33.5885 122.937
33.6259 122.948
33.6615 122.949
33.6967 122.95
33.7303 122.942
33.7631 122.932
33.7971 122.926
33.833 122.93
33.8694 122.935
33.9057 122.941
33.9436 122.954
33.9838 122.977
34.019 122.977
34.0514 122.965
34.0865 122.965
34.1236 122.974
34.1592 122.976
34.1944 122.976
34.2303 122.979
34.2662 122.983
34.3026 122.989
34.3354 122.978
34.3733 122.99
34.4132 123.012
34.4491 123.016
34.4847 123.018
34.521 123.023
34.557 123.027
34.5937 123.034
34.6325 123.051
34.6688 123.056
34.7084 123.076
34.7459 123.087
34.7807 123.085
34.8127 123.071
34.851 123.085
34.8874 123.091
34.9234 123.095
34.963 123.115
34.9997 123.122
35.0389 123.14
35.0749 123.144
35.1121 123.153
35.1529 123.178
35.1934 123.202
35.2302 123.209
35.2686 123.224
35.3058 123.233
35.343 123.242
35.379 123.246
35.4179 123.262
36.289 123.687
36.3276 123.702
36.3687 123.728
36.404 123.728
