-33.4887 154.475
-33.4349 154.408
-33.391 154.398
-32.6824 153.707
-32.6388 153.697
-32.1631 153.369
-32.116 153.338
-32.0734 153.334
-32.0302 153.327
-31.9828 153.294
-31.928 153.218
-31.8797 153.18
-31.8362 153.17
-31.7931 153.163
-31.7513 153.164
-31.7069 153.149
-31.6643 153.145
-31.6165 153.109
-31.5713 153.089
-31.5188 153.026
-31.4753 153.016
-31.4289 152.989
-31.3909 153.013
-31.35 153.018
-31.3078 153.017
-31.2644 153.007
-31.2116 152.941
-31.1681 152.931
-31.126 152.93
-31.0838 152.928
-31.042 152.928
-30.9961 152.903
-30.9535 152.899
-30.9054 152.861
-30.8624 152.854
-30.8152 152.821
-30.7689 152.794
-30.7259 152.787
-30.6846 152.79
-30.6457 152.809
-30.6028 152.802
-30.5581 152.785
-30.5155 152.78
-30.4688 152.75
-30.4259 152.743
-30.3853 152.752
-30.3448 152.76
-30.3051 152.773
-30.2617 152.764
-30.213 152.721
-30.168 152.701
-30.1267 152.704
-30.0866 152.715
-30.0444 152.714
-30.0023 152.712
-29.9617 152.72
-29.92 152.721
-29.877 152.714
-29.8336 152.704
-29.7882 152.682
-29.7465 152.682
-29.7047 152.683
-29.6606 152.668
-29.6132 152.633
-29.5711 152.631
-29.5345 152.665
-29.4948 152.679
-29.451 152.667
-29.4045 152.637
-29.3623 152.635
-29.3217 152.643
-29.2828 152.662
-29.243 152.675
-29.2012 152.676
-29.1547 152.646
-29.1094 152.624
-29.0684 152.629
-29.029 152.645
-28.9939 152.69
-28.9521 152.69
-28.9107 152.694
-28.8721 152.715
-28.8272 152.695
-28.7811 152.667
-28.7409 152.678
-28.701 152.692
-28.6588 152.69
-28.6213 152.719
-28.5811 152.73
-28.5381 152.723
-28.4932 152.703
-28.4583 152.75
-28.4196 152.771
-28.3809 152.792
-28.3436 152.824
-28.3064 152.855
-28.2718 152.905
-28.2285 152.895
-28.1858 152.891
-28.1474 152.914
-28.1117 152.956
-28.0721 152.972
-28.0313 152.981
-27.9902 152.987
-27.9517 153.01
-27.914 153.039
-27.8702 153.027
-27.8313 153.048
-27.7913 153.062
-27.7517 153.078
-27.7116 153.092
-27.6701 153.095
-27.6286 153.098
-27.5907 153.127
-27.5518 153.148
-27.5106 153.154
-27.4702 153.165
-27.4331 153.199
-27.3963 153.236
-27.357 153.255
-27.3194 153.286
-27.2797 153.303
-27.2425 153.337
-27.205 153.369
-27.1652 153.385
-27.1239 153.391
-27.0852 153.414
-27.0443 153.423
-27.0056 153.447
-26.9661 153.466
-26.9285 153.497
-26.8909 153.529
-26.8506 153.543
-26.8144 153.585
-26.7767 153.616
-26.7357 153.625
-26.6959 153.641
-26.6599 153.686
-26.6218 153.715
-26.5844 153.749
-26.5441 153.763
-26.5121 153.836
-26.4718 153.85
-26.4336 153.879
-26.3958 153.911
-26.3554 153.925
-26.319 153.967
-26.2786 153.981
-26.2451 154.044
-26.2054 154.063
-26.1735 154.139
-25.6915 154.646
-25.6502 154.655
-25.6128 154.692
-25.5771 154.742
-24.3703 155.951
-24.3596 156.206
-24.3426 156.412
-24.3105 156.498
-24.2674 156.496
