-24.8728 83.9148
-24.8439 83.9015
12.0999 169.506
12.1433 169.47
12.188 169.454
12.9551 167.888
13.0007 167.894
13.0446 167.873
13.0888 167.858
13.1306 167.804
13.1676 167.677
13.2073 167.591
13.2492 167.54
13.2908 167.487
13.3354 167.478
13.6683 167.058
13.7137 167.063
13.7581 167.054
13.7999 167.007
13.8417 166.96
13.8881 166.98
14.0068 166.742
14.0952 166.72
14.3092 166.567
14.3516 166.532
14.3946 166.505
14.4382 166.487
14.4771 166.402
14.519 166.361
14.5637 166.358
14.6081 166.352
14.6493 166.302
14.6912 166.261
14.7354 166.252
14.7802 166.251
14.8216 166.204
14.8637 166.166
14.908 166.16
14.9522 166.151
14.9942 166.113
15.0383 166.104
15.083 166.104
15.1272 166.095
15.1695 166.062
15.2134 166.05
15.2553 166.012
15.2973 165.974
15.3376 165.916
15.3791 165.872
15.4231 165.863
15.4674 165.857
15.5118 165.853
15.5565 165.853
15.6004 165.841
15.6451 165.841
15.6893 165.835
15.7335 165.829
15.7773 165.817
15.8209 165.802
15.8644 165.787
15.9096 165.793
15.9536 165.784
15.9955 165.749
16.0354 165.687
16.0787 165.67
16.1261 165.704
16.176 165.77
16.2205 165.767
16.2626 165.735
16.3038 165.691
16.3466 165.668
16.3896 165.647
16.4319 165.618
16.476 165.612
16.5204 165.608
16.565 165.608
16.6109 165.622
16.6538 165.602
16.6632 165.171
16.7091 165.188
16.7567 165.225
16.8287 165.557
16.8654 165.461
16.9191 165.571
16.9633 165.565
17.0108 165.599
17.0559 165.605
17.0978 165.572
17.1422 165.569
17.1875 165.577
17.2333 165.592
17.2784 165.597
17.3228 165.594
17.3672 165.591
17.4125 165.599
17.4583 165.613
17.5022 165.604
17.5448 165.581
17.5877 165.56
17.632 165.557
17.6776 165.568
17.7242 165.591
17.7703 165.608
17.8147 165.605
17.8585 165.596
17.9031 165.595
17.9487 165.606
17.9936 165.609
18.0387 165.614
18.0843 165.626
18.1304 165.643
18.1769 165.663
18.2222 165.671
18.2692 165.697
18.3138 165.696
18.3563 165.673
18.403 165.696
18.4481 165.701
18.4927 165.701
18.5405 165.735
18.588 165.767
18.6353 165.795
18.6802 165.798
18.7248 165.798
18.7694 165.797
18.8157 165.814
18.8614 165.826
18.9063 165.828
18.9549 165.871
19.0006 165.883
19.0453 165.882
19.0899 165.882
19.1362 165.899
19.1846 165.939
19.2334 165.982
19.2816 166.02
19.3274 166.031
19.3734 166.045
19.4247 166.115
19.4697 166.117
19.5146 166.12
19.5624 166.151
19.6085 166.166
19.6551 166.186
19.7009 166.197
19.7473 166.214
19.7948 166.243
19.8441 166.289
19.891 166.312
19.94 166.355
19.9884 166.393
20.0343 166.404
20.0799 166.413
20.1278 166.444
20.1754 166.473
20.2228 166.499
20.2756 166.58
20.3253 166.63
20.375 166.679
20.4213 166.693
20.4693 166.725
20.5161 166.745
20.5677 166.812
20.6143 166.829
20.6635 166.873
20.7137 166.925
20.7659 166.998
20.812 167.01
20.8658 167.097
20.9193 167.182
20.9663 167.202
21.0151 167.24
21.0646 167.284
21.1152 167.34
21.1689 167.425
21.2236 167.519
21.2738 167.568
21.3239 167.618
21.3744 167.671
