-24.87 83.9017
-5.02527 135.87
-4.94401 135.699
-4.90558 135.688
-4.86661 135.659
-4.43194 135.069
-4.39368 135.058
-4.35408 134.995
-4.31515 134.958
-4.27629 134.922
-4.08187 134.73
-4.04311 134.695
-4.00441 134.662
-3.84972 134.526
-3.77248 134.46
-3.61828 134.331
-3.5797 134.296
-3.54174 134.29
-3.5037 134.28
-3.4649 134.232
-3.42687 134.222
-3.38861 134.199
-3.35063 134.191
-3.31222 134.16
-3.2739 134.133
-3.23579 134.116
-3.19753 134.091
-3.1592 134.062
-3.12123 134.052
-3.08334 134.046
-3.04486 134.007
-3.00654 133.976
-2.96816 133.941
-2.93033 133.937
-2.89216 133.912
-2.85417 133.897
-2.81601 133.873
-2.77813 133.864
-2.74036 133.862
-2.70226 133.84
-2.66437 133.83
-2.62615 133.799
-2.58799 133.77
-2.5498 133.739
-2.51203 133.735
-2.47429 133.733
-2.43601 133.694
-2.39808 133.677
-2.36044 133.681
-2.32285 133.69
-2.28512 133.688
-2.24715 133.667
-2.20932 133.657
-2.17128 133.63
-2.1333 133.608
-2.09557 133.604
-2.05794 133.608
-2.02018 133.602
-1.9824 133.593
-1.94467 133.589
-1.90683 133.575
-1.86906 133.567
-1.83111 133.542
-1.79334 133.532
-1.75565 133.53
-1.718 133.532
-1.68031 133.53
-1.64258 133.524
-1.60478 133.51
-1.56712 133.51
-1.52945 133.51
-1.49175 133.506
-1.454 133.496
-1.41632 133.494
-1.37866 133.494
-1.34099 133.492
-1.30315 133.469
-1.26545 133.463
-1.22784 133.469
-1.19021 133.473
-1.1525 133.465
-1.11483 133.463
-1.07719 133.465
-1.03951 133.461
-1.00179 133.451
-0.964068 133.439
-0.926419 133.439
-0.88878 133.441
-0.85113 133.441
-0.813439 133.433
-0.77579 133.433
-0.738132 133.431
-0.700562 133.449
-0.662992 133.47
-0.625303 133.462
-0.587603 133.45
-0.549915 133.439
-0.512258 133.437
-0.474571 133.425
-0.436912 133.421
-0.39928 133.427
-0.361631 133.427
-0.323982 133.427
-0.28634 133.431
-0.248709 133.444
-0.211067 133.452
-0.173419 133.458
-0.135766 133.463
-0.0981128 133.469
-0.0604556 133.473
-0.0227945 133.469
0.0148649 133.471
0.0525269 133.481
0.0901945 133.494
0.127857 133.49
0.165523 133.492
0.203204 133.506
0.2409 133.527
0.278576 133.529
0.316257 133.533
0.35398 133.558
0.391679 133.566
0.429371 133.57
0.46706 133.572
0.50472 133.564
0.54239 133.56
0.580098 133.568
0.617884 133.597
0.655689 133.628
0.693411 133.635
0.731118 133.637
0.76889 133.653
0.806707 133.678
0.844506 133.697
0.882229 133.699
0.919964 133.703
0.957735 133.713
0.995559 133.732
1.03338 133.748
1.07115 133.757
1.10893 133.765
1.14674 133.777
1.18462 133.798
1.22243 133.808
1.26042 133.844
1.29834 133.866
1.33611 133.869
1.37386 133.869
1.41164 133.873
1.44955 133.891
1.48744 133.906
1.52553 133.943
1.56335 133.949
1.60122 133.96
1.63917 133.978
1.67719 134.003
1.71503 134.01
1.75305 134.032
1.79144 134.09
1.82962 134.126
1.86754 134.136
1.90558 134.157
1.94356 134.172
1.98148 134.18
2.01979 134.221
2.05807 134.259
2.09618 134.282
2.13431 134.305
2.17224 134.311
2.21081 134.367
2.24936 134.419
2.2874 134.432
2.32545 134.444
2.36381 134.48
2.40193 134.496
2.44012 134.517
2.47826 134.534
2.51689 134.584
2.55502 134.598
2.59347 134.634
2.63235 134.697
2.67096 134.741
2.7093 134.766
2.74765 134.791
2.78588 134.807
2.82477 134.864
2.86333 134.9
2.90188 134.933
2.94044 134.967
2.97905 135.002
3.01811 135.063
3.05721 135.124
3.09558 135.143
3.1343 135.181
3.17338 135.237
3.21257 135.298
3.251 135.317
3.29011 135.372
3.32937 135.433
3.3687 135.496
3.4076 135.536
3.44656 135.579
3.48597 135.642
3.52536 135.703
3.56478 135.765
3.60441 135.834
3.64353 135.879
3.68317 135.947
4.00609 136.694
4.04616 136.767
4.08677 136.861
4.30392 137.876
4.34288 137.889
