-18.2441 157.968
-18.0494 157.72
-18.0023 157.675
-17.9552 157.631
-17.9087 157.591
-17.8616 157.546
-17.8149 157.504
-17.7679 157.459
-17.7219 157.425
-17.6778 157.412
-17.6306 157.364
-17.5808 157.288
-17.534 157.243
-17.4883 157.211
-17.4443 157.198
-17.3977 157.156
-17.3487 157.088
-17.305 157.078
-17.2587 157.038
-17.2129 157.004
-17.1668 156.967
-17.1203 156.925
-17.0759 156.907
-17.0304 156.876
-16.9848 156.845
-16.9412 156.834
-16.8973 156.822
-16.8513 156.785
-16.8077 156.775
-16.7597 156.714
-16.7142 156.683
-16.6729 156.7
-16.6297 156.695
-16.5825 156.642
-16.5379 156.622
-16.4916 156.58
-16.4474 156.562
-16.4 156.507
-16.3571 156.504
-16.3144 156.505
-16.2708 156.495
-16.2272 156.485
-16.1839 156.477
-16.1372 156.43
-16.0934 156.417
-16.0503 156.413
-16.0055 156.387
-15.9619 156.377
-15.9173 156.353
-15.8733 156.338
-15.8294 156.323
-15.7852 156.305
-15.7419 156.297
-15.6981 156.284
-15.654 156.266
-15.6083 156.23
-15.5646 156.217
-15.5205 156.199
-15.4781 156.202
-15.4356 156.206
-15.3925 156.201
-15.3486 156.185
-15.3037 156.157
-15.2612 156.16
-15.2188 156.163
-15.1759 156.161
-15.1329 156.156
-15.0892 156.143
-15.0461 156.139
-15.0032 156.136
-14.9598 156.126
-14.9169 156.124
-14.8741 156.122
-14.831 156.117
-14.7875 156.107
-14.7449 156.108
-14.702 156.106
-14.6588 156.098
-14.6149 156.083
-14.5723 156.083
-14.53 156.089
-14.4871 156.087
-14.4439 156.079
-14.4006 156.072
-14.3574 156.064
-14.3132 156.044
-14.2701 156.039
-14.2286 156.055
-14.1869 156.069
-14.1444 156.072
-14.1022 156.078
-14.0599 156.084
-14.0172 156.084
-13.9734 156.069
-13.9305 156.067
-13.8861 156.043
-13.8403 155.999
-13.798 156.005
-13.7559 156.013
-13.7147 156.035
-13.6752 156.08
-13.6332 156.091
-13.5896 156.078
-13.5471 156.081
-13.5048 156.087
-13.4628 156.098
-13.4219 156.125
-13.3794 156.128
-13.3354 156.11
-13.2944 156.134
-13.2527 156.15
-13.2113 156.169
-13.1711 156.207
-13.1296 156.226
-13.0868 156.226
-13.0445 156.232
-13.0024 156.243
-12.9615 156.27
-12.9192 156.278
-12.8772 156.289
-12.8346 156.292
-12.7932 156.314
-12.7524 156.343
-12.712 156.381
-12.6701 156.395
-12.6287 156.416
-12.5864 156.425
-12.5434 156.422
-12.5012 156.431
-12.4594 156.447
-12.4174 156.461
-12.3765 156.49
-12.3343 156.501
-12.2933 156.531
-12.2507 156.534
-12.2083 156.543
-12.1662 156.554
-12.1238 156.562
-12.0839 156.61
-12.0414 156.616
-11.9991 156.624
-11.9573 156.643
-11.9182 156.705
-11.8763 156.721
-11.8339 156.73
-11.7914 156.735
-11.7504 156.768
-11.7102 156.813
-11.6692 156.846
-11.6282 156.878
-11.5873 156.913
-11.5453 156.929
-11.5048 156.97
-11.4646 157.018
-11.4226 157.035
-11.3812 157.062
-11.3399 157.091
-11.2976 157.103
-11.2547 157.106
-11.2122 157.114
-11.1715 157.155
-11.1326 157.227
-11.0939 157.302
-11.0516 157.316
-11.009 157.325
-10.9676 157.354
-10.9257 157.376
-10.8866 157.446
-10.8439 157.455
-10.8031 157.495
-10.7243 157.63
-10.6838 157.679
-10.643 157.722
-10.6019 157.76
-10.5595 157.774
-10.5199 157.842
-10.4787 157.88
-10.4363 157.893
-10.3952 157.934
-10.354 157.972
-9.50148 162.799
-9.45972 162.853
-9.41754 162.899
-9.37454 162.927
-9.33167 162.959
