-24.8722 83.9118
-24.8434 83.8995
-19.6931 119.725
-19.6566 119.708
-19.6217 119.702
-19.5843 119.678
-19.5234 119.47
-19.4851 119.437
-19.45 119.43
-18.9705 118.876
-18.3236 118.32
-18.2864 118.293
-18.2489 118.264
-18.2092 118.217
-18.1718 118.188
-17.952 118.053
-17.9155 118.031
-17.8814 118.03
-17.8445 118.004
-17.7707 117.954
-17.6624 117.898
-17.6257 117.874
-17.5909 117.866
-17.5562 117.859
-17.518 117.822
-17.4833 117.816
-17.4465 117.79
-17.4116 117.782
-17.375 117.759
-17.3404 117.752
-17.3034 117.725
-17.2651 117.686
-17.2305 117.68
-17.1966 117.68
-17.1637 117.688
-17.1295 117.685
-17.0945 117.675
-17.0581 117.653
-17.0241 117.651
-16.9896 117.646
-16.9507 117.601
-16.9157 117.591
-16.8796 117.571
-16.8451 117.566
-16.8111 117.564
-16.7776 117.568
-16.7434 117.564
-16.7075 117.546
-16.6716 117.528
-16.6367 117.518
-16.601 117.501
-16.5681 117.509
-16.5305 117.476
-16.4958 117.467
-16.4612 117.461
-16.4261 117.449
-16.3924 117.451
-16.3586 117.451
-16.3246 117.449
-16.2904 117.446
-16.256 117.441
-16.2213 117.433
-16.1871 117.429
-16.1529 117.426
-16.1181 117.418
-16.0836 117.411
-16.0492 117.406
-16.0147 117.399
-15.9808 117.4
-15.9463 117.393
-15.9121 117.39
-15.8779 117.386
-15.8437 117.383
-15.8092 117.376
-15.7743 117.366
-15.7406 117.368
-15.7077 117.377
-15.6732 117.37
-15.6395 117.372
-15.606 117.375
-15.5711 117.365
-15.5366 117.358
-15.5033 117.364
-15.4695 117.364
-15.4351 117.359
-15.4016 117.362
-15.3681 117.366
-15.3346 117.369
-15.3008 117.369
-15.2666 117.366
-15.2326 117.364
-15.1991 117.368
-15.1656 117.371
-15.1319 117.373
-15.0984 117.376
-15.0661 117.391
-15.0332 117.401
-15.0009 117.417
-14.9687 117.434
-14.937 117.455
-14.904 117.464
-14.8698 117.461
-14.8363 117.464
-14.8019 117.459
-14.7667 117.446
-14.731 117.427
-14.6961 117.417
-14.6638 117.433
-14.631 117.444
-14.5988 117.461
-14.5641 117.453
-14.5301 117.451
-14.496 117.45
-14.462 117.448
-14.4279 117.446
-14.3955 117.462
-14.3629 117.475
-14.3299 117.484
-14.2971 117.495
-14.264 117.504
-14.2315 117.519
-14.1991 117.534
-14.1661 117.545
-14.133 117.553
-14.0996 117.558
-14.0662 117.563
-14.033 117.572
-13.9993 117.574
-13.9657 117.577
-13.9322 117.582
-13.8989 117.589
-13.8657 117.596
-13.8324 117.603
-13.7997 117.616
-13.7668 117.628
-13.7341 117.642
-13.7025 117.667
-13.6703 117.686
-13.6371 117.694
-13.6035 117.697
-13.5697 117.699
-13.5365 117.708
-13.5037 117.721
-13.4707 117.732
-13.4378 117.743
-13.4052 117.759
-13.3729 117.777
-13.3406 117.796
-13.3081 117.813
-13.2744 117.816
-13.2418 117.832
-13.2096 117.852
-13.1768 117.866
-13.1431 117.869
-13.11 117.879
-13.078 117.903
-13.0462 117.929
-13.0141 117.951
-12.9812 117.963
-12.9496 117.991
-12.9187 118.027
-12.8849 118.031
-12.8515 118.037
-12.8183 118.048
-12.7861 118.07
-12.7525 118.075
-12.72 118.094
-12.6899 118.139
-12.6568 118.151
-12.6265 118.196
-12.5931 118.204
-12.5611 118.23
-12.5276 118.237
-12.494 118.242
-12.4616 118.262
-12.4311 118.307
-12.3997 118.339
-12.3674 118.361
-12.334 118.37
-12.3036 118.416
-12.272 118.447
-12.2387 118.457
-12.2067 118.484
-12.1758 118.524
-12.1427 118.537
-12.1101 118.556
-12.0768 118.568
-12.0461 118.611
-12.0141 118.638
-11.9819 118.664
-11.9503 118.697
-11.9195 118.739
-11.8862 118.752
-11.8554 118.794
-11.8238 118.829
-11.7915 118.853
-11.7595 118.882
-11.7278 118.915
-11.6955 118.94
-11.6635 118.97
-11.6318 119.002
-11.6012 119.051
-11.5691 119.08
-11.5369 119.107
-11.5063 119.156
-11.4747 119.192
-11.4427 119.223
-11.412 119.271
-11.3805 119.309
-11.3498 119.358
-11.3193 119.409
-11.2874 119.442
-11.2568 119.494
-11.2261 119.545
-11.193 119.562
-11.1634 119.628
-11.1319 119.668
-11.1017 119.725
-11.0706 119.772
-11.0385 119.805
-11.008 119.859
-10.9776 119.916
-10.9469 119.968
-10.9161 120.021
-10.7368 120.417
-10.7061 120.473
-10.6768 120.55
-10.4802 121.224
-10.4486 121.271
-10.4198 121.36
-10.3927 121.475
-10.3535 122.454
-10.3191 122.465
