-37.0134 143.043
-36.4762 142.532
-36.4362 142.528
-36.384 142.465
-36.0117 142.177
-35.9657 142.143
-35.9253 142.137
-35.8848 142.131
-35.8393 142.099
-35.7993 142.095
-35.7493 142.041
-35.7088 142.035
-35.5761 141.959
-35.532 141.935
-35.4912 141.926
-35.4503 141.918
-35.4062 141.893
-35.3627 141.871
-35.3213 141.86
-35.276 141.829
-35.1911 141.796
-35.1503 141.787
-34.934 141.683
-34.8945 141.682
-34.8555 141.682
-34.2368 141.52
-34.1916 141.489
-34.1491 141.472
-34.1148 141.497
-34.0762 141.5
-34.0311 141.469
-33.9921 141.469
-33.9535 141.472
-33.9179 141.491
-33.8797 141.496
-33.8398 141.492
-33.7994 141.486
-33.7608 141.489
-33.7213 141.487
-33.6745 141.447
-33.6346 141.443
-33.5951 141.441
-33.5565 141.444
-33.517 141.442
-33.4724 141.413
-33.4329 141.411
-33.396 141.423
-33.3603 141.442
-33.3204 141.438
-33.2814 141.438
-33.2423 141.439
-33.2032 141.439
-33.162 141.429
-33.123 141.429
-33.0843 141.432
-33.0452 141.433
-33.0074 141.44
-32.9696 141.447
-32.9322 141.457
-32.8931 141.457
-32.8515 141.444
-32.8137 141.452
-32.7779 141.47
-32.7396 141.475
-32.6968 141.456
-32.6506 141.418
-32.6123 141.423
-32.5795 141.457
-32.5424 141.469
-32.5038 141.472
-32.4622 141.459
-32.4255 141.473
-32.3922 141.505
-32.3663 141.578
-32.3305 141.597
-32.2794 141.532
-32.2345 141.501
-32.2019 141.537
-32.1652 141.552
-32.1183 141.509
-32.0788 141.507
-32.0482 141.555
-32.0148 141.588
-31.9777 141.6
-31.9365 141.589
-31.9002 141.605
-31.8675 141.642
-31.8296 141.65
-31.7888 141.641
-31.7532 141.662
-31.7144 141.665
-31.6526 141.538
-31.609 141.514
-31.6114 141.748
-31.5734 141.756
-31.5346 141.758
-31.4982 141.775
-31.465 141.81
-31.4258 141.81
-31.3878 141.818
-31.3521 141.839
-31.3201 141.88
-31.2837 141.897
-31.2468 141.911
-31.2119 141.936
-31.1747 141.948
-31.1366 141.956
-31.1009 141.977
-31.0636 141.989
-31.0295 142.019
-30.9945 142.045
-30.9604 142.075
-30.9215 142.078
-30.8837 142.087
-30.8456 142.095
-30.8079 142.104
-30.7745 142.139
-30.743 142.185
-30.708 142.211
-30.6737 142.241
-30.6367 142.256
-30.6009 142.277
-30.5674 142.312
-30.5343 142.349
-30.4973 142.363
-30.4622 142.389
-30.4239 142.396
-30.3857 142.404
-30.3517 142.436
-30.3135 142.444
-30.2783 142.47
-30.2443 142.502
-30.2154 142.565
-30.1775 142.575
-30.1396 142.584
-30.1059 142.619
-30.0726 142.657
-30.0393 142.694
-30.0014 142.704
-29.9723 142.766
-29.9355 142.783
-29.9017 142.818
-29.8668 142.846
-29.8292 142.858
-29.7988 142.914
-29.765 142.949
-29.7282 142.966
-29.6936 142.997
-29.6548 143.002
-29.6308 143.097
-29.5981 143.139
-29.56 143.149
-29.5253 143.18
-29.4643 143.292
-28.8561 144.213
-28.7408 144.494
-28.7027 144.506
-27.923 144.125
-27.9131 144.32
-27.9006 144.499
-27.8972 144.737
-27.9064 145.058
-27.8927 145.231
