-15.2408 107.154
-15.2062 107.125
-15.1738 107.117
-15.1402 107.096
-14.989 106.86
-14.955 106.836
-14.9189 106.791
-14.8826 106.745
-14.7799 106.663
-14.7463 106.642
-14.7125 106.619
-14.6785 106.593
-14.5328 106.399
-14.5006 106.39
-14.4677 106.374
-14.4342 106.353
-14.398 106.306
-14.3659 106.297
-14.127 106.1
-14.0954 106.096
-14.0621 106.076
-14.0304 106.07
-13.9966 106.044
-13.9278 105.982
-13.8961 105.976
-13.8623 105.95
-13.8262 105.901
-13.7944 105.895
-13.7627 105.889
-13.7292 105.865
-13.6962 105.846
-13.6291 105.798
-13.596 105.778
-13.5646 105.775
-13.533 105.771
-13.4982 105.734
-13.4645 105.707
-13.4309 105.682
-13.3996 105.68
-13.3684 105.679
-13.3352 105.657
-13.3019 105.635
-13.2684 105.611
-13.2372 105.609
-13.2053 105.6
-13.1726 105.583
-13.1406 105.575
-13.1077 105.555
-13.076 105.549
-13.0447 105.546
-13.0116 105.525
-12.9786 105.505
-12.9471 105.501
-12.9155 105.495
-12.882 105.47
-12.8504 105.464
-12.8188 105.458
-12.7875 105.455
-12.7537 105.426
-12.7206 105.405
-12.6888 105.396
-12.6568 105.386
-12.6256 105.385
-12.593 105.368
-12.5614 105.362
-12.5311 105.37
-12.4997 105.366
-12.4671 105.349
-12.4346 105.333
-12.4031 105.328
-12.3714 105.32
-12.3391 105.306
-12.3075 105.301
-12.2759 105.293
-12.2435 105.279
-12.2125 105.279
-12.1831 105.297
-12.1528 105.306
-12.1216 105.304
-12.09 105.297
-12.0559 105.263
-12.0225 105.236
-11.9914 105.235
-11.9607 105.239
-11.9282 105.222
-11.8963 105.212
-11.8657 105.216
-11.8357 105.229
-11.8049 105.231
-11.774 105.233
-11.7421 105.223
-11.7101 105.211
-11.6783 105.201
-11.6472 105.201
-11.6163 105.203
-11.5857 105.207
-11.5545 105.205
-11.5231 105.201
-11.4918 105.198
-11.4607 105.196
-11.4295 105.195
-11.398 105.189
-11.3668 105.186
-11.3361 105.19
-11.3053 105.193
-11.274 105.19
-11.2431 105.191
-11.2127 105.198
-11.1815 105.197
-11.1505 105.197
-11.1187 105.188
-11.0883 105.195
-11.0579 105.203
-11.0271 105.206
-10.9961 105.206
-10.9645 105.199
-10.9325 105.188
-10.9011 105.182
-10.8704 105.186
-10.8412 105.21
-10.8108 105.218
-10.7804 105.225
-10.7496 105.229
-10.719 105.234
-10.6885 105.241
-10.6579 105.247
-10.6268 105.245
-10.5948 105.234
-10.5631 105.225
-10.5322 105.227
-10.5019 105.236
-10.4714 105.243
-10.4406 105.247
-10.4103 105.257
-10.3794 105.258
-10.3489 105.265
-10.3188 105.278
-10.2882 105.285
-10.2573 105.286
-10.2269 105.296
-10.1957 105.293
-10.1644 105.29
-10.1343 105.302
-10.1041 105.315
-10.0738 105.325
-10.0428 105.326
-10.0116 105.324
-9.98168 105.34
-9.95224 105.362
-9.92249 105.38
-9.89201 105.389
-9.86092 105.389
-9.82962 105.386
-9.79853 105.386
-9.76814 105.395
-9.73785 105.406
-9.70755 105.418
-9.67745 105.431
-9.64694 105.44
-9.61613 105.444
-9.58582 105.455
-9.55599 105.473
-9.52566 105.484
-9.49552 105.498
-9.46538 105.512
-9.43513 105.525
-9.40527 105.543
-9.3754 105.561
-9.34474 105.568
-9.31437 105.579
-9.28381 105.588
-9.25314 105.595
-9.22314 105.612
-9.19332 105.631
-9.16359 105.652
-9.13404 105.676
-9.10438 105.699
-9.07387 105.708
-9.04297 105.712
-9.01292 105.729
-8.98258 105.742
-8.95204 105.752
-8.92262 105.778
-8.89216 105.79
-8.86207 105.807
-8.83216 105.826
-8.80159 105.836
-8.77257 105.87
-8.74281 105.892
-8.71222 105.902
-8.68136 105.908
-8.65094 105.92
-8.62079 105.937
-8.59045 105.951
-8.561 105.98
-8.52994 105.982
-8.49905 105.988
-8.4693 106.012
-8.44024 106.047
-8.40969 106.059
-8.37964 106.078
-8.34986 106.102
-8.3198 106.122
-8.28895 106.129
-8.25999 106.167
-8.23008 106.19
-8.1993 106.198
-8.1692 106.218
-8.14018 106.257
-8.08169 106.326
-8.05187 106.352
-8.02263 106.387
-7.99179 106.396
-7.96161 106.416
-7.93151 106.437
-7.90172 106.464
-7.87069 106.47
-7.84056 106.491
-7.81123 106.526
-7.78132 106.552
-7.75116 106.573
-7.72122 106.599
-7.69224 106.642
-7.66324 106.685
-7.63446 106.732
-7.60462 106.76
-7.5743 106.78
-7.54405 106.802
-7.51395 106.826
-7.48469 106.866
-7.24918 107.172
-7.21902 107.198
-7.18869 107.221
-6.86869 107.763
-6.83839 107.791
-6.8075 107.807
-6.77882 107.868
-6.74847 107.895
