-24.8702 83.9027
-24.8437 83.9005
1.8589 171.623
1.90485 171.607
1.95093 171.607
1.99678 171.583
2.04126 171.417
2.08682 171.368
2.13282 171.365
2.54109 170.87
2.58649 170.827
2.63236 170.824
2.67765 170.776
2.7682 170.681
2.85846 170.572
2.90381 170.535
2.94906 170.493
2.99468 170.478
3.17533 170.301
3.22103 170.295
3.26621 170.256
3.31108 170.198
3.35612 170.153
3.40183 170.15
3.44824 170.189
3.58373 170.083
3.62873 170.041
3.67303 169.959
3.71858 169.95
3.76435 169.953
3.81002 169.95
3.85562 169.944
3.90054 169.901
3.94613 169.895
3.99172 169.889
4.03678 169.856
4.08235 169.85
4.12733 169.814
4.17265 169.796
4.21692 169.726
4.2624 169.717
4.30787 169.708
4.35334 169.699
4.3983 169.666
4.44376 169.657
4.48941 169.656
4.53499 169.653
4.58057 169.65
4.62562 169.623
4.67105 169.614
4.71594 169.581
4.76122 169.566
4.80664 169.557
4.85213 169.551
4.89704 169.52
4.94216 169.499
4.98755 169.49
5.03272 169.472
5.07811 169.463
5.12371 169.463
5.16887 169.445
5.21431 169.439
5.25976 169.433
5.30512 169.424
5.3508 169.427
5.39616 169.417
5.44135 169.402
5.48702 169.405
5.53293 169.417
5.57869 169.423
5.62403 169.414
5.6688 169.384
5.71413 169.375
5.7598 169.378
5.80538 169.378
5.85054 169.363
5.8956 169.344
5.93531 169.14
5.98214 169.185
6.03398 169.401
6.07895 169.38
6.12426 169.371
6.17082 169.404
6.21587 169.386
6.26117 169.377
6.30712 169.389
6.3526 169.386
6.39809 169.383
6.44357 169.38
6.48953 169.391
6.53539 169.4
6.58106 169.403
6.62713 169.418
6.673 169.427
6.71819 169.415
6.76358 169.409
6.80945 169.418
6.85553 169.433
6.90152 169.445
6.94741 169.454
6.99391 169.481
7.03971 169.486
7.08561 169.495
7.13079 169.483
7.17649 169.486
7.22229 169.492
7.26841 169.507
7.31464 169.525
7.36099 169.546
7.40702 169.558
7.45295 169.567
7.49899 169.579
7.54515 169.594
7.59131 169.608
7.63682 169.605
7.68243 169.605
7.72872 169.623
7.77558 169.656
7.82131 169.659
7.86682 169.656
7.91279 169.665
7.95853 169.668
8.00508 169.692
8.05258 169.74
8.0988 169.755
8.14468 169.761
8.19223 169.809
8.23955 169.851
8.28654 169.884
8.33281 169.899
8.37897 169.911
8.42709 169.971
8.47314 169.98
8.5192 169.989
8.56638 170.025
8.61245 170.034
8.65815 170.034
8.7046 170.052
8.75323 170.121
8.79984 170.142
8.84697 170.176
8.89489 170.227
8.94154 170.248
8.98846 170.275
9.03446 170.281
9.08074 170.293
9.12941 170.36
9.17597 170.378
9.22375 170.423
9.27128 170.462
9.3172 170.465
9.36339 170.474
9.41301 170.559
9.46115 170.611
9.50891 170.653
9.55543 170.668
9.60209 170.686
9.65298 170.795
9.70152 170.853
9.79839 170.963
9.84672 171.014
9.89622 171.091
9.9433 171.115
9.99345 171.203
10.0423 171.264
10.092 171.341
10.1403 171.389
10.1903 171.472
10.2376 171.499
10.286 171.548
10.3873 171.735
10.5873 172.048
10.6378 172.135
