-3.88846 148.984
-3.84608 148.936
-3.80247 148.826
-3.54455 148.309
-3.50218 148.249
-3.46021 148.207
-3.2063 147.823
-3.16444 147.779
-3.12264 147.738
-3.08049 147.676
-3.03909 147.657
-2.99702 147.596
-2.95529 147.556
-2.91351 147.51
-2.87171 147.462
-2.82977 147.404
-2.78853 147.39
-2.74653 147.325
-2.70527 147.308
-2.66377 147.275
-2.62215 147.232
-2.58025 147.167
-2.53907 147.153
-2.49764 147.119
-2.45618 147.084
-2.41472 147.045
-2.37329 147.01
-2.33192 146.976
-2.29062 146.948
-2.24942 146.926
-2.20806 146.89
-2.16674 146.857
-2.12535 146.816
-2.08428 146.802
-2.04278 146.75
-2.00179 146.74
-1.96056 146.71
-1.91955 146.698
-1.87839 146.672
-1.83715 146.636
-1.79614 146.622
-1.755 146.593
-1.714 146.579
-1.67288 146.551
-1.63176 146.522
-1.59079 146.508
-1.54974 146.485
-1.50876 146.468
-1.46771 146.442
-1.42669 146.418
-1.38577 146.407
-1.34488 146.397
-1.30376 146.357
-1.26284 146.343
-1.22195 146.331
-1.18103 146.315
-1.14014 146.303
-1.09918 146.277
-1.05829 146.263
-1.01743 146.251
-0.976591 146.244
-0.935683 146.223
-0.894808 146.207
-0.853882 146.178
-0.813034 146.164
-0.772255 146.164
-0.731455 146.16
-0.690601 146.141
-0.649745 146.12
-0.60894 146.111
-0.568154 146.106
-0.527384 146.106
-0.486552 146.085
-0.445742 146.069
-0.404956 146.059
-0.364168 146.048
-0.323389 146.038
-0.282606 146.024
-0.241836 146.015
-0.201078 146.013
-0.160321 146.011
-0.119557 145.999
-0.0787994 145.992
-0.0380448 145.985
0.00270822 145.973
0.0434567 145.964
0.084201 145.952
0.124941 145.941
0.165674 145.927
0.206413 145.925
0.247156 145.927
0.287898 145.927
0.328637 145.925
0.369367 145.918
0.410104 145.916
0.450835 145.912
0.49153 145.893
0.532249 145.886
0.572979 145.884
0.613716 145.884
0.654469 145.889
0.695192 145.884
0.735787 145.847
0.776518 145.847
0.81738 145.878
0.858099 145.873
0.898893 145.885
0.93967 145.893
0.980462 145.902
1.02123 145.907
1.06196 145.903
1.10271 145.903
1.14347 145.906
1.18428 145.915
1.22511 145.927
1.26593 145.937
1.30669 145.937
1.34746 145.94
1.38829 145.95
1.4292 145.969
1.47004 145.979
1.51083 145.981
1.55158 145.979
1.59244 145.989
1.63331 146.001
1.67413 146.006
1.71498 146.013
1.75592 146.03
1.79675 146.035
1.83754 146.035
1.87837 146.04
1.91924 146.047
1.9601 146.055
2.00118 146.081
2.04224 146.105
2.08312 146.113
2.12407 146.125
2.16496 146.132
2.20586 146.139
2.24693 146.161
2.28787 146.171
2.32899 146.195
2.36986 146.197
2.41078 146.205
2.45183 146.222
2.4928 146.231
2.53377 146.241
2.57501 146.27
2.61619 146.294
2.65718 146.304
2.69821 146.316
2.73915 146.321
2.78015 146.33
2.82177 146.381
2.8628 146.391
2.9042 146.424
2.94516 146.429
2.98647 146.456
3.02756 146.468
3.06862 146.478
3.10984 146.497
3.15143 146.538
3.19264 146.555
3.23364 146.56
3.27461 146.562
3.31642 146.613
3.35851 146.678
3.39968 146.69
3.44072 146.695
3.48217 146.721
3.52389 146.762
3.56505 146.772
3.64858 146.854
3.69033 146.893
3.73186 146.919
3.77296 146.924
3.81455 146.953
3.85646 146.997
4.10783 147.236
4.1496 147.268
4.19085 147.275
4.23275 147.312
4.27418 147.326
4.31689 147.396
4.35974 147.471
4.40251 147.542
4.44389 147.552
4.57087 147.697
4.61306 147.739
4.65462 147.754
4.69732 147.814
4.73975 147.863
4.78282 147.936
4.99821 148.285
5.0405 148.322
5.71478 150.147
5.75696 150.162
