-5.83773 145.702
-5.36963 144.812
-5.3288 144.782
-5.16181 144.53
-5.12068 144.487
-5.07977 144.45
-4.9563 144.309
-4.79112 144.091
-4.75109 144.082
-4.71052 144.052
-4.67039 144.038
-4.62919 143.983
-4.58878 143.958
-4.54756 143.901
-4.50678 143.859
-4.46601 143.818
-4.42544 143.784
-4.38544 143.772
-4.345 143.743
-4.3049 143.727
-4.26454 143.699
-4.22348 143.642
-4.18294 143.605
-4.14251 143.573
-4.102 143.537
-4.06213 143.528
-4.02179 143.498
-3.98173 143.48
-3.94152 143.455
-3.90127 143.427
-3.86118 143.407
-3.82056 143.361
-3.7806 143.345
-3.74025 143.311
-3.70007 143.284
-3.66017 143.27
-3.62001 143.243
-3.57967 143.206
-3.53994 143.199
-3.50039 143.202
-3.46067 143.195
-3.42042 143.161
-3.38018 143.126
-3.34034 143.113
-3.30018 143.081
-3.26015 143.056
-3.22046 143.049
-3.18082 143.044
-3.14085 143.022
-3.10082 142.994
-3.06103 142.981
-3.02129 142.969
-2.98136 142.947
-2.94175 142.942
-2.90213 142.938
-2.86241 142.926
-2.82244 142.899
-2.78262 142.881
-2.74306 142.878
-2.70343 142.872
-2.66377 142.862
-2.62391 142.84
-2.58386 142.803
-2.54412 142.788
-2.50458 142.785
-2.46513 142.79
-2.42547 142.778
-2.38587 142.771
-2.34622 142.76
-2.30657 142.749
-2.26692 142.737
-2.22731 142.728
-2.18787 142.733
-2.1484 142.735
-2.10863 142.712
-2.06895 142.696
-2.02946 142.696
-1.98992 142.692
-1.95026 142.676
-1.91067 142.667
-1.87129 142.675
-1.83173 142.669
-1.79206 142.65
-1.75256 142.648
-1.71312 142.653
-1.67364 142.652
-1.63414 142.65
-1.59466 142.65
-1.5552 142.652
-1.51574 142.654
-1.4763 142.659
-1.43678 142.654
-1.39728 142.652
-1.35749 142.613
-1.31803 142.616
-1.27844 142.6
-1.23912 142.62
-1.19987 142.651
-1.16027 142.633
-1.12073 142.624
-1.08127 142.626
-1.04188 142.64
-1.00255 142.664
-0.96297 142.649
-0.923439 142.639
-0.88402 142.651
-0.844585 142.66
-0.805047 142.648
-0.765514 142.637
-0.726056 142.641
-0.686643 142.657
-0.64717 142.659
-0.607661 142.652
-0.568204 142.659
-0.528782 142.677
-0.489317 142.683
-0.449822 142.681
-0.410334 142.681
-0.370864 142.688
-0.331401 142.699
-0.291942 142.715
-0.252477 142.73
-0.21299 142.737
-0.173484 142.732
-0.133991 142.737
-0.0945052 142.75
-0.0550084 142.757
-0.0155063 142.759
0.0239952 142.766
0.0634994 142.772
0.103007 142.781
0.142522 142.802
0.182044 142.819
0.221574 142.837
0.261112 142.855
0.300644 142.862
0.340185 142.873
0.379723 142.88
0.419256 142.882
0.458837 142.907
0.498417 142.927
0.537984 142.938
0.577574 142.956
0.617139 142.963
0.656713 142.972
0.696314 142.988
0.735914 143.001
0.77551 143.012
0.815157 143.035
0.854785 143.051
0.89447 143.078
0.934167 143.105
0.973853 143.127
1.0135 143.141
1.05319 143.161
1.09283 143.17
1.13252 143.188
1.17227 143.213
1.21212 143.254
1.25178 143.263
1.29149 143.279
1.33137 143.317
1.37105 143.326
1.41079 143.342
1.45067 143.376
1.49039 143.387
1.53046 143.442
1.57032 143.469
1.61003 143.475
1.64982 143.491
1.68996 143.546
1.72977 143.562
1.76967 143.587
1.80967 143.621
1.8497 143.657
1.88966 143.684
1.92952 143.7
1.96962 143.739
2.00967 143.771
2.0497 143.8
2.08964 143.821
2.13006 143.882
2.17053 143.946
2.21041 143.958
2.25055 143.989
2.29072 144.024
2.33091 144.058
2.4116 144.147
2.4522 144.209
2.49252 144.248
2.53273 144.277
2.57299 144.309
2.61374 144.376
2.65433 144.429
2.69481 144.472
2.73514 144.504
2.93905 144.797
2.97975 144.845
3.02103 144.928
3.06129 144.946
3.10183 144.981
3.22612 145.236
