-24.8707 83.9047
-24.8437 83.9005
-9.87521 135.315
-9.83675 135.307
-9.05184 134.12
-9.01368 134.112
-8.93453 134.042
-8.89379 133.984
-8.85545 133.971
-8.6978 133.838
-8.65729 133.782
-8.61901 133.77
-8.57854 133.714
-8.54038 133.704
-8.07033 133.321
-8.03121 133.288
-7.99346 133.284
-7.95475 133.26
-7.91673 133.249
-7.87775 133.219
-7.8383 133.178
-7.79945 133.149
-7.76107 133.131
-7.72337 133.127
-7.68547 133.119
-7.64674 133.092
-7.60877 133.082
-7.56887 133.029
-7.53109 133.023
-7.49268 133.003
-7.45473 132.993
-7.41607 132.966
-7.37831 132.96
-7.33931 132.926
-7.30129 132.913
-7.26364 132.91
-7.22572 132.899
-7.18807 132.895
-7.14989 132.879
-7.1119 132.867
-7.07383 132.853
-7.0344 132.806
-6.99643 132.794
-6.95889 132.792
-6.92118 132.786
-6.88197 132.743
-6.84435 132.739
-6.80682 132.737
-6.76921 132.733
-6.7316 132.729
-6.69407 132.728
-6.65606 132.713
-6.61805 132.699
-6.58021 132.689
-6.54261 132.685
-6.50446 132.667
-6.46671 132.659
-6.4285 132.639
-6.39083 132.633
-6.35317 132.627
-6.31566 132.625
-6.27823 132.625
-6.24073 132.623
-6.20262 132.605
-6.16497 132.599
-6.12747 132.597
-6.08952 132.583
-6.05181 132.575
-6.01424 132.571
-5.97682 132.571
-5.93939 132.571
-5.90183 132.567
-5.86398 132.555
-5.82614 132.543
-5.78879 132.545
-5.7513 132.543
-5.71388 132.543
-5.67639 132.541
-5.63829 132.521
-5.6008 132.519
-5.56379 132.531
-5.52664 132.54
-5.48929 132.542
-5.45193 132.544
-5.41457 132.546
-5.37728 132.55
-5.33992 132.552
-5.30288 132.565
-5.2659 132.579
-5.22853 132.581
-5.19053 132.563
-5.15285 132.555
-5.11591 132.571
-5.07996 132.62
-5.0419 132.6
-5.00404 132.586
-4.96636 132.578
-4.92904 132.582
-4.89167 132.584
-4.8537 132.566
-4.81545 132.537
-4.77773 132.527
-4.74042 132.532
-4.7031 132.536
-4.66602 132.548
-4.62886 132.558
-4.59187 132.575
-4.55499 132.595
-4.51787 132.608
-4.48064 132.616
-4.44314 132.614
-4.40558 132.61
-4.36819 132.612
-4.331 132.622
-4.29371 132.629
-4.25656 132.641
-4.21941 132.653
-4.18216 132.661
-4.14485 132.668
-4.10748 132.672
-4.07022 132.68
-4.03314 132.697
-3.99601 132.711
-3.95873 132.719
-3.92139 132.725
-3.88392 132.725
-3.84663 132.734
-3.80961 132.754
-3.7724 132.767
-3.73509 132.775
-3.69818 132.801
-3.66096 132.814
-3.62403 132.84
-3.5867 132.849
-3.54949 132.863
-3.51249 132.888
-3.47514 132.896
-3.43775 132.902
-3.40044 132.913
-3.3632 132.927
-3.32616 132.952
-3.28895 132.968
-3.25177 132.987
-3.21466 133.009
-3.17734 133.022
-3.13999 133.032
-3.10266 133.044
-3.06582 133.083
-3.02859 133.102
-2.99142 133.125
-2.95363 133.112
-2.91652 133.139
-2.87912 133.149
-2.8422 133.188
-2.80485 133.203
-2.76777 133.234
-2.73051 133.254
-2.6931 133.267
-2.65598 133.298
-2.61866 133.316
-2.58117 133.325
-2.5438 133.341
-2.50703 133.399
-2.46951 133.407
-2.43223 133.432
-2.39503 133.463
-2.35787 133.498
-2.32067 133.531
-2.28347 133.566
-2.24621 133.597
-2.20888 133.624
-2.17138 133.638
-2.13406 133.667
-2.09708 133.725
-2.05965 133.748
-2.02228 133.777
-1.9849 133.806
-1.94739 133.825
-1.90999 133.854
-1.87266 133.891
-1.8353 133.926
-1.7977 133.941
-1.76052 133.997
-1.72318 134.038
-1.68596 134.095
-1.64847 134.126
-1.61085 134.145
-1.57358 134.203
-1.53611 134.24
-1.49873 134.29
-1.46125 134.332
-1.42372 134.369
-1.38634 134.428
-1.34894 134.486
-1.31137 134.526
-1.27397 134.59
-1.23617 134.605
-1.1985 134.639
-1.16121 134.728
-1.1237 134.793
-1.08602 134.835
-1.04844 134.896
-1.01082 134.955
-0.973079 134.997
-0.709423 135.544
-0.671559 135.607
-0.293388 137.361
-0.254876 137.37
