37.2926 153.315
37.3434 153.361
37.3937 153.405
37.4609 153.535
37.5063 153.553
37.5208 153.411
37.5163 153.173
37.5218 152.986
37.5367 152.848
37.5491 152.697
37.5659 152.569
37.5837 152.447
37.2871 148.231
37.3195 148.19
37.3894 147.929
37.4241 147.9
37.4637 147.895
37.497 147.858
37.5288 147.814
37.8698 147.298
37.8954 147.225
37.9275 147.184
37.96 147.145
37.992 147.104
38.0254 147.07
38.0589 147.036
38.0933 147.007
38.1326 147.002
38.1635 146.957
38.193 146.904
38.2238 146.858
38.2507 146.793
38.2826 146.752
38.3204 146.74
38.3502 146.689
38.3894 146.684
38.4242 146.658
38.459 146.631
38.4877 146.576
38.5289 146.58
38.5687 146.578
38.5989 146.53
38.6271 146.472
38.6577 146.427
38.6954 146.415
38.7301 146.388
38.7642 146.359
38.8039 146.357
38.8385 146.33
38.8666 146.273
38.9012 146.246
38.9352 146.218
38.9748 146.215
39.0104 146.193
39.048 146.181
39.08 146.143
39.112 146.105
39.146 146.076
39.1851 146.071
39.2277 146.082
39.2632 146.061
39.2972 146.032
39.3316 146.006
39.3692 145.994
39.4072 145.984
39.437 145.936
39.473 145.917
39.5094 145.9
39.5495 145.9
39.5839 145.874
39.6182 145.847
39.647 145.795
39.6839 145.781
39.7234 145.778
39.7639 145.78
39.8024 145.773
39.8398 145.761
39.8741 145.734
39.9125 145.727
39.951 145.72
39.9827 145.682
40.019 145.665
40.0564 145.653
40.0948 145.646
40.128 145.615
40.1633 145.593
40.195 145.555
40.2339 145.55
40.2748 145.555
40.309 145.528
40.3365 145.472
40.3738 145.46
40.4142 145.462
40.4437 145.414
40.4862 145.426
40.5324 145.454
40.5833 145.503
40.6247 145.51
40.6678 145.524
40.6972 145.476
40.7319 145.453
40.7734 145.459
40.808 145.436
40.8432 145.414
40.8836 145.416
40.9235 145.416
40.9644 145.421
40.9996 145.399
41.0363 145.385
41.0783 145.394
41.1171 145.389
41.1538 145.375
41.1937 145.374
41.232 145.367
41.2697 145.357
41.3144 145.378
