-38.2118 130.02
-38.0286 130.015
-37.9922 130.016
-37.9554 130.014
-37.8318 129.952
-37.7959 129.954
-37.5305 129.909
-37.4969 129.921
-37.4664 129.947
-37.4322 129.957
-37.3968 129.961
-37.3613 129.966
-37.3249 129.966
-37.2872 129.96
-37.2491 129.953
-37.206 129.923
-37.1634 129.896
-37.1257 129.89
-37.0898 129.893
-37.0583 129.915
-37.0246 129.927
-36.9887 129.929
-36.9519 129.927
-36.916 129.93
-36.8783 129.924
-36.8406 129.919
-36.8042 129.919
-36.7586 129.878
-36.7232 129.882
-36.6921 129.906
-36.6588 129.92
-36.6294 129.952
-36.5948 129.96
-36.5589 129.962
-36.5242 129.971
-36.4905 129.983
-36.4563 129.993
-36.4177 129.984
-36.3783 129.97
-36.3393 129.958
-36.309 129.986
-36.2761 130.003
-36.2414 130.011
-36.2102 130.035
-36.1734 130.033
-36.1435 130.063
-36.1097 130.075
-36.0689 130.056
-36.0325 130.056
-35.9935 130.045
-35.9584 130.051
-35.9311 130.093
-35.8985 130.111
-35.8617 130.109
-35.8295 130.129
-35.7931 130.13
-35.755 130.122
-35.7267 130.16
-35.698 130.196
-35.6637 130.206
-35.6229 130.187
-35.5805 130.159
-35.5522 130.197
-35.5243 130.237
-35.4861 130.23
-35.4492 130.228
-35.4174 130.25
-35.3827 130.258
-35.3458 130.257
-35.305 130.237
-35.2643 130.218
-35.227 130.214
-35.1872 130.198
-35.1499 130.195
-35.1142 130.199
-35.0812 130.215
-35.0603 130.289
-35.0335 130.335
-35.0109 130.401
-34.9773 130.415
-34.9421 130.422
-34.914 130.462
-34.8808 130.478
-34.8493 130.502
-34.8153 130.514
-34.7834 130.537
-34.7481 130.543
-34.7128 130.549
-34.6838 130.585
-34.6568 130.632
-34.6223 130.642
-34.5882 130.654
-34.5608 130.698
-34.5276 130.715
-34.4918 130.719
-34.4569 130.727
-34.4219 130.736
-34.3882 130.75
-34.3545 130.764
-34.3241 130.795
-34.2929 130.821
-34.2625 130.851
-34.2333 130.888
-34.2012 130.91
-34.1674 130.924
-34.1357 130.949
-34.0999 130.953
-34.0748 131.009
-34.0447 131.042
-34.0101 131.052
-33.9783 131.077
-33.9433 131.085
-33.9164 131.133
-33.8822 131.146
-33.8508 131.172
-33.8153 131.179
-33.7904 131.237
-33.759 131.264
-33.7288 131.296
-33.699 131.331
-33.6684 131.361
-33.6386 131.396
-33.6038 131.406
-33.5772 131.457
-33.542 131.465
-33.5171 131.524
-33.4827 131.537
-33.4573 131.594
-33.4216 131.6
-33.3954 131.653
-33.3605 131.663
-33.3363 131.726
-33.0436 132.113
-33.0126 132.144
-32.9777 132.154
-32.9524 132.214
-32.9222 132.249
-32.7041 132.649
-32.6782 132.707
-31.5973 132.304
-31.5726 132.37
-31.554 132.468
-31.554 132.665
-31.5571 132.878
-31.5683 133.136
-31.5643 133.313
-31.5394 133.38
-31.5107 133.425
