-24.87 83.9017
-24.8439 83.9015
-9.40948 175.456
-9.36055 175.409
-8.67225 174.609
-8.62342 174.556
-8.57488 174.509
-8.52635 174.462
-8.4791 174.447
-8.4321 174.438
-8.3835 174.388
-8.33345 174.3
-8.28527 174.259
-8.23819 174.247
-8.18944 174.191
-8.14083 174.138
-8.09284 174.1
-8.04617 174.098
-7.99832 174.063
-7.9527 174.089
-7.85648 174.005
-7.80834 173.961
-7.76112 173.943
-7.71324 173.905
-7.66537 173.868
-7.61842 173.856
-7.57147 173.844
-7.52452 173.831
-7.47648 173.788
-7.42868 173.751
-7.38198 173.745
-7.33441 173.714
-7.28751 173.702
-7.23986 173.667
-7.19297 173.655
-7.14514 173.615
-7.09754 173.581
-7.05005 173.55
-7.00371 173.553
-6.95756 173.563
-6.9106 173.548
-6.86295 173.51
-6.81661 173.514
-6.77046 173.524
-6.72372 173.515
-6.6762 173.48
-6.62938 173.468
-6.58285 173.465
-6.53612 173.456
-6.48865 173.422
-6.44184 173.41
-6.39514 173.401
-6.34843 173.392
-6.30174 173.383
-6.25486 173.368
-6.2079 173.349
-6.16103 173.334
-6.11453 173.331
-6.06812 173.331
-6.02188 173.338
-5.97555 173.341
-5.92922 173.345
-5.88281 173.345
-5.83622 173.339
-5.78946 173.327
-5.7428 173.318
-5.69622 173.312
-5.64964 173.306
-5.60298 173.297
-5.55609 173.278
-5.50968 173.279
-5.46335 173.282
-5.41702 173.285
-5.37093 173.298
-5.32482 173.311
-5.2781 173.299
-5.23092 173.268
-5.18429 173.259
-5.139 173.306
-5.09251 173.303
-5.04617 173.306
-4.9996 173.3
-4.95283 173.285
-4.90684 173.304
-4.86056 173.31
-4.81407 173.308
-4.76786 173.317
-4.72178 173.333
-4.67542 173.336
-4.62906 173.34
-4.5827 173.343
-4.53613 173.337
-4.4897 173.337
-4.44334 173.341
-4.39716 173.354
-4.35117 173.376
-4.30511 173.395
-4.25885 173.404
-4.2124 173.404
-4.16589 173.402
-4.11963 173.411
-4.07342 173.424
-4.0272 173.437
-3.98115 173.459
-3.93497 173.475
-3.88868 173.484
-3.84216 173.481
-3.7958 173.488
-3.74966 173.507
-3.7041 173.56
-3.65767 173.563
-3.6114 173.576
-3.56506 173.586
-3.51862 173.589
-3.47263 173.621
-3.42633 173.633
-3.38013 173.652
-3.33411 173.684
-3.28802 173.712
-3.2416 173.719
-3.19517 173.725
-3.14887 173.741
-3.10293 173.782
-3.05693 173.82
-3.01038 173.82
-2.96392 173.826
-2.91767 173.849
-2.87213 173.924
-2.82572 173.937
-2.77927 173.946
-2.73274 173.95
-2.68655 173.981
-2.64043 174.019
-2.59445 174.07
-2.54792 174.076
-2.50135 174.079
-2.22476 174.376
-2.17816 174.383
-2.13155 174.389
-2.0853 174.434
-1.94652 174.576
-1.90025 174.627
-1.85366 174.643
-1.80701 174.652
-1.76058 174.69
-1.71424 174.741
-1.66788 174.792
-1.62142 174.833
-1.20333 175.358
