-24.8707 83.9047
-24.8443 83.9036
4.37713 147.483
4.41794 147.485
4.45876 147.488
5.71976 144.793
5.75867 144.753
5.79749 144.711
5.83644 144.673
5.87567 144.645
5.91444 144.603
5.95219 144.531
5.99176 144.515
6.03008 144.461
6.0697 144.447
6.26386 144.265
6.30358 144.256
6.34167 144.2
6.38129 144.188
6.42025 144.158
6.45977 144.144
6.49762 144.083
6.53729 144.074
6.57602 144.039
6.61457 144
6.65336 143.967
6.69316 143.962
6.73305 143.96
6.77276 143.953
6.81072 143.9
6.85007 143.883
6.88896 143.855
6.92776 143.825
6.96707 143.809
7.00656 143.797
7.04559 143.774
7.08425 143.742
7.12271 143.705
7.16217 143.693
7.20106 143.668
7.23976 143.637
7.27919 143.626
7.31796 143.598
7.35747 143.589
7.3964 143.566
7.43609 143.561
7.47568 143.554
7.51508 143.542
7.55379 143.515
7.59268 143.491
7.63235 143.487
7.67162 143.473
7.71039 143.447
7.75024 143.447
7.79008 143.447
7.82953 143.438
7.86827 143.413
7.9071 143.389
7.94551 143.357
7.98401 143.327
8.02362 143.322
8.06375 143.329
8.10367 143.331
8.14287 143.318
8.18206 143.304
8.22134 143.292
8.26105 143.29
8.2999 143.269
8.33939 143.262
8.37865 143.25
8.36798 142.173
8.40668 142.155
8.49653 143.218
8.53621 143.216
8.57611 143.218
8.61513 143.202
8.65569 143.218
8.69581 143.225
8.73527 143.218
8.77438 143.204
8.81248 143.169
8.85157 143.155
8.89146 143.157
8.93203 143.173
8.97296 143.196
9.01274 143.196
9.04511 143.049
9.08719 143.095
9.13384 143.231
9.18196 143.394
9.20163 143.001
9.35227 145.158
9.40425 145.386
9.32883 143.154
9.3686 143.154
9.40813 143.15
9.44777 143.147
9.48766 143.149
9.5273 143.147
9.5667 143.14
9.60659 143.142
9.64709 143.156
9.68698 143.158
9.7265 143.153
9.76601 143.149
9.8059 143.151
9.84592 143.155
9.88657 143.171
9.92621 143.169
9.96597 143.169
10.0062 143.178
10.0474 143.203
10.0866 143.192
10.1258 143.182
10.1657 143.185
10.2057 143.189
10.2455 143.189
10.2857 143.196
10.326 143.205
10.3655 143.2
10.4064 143.221
10.4471 143.237
10.487 143.239
10.5272 143.246
10.568 143.262
10.6092 143.287
10.6502 143.308
10.6903 143.312
10.7299 143.31
10.7702 143.317
10.8101 143.319
10.8499 143.319
10.8899 143.323
10.9304 143.335
10.9705 143.339
11.01 143.335
11.0509 143.353
11.0938 143.403
11.1358 143.438
11.1778 143.472
11.2196 143.505
11.2604 143.521
11.3007 143.527
11.3401 143.52
11.3799 143.52
11.4196 143.518
11.4598 143.525
11.5013 143.55
11.5431 143.58
11.5838 143.594
11.6254 143.621
11.6669 143.647
11.7073 143.656
11.7493 143.688
11.7899 143.699
11.8324 143.739
11.8742 143.769
11.9145 143.775
11.9558 143.796
11.9965 143.808
12.0373 143.821
12.079 143.849
12.1214 143.886
12.1633 143.916
12.204 143.927
12.2461 143.96
12.3305 144.027
12.3728 144.061
12.4153 144.098
12.4577 144.133
12.5002 144.17
12.5427 144.207
12.5849 144.24
12.6257 144.251
12.6678 144.281
12.7106 144.321
12.7535 144.363
12.7941 144.372
12.8384 144.432
12.8813 144.472
12.9253 144.528
12.9665 144.544
13.0092 144.581
13.0526 144.628
13.0955 144.667
13.1401 144.73
13.1848 144.793
13.2266 144.816
13.2709 144.875
13.3141 144.917
13.3573 144.959
13.4021 145.022
13.4455 145.067
13.4932 145.167
13.5372 145.219
13.5798 145.252
13.6212 145.268
13.6688 145.367
13.9965 145.97
14.041 146.025
14.0894 146.129
