-7.60416 123.947
-7.28036 123.14
-7.24288 123.098
-7.20482 123.043
-7.16653 122.983
-7.12717 122.9
-7.08911 122.844
-7.05066 122.779
-7.01158 122.699
-6.97436 122.659
-6.93657 122.607
-6.8989 122.556
-6.86108 122.502
-6.82329 122.448
-6.78617 122.409
-6.74843 122.355
-6.71079 122.302
-6.67302 122.247
-6.63707 122.232
-6.60051 122.204
-6.56373 122.169
-6.52543 122.099
-6.48785 122.046
-6.45181 122.028
-6.4148 121.986
-6.37804 121.951
-6.34114 121.911
-6.30396 121.865
-6.26754 121.836
-6.23172 121.822
-6.1954 121.795
-6.15822 121.747
-6.12171 121.715
-6.08521 121.682
-6.04887 121.654
-6.01233 121.62
-5.97546 121.577
-5.93993 121.568
-5.90323 121.529
-5.86744 121.513
-5.83056 121.469
-5.79486 121.454
-5.75815 121.413
-5.72253 121.401
-5.68626 121.371
-5.65019 121.346
-5.61467 121.335
-5.57809 121.296
-5.542 121.269
-5.50649 121.259
-5.47061 121.237
-5.4348 121.218
-5.399 121.198
-5.3627 121.165
-5.32723 121.154
-5.29189 121.147
-5.25599 121.124
-5.21993 121.096
-5.18387 121.067
-5.14831 121.053
-5.11198 121.016
-5.0765 121.003
-5.04078 120.984
-5.00537 120.973
-4.96956 120.95
-4.93393 120.933
-4.89865 120.926
-4.86326 120.915
-4.82788 120.904
-4.79199 120.878
-4.75661 120.867
-4.72119 120.855
-4.68594 120.848
-4.65058 120.837
-4.61495 120.818
-4.57955 120.805
-4.54377 120.781
-4.50812 120.759
-4.47279 120.749
-4.43751 120.74
-4.40225 120.731
-4.36698 120.722
-4.33131 120.699
-4.296 120.689
-4.2608 120.682
-4.2255 120.671
-4.19045 120.669
-4.15535 120.666
-4.12016 120.659
-4.08483 120.646
-4.04959 120.638
-4.01427 120.625
-3.979 120.615
-3.94373 120.604
-3.9086 120.599
-3.87325 120.585
-3.83808 120.578
-3.80292 120.571
-3.76771 120.562
-3.7326 120.557
-3.69753 120.553
-3.66243 120.548
-3.62723 120.539
-3.59213 120.534
-3.55707 120.53
-3.52213 120.532
-3.48711 120.53
-3.45189 120.52
-3.41671 120.511
-3.38158 120.504
-3.34656 120.502
-3.31167 120.505
-3.27677 120.509
-3.24168 120.504
-3.20648 120.493
-3.17143 120.49
-3.13638 120.486
-3.10134 120.483
-3.06633 120.481
-3.03139 120.482
-2.99656 120.49
-2.96148 120.484
-2.92643 120.481
-2.89153 120.484
-2.85676 120.495
-2.82164 120.488
-2.78703 120.507
-2.75208 120.509
-2.71694 120.5
-2.68189 120.496
-2.64672 120.486
-2.61177 120.488
-2.57688 120.493
-2.54202 120.5
-2.50704 120.5
-2.47208 120.502
-2.43713 120.503
-2.40223 120.509
-2.36732 120.514
-2.33236 120.516
-2.2974 120.518
-2.26238 120.516
-2.22731 120.51
-2.19232 120.51
-2.15743 120.517
-2.12254 120.525
-2.0877 120.535
-2.05267 120.533
-2.01777 120.54
-1.98282 120.544
-1.94791 120.551
-1.913 120.558
-1.8782 120.574
-1.84328 120.581
-1.80825 120.579
-1.77328 120.583
-1.73837 120.591
-1.7035 120.604
-1.66859 120.613
-1.63371 120.625
-1.59874 120.63
-1.56375 120.634
-1.5288 120.641
-1.49388 120.651
-1.45914 120.679
-1.42416 120.685
-1.38913 120.687
-1.35411 120.688
-1.3191 120.692
-1.28415 120.702
-1.24931 120.725
-1.21444 120.747
-1.1794 120.748
-1.14437 120.752
-1.1094 120.762
-1.07463 120.799
-1.0397 120.819
-1.00473 120.833
-0.969764 120.849
-0.934753 120.86
-0.899678 120.861
-0.864613 120.865
-0.829557 120.87
-0.794626 120.897
-0.759777 120.939
-0.724699 120.944
-0.689618 120.95
-0.654535 120.955
-0.619606 120.992
-0.584551 121.006
-0.549458 121.014
-0.514474 121.047
-0.47936 121.053
-0.444243 121.058
-0.4092 121.084
-0.374091 121.095
-0.339009 121.116
-0.303923 121.139
-0.268788 121.148
-0.233744 121.196
-0.198599 121.209
-0.163469 121.232
-0.128307 121.242
-0.093185 121.283
-0.0580003 121.29
-0.0228293 121.314
0.0123633 121.324
0.0475556 121.344
0.0827607 121.355
0.117964 121.406
0.15319 121.438
0.188434 121.481
0.223682 121.492
0.258947 121.518
0.294228 121.549
0.329519 121.576
0.36482 121.601
0.400142 121.631
0.435471 121.658
0.47082 121.688
0.50618 121.717
0.541558 121.747
0.577014 121.801
0.612421 121.829
0.647788 121.842
0.683261 121.883
0.718668 121.901
0.754202 121.95
0.789752 121.996
0.825261 122.028
0.896542 122.138
0.932025 122.154
0.967697 122.205
1.00329 122.237
1.03901 122.287
1.07468 122.327
1.11045 122.379
1.1461 122.408
1.18194 122.464
1.2178 122.52
1.25352 122.551
1.28923 122.58
1.32533 122.658
1.36133 122.719
1.54166 123.012
1.57758 123.044
