-30.5652 146.453
-30.327 146.217
-30.2803 146.176
-30.2356 146.145
-30.1862 146.087
-30.1446 146.076
-30.0987 146.039
-30.0525 145.999
-30.0024 145.937
-29.9604 145.923
-29.9096 145.856
-29.8684 145.846
-29.8242 145.819
-29.7792 145.786
-29.738 145.777
-29.6912 145.733
-29.6413 145.671
-29.5968 145.641
-29.5556 145.632
-29.51 145.595
-29.4636 145.553
-29.4225 145.544
-29.3795 145.523
-29.3354 145.496
-29.2932 145.48
-29.2494 145.455
-29.2084 145.446
-29.1628 145.409
-29.1176 145.374
-29.074 145.349
-29.0326 145.337
-28.9922 145.333
-28.9482 145.305
-28.9042 145.278
-28.8639 145.274
-28.8229 145.264
-28.7789 145.237
-28.7372 145.223
-28.6962 145.214
-28.6529 145.191
-28.609 145.164
-28.5673 145.15
-28.5266 145.143
-28.4845 145.127
-28.4439 145.121
-28.4 145.093
-28.358 145.077
-28.3181 145.075
-28.2789 145.078
-28.2379 145.069
-28.1937 145.039
-28.1513 145.021
-28.111 145.016
-28.0697 145.005
-28.0284 144.993
-27.9871 144.982
-27.9472 144.98
-27.9063 144.971
-27.8653 144.962
-27.8247 144.955
-27.782 144.935
-27.7432 144.94
-27.7044 144.944
-27.6634 144.935
-27.6232 144.931
-27.5823 144.922
-27.5396 144.901
-27.5001 144.902
-27.4612 144.906
-27.4196 144.893
-27.377 144.872
-27.3381 144.877
-27.3 144.886
-27.2587 144.875
-27.2189 144.873
-27.1818 144.889
-27.1415 144.885
-27.0985 144.862
-27.057 144.849
-27.0191 144.86
-26.981 144.87
-26.9418 144.872
-26.9006 144.861
-26.862 144.868
-26.8242 144.88
-26.7857 144.887
-26.7465 144.889
-26.7066 144.887
-26.6667 144.885
-26.6265 144.881
-26.5856 144.872
-26.5471 144.879
-26.5095 144.893
-26.471 144.9
-26.4311 144.898
-26.3912 144.896
-26.3527 144.903
-26.3144 144.912
-26.2762 144.922
-26.24 144.945
-26.2031 144.964
-26.1652 144.975
-26.1246 144.969
-26.0873 144.985
-26.0514 145.01
-26.0108 145.004
-25.9696 144.992
-25.929 144.986
-25.8884 144.979
-25.8485 144.977
-25.8122 145
-25.7732 145.005
-25.7349 145.014
-25.6957 145.017
-25.657 145.024
-25.62 145.043
-25.5814 145.05
-25.5431 145.059
-25.5044 145.066
-25.4648 145.067
-25.4258 145.071
-25.3885 145.088
-25.3514 145.106
-25.3131 145.116
-25.2744 145.123
-25.2345 145.121
-25.1942 145.116
-25.1555 145.124
-25.1197 145.152
-25.081 145.159
-25.0436 145.175
-25.008 145.205
-24.9716 145.229
-24.9325 145.233
-24.8938 145.241
-24.8586 145.273
-24.823 145.304
-24.7849 145.315
-24.7477 145.334
-24.7099 145.348
-24.6717 145.36
-24.6349 145.381
-24.5964 145.391
-24.5582 145.402
-24.5201 145.414
-24.4857 145.454
-24.4475 145.466
-24.4093 145.477
-24.3736 145.508
-24.3379 145.538
-24.3 145.552
-24.2642 145.583
-24.226 145.594
-24.1878 145.606
-24.1539 145.651
-24.1162 145.667
-24.0798 145.693
-24.0416 145.705
-24.0057 145.735
-23.9681 145.752
-23.9341 145.796
-23.8958 145.808
-23.8578 145.822
-23.8246 145.874
-23.7854 145.879
-23.7501 145.914
-23.716 145.958
-23.681 145.996
-23.6423 146.005
-23.6103 146.066
-23.5716 146.076
-23.5359 146.109
-23.5008 146.146
-23.4657 146.184
-23.427 146.194
-23.3909 146.224
-23.3528 146.238
-23.3203 146.297
-23.2852 146.335
-23.2464 146.345
-23.2112 146.382
-23.1792 146.446
-23.1401 146.453
-23.1073 146.51
-23.0708 146.538
-23.0388 146.602
-23.0047 146.649
-22.969 146.684
-22.9322 146.71
-22.8937 146.722
-22.8606 146.779
-22.8314 146.867
-22.7937 146.886
-22.7597 146.935
-22.7255 146.983
-22.6903 147.023
-22.6575 147.082
-22.6203 147.106
-22.588 147.17
-22.5556 147.234
-22.5207 147.277
-22.4872 147.332
-22.4565 147.41
-22.4241 147.475
-22.3888 147.515
-22.3561 147.577
-22.3213 147.623
-22.0764 148.271
-22.044 148.338
-22.0093 148.386
