2.57675 158.794
3.22101 157.958
3.26396 157.915
3.39199 157.741
3.43496 157.703
3.47837 157.693
3.52126 157.652
3.56408 157.609
3.60688 157.566
3.64972 157.525
3.69298 157.509
3.73589 157.474
3.77867 157.434
3.82104 157.372
3.8643 157.358
3.90694 157.312
3.94955 157.267
3.993 157.264
4.03574 157.226
4.07842 157.186
4.12162 157.172
4.16466 157.151
4.20762 157.127
4.2495 157.052
4.29227 157.019
4.33554 157.011
4.37875 157.001
4.4213 156.96
4.4639 156.923
4.50654 156.888
4.54977 156.88
4.593 156.872
4.63505 156.813
4.67832 156.808
4.72159 156.802
4.76416 156.767
4.80723 156.754
4.85009 156.733
4.8936 156.738
4.93679 156.73
4.9793 156.695
5.02253 156.69
5.0655 156.674
5.10845 156.658
5.15099 156.626
5.19351 156.594
5.23664 156.586
5.27978 156.578
5.32276 156.564
5.3656 156.546
5.40886 156.543
5.45161 156.522
5.49457 156.508
5.5376 156.498
5.58018 156.471
5.62327 156.463
5.66643 156.458
5.70952 156.45
5.75159 156.407
5.79427 156.385
5.83741 156.38
5.88142 156.404
5.92487 156.41
5.96769 156.394
6.01051 156.378
6.05356 156.37
6.09652 156.359
6.13915 156.338
6.18193 156.322
6.22605 156.348
6.26866 156.327
6.31033 156.276
6.35232 156.236
6.39557 156.236
6.43762 156.199
6.4807 156.194
6.52315 156.17
6.56613 156.162
6.61114 156.215
6.65555 156.25
6.69998 156.284
6.74053 156.204
6.77368 155.909
6.82692 156.202
6.87174 156.247
6.91323 156.196
6.95647 156.196
6.99971 156.197
7.04475 156.247
7.08895 156.274
7.13182 156.263
7.17479 156.255
7.21833 156.263
7.26256 156.29
7.30631 156.303
7.35006 156.317
7.39422 156.341
7.43739 156.338
7.47925 156.301
7.5225 156.301
7.56596 156.306
7.60933 156.309
7.65392 156.343
7.6975 156.351
7.74118 156.362
7.78487 156.373
7.82846 156.381
7.87279 156.407
7.91639 156.415
7.9601 156.426
8.00456 156.456
8.04807 156.461
8.09146 156.464
8.1353 156.477
8.17859 156.477
8.22132 156.464
8.26416 156.453
8.30801 156.466
8.35253 156.496
8.39628 156.506
8.44037 156.525
8.48584 156.576
8.53065 156.611
8.57478 156.629
8.61856 156.64
8.66188 156.64
8.70497 156.635
8.75077 156.691
8.79482 156.707
8.83863 156.718
8.88365 156.755
8.92747 156.766
8.97106 156.771
9.01551 156.795
9.0591 156.801
9.10406 156.835
9.14791 156.846
9.19277 156.878
9.23676 156.892
9.2819 156.929
9.32692 156.964
9.37209 157.002
9.41574 157.007
9.45952 157.015
9.50369 157.031
9.5502 157.096
9.59387 157.101
9.63768 157.109
9.68451 157.179
9.73046 157.23
9.7747 157.246
9.81921 157.268
9.86279 157.271
9.90678 157.281
9.95254 157.327
9.9994 157.395
10.2265 157.583
10.4094 157.751
10.4548 157.786
10.4989 157.797
10.5449 157.843
10.5927 157.922
10.7771 158.106
10.8229 158.147
11.819 160.237
11.8644 160.259
