-24.8724 83.9128
-24.8434 83.8995
14.9724 133.679
15.0095 133.673
15.4818 132.68
15.518 132.667
16.2128 131.36
16.2422 131.282
16.2769 131.258
16.3135 131.254
16.4118 131.123
16.4455 131.089
16.4797 131.061
16.5157 131.051
16.5501 131.025
16.5845 130.999
16.6183 130.967
16.6461 130.875
16.6794 130.839
16.7154 130.829
16.7473 130.779
16.7826 130.763
16.8143 130.712
16.8504 130.704
16.8847 130.678
16.9203 130.666
16.9522 130.616
16.9858 130.584
17.0192 130.55
17.0528 130.518
17.0864 130.487
17.1218 130.473
17.1532 130.419
17.1888 130.407
17.2215 130.367
17.2571 130.355
17.2912 130.33
17.3272 130.322
17.3609 130.292
17.3946 130.262
17.4285 130.234
17.4646 130.228
17.5004 130.218
17.533 130.179
17.5664 130.147
17.6015 130.131
17.637 130.119
17.6702 130.086
17.7046 130.064
17.739 130.042
17.7734 130.02
17.8087 130.006
17.8444 129.996
17.8802 129.988
17.9127 129.949
17.9475 129.931
17.9825 129.915
18.0183 129.907
18.0522 129.882
18.0857 129.852
18.1209 129.838
18.1556 129.82
18.1891 129.791
18.2234 129.769
18.2583 129.753
18.2945 129.749
18.3312 129.749
18.3679 129.749
18.4028 129.733
18.4375 129.716
18.4712 129.69
18.507 129.682
18.5428 129.674
18.5759 129.643
18.6119 129.637
18.6478 129.631
18.682 129.609
18.7173 129.597
18.7532 129.591
18.7894 129.587
18.8263 129.589
18.8635 129.595
18.8997 129.591
18.9332 129.563
18.9673 129.542
19.0021 129.526
19.0373 129.514
19.073 129.506
19.1087 129.498
19.1453 129.498
19.1819 129.498
19.2199 129.51
19.2569 129.514
19.2919 129.5
19.3264 129.482
19.366 129.508
19.4076 129.551
19.447 129.574
19.4878 129.609
19.5272 129.633
19.5617 129.615
19.5906 129.55
19.6221 129.507
19.6568 129.491
19.8096 130.465
19.8535 130.524
19.8989 130.596
19.7951 129.424
19.8307 129.417
19.8677 129.42
19.9045 129.422
19.9401 129.414
19.9759 129.408
20.012 129.404
20.0488 129.406
20.0856 129.408
20.1224 129.41
20.1589 129.41
20.1945 129.402
20.2303 129.396
20.2664 129.392
20.3034 129.396
20.3409 129.404
20.3779 129.407
20.414 129.403
20.4508 129.405
20.488 129.411
20.5253 129.417
20.5616 129.415
20.5976 129.411
20.6349 129.417
20.6727 129.426
20.7092 129.426
20.7455 129.424
20.782 129.424
20.8186 129.424
20.8556 129.428
20.8929 129.434
20.9301 129.439
20.9677 129.447
21.0077 129.474
21.045 129.48
21.0818 129.482
21.1191 129.488
21.1564 129.494
21.1926 129.492
21.2294 129.493
21.2675 129.505
21.3066 129.525
21.3436 129.528
21.3812 129.536
21.4185 129.542
21.456 129.55
21.4936 129.558
21.5312 129.565
21.5693 129.577
21.6066 129.583
21.6431 129.583
21.6835 129.612
21.7221 129.628
21.761 129.645
21.7981 129.649
21.8357 129.657
21.8754 129.68
21.9132 129.69
21.9503 129.694
21.9895 129.713
22.0292 129.737
22.0676 129.75
22.1055 129.76
22.1429 129.766
22.1834 129.795
22.2219 129.809
22.2603 129.823
22.3014 129.856
22.3393 129.866
22.3767 129.871
22.4165 129.895
22.4552 129.911
22.4956 129.938
22.5349 129.958
22.5742 129.977
22.6121 129.987
22.6501 129.997
22.6905 130.024
22.7314 130.055
22.7713 130.079
22.8096 130.091
22.8505 130.122
22.8918 130.156
22.9323 130.183
22.9703 130.193
23.0108 130.22
23.0551 130.276
23.0929 130.283
23.1307 130.291
23.1737 130.337
23.2159 130.376
23.257 130.408
23.296 130.423
23.3391 130.469
23.3802 130.5
23.4217 130.534
23.4632 130.567
23.5052 130.605
23.549 130.655
23.5874 130.666
23.6281 130.694
23.6693 130.726
23.7132 130.775
23.7562 130.819
23.8009 130.874
23.8437 130.916
23.8873 130.964
23.9296 131.001
23.9718 131.039
24.0178 131.103
24.063 131.161
24.1059 131.202
24.1514 131.262
24.1935 131.298
24.2353 131.332
24.4742 131.704
24.5173 131.746
24.5625 131.803
24.72 132.119
