-38.0787 139.974
-38.0392 139.97
-37.995 139.944
-37.9546 139.936
-37.9037 139.879
-37.8633 139.87
-37.8177 139.838
-37.7768 139.827
-37.7303 139.79
-37.6904 139.784
-37.6462 139.758
-37.6031 139.736
-37.5627 139.728
-37.5186 139.702
-37.484 139.72
-37.4394 139.692
-37.3886 139.634
-37.3493 139.631
-37.3094 139.624
-37.271 139.625
-37.1805 139.562
-37.1402 139.553
-37.0943 139.519
-37.055 139.515
-37.017 139.517
-36.9791 139.52
-36.9341 139.49
-36.8878 139.453
-36.8494 139.453
-36.8128 139.463
-36.7749 139.465
-36.7351 139.459
-36.6957 139.455
-36.6564 139.451
-36.6184 139.454
-36.5749 139.43
-36.5356 139.426
-36.4953 139.418
-36.45 139.386
-36.4019 139.34
-36.363 139.338
-36.3205 139.319
-36.2839 139.328
-36.2473 139.337
-36.2103 139.344
-36.1746 139.358
-36.1343 139.35
-36.0941 139.342
-36.0506 139.318
-36.0127 139.321
-35.9761 139.33
-35.9381 139.333
-35.8946 139.309
-35.8544 139.301
-35.8146 139.294
-35.7757 139.293
-35.7373 139.293
-35.6988 139.294
-35.6572 139.279
-35.6197 139.284
-35.5826 139.291
-35.5428 139.285
-35.5021 139.274
-35.4645 139.279
-35.4261 139.28
-35.3872 139.278
-35.3483 139.276
-35.3093 139.275
-35.2695 139.269
-35.2324 139.276
-35.1948 139.281
-35.1572 139.286
-35.1205 139.295
-35.0829 139.3
-35.0476 139.316
-35.0051 139.296
-34.9657 139.293
-34.9294 139.304
-34.8945 139.322
-34.8573 139.33
-34.8241 139.357
-34.7904 139.381
-34.7497 139.371
-34.7103 139.367
-34.6709 139.363
-34.6249 139.326
-34.5877 139.333
-34.554 139.358
-34.5128 139.345
-34.4704 139.326
-34.4453 139.395
-34.4164 139.444
-34.3756 139.434
-34.3336 139.416
-34.2942 139.412
-34.2613 139.442
-34.2192 139.425
-34.1802 139.423
-34.1404 139.417
-34.1053 139.435
-34.0714 139.46
-34.0354 139.474
-33.9981 139.481
-33.9587 139.477
-33.9222 139.488
-33.8892 139.518
-33.8583 139.558
-33.8231 139.576
-33.7819 139.564
-33.7489 139.593
-33.6825 139.449
-33.6456 139.459
-33.6432 139.648
-33.602 139.635
-33.5651 139.644
-33.5336 139.683
-33.5047 139.734
-33.4699 139.755
-33.4337 139.769
-33.3972 139.78
-33.361 139.794
-33.3248 139.808
-33.284 139.797
-33.2495 139.82
-33.2146 139.841
-33.1835 139.881
-33.1502 139.911
-33.1128 139.918
-33.0749 139.923
-33.0391 139.939
-33.0095 139.989
-32.9737 140.005
-32.9379 140.021
-32.9066 140.062
-32.8699 140.073
-32.8328 140.083
-32.7973 140.101
-32.7673 140.148
-32.7339 140.178
-32.6967 140.187
-32.6579 140.188
-32.6199 140.193
-32.5869 140.225
-32.5543 140.259
-32.5208 140.288
-32.4832 140.296
-32.4452 140.301
-32.4224 140.388
-32.3901 140.425
-32.3529 140.434
-32.316 140.446
-32.2841 140.485
-32.2505 140.514
-32.2129 140.522
-32.1805 140.558
-32.1473 140.59
-32.1149 140.626
-32.0878 140.692
-32.0509 140.704
-31.9848 140.77
-31.9474 140.78
-31.8174 140.926
-31.6916 141.097
-31.6594 141.136
-31.6272 141.175
-31.5953 141.216
-31.5579 141.226
-30.7296 142.798
-30.0414 141.767
-30.0244 141.9
-30.0138 142.072
-30.0041 142.248
-29.9931 142.418
-30.011 142.761
-30.0012 142.939
-29.9697 142.988
