35.4675 143.923
35.5064 143.918
34.8862 140.552
35.4641 143.298
35.4771 143.162
35.4637 142.893
35.4725 142.736
35.4935 142.642
35.5317 142.635
35.0605 139.654
35.0841 139.577
35.1098 139.51
35.1403 139.468
35.1668 139.406
35.1929 139.342
35.2229 139.298
35.2433 139.205
35.2676 139.133
35.2914 139.058
35.3209 139.011
35.3468 138.948
35.3706 138.873
35.4005 138.829
35.433 138.798
35.4593 138.737
35.4887 138.691
35.5049 138.579
35.5386 138.555
35.5689 138.513
35.6044 138.498
35.6346 138.457
35.6608 138.395
35.6905 138.352
35.7158 138.286
35.7503 138.267
35.7836 138.24
35.8101 138.182
35.8371 138.125
35.8623 138.06
35.891 138.012
35.9273 138.001
35.9622 137.984
35.9895 137.929
36.0204 137.892
36.0508 137.853
36.0781 137.799
36.1139 137.786
36.142 137.736
36.1769 137.719
36.2081 137.684
36.234 137.624
36.2639 137.582
36.3 137.572
36.3285 137.524
36.3588 137.485
36.3954 137.476
36.4323 137.47
36.4626 137.431
36.4901 137.379
36.5222 137.349
36.5573 137.334
36.5902 137.308
36.62 137.267
36.6492 137.224
36.6839 137.207
36.7186 137.19
36.7496 137.155
36.7851 137.142
36.8184 137.119
36.8476 137.076
36.8804 137.05
36.9082 137.001
36.9428 136.983
36.9747 136.953
37.012 136.949
37.0507 136.951
37.0857 136.936
37.1184 136.91
37.1539 136.898
37.1875 136.876
37.2207 136.853
37.2529 136.825
37.287 136.805
37.3197 136.78
37.351 136.748
37.3864 136.735
37.4186 136.707
37.4521 136.686
37.488 136.675
37.5224 136.658
37.5574 136.643
37.5918 136.626
37.629 136.622
37.663 136.602
37.6942 136.57
37.7245 136.534
37.757 136.508
37.7933 136.5
37.8281 136.485
37.8639 136.474
37.8969 136.451
37.9368 136.459
37.9726 136.449
38.0019 136.408
38.0385 136.402
38.0734 136.387
38.1026 136.346
38.1341 136.317
38.1661 136.289
38.2023 136.281
38.2389 136.274
38.2732 136.257
38.3132 136.266
38.3512 136.266
38.3827 136.236
38.4104 136.189
38.4447 136.172
38.4822 136.17
38.5198 136.168
38.5611 136.183
38.6123 136.242
38.657 136.272
38.6979 136.285
38.735 136.281
38.7668 136.253
38.8049 136.253
38.8425 136.251
38.8738 136.221
38.9019 136.177
38.939 136.172
38.977 136.172
39.0141 136.168
39.0478 136.149
39.0815 136.13
39.1214 136.138
39.1585 136.134
39.1932 136.119
39.234 136.132
