-16.8979 139.084
-16.2642 138.08
-16.2227 138.046
-16.1812 138.012
-16.1369 137.948
-16.0951 137.909
-16.051 137.847
-16.0069 137.783
-15.9647 137.741
-15.9213 137.685
-15.8821 137.675
-15.8406 137.639
-15.7961 137.571
-15.7546 137.535
-15.7137 137.505
-15.6721 137.467
-15.6306 137.431
-15.5894 137.397
-15.546 137.339
-15.5069 137.329
-15.4661 137.299
-15.4264 137.282
-15.3847 137.242
-15.3446 137.221
-15.3033 137.185
-15.2635 137.166
-15.2246 137.158
-15.1816 137.103
-15.1398 137.06
-15.0987 137.027
-15.0579 136.995
-15.0172 136.965
-14.978 136.953
-14.9372 136.921
-14.8965 136.892
-14.8579 136.885
-14.8191 136.877
-14.779 136.854
-14.739 136.831
-14.6993 136.812
-14.6566 136.757
-14.6176 136.746
-14.579 136.74
-14.5396 136.723
-14.499 136.694
-14.4599 136.681
-14.4212 136.673
-14.3811 136.648
-14.3409 136.622
-14.3006 136.595
-14.2615 136.582
-14.2227 136.572
-14.1812 136.53
-14.1418 136.513
-14.1036 136.511
-14.0656 136.511
-14.0259 136.49
-13.9863 136.471
-13.9473 136.459
-13.9092 136.457
-13.8705 136.448
-13.8316 136.438
-13.7923 136.421
-13.7538 136.415
-13.7155 136.411
-13.6768 136.402
-13.6377 136.388
-13.5982 136.369
-13.5594 136.358
-13.5211 136.354
-13.4828 136.35
-13.4436 136.335
-13.4043 136.319
-13.366 136.314
-13.3272 136.304
-13.2881 136.289
-13.2503 136.291
-13.2128 136.298
-13.1744 136.292
-13.1355 136.279
-13.0964 136.264
-13.0579 136.258
-13.0199 136.258
-12.9823 136.262
-12.9437 136.254
-12.9049 136.244
-12.8659 136.229
-12.8276 136.225
-12.7893 136.221
-12.7528 136.239
-12.7156 136.25
-12.6762 136.231
-12.6375 136.221
-12.5998 136.225
-12.5617 136.223
-12.5237 136.223
-12.4855 136.219
-12.4466 136.206
-12.4085 136.204
-12.3703 136.202
-12.3325 136.204
-12.2956 136.219
-12.2582 136.227
-12.22 136.223
-12.1823 136.227
-12.1452 136.24
-12.108 136.25
-12.0703 136.255
-12.0331 136.265
-11.996 136.278
-11.9577 136.274
-11.919 136.263
-11.88 136.248
-11.8414 136.24
-11.805 136.263
-11.7676 136.272
-11.7284 136.255
-11.6913 136.267
-11.653 136.263
-11.6146 136.257
-11.5759 136.247
-11.5386 136.257
-11.5021 136.278
-11.4643 136.282
-11.4265 136.284
-11.3888 136.289
-11.3513 136.297
-11.3142 136.31
-11.2777 136.333
-11.2384 136.314
-11.1999 136.305
-11.1629 136.322
-11.1264 136.345
-11.0892 136.358
-11.0518 136.366
-11.0151 136.387
-10.978 136.402
-10.9402 136.406
-10.9025 136.411
-10.865 136.419
-10.8277 136.432
-10.7913 136.457
-10.7547 136.48
-10.7168 136.482
-10.6782 136.474
-10.642 136.503
-10.6048 136.518
-10.5674 136.528
-10.5305 136.547
-10.4929 136.556
-10.4556 136.568
-10.4185 136.583
-10.3811 136.596
-10.3434 136.602
-10.3064 136.619
-10.2695 136.64
-10.2322 136.653
-10.1952 136.672
-10.1585 136.695
-10.1219 136.72
-10.0846 136.735
-10.0476 136.754
-10.0111 136.781
-9.97384 136.796
-9.93668 136.813
-9.89916 136.824
-9.86174 136.836
-9.82602 136.879
-9.78871 136.893
-9.75103 136.902
-9.71443 136.929
-9.67662 136.936
-9.64023 136.967
-9.60383 136.999
-9.56718 137.027
-9.5297 137.039
-9.49408 137.086
-9.45646 137.097
-9.42 137.128
-9.38213 137.135
-9.34519 137.158
-9.30812 137.179
-9.27321 137.241
-9.23657 137.271
-9.19889 137.281
-9.16325 137.33
-9.12543 137.339
-9.08852 137.364
-9.05126 137.383
-9.01555 137.432
-8.97826 137.451
-8.94285 137.507
-8.90632 137.541
-8.86987 137.577
-8.83298 137.604
-8.79596 137.63
-8.75828 137.643
-8.72124 137.668
-8.68344 137.679
-8.54183 137.916
-8.50555 137.959
-8.46862 137.989
-8.43167 138.019
-8.39649 138.085
-8.35993 138.124
-8.32314 138.158
-8.28645 138.195
-8.24953 138.227
-8.14519 138.461
-8.10859 138.502
-8.07167 138.536
-8.03464 138.569
-7.99929 138.638
-7.96263 138.679
