2.02415 137.37
2.06184 137.268
2.10004 137.214
2.13825 137.163
2.1766 137.124
2.25171 136.926
2.29023 136.907
2.32812 136.84
2.36601 136.776
2.40419 136.735
2.44215 136.679
2.47994 136.613
2.51769 136.547
2.5558 136.506
2.59382 136.461
2.63159 136.402
2.66977 136.37
2.70783 136.331
2.74561 136.276
2.78363 136.237
2.82168 136.201
2.85967 136.163
2.89726 136.101
2.93511 136.057
2.97279 136.003
3.01115 135.991
3.04957 135.982
3.08728 135.933
3.12505 135.889
3.1626 135.834
3.20048 135.798
3.23874 135.783
3.27639 135.736
3.31447 135.713
3.35213 135.669
3.39039 135.656
3.42856 135.639
3.46605 135.588
3.50424 135.574
3.54169 135.523
3.57982 135.506
3.61733 135.46
3.65557 135.449
3.6938 135.439
3.73126 135.392
3.7693 135.373
3.80663 135.323
3.84469 135.306
3.88256 135.28
3.9205 135.259
3.95859 135.245
3.99632 135.215
4.03434 135.199
4.07216 135.173
4.11021 135.159
4.1481 135.138
4.18594 135.115
4.22382 135.094
4.26194 135.083
4.30006 135.073
4.3375 135.035
4.37529 135.012
4.41333 134.999
4.45127 134.982
4.48903 134.959
4.52717 134.951
4.56524 134.941
4.60293 134.915
4.64071 134.895
4.67872 134.882
4.71677 134.872
4.75488 134.863
4.79269 134.844
4.83062 134.83
4.86871 134.822
4.90662 134.807
4.94441 134.788
4.98237 134.776
5.0202 134.759
5.05827 134.751
5.09627 134.74
5.13434 134.732
5.17233 134.721
5.21039 134.713
5.24838 134.703
5.28611 134.684
5.32402 134.671
5.3618 134.655
5.39983 134.646
5.43773 134.634
5.47589 134.63
5.51404 134.626
5.5522 134.622
5.59035 134.617
5.6283 134.607
5.66603 134.59
5.70418 134.586
5.74253 134.588
5.78074 134.586
5.81888 134.582
5.85681 134.572
5.89466 134.559
5.93279 134.555
5.97078 134.547
6.00869 134.537
6.04667 134.528
6.08472 134.522
6.12284 134.518
6.16088 134.512
6.199 134.508
6.23719 134.506
6.27493 134.491
6.31258 134.474
6.35045 134.464
6.38894 134.47
6.42806 134.493
6.46601 134.485
6.50294 134.45
6.54048 134.431
6.57937 134.448
6.61875 134.477
6.65742 134.488
6.69576 134.49
6.73419 134.494
6.77254 134.496
6.81106 134.503
6.84983 134.515
6.8886 134.528
6.92704 134.532
6.96574 134.543
7.00419 134.547
7.04256 134.549
7.08084 134.549
7.11903 134.547
7.15731 134.547
7.19577 134.551
7.2344 134.56
7.27295 134.566
7.31133 134.568
7.35069 134.594
7.38925 134.6
7.42745 134.598
7.46584 134.6
7.50422 134.602
7.54279 134.609
7.58146 134.617
7.62022 134.628
7.65889 134.636
7.69738 134.64
7.73625 134.653
7.77522 134.668
7.81391 134.676
7.85251 134.683
7.89111 134.689
7.92981 134.697
7.96881 134.712
8.00781 134.727
8.04721 134.75
8.08574 134.754
8.12506 134.775
8.16379 134.784
8.20233 134.788
8.24097 134.794
8.27971 134.803
8.31988 134.841
8.35853 134.847
8.3974 134.858
8.43699 134.883
8.47555 134.887
8.51422 134.894
8.55363 134.915
8.59388 134.953
8.63257 134.959
8.67106 134.961
8.71071 134.987
8.74941 134.993
8.8292 135.052
8.86781 135.056
8.90785 135.088
8.94691 135.101
8.98795 135.151
9.02681 135.16
9.06634 135.181
9.10544 135.194
9.14532 135.221
9.18432 135.232
9.22546 135.283
9.26448 135.293
9.30361 135.306
9.34458 135.353
9.38362 135.363
9.4237 135.393
9.46391 135.425
9.50309 135.438
9.54321 135.467
9.58323 135.495
9.62396 135.535
9.70454 135.599
9.74521 135.637
9.78542 135.667
9.82467 135.68
9.86648 135.737
9.90794 135.788
9.94711 135.799
9.98763 135.833
10.0283 135.869
10.0692 135.91
10.1108 135.961
10.1519 136.003
10.1929 136.044
10.2346 136.097
10.2741 136.112
10.3164 136.174
10.3571 136.208
10.3982 136.249
10.4392 136.288
10.4812 136.343
10.5222 136.382
10.5648 136.446
10.6074 136.51
10.6487 136.553
10.8206 136.826
10.8618 136.865
