-5.99254 143.737
-5.86558 143.567
-5.82463 143.551
-5.78232 143.493
-5.74154 143.482
-5.69928 143.424
-5.65756 143.382
-5.61593 143.342
-5.57345 143.275
-5.53172 143.231
-5.49015 143.192
-5.44874 143.157
-5.40848 143.16
-5.36808 143.158
-5.32684 143.128
-5.28534 143.088
-5.24324 143.028
-5.20171 142.987
-5.16094 142.971
-5.11977 142.941
-5.07856 142.908
-5.03716 142.869
-4.99584 142.832
-4.95544 142.828
-4.91505 142.823
-4.87383 142.789
-4.70917 142.653
-4.6687 142.644
-4.62768 142.614
-4.58722 142.605
-4.54623 142.575
-4.50507 142.539
-4.46399 142.504
-4.42299 142.472
-4.38257 142.463
-4.34164 142.433
-4.30185 142.45
-4.26094 142.42
-4.21987 142.383
-4.17904 142.356
-4.13877 142.351
-4.09849 142.347
-4.05769 142.319
-4.01674 142.285
-3.97638 142.276
-3.93602 142.267
-3.89552 142.251
-3.85537 142.251
-3.81492 142.238
-3.77408 142.206
-3.73385 142.201
-3.69361 142.197
-3.653 142.174
-3.61273 142.167
-3.57199 142.138
-3.53107 142.099
-3.49064 142.083
-3.45012 142.062
-3.40996 142.06
-3.36977 142.056
-3.32975 142.061
-3.28942 142.049
-3.24919 142.043
-3.20908 142.043
-3.16897 142.043
-3.12874 142.036
-3.08848 142.027
-3.04789 142
-3.00764 141.991
-2.96738 141.982
-2.9271 141.971
-2.88662 141.948
-2.84654 141.948
-2.80649 141.95
-2.76636 141.948
-2.72624 141.946
-2.68601 141.937
-2.64578 141.928
-2.60563 141.924
-2.56527 141.906
-2.52516 141.904
-2.48514 141.908
-2.44503 141.906
-2.40466 141.886
-2.36412 141.851
-2.32408 141.854
-2.28389 141.845
-2.24349 141.82
-2.20322 141.804
-2.16319 141.807
-2.12339 141.827
-2.08324 141.821
-2.04317 141.821
-2.00303 141.814
-1.96323 141.837
-1.92349 141.867
-1.88344 141.87
-1.84341 141.874
-1.80363 141.902
-1.76359 141.907
-1.72348 141.905
-1.6834 141.905
-1.64349 141.923
-1.60348 141.933
-1.56346 141.94
-1.52346 141.951
-1.48341 141.956
-1.44339 141.965
-1.40336 141.975
-1.36319 141.966
-1.32311 141.968
-1.28309 141.98
-1.24309 141.994
-1.20318 142.022
-1.16324 142.047
-1.12303 142.033
-1.08288 142.029
-1.04286 142.043
-1.00285 142.061
-0.962778 142.071
-0.922652 142.071
-0.882527 142.071
-0.842449 142.08
-0.802422 142.101
-0.762311 142.106
-0.722208 142.113
-0.682092 142.118
-0.641956 142.118
-0.601897 142.139
-0.561854 142.167
-0.52176 142.183
-0.481623 142.188
-0.44147 142.188
-0.401323 142.19
-0.361243 142.22
-0.321144 142.248
-0.280991 142.255
-0.240823 142.255
-0.200668 142.265
-0.160553 142.306
-0.120409 142.339
-0.0802279 142.346
-0.0400604 142.378
0.00012257 142.408
0.04032 142.434
0.0805289 142.441
0.120741 142.45
0.160978 142.504
0.20121 142.515
0.241445 142.525
0.28168 142.529
0.321948 142.557
0.362227 142.585
0.402479 142.59
0.442797 142.627
0.483126 142.662
0.523409 142.671
0.563752 142.701
0.604115 142.734
0.644449 142.753
0.684814 142.778
0.725109 142.781
0.765509 142.811
0.805942 142.846
0.846282 142.855
0.886751 142.893
1.0488 143.044
1.08921 143.056
1.29235 143.266
1.33279 143.273
1.82286 143.833
1.86373 143.868
1.90493 143.936
1.9459 143.978
1.9866 143.993
2.02786 144.059
2.06888 144.101
2.401 144.696
2.44211 144.727
