-27.4448 139.741
-27.4102 139.765
-27.3684 139.744
-26.2966 137.741
-26.2531 137.705
-26.2061 137.646
-26.1631 137.612
-26.1203 137.58
-26.0773 137.546
-26.0339 137.51
-25.9855 137.441
-25.9415 137.4
-25.8985 137.367
-25.8521 137.31
-25.8123 137.297
-25.7671 137.248
-25.7274 137.236
-25.6841 137.2
-25.6409 137.164
-25.5943 137.105
-25.5549 137.095
-25.5095 137.044
-25.4705 137.036
-25.4267 136.996
-25.3842 136.964
-25.3424 136.937
-25.2993 136.901
-25.2553 136.859
-25.2144 136.838
-25.1763 136.836
-25.1382 136.834
-25.0961 136.805
-25.054 136.776
-25.0113 136.742
-24.9717 136.73
-24.9299 136.702
-24.8885 136.677
-24.8489 136.665
-24.8069 136.635
-24.7645 136.604
-24.7244 136.587
-24.68 136.541
-24.641 136.533
-24.6035 136.535
-24.5655 136.533
-24.5259 136.521
-24.4828 136.483
-24.443 136.468
-24.4016 136.443
-24.363 136.437
-24.3244 136.431
-24.2834 136.408
-24.2447 136.402
-24.2043 136.383
-24.1651 136.373
-24.1253 136.358
-24.0858 136.346
-24.044 136.317
-24.0057 136.312
-23.9674 136.308
-23.9288 136.302
-23.8902 136.296
-23.8513 136.288
-23.8104 136.265
-23.7718 136.259
-23.7341 136.259
-23.694 136.242
-23.6551 136.234
-23.6166 136.228
-23.5768 136.213
-23.5368 136.197
-23.4997 136.201
-23.4614 136.197
-23.4222 136.186
-23.382 136.168
-23.3428 136.157
-23.3045 136.153
-23.2674 136.158
-23.23 136.16
-23.1911 136.151
-23.1511 136.135
-23.1132 136.133
-23.0754 136.133
-23.0377 136.133
-22.9995 136.129
-22.9612 136.125
-22.9232 136.123
-22.8849 136.119
-22.8466 136.115
-22.8081 136.109
-22.7698 136.104
-22.7324 136.107
-22.6958 136.115
-22.658 136.115
-22.6198 136.111
-22.5829 136.117
-22.5468 136.13
-22.5091 136.13
-22.4703 136.122
-22.4312 136.112
-22.3934 136.112
-22.3557 136.112
-22.3177 136.11
-22.2808 136.116
-22.2439 136.122
-22.2072 136.131
-22.1695 136.131
-22.1328 136.139
-22.0956 136.144
-22.0595 136.156
-22.0239 136.173
-21.9878 136.186
-21.9498 136.184
-21.9104 136.171
-21.871 136.159
-21.8354 136.176
-21.7969 136.17
-21.7607 136.182
-21.7237 136.189
-21.6849 136.18
-21.6482 136.189
-21.6102 136.187
-21.5745 136.204
-21.5383 136.216
-21.5016 136.225
-21.4652 136.235
-21.4266 136.229
-21.3901 136.24
-21.3539 136.252
-21.3169 136.259
-21.2801 136.267
-21.2418 136.263
-21.2035 136.259
-21.1681 136.278
-21.1329 136.299
-21.0956 136.303
-21.0591 136.314
-21.023 136.328
-20.9819 136.301
-20.9426 136.289
-20.9063 136.301
-20.8718 136.329
-20.836 136.346
-20.8013 136.371
-20.7644 136.379
-20.7294 136.403
-20.6946 136.428
-20.6578 136.436
-20.621 136.445
-20.5849 136.46
-20.551 136.493
-20.5149 136.508
-20.4783 136.519
-20.4427 136.538
-20.4079 136.563
-20.3712 136.573
-20.3353 136.59
-20.3022 136.63
-20.2648 136.635
-20.2284 136.647
-20.1939 136.677
-20.1585 136.698
-20.1218 136.709
-20.0854 136.721
-20.0504 136.747
-20.0135 136.755
-19.9782 136.779
-19.9432 136.804
-19.907 136.819
-19.8705 136.831
-19.8374 136.874
-19.8005 136.882
-19.7661 136.914
-19.7311 136.939
-19.6948 136.954
-19.6597 136.98
-19.6232 136.992
-19.5905 137.039
-19.5551 137.062
-19.5202 137.09
-19.4856 137.12
-19.4485 137.128
-19.4136 137.156
-19.3793 137.19
-19.3451 137.224
-19.3097 137.247
-19.273 137.26
-19.2385 137.292
-19.2043 137.326
-19.17 137.36
-19.1373 137.409
-19.1018 137.432
-19.0679 137.47
-19.0345 137.513
-18.9992 137.539
-18.9629 137.556
-18.9269 137.575
-18.8916 137.601
-18.8606 137.667
-18.8262 137.701
-18.7915 137.733
-18.757 137.767
-18.7232 137.808
-18.6915 137.867
-18.6581 137.912
-18.6234 137.944
-18.5881 137.972
-18.5538 138.009
-18.5197 138.047
-18.4862 138.092
-18.4523 138.133
-18.419 138.18
-18.3567 138.315
-18.3225 138.354
-18.2899 138.408
-18.2554 138.445
-18.1875 138.529
-18.1588 138.621
-18.1267 138.682
-18.0896 138.695
-17.93 139.01
-17.7163 139.56
-17.6994 142.497
-17.6626 142.521
-17.6247 142.535
