-6.49744 155.053
-6.04371 154.292
-5.99854 154.216
-5.95447 154.175
-5.91025 154.128
-5.8659 154.076
-5.82189 154.034
-5.77678 153.956
-5.7318 153.881
-5.68879 153.871
-5.64525 153.843
-5.60126 153.799
-5.38146 153.574
-5.33803 153.546
-5.29424 153.504
-5.25019 153.453
-5.20595 153.393
-5.16336 153.394
-5.12042 153.381
-5.07651 153.332
-5.03227 153.27
-4.98923 153.252
-4.94552 153.208
-4.90182 153.165
-4.85915 153.16
-4.81515 153.103
-4.77216 153.085
-4.72847 153.039
-4.68493 152.998
-4.64121 152.949
-4.59827 152.932
-4.55577 152.932
-4.51253 152.901
-4.46992 152.896
-4.42719 152.886
-4.38302 152.814
-4.33977 152.781
-4.29725 152.779
-4.25461 152.771
-4.21197 152.764
-4.16853 152.72
-4.12523 152.682
-4.08261 152.674
-4.03939 152.639
-3.99646 152.616
-3.95392 152.611
-3.91127 152.601
-3.86841 152.58
-3.82615 152.588
-3.78325 152.565
-3.74057 152.553
-3.69779 152.535
-3.65431 152.481
-3.61176 152.474
-3.56896 152.454
-3.52641 152.446
-3.48382 152.436
-3.44123 152.426
-3.3985 152.408
-3.35657 152.434
-3.31408 152.429
-3.27096 152.389
-3.22821 152.368
-3.18547 152.348
-3.14305 152.346
-3.10071 152.348
-3.05824 152.343
-3.01532 152.31
-2.97282 152.303
-2.93032 152.295
-2.88775 152.283
-2.84522 152.273
-2.80258 152.255
-2.76029 152.26
-2.71792 152.261
-2.67544 152.253
-2.63289 152.241
-2.59049 152.238
-2.5477 152.208
-2.50503 152.185
-2.46268 152.185
-2.42016 152.173
-2.37761 152.157
-2.33503 152.14
-2.29252 152.127
-2.24999 152.112
-2.20759 152.107
-2.16575 152.148
-2.12283 152.1
-2.08034 152.087
-2.03804 152.09
-1.99755 152.257
-1.9534 152.093
-1.91087 152.075
-1.86862 152.083
-1.8261 152.065
-1.78398 152.086
-1.74229 152.153
-1.69979 152.138
-1.65769 152.163
-1.61564 152.197
-1.57316 152.184
-1.53085 152.19
-1.4886 152.203
-1.44644 152.228
-1.40399 152.218
-1.36159 152.214
-1.31934 152.229
-1.27704 152.24
-1.23478 152.255
-1.19247 152.266
-1.15015 152.273
-1.10776 152.274
-1.06538 152.274
-1.02299 152.271
-0.980694 152.287
-0.938524 152.326
-0.896171 152.333
-0.853815 152.341
-0.811468 152.352
-0.769104 152.36
-0.726782 152.378
-0.684397 152.383
-0.641978 152.381
-0.59958 152.383
-0.557199 152.391
-0.514945 152.438
-0.47254 152.443
-0.430147 152.454
-0.387757 152.467
-0.345329 152.467
-0.3029 152.467
-0.26055 152.506
-0.218207 152.557
-0.17577 152.565
-0.133297 152.55
-0.0908759 152.573
-0.0484297 152.581
-0.00598342 152.594
0.0364497 152.646
0.0789172 152.656
0.121389 152.672
0.163871 152.7
0.206357 152.708
0.248862 152.742
0.291364 152.752
0.333894 152.786
0.37643 152.812
0.418947 152.817
0.46147 152.825
0.504063 152.866
0.546669 152.905
0.589274 152.936
0.631831 152.944
0.674488 152.986
0.717108 153.009
0.759773 153.043
0.80238 153.056
0.845052 153.084
0.887756 153.118
0.930357 153.123
0.973086 153.157
1.05865 153.238
1.10147 153.279
1.14417 153.295
1.18714 153.36
1.22985 153.373
1.27274 153.415
1.31558 153.446
1.3585 153.488
1.83231 153.996
1.87515 154.004
2.13525 154.332
2.30952 154.584
