-24.8704 83.9037
-24.8437 83.9005
11.0359 142.463
11.0749 142.454
11.1132 142.434
11.1508 142.402
11.5237 141.435
11.561 141.403
11.5998 141.394
11.6388 141.389
12.2658 140.215
12.3028 140.183
12.4096 140.034
12.5165 139.89
12.5538 139.865
12.592 139.854
12.6299 139.839
12.6645 139.777
12.7011 139.743
12.7356 139.681
12.7717 139.641
12.8084 139.61
12.8453 139.582
12.8831 139.566
12.9196 139.533
12.955 139.484
12.9923 139.462
13.0272 139.407
13.0643 139.382
13.1012 139.356
13.138 139.327
13.1759 139.314
13.2121 139.279
13.2483 139.243
13.2847 139.21
13.3221 139.19
13.3603 139.181
13.3969 139.153
13.4343 139.133
13.4699 139.091
13.5069 139.067
13.5437 139.04
13.5807 139.016
13.6179 138.996
13.6545 138.968
13.6915 138.943
13.7291 138.928
13.7666 138.912
13.8022 138.871
13.8394 138.851
13.8771 138.838
13.9145 138.82
13.9519 138.802
13.9898 138.791
14.0273 138.776
14.0639 138.75
14.1007 138.725
14.1384 138.712
14.1761 138.699
14.2132 138.679
14.2502 138.657
14.2875 138.64
14.3253 138.629
14.3633 138.62
14.3997 138.591
14.4375 138.58
14.4753 138.569
14.5129 138.556
14.5499 138.536
14.5861 138.506
14.6242 138.499
14.6627 138.497
14.6999 138.479
14.7373 138.464
14.7751 138.453
14.8121 138.433
14.8509 138.435
14.8894 138.433
14.9258 138.406
14.9622 138.38
15.0007 138.378
15.0399 138.384
15.0783 138.382
15.116 138.371
15.152 138.34
15.1891 138.323
15.2268 138.312
15.2649 138.305
15.3031 138.301
15.3415 138.298
15.3801 138.298
15.4163 138.27
15.451 138.226
15.4883 138.211
15.528 138.224
15.5705 138.267
15.6141 138.324
15.6582 138.385
15.6972 138.389
15.7315 138.341
15.7672 138.308
15.8028 138.275
15.841 138.271
15.8794 138.268
15.917 138.257
15.9546 138.246
15.9938 138.253
16.0324 138.253
16.0708 138.25
16.1094 138.25
16.1478 138.248
16.186 138.244
16.2231 138.228
16.2613 138.224
16.3003 138.228
16.3399 138.239
16.3784 138.239
16.4154 138.221
16.4536 138.217
16.4911 138.206
16.5288 138.197
16.568 138.203
16.6086 138.225
16.6482 138.235
16.6889 138.257
16.7285 138.268
16.7667 138.263
16.805 138.261
16.8436 138.261
16.8826 138.265
16.9212 138.265
16.9606 138.274
17 138.282
17.039 138.286
17.0776 138.286
17.1163 138.288
17.1553 138.292
17.1941 138.294
17.2329 138.296
17.2719 138.301
17.3118 138.314
17.3538 138.348
17.3928 138.353
17.4316 138.355
17.4704 138.357
17.5098 138.365
17.5495 138.376
17.5903 138.398
17.6291 138.4
17.6683 138.406
17.7091 138.428
17.7486 138.436
17.7876 138.44
17.8267 138.445
17.8673 138.464
17.907 138.475
17.9473 138.492
17.9851 138.483
18.0275 138.52
18.0667 138.527
18.1063 138.535
18.1464 138.55
18.188 138.578
18.2282 138.594
18.2675 138.6
18.307 138.609
18.3468 138.619
18.3882 138.645
18.4302 138.678
18.4723 138.711
18.5137 138.737
18.5533 138.745
18.5931 138.756
18.6348 138.784
18.6764 138.813
18.7156 138.817
18.7577 138.849
18.7983 138.867
18.8395 138.891
18.8796 138.904
18.9223 138.941
18.9634 138.963
19.0042 138.982
19.0457 139.008
19.0863 139.026
19.1281 139.054
19.1702 139.084
19.2101 139.095
19.2553 139.154
19.296 139.172
19.3376 139.198
19.3797 139.229
19.4219 139.259
19.4626 139.277
19.5079 139.336
19.5532 139.395
19.5937 139.41
19.6391 139.47
19.6797 139.485
19.7217 139.513
19.7676 139.577
19.8109 139.617
19.8502 139.621
19.896 139.682
19.9396 139.724
19.984 139.773
20.0296 139.832
20.0727 139.87
20.1152 139.9
20.1611 139.962
20.2076 140.029
20.2544 140.097
20.2959 140.119
20.3422 140.183
20.4357 140.319
20.4801 140.365
20.6295 140.643
20.7308 140.842
20.7751 140.886
20.8194 140.931
