1.54329 127.206
1.57927 127.141
1.61524 127.078
1.65118 127.015
1.72295 126.887
1.79418 126.719
1.83018 126.675
1.86607 126.624
1.90209 126.586
1.93783 126.525
1.97358 126.468
2.0095 126.426
2.04523 126.371
2.08094 126.316
2.1166 126.26
2.1525 126.224
2.18841 126.19
2.22401 126.133
2.25994 126.103
2.29559 126.054
2.3313 126.01
2.36686 125.957
2.40267 125.923
2.43846 125.89
2.47399 125.839
2.50975 125.805
2.54579 125.79
2.58129 125.741
2.61703 125.709
2.65276 125.677
2.68811 125.623
2.72375 125.587
2.75959 125.564
2.79559 125.551
2.83099 125.504
2.86664 125.473
2.90233 125.444
2.93839 125.437
2.97407 125.409
3.00973 125.381
3.04497 125.33
3.08078 125.312
3.11616 125.27
3.15213 125.261
3.1881 125.252
3.22336 125.207
3.2592 125.192
3.29436 125.144
3.32991 125.116
3.36576 125.103
3.40133 125.076
3.43693 125.052
3.47287 125.045
3.50834 125.015
3.54391 124.991
3.57979 124.982
3.61555 124.967
3.65122 124.948
3.68684 124.928
3.72228 124.9
3.75784 124.877
3.79364 124.866
3.82927 124.848
3.86507 124.837
3.90054 124.812
3.93628 124.799
3.97156 124.768
4.00719 124.751
4.04296 124.74
4.07858 124.723
4.11409 124.703
4.14989 124.694
4.18568 124.684
4.22146 124.675
4.25675 124.647
4.29243 124.634
4.32815 124.623
4.36381 124.61
4.39968 124.605
4.43533 124.592
4.47088 124.575
4.50642 124.559
4.54205 124.546
4.57784 124.538
4.61336 124.522
4.64898 124.509
4.6847 124.5
4.72042 124.49
4.75603 124.477
4.79157 124.463
4.8275 124.461
4.86343 124.459
4.89901 124.446
4.93465 124.435
4.97028 124.424
5.00609 124.418
5.04177 124.409
5.07751 124.402
5.1133 124.396
5.14903 124.389
5.1847 124.38
5.22055 124.376
5.25633 124.371
5.29211 124.365
5.32801 124.363
5.36397 124.363
5.39975 124.358
5.43546 124.35
5.47129 124.347
5.50706 124.341
5.54277 124.334
5.57866 124.332
5.61461 124.332
5.65038 124.327
5.68613 124.321
5.72209 124.321
5.75784 124.316
5.79366 124.312
5.82955 124.31
5.86516 124.301
5.90111 124.301
5.93823 124.333
5.97419 124.333
6.00938 124.312
6.0452 124.309
6.08066 124.296
6.11611 124.283
6.1522 124.287
6.18836 124.292
6.2246 124.3
6.26062 124.301
6.29665 124.303
6.33268 124.305
6.36878 124.309
6.40488 124.313
6.44076 124.311
6.47671 124.311
6.51282 124.315
6.54885 124.317
6.58496 124.32
6.6213 124.33
6.65718 124.328
6.69322 124.33
6.72941 124.335
6.76561 124.341
6.80149 124.339
6.83753 124.341
6.87381 124.349
6.91018 124.358
6.94654 124.367
6.983 124.378
7.0193 124.386
7.05584 124.399
7.09198 124.402
7.12804 124.404
7.1641 124.406
7.20025 124.41
7.23648 124.416
7.27339 124.436
7.30971 124.444
7.34604 124.451
7.38237 124.458
7.41914 124.475
7.45617 124.497
7.49234 124.501
7.52843 124.503
7.56443 124.503
7.60061 124.507
7.63723 124.52
7.67457 124.548
7.71175 124.572
7.74822 124.581
7.78451 124.587
7.82116 124.6
7.85773 124.611
7.89422 124.62
7.93191 124.654
7.96831 124.661
8.00463 124.667
8.04076 124.669
8.07727 124.678
8.11549 124.721
8.1523 124.736
8.18959 124.76
8.22565 124.76
8.2619 124.764
8.29922 124.788
8.33577 124.798
8.37418 124.842
8.41095 124.855
8.44831 124.88
8.48509 124.893
8.52167 124.902
8.55936 124.932
8.59626 124.947
8.63368 124.971
8.6711 124.996
8.70853 125.02
8.74506 125.027
8.78282 125.057
8.81946 125.067
8.85714 125.095
8.89588 125.142
8.93275 125.155
8.97037 125.181
9.00916 125.228
9.04574 125.235
9.08361 125.265
9.12256 125.314
9.15938 125.325
9.19611 125.335
9.23489 125.38
9.27196 125.395
9.30968 125.421
9.3494 125.481
9.38837 125.528
9.42515 125.538
9.46194 125.547
9.50129 125.6
9.53933 125.63
9.57603 125.638
9.65545 125.752
9.69366 125.785
9.7336 125.845
9.77163 125.873
9.80966 125.902
9.84794 125.934
9.88728 125.983
9.92466 126
9.96439 126.055
10.0045 126.115
10.043 126.15
10.0843 126.229
10.1243 126.286
10.1617 126.301
10.2014 126.354
10.2414 126.411
10.2817 126.472
10.3226 126.541
10.3629 126.602
10.4034 126.665
10.61 127.033
10.6502 127.089
10.7818 127.419
10.821 127.458
