-9.52479 144.114
-9.48504 144.114
-9.44517 144.112
-9.40722 144.146
-8.89378 142.63
-8.59774 142.218
-8.55698 142.189
-8.51592 142.153
-8.42891 141.978
-8.38803 141.945
-8.34832 141.936
-8.26525 141.839
-8.22411 141.799
-8.18164 141.73
-8.14168 141.714
-8.09998 141.661
-8.05902 141.623
-8.01798 141.583
-7.97584 141.518
-7.93585 141.5
-7.89406 141.442
-7.85289 141.398
-7.81323 141.387
-7.77328 141.369
-7.73304 141.344
-7.69233 141.309
-7.65134 141.267
-7.61056 141.229
-7.56999 141.196
-7.52954 141.165
-7.49004 141.156
-7.4496 141.125
-7.40918 141.094
-7.36877 141.063
-7.32838 141.031
-7.28855 141.014
-7.2491 141.005
-7.20892 140.978
-7.16848 140.945
-7.12905 140.936
-7.08899 140.912
-7.04832 140.872
-7.00793 140.839
-6.96844 140.828
-6.92825 140.799
-6.88843 140.779
-6.84757 140.733
-6.8082 140.724
-6.76926 140.726
-6.73015 140.724
-6.69053 140.708
-6.65075 140.688
-6.61065 140.66
-6.5708 140.638
-6.53097 140.616
-6.49073 140.582
-6.45092 140.56
-6.41177 140.556
-6.37294 140.56
-6.3329 140.532
-6.29288 140.503
-6.25351 140.492
-6.21421 140.483
-6.17571 140.496
-6.13673 140.496
-6.09636 140.457
-6.05693 140.443
-6.01743 140.428
-5.97702 140.386
-5.93777 140.377
-5.89889 140.379
-5.86045 140.395
-5.82157 140.397
-5.78239 140.39
-5.74263 140.366
-5.7031 140.348
-5.66286 140.309
-5.62392 140.309
-5.58533 140.32
-5.54597 140.307
-5.50675 140.298
-5.46739 140.285
-5.42846 140.285
-5.38986 140.295
-5.35113 140.302
-5.31212 140.3
-5.27291 140.291
-5.23351 140.276
-5.19444 140.271
-5.15583 140.282
-5.11689 140.282
-5.07738 140.262
-5.03832 140.258
-4.99938 140.258
-4.96026 140.251
-4.92133 140.251
-4.88283 140.266
-4.84432 140.282
-4.80532 140.279
-4.7659 140.262
-4.72715 140.268
-4.68803 140.262
-4.64892 140.255
-4.60951 140.237
-4.57093 140.251
-4.53234 140.264
-4.49352 140.268
-4.45492 140.281
-4.41598 140.281
-4.37715 140.285
-4.33787 140.272
-4.29888 140.27
-4.26032 140.285
-4.22111 140.274
-4.18195 140.265
-4.1428 140.257
-4.10423 140.272
-4.06549 140.281
-4.02655 140.281
-3.98735 140.27
-3.94841 140.27
-3.90986 140.287
-3.87116 140.298
-3.83241 140.307
-3.79384 140.324
-3.75508 140.333
-3.71612 140.333
-3.67698 140.324
-3.63798 140.322
-3.59925 140.333
-3.56052 140.344
-3.52174 140.352
-3.48304 140.366
-3.44429 140.376
-3.4055 140.385
-3.36665 140.392
-3.32772 140.394
-3.28883 140.398
-3.25006 140.409
-3.21133 140.422
-3.17259 140.435
-3.13385 140.449
-3.09506 140.459
-3.05623 140.468
-3.01747 140.481
-2.97881 140.501
-2.93996 140.51
-2.90122 140.525
-2.86247 140.541
-2.82354 140.545
-2.7846 140.549
-2.74583 140.565
-2.70713 140.584
-2.66862 140.617
-2.62983 140.633
-2.59073 140.628
-2.55183 140.637
-2.51319 140.663
-2.4745 140.688
-2.4358 140.712
-2.39693 140.725
-2.35812 140.743
-2.31939 140.767
-2.28047 140.778
-2.24176 140.804
-2.20297 140.826
-2.1642 140.851
-2.12528 140.864
-2.0863 140.872
-2.04743 140.89
-2.00846 140.901
-1.96973 140.932
-1.93105 140.97
-1.89209 140.983
-1.85353 141.034
-1.81464 141.056
-1.77578 141.082
-1.73687 141.104
-1.69791 141.122
-1.65924 141.171
-1.62025 141.188
-1.58138 141.219
-1.5424 141.239
-1.5034 141.259
-1.46457 141.299
-1.42582 141.35
-1.38679 141.37
-1.3478 141.397
-1.30884 141.428
-1.26994 141.47
-1.23096 141.503
-1.19194 141.532
-1.15298 141.572
-1.11415 141.635
-1.07499 141.65
-1.03595 141.686
-0.996867 141.717
-0.957771 141.748
-0.918573 141.764
-0.879668 141.835
-0.840686 141.898
-0.801544 141.933
-0.762409 141.974
-0.723215 142.005
-0.683922 142.016
-0.605852 142.177
-0.566603 142.213
-0.527256 142.224
-0.488009 142.269
-0.448895 142.366
-0.409715 142.453
-0.370396 142.5
-0.33104 142.541
-0.291667 142.581
-0.252339 142.656
-0.213015 142.753
-0.173567 142.791
-0.134104 142.832
-0.0552268 143.044
