-0.966091 144.325
-0.925511 144.286
-0.884832 144.223
-0.844404 144.207
-0.803779 144.146
-0.763273 144.107
-0.722678 144.042
-0.682192 143.998
-0.641743 143.959
-0.601311 143.919
-0.560889 143.878
-0.520498 143.841
-0.480123 143.804
-0.439716 143.748
-0.399426 143.732
-0.359079 143.686
-0.318778 143.654
-0.278533 143.647
-0.23823 143.598
-0.197986 143.58
-0.157711 143.525
-0.117484 143.499
-0.0772668 143.472
-0.0370587 143.437
0.00313411 143.407
0.043314 143.375
0.0834801 143.343
0.12364 143.325
0.163771 143.279
0.203912 143.263
0.244052 143.251
0.284161 143.222
0.32425 143.187
0.364354 143.169
0.404412 143.132
0.444508 143.119
0.484581 143.098
0.524581 143.054
0.564666 143.045
0.604747 143.036
0.644809 143.023
0.684832 143
0.724899 142.991
0.764887 142.963
0.804913 142.947
0.844797 142.902
0.884803 142.886
0.924872 142.884
0.964916 142.877
1.00487 142.854
1.04489 142.845
1.08482 142.82
1.1248 142.806
1.16472 142.783
1.20465 142.763
1.24461 142.749
1.28455 142.734
1.32456 142.727
1.36447 142.709
1.40436 142.688
1.44431 142.677
1.48432 142.672
1.52428 142.663
1.56413 142.641
1.60408 142.632
1.64409 142.63
1.68404 142.62
1.72392 142.605
1.76371 142.58
1.80362 142.568
1.8436 142.564
1.88355 142.557
1.92352 142.553
1.96351 142.551
2.00358 142.555
2.04355 142.551
2.08331 142.528
2.12309 142.508
2.16299 142.499
2.20289 142.49
2.24276 142.478
2.28269 142.472
2.32257 142.463
2.36252 142.458
2.40253 142.459
2.4425 142.456
2.48232 142.443
2.52219 142.434
2.56203 142.423
2.60171 142.4
2.6416 142.393
2.68149 142.386
2.72152 142.389
2.76162 142.396
2.80196 142.419
2.84243 142.449
2.88244 142.449
2.92201 142.422
2.96197 142.42
3.0019 142.415
3.0419 142.415
3.08163 142.399
3.12159 142.397
3.16159 142.397
3.20187 142.414
3.24196 142.418
3.28201 142.421
3.32214 142.428
3.36227 142.435
3.40258 142.451
3.4429 142.467
3.48301 142.472
3.52285 142.463
3.56264 142.452
3.60252 142.445
3.64258 142.447
3.68302 142.468
3.72327 142.48
3.76353 142.491
3.80404 142.514
3.84441 142.531
3.8846 142.538
3.92453 142.533
3.96462 142.536
4.00476 142.54
4.04511 142.554
4.08592 142.589
4.12618 142.598
4.16618 142.596
4.20634 142.601
4.24629 142.596
4.28645 142.601
4.32673 142.61
4.36695 142.617
4.40768 142.645
4.44847 142.675
4.48872 142.682
4.52891 142.687
4.56962 142.712
4.60999 142.724
4.6509 142.756
4.69129 142.768
4.73138 142.768
4.77142 142.766
4.81206 142.787
4.85247 142.798
4.89325 142.824
4.93405 142.849
4.97442 142.858
5.01485 142.87
5.05587 142.902
5.09677 142.93
5.13703 142.935
5.17736 142.942
5.2179 142.956
5.2593 143
5.29979 143.011
5.34041 143.028
5.38193 143.074
5.42224 143.079
5.46261 143.086
5.5032 143.1
5.54436 143.132
5.58553 143.165
5.62622 143.181
5.66778 143.225
5.70827 143.234
5.74978 143.276
5.79117 143.313
5.83176 143.325
5.87296 143.355
5.91424 143.387
5.95561 143.422
5.99616 143.432
6.0384 143.492
6.07913 143.506
6.11962 143.513
6.16169 143.567
6.20362 143.615
6.2451 143.65
6.28756 143.713
6.32835 143.727
6.36964 143.755
6.41118 143.79
6.45282 143.828
6.53648 143.912
6.57826 143.951
6.61997 143.989
6.6617 144.026
6.70396 144.077
6.74632 144.131
6.78811 144.169
6.83 144.208
6.874 144.304
6.91489 144.316
6.95577 144.328
7.34635 144.995
7.38882 145.043
7.43227 145.113
7.5236 145.362
7.56533 145.388
7.60786 145.433
