-2.63974 136.482
-2.60037 136.45
-2.56092 136.411
-2.52109 136.347
-2.48126 136.28
-2.44181 136.237
-2.40206 136.173
-2.04689 135.694
-1.89046 135.55
-1.85134 135.509
-1.81202 135.45
-1.77297 135.412
-1.73391 135.371
-1.69486 135.331
-1.65575 135.282
-1.61703 135.269
-1.57795 135.221
-1.53923 135.206
-1.50019 135.157
-1.4615 135.145
-1.42263 135.111
-1.38353 135.049
-1.3449 135.039
-1.30609 135.007
-1.26731 134.978
-1.22867 134.963
-1.18969 134.904
-1.15091 134.868
-1.1122 134.841
-1.07367 134.836
-1.03513 134.83
-0.996345 134.786
-0.957751 134.769
-0.919138 134.748
-0.880609 134.74
-0.841964 134.71
-0.803333 134.681
-0.764748 134.658
-0.726204 134.641
-0.687478 134.584
-0.648949 134.565
-0.610499 134.563
-0.571966 134.54
-0.533418 134.511
-0.494967 134.505
-0.456511 134.496
-0.418072 134.492
-0.379591 134.473
-0.341091 134.444
-0.302635 134.427
-0.264149 134.394
-0.225737 134.39
-0.187323 134.383
-0.148905 134.373
-0.110491 134.363
-0.0720428 134.316
-0.033641 134.3
0.00474389 134.298
0.0431377 134.273
0.0815191 134.254
0.119893 134.248
0.158258 134.223
0.19662 134.212
0.234988 134.216
0.273356 134.219
0.311705 134.204
0.350062 134.2
0.388418 134.196
0.426733 134.171
0.465024 134.139
0.503345 134.127
0.541691 134.127
0.580043 134.129
0.618359 134.119
0.656664 134.106
0.694927 134.083
0.733249 134.079
0.771601 134.084
0.80993 134.082
0.848285 134.086
0.886604 134.082
0.92485 134.063
0.963068 134.04
1.00132 134.026
1.03963 134.024
1.07799 134.03
1.1163 134.028
1.15458 134.02
1.19284 134.009
1.23127 134.026
1.26956 134.022
1.30774 134.001
1.34594 133.985
1.38419 133.976
1.4225 133.977
1.46077 133.97
1.49903 133.964
1.53729 133.958
1.57556 133.954
1.61404 133.973
1.65256 133.996
1.69177 134.093
1.72903 133.98
1.76725 133.969
1.80556 133.969
1.84398 133.98
1.88233 133.984
1.92069 133.988
1.95903 133.991
1.99726 133.982
2.03562 133.987
2.07396 133.989
2.1123 133.991
2.15077 134.004
2.18909 134.004
2.22738 134.002
2.26583 134.012
2.30429 134.023
2.34267 134.027
2.38102 134.029
2.41946 134.038
2.4577 134.032
2.4962 134.044
2.53462 134.051
2.57313 134.064
2.61164 134.076
2.65001 134.078
2.68844 134.085
2.72687 134.091
2.76528 134.096
2.80378 134.106
2.84219 134.11
2.88043 134.104
2.91925 134.134
2.95792 134.153
2.99669 134.178
3.03516 134.184
3.07344 134.18
3.11169 134.174
3.15012 134.178
3.18867 134.189
3.22714 134.195
3.26616 134.231
3.30465 134.238
3.34333 134.254
3.38223 134.282
3.42102 134.303
3.45948 134.307
3.49812 134.32
3.53667 134.329
3.57506 134.329
3.61423 134.367
3.65289 134.379
3.69177 134.403
3.73036 134.411
3.7689 134.417
3.8074 134.422
3.84645 134.451
3.88552 134.481
3.92446 134.504
3.96308 134.513
4.00165 134.519
4.04071 134.547
4.07993 134.58
4.11837 134.581
4.15696 134.587
4.19677 134.644
4.23543 134.653
4.27404 134.659
4.31323 134.689
4.35185 134.695
4.43108 134.786
4.46973 134.793
4.50833 134.797
4.54824 134.852
4.58713 134.867
4.62631 134.892
4.66555 134.92
4.70435 134.931
4.74373 134.963
4.78382 135.02
5.29931 135.501
5.33802 135.504
5.37672 135.506
5.65956 135.889
5.7001 135.945
5.74003 135.981
