-24.8707 83.9047
-24.8434 83.8995
-5.65604 136.484
-5.61733 136.471
-5.53685 136.35
-5.49838 136.344
-5.4591 136.312
-5.41957 136.272
-5.22207 136.066
-5.0655 135.94
-5.02645 135.91
-4.98803 135.902
-4.94907 135.874
-4.9106 135.864
-4.87147 135.83
-4.8323 135.794
-4.79321 135.76
-4.75419 135.729
-4.40444 135.477
-4.36555 135.445
-4.32726 135.437
-4.28898 135.428
-4.25017 135.399
-4.2119 135.391
-4.17321 135.366
-4.13454 135.34
-4.09634 135.334
-4.05803 135.324
-4.0188 135.273
-3.98046 135.261
-3.94223 135.253
-3.90361 135.228
-3.86534 135.217
-3.82666 135.188
-3.78817 135.167
-3.75005 135.163
-3.71194 135.159
-3.67347 135.138
-3.63533 135.132
-3.59718 135.125
-3.55899 135.117
-3.52003 135.071
-3.48177 135.059
-3.44365 135.052
-3.40561 135.05
-3.36753 135.046
-3.32925 135.032
-3.29101 135.019
-3.25258 134.996
-3.21452 134.992
-3.17607 134.967
-3.13809 134.967
-3.10026 134.976
-3.06213 134.967
-3.02389 134.953
-2.98584 134.949
-2.94782 134.947
-2.90978 134.943
-2.87177 134.941
-2.83344 134.92
-2.7953 134.909
-2.75733 134.909
-2.71926 134.903
-2.68103 134.887
-2.64264 134.859
-2.60462 134.855
-2.56669 134.857
-2.52861 134.849
-2.4905 134.839
-2.45233 134.824
-2.41435 134.822
-2.37643 134.824
-2.33854 134.829
-2.30072 134.839
-2.26263 134.829
-2.22451 134.816
-2.18643 134.806
-2.14845 134.804
-2.11068 134.819
-2.07286 134.829
-2.03498 134.836
-1.99698 134.831
-1.95883 134.815
-1.92088 134.815
-1.88283 134.807
-1.84479 134.798
-1.8066 134.775
-1.76892 134.801
-1.73131 134.834
-1.69369 134.868
-1.65552 134.847
-1.61742 134.832
-1.57927 134.811
-1.54112 134.79
-1.50321 134.795
-1.4653 134.799
-1.42739 134.803
-1.38943 134.803
-1.35152 134.808
-1.31361 134.814
-1.27574 134.824
-1.23788 134.837
-1.19992 134.837
-1.16204 134.85
-1.12415 134.86
-1.08621 134.865
-1.04825 134.865
-1.01033 134.873
-0.972461 134.89
-0.934536 134.898
-0.89664 134.913
-0.858684 134.917
-0.820665 134.909
-0.782698 134.911
-0.744833 134.936
-0.706877 134.943
-0.668918 134.949
-0.630964 134.957
-0.592983 134.96
-0.555009 134.964
-0.517032 134.968
-0.479072 134.979
-0.441168 135.012
-0.403194 135.023
-0.365209 135.031
-0.327221 135.04
-0.289247 135.059
-0.251259 135.073
-0.213255 135.082
-0.175255 135.096
-0.13725 135.113
-0.0992357 135.128
-0.0612139 135.141
-0.0231845 135.145
0.0148468 135.151
0.0528834 135.168
0.090933 135.198
0.129 135.233
0.167061 135.244
0.205117 135.246
0.243188 135.259
0.281272 135.276
0.319382 135.303
0.357516 135.337
0.395661 135.368
0.433785 135.385
0.471887 135.392
0.509993 135.398
0.548128 135.413
0.586389 135.463
0.624522 135.472
0.662668 135.482
0.700978 135.533
0.739214 135.56
0.777367 135.567
0.815514 135.571
0.853694 135.582
0.891954 135.607
0.930169 135.622
0.968543 135.664
1.00683 135.687
1.04521 135.725
1.08344 135.736
1.12184 135.772
1.16008 135.783
1.19884 135.867
1.23715 135.884
1.27557 135.914
1.31384 135.923
1.35241 135.969
1.39073 135.982
1.42942 136.039
1.46798 136.077
1.50653 136.114
1.54486 136.122
1.58338 136.152
1.62196 136.186
1.66047 136.211
1.69913 136.252
1.73803 136.314
1.77672 136.352
1.81538 136.386
1.85435 136.448
1.89338 136.512
1.93188 136.527
1.97061 136.561
2.00938 136.597
2.04852 136.664
2.08767 136.728
2.12687 136.794
2.1658 136.837
2.20462 136.869
2.24351 136.905
2.28267 136.961
2.322 137.028
2.36159 137.112
2.40081 137.165
2.43953 137.182
2.47848 137.215
2.51829 137.305
3.17383 139.474
