-4.95872 160.297
-4.82077 160.034
-4.77553 159.974
-4.72992 159.898
-4.68422 159.816
-4.63849 159.731
-4.59356 159.679
-4.54878 159.633
-4.50383 159.579
-4.45755 159.465
-4.41279 159.416
-4.36835 159.381
-4.32369 159.335
-4.27893 159.283
-4.23437 159.24
-4.18977 159.194
-4.14524 159.151
-4.10017 159.08
-4.05563 159.035
-4.0114 159.002
-3.9675 158.986
-3.92367 158.973
-3.87876 158.906
-3.83431 158.86
-3.78947 158.792
-3.74537 158.763
-3.70109 158.723
-3.65697 158.69
-3.61322 158.677
-3.56878 158.626
-3.52495 158.607
-3.48069 158.564
-3.43646 158.522
-3.3928 158.511
-3.34864 158.471
-3.30495 158.458
-3.26091 158.423
-3.21692 158.391
-3.17278 158.348
-3.12908 158.332
-3.0848 158.278
-3.04104 158.257
-2.99733 158.239
-2.95355 158.215
-2.91006 158.21
-2.8661 158.172
-2.82243 158.154
-2.77834 158.106
-2.73468 158.087
-2.69089 158.058
-2.64744 158.053
-2.60403 158.05
-2.56033 158.026
-2.51671 158.008
-2.47324 158
-2.42957 157.976
-2.38594 157.955
-2.34219 157.923
-2.29852 157.897
-2.25502 157.884
-2.21158 157.876
-2.16802 157.857
-2.12459 157.85
-2.08122 157.847
-2.03771 157.831
-1.99407 157.802
-1.95063 157.792
-1.90725 157.787
-1.86374 157.768
-1.82021 157.747
-1.77671 157.729
-1.73332 157.721
-1.68993 157.713
-1.6465 157.7
-1.60308 157.687
-1.5597 157.679
-1.51633 157.672
-1.47291 157.659
-1.42955 157.651
-1.3862 157.646
-1.34282 157.635
-1.29944 157.625
-1.25612 157.623
-1.21282 157.623
-1.16947 157.615
-1.12607 157.599
-1.08271 157.589
-1.0394 157.587
-0.996076 157.582
-0.952752 157.577
-0.909456 157.577
-0.866135 157.572
-0.822792 157.561
-0.779486 157.559
-0.736181 157.557
-0.692897 157.56
-0.649479 157.525
-0.606138 157.509
-0.562844 157.507
-0.519566 157.51
-0.4763 157.518
-0.432978 157.505
-0.389762 157.538
-0.346441 157.525
-0.30313 157.514
-0.259827 157.507
-0.216538 157.507
-0.173242 157.502
-0.129978 157.532
-0.0866995 157.559
-0.0434025 157.572
-9.89727e-05 157.586
0.043211 157.592
0.0865216 157.587
0.12983 157.582
0.173144 157.587
0.216483 157.617
0.259817 157.631
0.303143 157.634
0.346496 157.653
0.389839 157.661
0.433175 157.664
0.476502 157.662
0.519866 157.676
0.563216 157.681
0.606592 157.695
0.650007 157.719
0.693372 157.725
0.736739 157.731
0.78016 157.75
0.823547 157.758
0.866915 157.761
0.910298 157.767
0.953732 157.783
0.997174 157.8
1.04057 157.805
1.0841 157.835
1.12755 157.849
1.17104 157.868
1.21447 157.876
1.25789 157.882
1.30131 157.888
1.34485 157.91
1.38835 157.926
1.43183 157.937
1.47552 157.978
1.51902 157.989
1.56254 158.002
1.60642 158.062
1.64995 158.073
1.6934 158.076
1.73709 158.106
1.78059 158.112
1.82413 158.123
1.86795 158.163
1.91148 158.172
1.95523 158.202
1.99902 158.234
2.0426 158.246
2.08647 158.284
2.13013 158.3
2.17373 158.311
2.21756 158.341
2.26187 158.414
2.30555 158.428
2.34916 158.437
2.39316 158.477
2.43748 158.543
2.48123 158.559
2.52536 158.606
2.56944 158.647
2.61308 158.652
2.65751 158.718
2.70121 158.726
2.74495 158.737
2.78948 158.805
2.83332 158.822
2.87747 158.86
3.4099 159.392
3.455 159.471
3.49956 159.518
3.54425 159.57
3.58944 159.65
3.63413 159.699
3.67934 159.776
3.72408 159.826
