1.07939 121.759
1.98611 120.363
2.02125 120.358
2.05614 120.333
2.09095 120.303
2.12578 120.275
2.23002 120.18
2.26457 120.136
2.29922 120.101
2.40306 119.994
2.43743 119.944
2.47233 119.931
2.50669 119.883
2.54162 119.873
2.57635 119.85
2.61106 119.827
2.64577 119.804
2.68069 119.796
2.71559 119.785
2.74991 119.741
2.78448 119.714
2.81938 119.705
2.85399 119.68
2.88856 119.654
2.92274 119.607
2.95728 119.581
2.99214 119.572
3.02686 119.556
3.06137 119.53
3.09607 119.515
3.1306 119.49
3.16504 119.462
3.19958 119.44
3.23446 119.435
3.26898 119.412
3.30371 119.4
3.33776 119.356
3.37255 119.348
3.40718 119.332
3.44195 119.323
3.47653 119.306
3.51133 119.299
3.54605 119.289
3.58009 119.249
3.61483 119.24
3.64921 119.216
3.68357 119.191
3.71838 119.186
3.75322 119.183
3.78761 119.16
3.82202 119.14
3.85681 119.134
3.89164 119.131
3.92633 119.122
3.96028 119.084
3.995 119.077
4.02977 119.072
4.06413 119.052
4.0988 119.043
4.13355 119.038
4.16835 119.034
4.20277 119.017
4.23705 118.995
4.27155 118.981
4.30647 118.983
4.34145 118.986
4.37633 118.986
4.41061 118.966
4.44484 118.943
4.47961 118.94
4.51448 118.94
4.54919 118.935
4.58349 118.916
4.6182 118.911
4.65311 118.912
4.68797 118.913
4.72267 118.907
4.75732 118.901
4.79196 118.894
4.82643 118.882
4.86101 118.873
4.89581 118.872
4.93043 118.865
4.96506 118.858
4.99985 118.856
5.03475 118.858
5.06959 118.858
5.10461 118.863
5.13916 118.855
5.17395 118.853
5.20838 118.841
5.2431 118.838
5.27776 118.833
5.31248 118.829
5.34701 118.821
5.38148 118.81
5.41613 118.805
5.45108 118.809
5.48961 118.913
5.52105 118.818
5.55606 118.823
5.59064 118.816
5.6256 118.82
5.65979 118.803
5.69481 118.808
5.7297 118.81
5.76498 118.822
5.8002 118.832
5.83484 118.827
5.86934 118.819
5.90396 118.814
5.93879 118.814
5.97382 118.819
6.00905 118.83
6.04394 118.831
6.07891 118.835
6.11436 118.851
6.14933 118.854
6.18402 118.851
6.21906 118.856
6.25397 118.858
6.2888 118.858
6.32349 118.855
6.35832 118.855
6.39308 118.853
6.42885 118.876
6.4639 118.881
6.49881 118.883
6.53402 118.892
6.56923 118.901
6.60429 118.906
6.6401 118.928
6.67518 118.934
6.71002 118.934
6.74494 118.936
6.77925 118.924
6.81401 118.922
6.84948 118.936
6.8851 118.953
6.92143 118.987
6.95589 118.978
6.99083 118.98
7.02663 119.001
7.06221 119.016
7.09731 119.022
7.13266 119.032
7.16939 119.072
7.20483 119.085
7.23921 119.074
7.27384 119.069
7.30854 119.066
7.34441 119.087
7.38112 119.125
7.41634 119.132
7.45147 119.138
7.48678 119.146
7.52269 119.167
7.55784 119.173
7.59342 119.187
7.62865 119.194
7.66407 119.204
7.7008 119.241
7.73606 119.248
7.7714 119.257
7.80764 119.283
7.84291 119.29
7.8797 119.327
7.91525 119.339
7.95234 119.381
7.98773 119.39
8.02294 119.395
8.05797 119.397
8.09493 119.436
8.13033 119.444
8.16565 119.452
8.20078 119.455
8.23816 119.501
8.27369 119.511
8.30987 119.534
8.34503 119.538
8.38114 119.559
8.41898 119.611
8.45579 119.645
8.49242 119.675
8.60219 119.761
8.63721 119.761
8.6736 119.786
8.89515 119.985
8.93163 120.009
