5.34138 149.261
5.38207 149.254
5.42241 149.234
5.46224 149.198
6.04676 147.06
6.08608 147.027
6.12414 146.956
6.16177 146.873
6.19961 146.797
6.23861 146.757
6.27775 146.721
6.31655 146.676
6.35453 146.607
6.39272 146.546
6.4326 146.534
6.50533 146.31
6.54449 146.279
6.58455 146.274
6.62444 146.265
6.66331 146.227
6.70199 146.184
6.73964 146.114
6.77845 146.076
6.81846 146.071
6.85656 146.015
6.89602 145.996
6.93382 145.933
6.97326 145.914
7.01109 145.853
7.0506 145.836
7.08839 145.775
7.12715 145.74
7.16607 145.709
7.2058 145.7
7.24361 145.641
7.28313 145.627
7.32164 145.587
7.35938 145.529
7.39868 145.51
7.43751 145.479
7.47632 145.449
7.51579 145.435
7.55448 145.402
7.59336 145.374
7.63299 145.364
7.67242 145.35
7.71019 145.296
7.7495 145.28
7.78753 145.233
7.82722 145.226
7.8665 145.209
7.90508 145.177
7.94375 145.146
7.98301 145.13
8.02175 145.102
8.06129 145.092
8.10012 145.066
8.13955 145.055
8.17825 145.027
8.21714 145.003
8.25676 144.996
8.29574 144.975
8.33345 144.926
8.37294 144.917
8.41252 144.909
8.45211 144.902
8.49062 144.872
8.52911 144.842
8.56857 144.832
8.60791 144.82
8.64812 144.827
8.68789 144.824
8.72744 144.817
8.76599 144.789
8.80475 144.766
8.84406 144.754
8.8828 144.731
8.92221 144.721
8.96184 144.716
9.00158 144.714
9.04074 144.7
9.07979 144.683
9.11917 144.674
9.15844 144.662
9.19793 144.655
9.23764 144.652
9.27794 144.661
9.3179 144.663
9.35691 144.647
9.39603 144.633
9.43514 144.619
9.47413 144.602
9.51347 144.593
9.55328 144.592
9.59261 144.583
9.63206 144.576
9.67199 144.578
9.71156 144.573
9.75088 144.564
9.79006 144.552
9.82987 144.551
9.86905 144.54
9.90847 144.533
9.94852 144.537
9.9868 144.509
10.0243 144.467
10.0649 144.481
10.1058 144.501
10.1465 144.517
10.1866 144.524
10.2259 144.514
10.2649 144.5
10.3044 144.495
10.344 144.49
10.384 144.495
10.4235 144.49
10.4634 144.492
10.504 144.505
10.544 144.51
10.5841 144.514
10.6237 144.511
10.6636 144.513
10.7036 144.515
10.7428 144.506
10.7823 144.501
10.8226 144.51
10.8631 144.521
10.9026 144.516
10.9425 144.518
10.9825 144.523
11.0227 144.529
11.0631 144.538
11.103 144.54
11.1427 144.54
11.1834 144.554
11.2237 144.562
11.2635 144.562
11.3031 144.56
11.343 144.562
11.3835 144.573
11.4245 144.591
11.4647 144.598
11.5049 144.604
11.5454 144.615
11.5852 144.615
11.6252 144.619
11.6659 144.633
11.706 144.637
11.7462 144.644
11.7873 144.664
11.828 144.678
11.8695 144.703
11.9115 144.737
11.9531 144.765
11.9932 144.769
12.0335 144.776
12.0738 144.782
12.1139 144.787
12.1542 144.793
12.1954 144.814
12.2355 144.818
12.2758 144.825
12.3173 144.85
12.359 144.877
12.3991 144.881
12.4394 144.888
12.48 144.899
12.5217 144.927
12.5636 144.956
12.604 144.963
12.6456 144.988
12.6859 144.995
12.7267 145.008
12.7707 145.068
12.8114 145.08
12.8518 145.086
12.8932 145.109
12.9351 145.137
12.9777 145.176
13.0181 145.182
13.0598 145.207
13.1005 145.219
13.1446 145.276
13.1853 145.288
13.2259 145.297
13.2695 145.347
13.3101 145.356
13.3527 145.393
13.3955 145.432
13.4359 145.439
13.4786 145.476
13.5235 145.543
13.5658 145.575
13.6067 145.587
13.6487 145.614
13.9056 145.838
13.9465 145.85
13.9918 145.919
14.0368 145.985
14.0781 146.001
14.1235 146.07
14.1666 146.11
14.2116 146.173
14.2547 146.212
14.2979 146.252
14.3413 146.294
14.478 146.501
14.5192 146.515
14.5629 146.56
14.7959 146.961
14.842 147.034
