-24.8719 83.9108
-24.8434 83.8995
2.13387 131.261
2.17089 131.249
2.20702 131.169
2.24376 131.137
2.2805 131.107
2.31718 131.073
2.35348 131.013
2.39047 131.003
2.42707 130.967
2.4634 130.913
2.50035 130.903
2.53697 130.871
2.57354 130.837
2.60989 130.789
2.64681 130.779
2.68378 130.773
2.71995 130.718
2.75639 130.68
2.79298 130.652
2.82952 130.622
2.90253 130.56
2.93903 130.531
2.97548 130.499
3.01189 130.465
3.04846 130.441
3.0852 130.427
3.12197 130.415
3.15829 130.38
3.19508 130.37
3.23183 130.358
3.26792 130.312
3.30473 130.304
3.34158 130.298
3.37798 130.271
3.41438 130.243
3.45014 130.185
3.48679 130.172
3.52364 130.168
3.56067 130.172
3.59709 130.148
3.63385 130.14
3.67069 130.136
3.70749 130.13
3.74357 130.092
3.78022 130.081
3.816 130.031
3.85217 130
3.88856 129.978
3.92541 129.976
3.9624 129.98
3.99877 129.958
4.03522 129.94
4.07172 129.925
4.10845 129.919
4.14518 129.913
4.18161 129.895
4.21828 129.887
4.25445 129.859
4.29055 129.83
4.32694 129.812
4.36379 129.812
4.40044 129.804
4.43697 129.792
4.47339 129.777
4.51013 129.773
4.54692 129.771
4.58349 129.761
4.61978 129.741
4.65634 129.731
4.69273 129.716
4.72933 129.708
4.76593 129.7
4.80253 129.692
4.83935 129.692
4.87629 129.696
4.91329 129.702
4.94988 129.694
4.98581 129.664
5.02263 129.664
5.05866 129.639
5.09475 129.615
5.13161 129.617
5.16915 129.641
5.20646 129.657
5.24314 129.653
5.27958 129.641
5.31582 129.623
5.3523 129.613
5.3891 129.613
5.4259 129.613
5.4627 129.613
5.49951 129.613
5.53624 129.611
5.57291 129.607
5.60997 129.615
5.64704 129.623
5.68492 129.655
5.72834 129.846
5.76155 129.741
5.79727 129.71
5.83229 129.659
5.86832 129.637
5.90533 129.643
5.94171 129.631
5.97837 129.627
6.01502 129.623
6.05196 129.627
6.08883 129.629
6.12497 129.611
6.16147 129.603
6.19848 129.609
6.2355 129.615
6.27214 129.611
6.30885 129.609
6.34564 129.609
6.38221 129.603
6.41907 129.605
6.45616 129.613
6.49318 129.619
6.53013 129.623
6.56708 129.627
6.6041 129.633
6.64121 129.641
6.67856 129.654
6.71552 129.658
6.75207 129.652
6.78911 129.658
6.82623 129.666
6.86327 129.672
6.90056 129.684
6.9376 129.69
6.97474 129.698
7.01237 129.717
7.05002 129.737
7.08683 129.737
7.12355 129.735
7.16087 129.747
7.19785 129.751
7.23492 129.757
7.27208 129.764
7.30967 129.782
7.34693 129.792
7.38418 129.802
7.42136 129.81
7.45827 129.812
7.49661 129.845
7.53361 129.849
7.57089 129.859
7.60908 129.889
7.64719 129.916
7.68413 129.918
7.72106 129.92
7.75836 129.93
7.79613 129.95
7.83335 129.957
7.87133 129.981
7.90884 129.995
7.94664 130.015
7.98398 130.025
8.02189 130.046
8.05914 130.054
8.09736 130.082
8.13549 130.107
8.17276 130.115
8.21081 130.139
8.24799 130.145
8.28616 130.171
8.32483 130.206
8.36342 130.24
8.40173 130.268
8.43934 130.282
8.47717 130.299
8.51469 130.311
8.55395 130.357
8.59129 130.365
8.62976 130.394
8.66846 130.428
8.70716 130.462
8.74505 130.48
8.78253 130.49
8.81979 130.496
8.85791 130.517
8.89678 130.553
8.93524 130.581
8.97318 130.599
9.01467 130.682
9.0522 130.692
9.08941 130.696
9.12772 130.72
9.16833 130.786
9.20831 130.84
9.24699 130.87
9.28469 130.882
9.32451 130.932
9.36379 130.971
9.40276 131.005
9.44196 131.043
9.48197 131.095
9.51951 131.103
9.55945 131.153
9.59734 131.167
9.63743 131.219
9.67662 131.255
9.71896 131.346
9.75715 131.364
9.7978 131.424
9.8386 131.486
9.87931 131.546
9.91839 131.579
9.95796 131.619
9.9991 131.685
10.0398 131.744
10.0805 131.802
10.1205 131.849
10.1621 131.919
10.2037 131.992
10.2454 132.065
10.2889 132.166
10.3298 132.225
10.3691 132.257
10.4092 132.302
