2.24271 145.084
2.28246 144.997
2.32117 144.826
2.36123 144.772
2.40142 144.729
2.44132 144.665
2.52022 144.477
2.5599 144.404
2.5999 144.357
2.63958 144.288
2.6792 144.218
2.71876 144.145
2.7591 144.129
2.79864 144.058
2.83826 143.995
2.87856 143.979
2.91842 143.934
3.03653 143.716
3.07637 143.677
3.11627 143.642
3.15604 143.6
3.19598 143.57
3.23624 143.558
3.51325 143.23
3.55301 143.197
3.59276 143.165
3.63245 143.13
3.67254 143.116
3.71225 143.084
3.75129 143.019
3.79134 143.005
3.83047 142.947
3.87055 142.935
3.91024 142.905
3.95025 142.892
3.98926 142.831
4.02935 142.822
4.06929 142.806
4.10845 142.755
4.14846 142.744
4.18816 142.718
4.22811 142.704
4.26715 142.651
4.30643 142.61
4.34586 142.575
4.38609 142.575
4.42627 142.573
4.46572 142.541
4.50556 142.525
4.54555 142.516
4.58451 142.465
4.62368 142.423
4.66347 142.407
4.70361 142.405
4.74333 142.387
4.78286 142.361
4.82262 142.345
4.8625 142.334
4.902 142.309
4.94162 142.288
4.98222 142.304
5.02176 142.281
5.06168 142.272
5.10165 142.265
5.14046 142.217
5.18022 142.203
5.22023 142.199
5.26045 142.201
5.30046 142.196
5.33987 142.171
5.37967 142.16
5.41926 142.141
5.45892 142.125
5.49815 142.096
5.53771 142.077
5.57776 142.075
5.61787 142.075
5.65721 142.05
5.69675 142.032
5.73642 142.018
5.77631 142.011
5.81619 142.004
5.85592 141.993
5.89594 141.99
5.93596 141.988
5.97568 141.977
6.01501 141.954
6.05502 141.952
6.09495 141.947
6.13419 141.922
6.17395 141.913
6.21403 141.913
6.25269 141.872
6.29275 141.872
6.33321 141.883
6.37208 141.849
6.41045 141.801
6.4479 141.728
6.48899 141.757
6.52993 141.783
6.56964 141.773
6.61159 141.826
6.65214 141.84
6.69371 141.881
6.73293 141.858
6.77213 141.835
6.81193 141.829
6.85258 141.845
6.89315 141.859
6.9326 141.843
6.97273 141.845
7.01331 141.859
7.05355 141.863
7.0936 141.863
7.13347 141.859
7.17344 141.856
7.21412 141.873
7.25454 141.882
7.29542 141.902
7.33632 141.923
7.37712 141.941
7.41682 141.932
7.45632 141.919
7.496 141.909
7.53597 141.907
7.57631 141.914
7.61704 141.93
7.65768 141.944
7.69823 141.955
7.7385 141.96
7.77896 141.969
7.81932 141.976
7.85949 141.978
7.89996 141.988
7.94033 141.995
7.9803 141.992
8.02007 141.985
8.05984 141.979
8.10174 142.02
8.14305 142.047
8.18344 142.054
8.22373 142.059
8.26413 142.066
8.30516 142.087
8.34556 142.093
8.38576 142.096
8.42701 142.121
8.46775 142.135
8.50785 142.135
8.5487 142.151
8.58923 142.16
8.6301 142.176
8.67239 142.222
8.71294 142.231
8.75328 142.236
8.79373 142.243
8.83452 142.257
8.8771 142.307
8.91757 142.314
8.95917 142.344
8.99954 142.349
9.04013 142.358
9.08222 142.397
9.12341 142.418
9.16344 142.416
9.20394 142.423
9.24549 142.45
9.28589 142.455
9.32675 142.469
9.36976 142.524
9.41088 142.543
9.45249 142.57
9.49279 142.573
9.53466 142.605
9.57545 142.616
9.74373 142.757
9.78419 142.762
9.86813 142.827
9.91037 142.864
9.95124 142.875
9.99313 142.906
10.0352 142.938
10.0762 142.952
10.1217 143.047
10.1643 143.089
10.205 143.096
10.2451 143.093
10.5908 143.498
10.6315 143.505
10.6725 143.515
