-16.8701 147.579
-16.3153 146.794
-16.274 146.782
-16.2315 146.756
-16.1873 146.712
-16.1459 146.698
-16.1005 146.639
-16.0566 146.597
-16.0094 146.517
-15.9657 146.477
-15.9202 146.416
-15.8762 146.372
-15.8348 146.358
-15.7919 146.325
-15.7469 146.269
-15.7055 146.255
-15.66 146.192
-15.6191 146.182
-15.5784 146.176
-15.5355 146.143
-15.4918 146.101
-15.4471 146.047
-15.4061 146.036
-15.3654 146.029
-15.3226 145.996
-15.2786 145.949
-15.2354 145.912
-15.1926 145.879
-15.1512 145.863
-15.11 145.849
-15.0694 145.842
-15.0268 145.812
-14.9843 145.782
-14.9439 145.777
-14.9035 145.773
-14.8609 145.743
-14.8192 145.722
-14.7746 145.666
-14.7341 145.659
-14.6916 145.629
-14.6503 145.613
-14.6073 145.575
-14.5649 145.545
-14.5245 145.541
-14.4847 145.543
-14.4431 145.522
-14.4014 145.501
-14.3609 145.495
-14.3196 145.478
-14.2791 145.472
-14.2386 145.465
-14.1964 145.437
-14.1557 145.428
-14.1156 145.425
-14.0751 145.419
-14.0321 145.379
-13.9908 145.363
-13.9504 145.356
-13.9104 145.356
-13.8697 145.347
-13.828 145.324
-13.7879 145.322
-13.7479 145.322
-13.7076 145.317
-13.6661 145.296
-13.6246 145.276
-13.5826 145.248
-13.5428 145.25
-13.5035 145.26
-13.4634 145.257
-13.4223 145.241
-13.3817 145.232
-13.3421 145.237
-13.3021 145.237
-13.2615 145.228
-13.22 145.207
-13.1794 145.198
-13.1388 145.188
-13.0992 145.193
-13.0603 145.207
-13.0202 145.205
-12.9801 145.203
-12.9401 145.203
-12.8999 145.198
-12.8596 145.193
-12.8193 145.189
-12.7787 145.18
-12.7378 145.166
-12.6977 145.164
-12.6596 145.189
-12.6208 145.206
-12.5813 145.213
-12.5409 145.206
-12.5009 145.206
-12.4619 145.22
-12.4225 145.227
-12.3806 145.199
-12.3399 145.187
-12.3007 145.199
-12.2619 145.215
-12.2233 145.236
-12.1845 145.253
-12.1434 145.237
-12.1017 145.211
-12.063 145.23
-12.0232 145.232
-11.9819 145.211
-11.9424 145.218
-11.9033 145.232
-11.8635 145.235
-11.8242 145.244
-11.7843 145.246
-11.7444 145.246
-11.705 145.256
-11.6662 145.274
-11.6261 145.272
-11.586 145.27
-11.5462 145.272
-11.5068 145.282
-11.4681 145.303
-11.4283 145.305
-11.3886 145.31
-11.3492 145.319
-11.3095 145.324
-11.2701 145.333
-11.2309 145.347
-11.1912 145.352
-11.1519 145.363
-11.1134 145.387
-11.0742 145.401
-11.0345 145.405
-10.9953 145.419
-10.9571 145.45
-10.9179 145.464
-10.8785 145.473
-10.8391 145.485
-10.7994 145.489
-10.7603 145.506
-10.7215 145.527
-10.683 145.552
-10.6433 145.56
-10.6042 145.576
-10.5648 145.588
-10.526 145.609
-10.487 145.627
-10.4483 145.651
-10.4087 145.66
-10.3691 145.667
-10.3307 145.697
-10.2915 145.714
-10.2528 145.737
-10.2133 145.749
-10.1748 145.777
-10.1355 145.791
-10.0968 145.817
-10.0577 145.836
-10.0189 145.859
-9.98003 145.882
-9.94104 145.903
-9.90244 145.932
-9.86292 145.943
-9.82505 145.985
-9.78603 146.007
-9.74775 146.042
-9.70908 146.07
-9.66964 146.084
-9.63021 146.098
-9.59175 146.131
-9.55451 146.187
-9.5148 146.197
-9.4763 146.229
-9.43779 146.262
-9.39962 146.302
-9.3612 146.338
-9.32168 146.352
-9.28287 146.38
-9.24333 146.394
-9.20629 146.458
-9.16803 146.498
-9.1294 146.531
-9.09205 146.59
-9.05257 146.606
-9.01284 146.618
-8.97416 146.651
-8.93661 146.708
-8.89709 146.724
-8.85836 146.757
-8.81996 146.797
-8.78461 146.901
-8.74628 146.944
-8.70623 146.951
-8.66775 146.991
-8.63183 147.086
-8.5922 147.103
-8.55355 147.141
-8.51621 147.207
-8.47786 147.252
-8.43927 147.292
-8.40197 147.361
-8.32771 147.509
-8.28903 147.549
-8.24937 147.568
-8.21194 147.637
-8.17618 147.745
-8.13731 147.783
-8.09958 147.847
-8.06151 147.905
-8.02698 148.044
-7.98707 148.06
