-24.8707 83.9047
-24.8439 83.9015
10.8088 126.001
10.8461 126.02
10.882 126.02
10.9161 125.993
11.395 124.649
11.4311 124.657
11.4641 124.62
11.4965 124.575
11.6161 124.262
11.6492 124.229
11.6826 124.199
11.7173 124.188
11.7521 124.179
11.7837 124.126
12.0013 123.717
12.0328 123.666
12.0658 123.635
12.0991 123.608
12.1304 123.555
12.196 123.488
12.2275 123.438
12.2605 123.407
12.295 123.396
12.3265 123.347
12.3592 123.315
12.3911 123.271
12.4237 123.237
12.4556 123.193
12.4871 123.146
12.5217 123.137
12.5565 123.131
12.5885 123.09
12.6199 123.043
12.6536 123.023
12.6867 122.995
12.72 122.972
12.7543 122.961
12.7856 122.912
12.8188 122.887
12.8516 122.858
12.8839 122.822
12.9147 122.77
12.9478 122.744
12.9826 122.739
13.0173 122.733
13.0504 122.708
13.0836 122.685
13.1176 122.67
13.1492 122.629
13.1836 122.62
13.2168 122.596
13.2497 122.569
13.2851 122.573
13.3187 122.555
13.3503 122.514
13.3828 122.483
13.4159 122.46
13.4504 122.453
13.4849 122.445
13.5189 122.433
13.5522 122.411
13.5868 122.406
13.6203 122.388
13.6529 122.359
13.6858 122.334
13.7194 122.318
13.7528 122.298
13.7861 122.278
13.8191 122.255
13.8527 122.239
13.8849 122.207
13.919 122.196
13.9527 122.182
13.986 122.162
14.0205 122.157
14.0551 122.151
14.0888 122.137
14.1227 122.124
14.1564 122.11
14.1898 122.092
14.223 122.072
14.2577 122.069
14.2927 122.069
14.3274 122.065
14.3606 122.046
14.3939 122.028
14.4277 122.015
14.4627 122.015
14.4974 122.012
14.5312 121.999
14.5653 121.99
14.5997 121.983
14.6341 121.978
14.6684 121.971
14.7014 121.949
14.7347 121.931
14.7684 121.919
14.8031 121.915
14.8377 121.912
14.8716 121.901
14.9057 121.892
14.94 121.885
14.9742 121.878
15.0088 121.874
15.0436 121.872
15.0784 121.871
15.1137 121.874
15.1486 121.874
15.1815 121.853
15.2147 121.835
15.2489 121.828
15.2824 121.814
15.3156 121.796
15.3489 121.78
15.3673 121.613
15.417 121.762
15.4597 121.84
15.4939 121.833
15.5264 121.808
15.5602 121.798
15.5948 121.794
15.6304 121.801
15.6664 121.812
15.7026 121.824
15.7364 121.814
15.7706 121.806
15.8054 121.805
15.839 121.792
15.873 121.783
15.9077 121.782
15.9425 121.78
15.9785 121.79
16.0143 121.799
16.0483 121.79
16.0819 121.778
16.1159 121.769
16.1497 121.758
16.1842 121.755
16.22 121.764
16.2555 121.769
16.2904 121.769
16.3256 121.773
16.3622 121.789
16.3973 121.79
16.432 121.789
16.4681 121.799
16.502 121.79
16.5362 121.783
16.5728 121.799
16.6096 121.817
16.645 121.822
16.6796 121.819
16.7147 121.821
16.7511 121.835
16.7856 121.831
16.8203 121.83
16.8566 121.842
16.8926 121.853
16.9279 121.856
16.963 121.858
16.9983 121.862
17.0344 121.872
17.0707 121.885
17.1066 121.894
17.1431 121.908
17.179 121.917
17.2153 121.929
17.2502 121.929
17.2855 121.933
17.3208 121.936
17.3579 121.956
17.3958 121.983
17.4323 121.997
17.4697 122.018
17.505 122.022
17.5377 122.002
17.5739 122.013
17.6096 122.02
17.6482 122.052
17.6859 122.077
17.7211 122.079
17.7562 122.081
17.7916 122.084
17.831 122.124
17.8664 122.127
17.9022 122.134
17.94 122.159
17.978 122.186
18.0159 122.211
18.0521 122.222
18.0881 122.231
18.1253 122.251
18.1624 122.269
18.1982 122.276
18.2338 122.281
18.274 122.326
18.313 122.36
18.3512 122.387
18.3868 122.392
18.4222 122.396
18.4583 122.405
18.4982 122.446
18.5344 122.457
18.5741 122.496
18.6102 122.505
18.6478 122.527
18.6844 122.539
18.7241 122.579
18.7641 122.62
18.8024 122.647
18.8383 122.654
18.8757 122.674
18.9134 122.696
18.95 122.708
18.989 122.741
19.0295 122.786
19.0663 122.8
19.1067 122.843
19.1433 122.856
19.1843 122.905
19.2234 122.937
19.2621 122.966
19.3034 123.016
19.3409 123.036
19.3819 123.083
19.423 123.132
19.4631 123.172
19.5021 123.203
19.5399 123.224
19.5787 123.253
19.6211 123.311
19.6631 123.366
19.7003 123.382
19.7444 123.453
19.7844 123.491
19.8264 123.546
19.8663 123.582
19.9081 123.635
20.2136 124.095
20.2548 124.141
20.2965 124.19
20.3396 124.251
