-27.1194 154.794
-27.0718 154.753
-27.024 154.71
-26.5688 154.138
-26.5219 154.101
-26.474 154.055
-26.4257 154.007
-26.3796 153.974
-26.3363 153.962
-26.2905 153.932
-26.0454 153.659
-26.0025 153.649
-25.9517 153.581
-25.9085 153.569
-25.8618 153.531
-25.8169 153.506
-25.7741 153.497
-25.7268 153.454
-25.6806 153.419
-25.6378 153.409
-25.5878 153.346
-25.545 153.336
-25.4988 153.301
-25.4564 153.294
-25.4109 153.264
-25.3681 153.254
-25.2749 153.177
-25.2318 153.164
-25.1824 153.104
-25.1396 153.094
-25.0979 153.092
-25.0562 153.09
-25.0105 153.057
-24.9661 153.035
-24.9234 153.025
-24.8771 152.988
-24.8334 152.97
-24.7891 152.948
-24.7464 152.938
-24.7037 152.928
-24.66 152.911
-24.617 152.899
-24.5741 152.886
-24.5317 152.879
-24.4878 152.859
-24.4435 152.837
-24.4018 152.835
-24.3592 152.825
-24.3162 152.813
-24.2742 152.808
-24.2287 152.776
-24.1841 152.751
-24.1415 152.741
-24.0995 152.736
-24.0588 152.741
-24.0172 152.739
-23.9717 152.707
-23.9288 152.695
-23.8878 152.697
-23.8464 152.698
-23.8038 152.688
-23.7606 152.673
-23.719 152.671
-23.6795 152.686
-23.6382 152.686
-23.594 152.664
-23.5514 152.654
-23.5092 152.647
-23.4657 152.63
-23.4246 152.632
-23.383 152.63
-23.3407 152.623
-23.2991 152.621
-23.2581 152.623
-23.2167 152.624
-23.1742 152.614
-23.1338 152.622
-23.0934 152.63
-23.0511 152.622
-23.0088 152.615
-22.966 152.603
-22.9225 152.585
-22.8815 152.588
-22.8411 152.596
-22.8003 152.601
-22.7599 152.609
-22.7192 152.614
-22.6793 152.627
-22.6407 152.65
-22.5996 152.653
-22.5603 152.67
-22.5175 152.658
-22.4827 152.714
-22.4374 152.681
-22.3943 152.666
-22.3529 152.667
-22.3104 152.657
-22.2711 152.675
-22.2315 152.69
-22.1945 152.728
-22.1522 152.721
-22.1106 152.718
-22.0689 152.716
-22.0243 152.689
-21.9847 152.704
-21.9439 152.709
-21.9028 152.712
-21.8643 152.737
-21.8243 152.75
-21.7835 152.755
-21.7432 152.766
-21.7024 152.771
-21.6616 152.776
-21.6185 152.761
-21.5765 152.757
-21.5402 152.802
-21.4991 152.805
-21.4565 152.795
-21.4168 152.81
-21.3779 152.833
-21.3402 152.866
-21.3015 152.891
-21.2632 152.919
-21.2226 152.927
-21.182 152.935
-21.1416 152.945
-21.1019 152.961
-21.0632 152.986
-21.0211 152.981
-20.9825 153.007
-20.9421 153.017
-20.9014 153.025
-20.8649 153.07
-20.8254 153.088
-20.7861 153.108
-20.7459 153.121
-20.7074 153.149
-20.667 153.16
-20.6288 153.19
-20.5883 153.2
-20.5473 153.206
-20.5055 153.203
-20.4664 153.226
-20.4268 153.244
-20.3888 153.277
-20.3496 153.3
-20.3091 153.311
-20.2724 153.356
-20.2327 153.374
-20.1943 153.405
-20.156 153.435
-20.1162 153.453
-20.0821 153.524
-20.0453 153.57
-20.006 153.593
-19.9622 153.573
-19.9248 153.614
-19.8843 153.624
-19.8431 153.63
-19.8078 153.691
-19.7672 153.701
-19.7321 153.765
-18.938 154.596
-18.9001 154.637
-18.8637 154.693
-18.8281 154.758
-18.7902 154.799
-18.6441 155.023
-18.6043 155.047
-18.5638 155.062
-18.5273 155.119
-18.4932 155.202
-18.3615 155.585
-18.3233 155.627
-18.2851 155.668
