9.52418 156.556
9.5689 156.586
11.374 153.413
11.4159 153.402
11.5342 153.244
11.5764 153.239
11.6183 153.228
11.6574 153.171
11.6973 153.127
11.739 153.114
11.7776 153.049
11.8194 153.039
11.8608 153.021
11.901 152.985
11.9411 152.946
11.9817 152.915
12.0219 152.879
12.0632 152.861
12.1027 152.814
12.1451 152.814
12.1872 152.809
12.2292 152.801
12.2696 152.77
12.3092 152.726
12.3492 152.687
12.3911 152.679
12.4328 152.669
12.4737 152.646
12.5151 152.63
12.5568 152.62
12.598 152.602
12.6395 152.589
12.68 152.56
12.7214 152.545
12.761 152.504
12.8009 152.468
12.8414 152.439
12.8832 152.432
12.925 152.424
12.9677 152.429
13.0105 152.436
13.0517 152.418
13.0903 152.364
13.1316 152.349
13.1744 152.356
13.2169 152.359
13.2585 152.348
13.2985 152.315
13.3403 152.307
13.3822 152.302
13.4227 152.276
13.4641 152.263
13.5058 152.256
13.5474 152.245
13.5895 152.243
13.6316 152.24
13.673 152.227
13.7143 152.214
13.7553 152.196
13.7939 152.145
13.8308 152.07
13.8697 152.024
13.9147 152.062
13.954 152.021
13.9966 152.026
14.0405 152.049
14.0846 152.075
14.1276 152.085
14.1713 152.105
14.2175 152.159
14.2577 152.13
14.2938 152.049
14.3334 152.013
14.3804 152.076
14.4247 152.104
14.4672 152.107
14.51 152.114
14.5518 152.109
14.5939 152.106
14.6367 152.114
14.6793 152.119
14.7215 152.119
14.764 152.121
14.8072 152.134
14.852 152.167
14.896 152.19
14.9391 152.2
14.9809 152.195
15.0216 152.174
15.0634 152.169
15.1061 152.174
15.1475 152.163
15.1891 152.156
15.2322 152.166
15.2756 152.181
15.3187 152.191
15.3611 152.193
15.4038 152.198
15.4493 152.239
15.4928 152.254
15.5351 152.254
15.5767 152.246
15.6167 152.218
15.6606 152.238
15.7041 152.254
15.747 152.261
15.7892 152.261
15.834 152.292
15.8788 152.322
15.922 152.332
15.9647 152.337
16.0067 152.335
16.0492 152.337
16.0936 152.362
16.1367 152.373
16.1818 152.406
16.225 152.416
16.2699 152.446
16.3137 152.464
16.3568 152.474
16.3985 152.466
16.4403 152.461
16.4857 152.497
16.5285 152.502
16.5707 152.502
16.6157 152.532
16.6607 152.563
16.7043 152.578
16.7478 152.591
16.7944 152.64
16.8378 152.652
16.8813 152.665
16.9261 152.693
16.9693 152.703
17.0121 152.708
17.0599 152.77
17.1034 152.782
17.1465 152.79
17.1925 152.831
17.2409 152.898
17.2844 152.911
17.3273 152.915
17.372 152.941
17.415 152.949
17.4612 152.99
17.5071 153.028
17.5533 153.069
17.599 153.105
17.7372 153.224
17.7808 153.236
17.8736 153.321
17.9187 153.35
17.965 153.391
18.0106 153.424
18.0541 153.435
18.1007 153.478
18.15 153.551
18.1967 153.595
18.2407 153.61
18.4811 153.9
18.5284 153.95
18.578 154.022
18.6244 154.061
18.6673 154.064
18.7715 154.259
18.8184 154.303
