-0.963318 135.656
-0.924647 135.658
-0.885961 135.658
-0.496797 135.016
-0.458126 134.978
-0.419399 134.917
-0.303074 134.606
-0.264543 134.571
-0.226032 134.537
-0.110371 134.272
0.00488913 134.073
0.0432366 134.037
0.0815682 134.002
0.119884 133.969
0.501846 133.473
0.539961 133.439
0.578066 133.408
0.616213 133.396
0.654195 133.334
0.692242 133.298
0.730212 133.246
0.768311 133.234
0.806422 133.226
0.844422 133.193
0.920149 133.079
0.957958 133.019
0.996012 133.011
1.03393 132.978
1.07195 132.967
1.10984 132.934
1.14762 132.885
1.18547 132.852
1.22345 132.84
1.26149 132.838
1.29952 132.834
1.33714 132.774
1.37492 132.739
1.41265 132.7
1.45041 132.667
1.48823 132.642
1.52605 132.62
1.564 132.614
1.60195 132.607
1.63995 132.608
1.67765 132.575
1.71529 132.538
1.75278 132.486
1.79074 132.484
1.82861 132.474
1.86632 132.45
1.90416 132.437
1.94181 132.409
1.97952 132.386
2.0174 132.38
2.05523 132.37
2.09318 132.37
2.13089 132.35
2.16835 132.311
2.20565 132.259
2.24347 132.251
2.28128 132.243
2.31893 132.223
2.35671 132.213
2.39426 132.186
2.43189 132.166
2.46976 132.164
2.50752 132.154
2.545 132.125
2.58277 132.117
2.62054 132.109
2.65837 132.105
2.6961 132.095
2.73386 132.087
2.77164 132.08
2.80916 132.058
2.84671 132.038
2.88444 132.03
2.92221 132.024
2.95998 132.017
2.99795 132.024
3.03593 132.03
3.07361 132.02
3.1109 131.987
3.14842 131.969
3.18635 131.973
3.22417 131.971
3.26191 131.965
3.29965 131.959
3.33739 131.953
3.37504 131.943
3.41285 131.941
3.45061 131.937
3.48821 131.925
3.52581 131.913
3.5634 131.9
3.60064 131.872
3.63838 131.868
3.67573 131.846
3.7133 131.833
3.75103 131.829
3.78921 131.846
3.8269 131.84
3.86523 131.862
3.90552 131.971
3.94131 131.881
3.97947 131.895
4.01755 131.906
4.05524 131.9
4.09308 131.9
4.13086 131.898
4.16845 131.888
4.20583 131.869
4.24341 131.859
4.28128 131.861
4.31937 131.872
4.3573 131.876
4.39502 131.872
4.4328 131.87
4.47073 131.874
4.50867 131.878
4.54649 131.878
4.58443 131.882
4.62276 131.901
4.66064 131.903
4.69859 131.907
4.73676 131.92
4.77477 131.926
4.81272 131.93
4.85091 131.942
4.88933 131.963
4.92729 131.967
4.96508 131.965
5.00298 131.967
5.04083 131.967
5.07867 131.967
5.11639 131.963
5.15424 131.964
5.19239 131.974
5.23099 131.998
5.2694 132.017
5.30745 132.023
5.34543 132.027
5.38335 132.029
5.42192 132.052
5.46017 132.064
5.49823 132.071
5.5361 132.071
5.57409 132.075
5.61277 132.1
5.65145 132.124
5.6896 132.133
5.72809 132.151
5.76632 132.161
5.80427 132.163
5.84215 132.164
5.88081 132.186
5.91905 132.197
5.95758 132.215
5.99569 132.221
6.03387 132.23
6.07271 132.256
6.11157 132.283
6.14962 132.287
6.18775 132.293
6.22603 132.304
6.265 132.333
6.3039 132.359
6.34281 132.386
6.38127 132.401
6.41959 132.411
6.459 132.45
6.49717 132.456
6.53543 132.465
6.57424 132.487
6.61315 132.512
6.65078 132.504
6.69042 132.547
6.72879 132.558
6.76773 132.582
6.80668 132.607
6.84506 132.618
6.88436 132.651
6.92368 132.684
6.96209 132.694
7.00109 132.719
7.04036 132.75
7.07982 132.785
7.11834 132.798
7.15878 132.855
7.19819 132.889
7.31653 132.988
7.35476 132.992
7.39415 133.023
7.51379 133.148
7.55233 133.158
7.59069 133.165
8.19607 133.88
8.23492 133.892
8.27488 133.928
8.8151 134.77
