-3.5992 146.894
-3.5569 146.822
-3.5151 146.774
-3.47349 146.736
-3.43128 146.665
-3.38954 146.617
-3.34748 146.55
-3.30574 146.5
-3.2642 146.46
-3.22234 146.4
-3.18129 146.386
-3.13931 146.317
-3.09727 146.244
-3.05579 146.201
-3.01456 146.173
-2.97362 146.161
-2.93233 146.128
-2.89091 146.085
-2.84906 146.014
-2.80743 145.955
-2.76651 145.941
-2.7252 145.901
-2.68394 145.863
-2.64277 145.83
-2.60186 145.814
-2.56034 145.755
-2.51938 145.734
-2.47804 145.684
-2.43707 145.661
-2.39562 145.599
-2.35446 145.559
-2.31338 145.524
-2.2725 145.503
-2.23177 145.494
-2.19076 145.461
-2.14998 145.447
-2.1093 145.44
-2.06837 145.412
-2.02738 145.377
-1.98663 145.363
-1.94544 145.306
-1.90476 145.297
-1.86407 145.285
-1.82326 145.262
-1.78246 145.239
-1.74174 145.222
-1.70102 145.206
-1.66005 145.162
-1.61942 145.152
-1.57863 145.124
-1.53795 145.108
-1.49721 145.085
-1.45657 145.071
-1.41583 145.045
-1.37518 145.029
-1.3345 145.008
-1.29382 144.985
-1.25322 144.973
-1.2126 144.957
-1.17203 144.948
-1.1314 144.929
-1.09076 144.906
-1.05017 144.892
-1.00961 144.88
-0.96908 144.874
-0.928489 144.855
-0.887964 144.848
-0.847442 144.841
-0.806955 144.842
-0.766395 144.825
-0.725813 144.802
-0.685268 144.786
-0.644756 144.777
-0.604207 144.756
-0.563712 144.749
-0.52322 144.742
-0.482724 144.733
-0.442219 144.719
-0.401736 144.712
-0.361251 144.703
-0.32076 144.689
-0.280283 144.68
-0.239824 144.68
-0.199364 144.68
-0.158893 144.671
-0.11843 144.667
-0.0779667 144.66
-0.0375069 144.655
0.00295216 144.646
0.043408 144.642
0.0838617 144.635
0.124304 144.609
0.164746 144.6
0.20521 144.617
0.24567 144.624
0.286125 144.624
0.32658 144.625
0.367015 144.613
0.407435 144.597
0.447864 144.588
0.488308 144.585
0.528726 144.574
0.569132 144.56
0.609628 144.577
0.650156 144.6
0.690544 144.582
0.731005 144.584
0.771419 144.575
0.811861 144.573
0.852218 144.552
0.892522 144.522
0.932986 144.527
0.973573 144.555
1.0141 144.569
1.05462 144.581
1.09515 144.595
1.13559 144.591
1.1761 144.601
1.21666 144.615
1.25728 144.638
1.29787 144.655
1.33834 144.655
1.37882 144.655
1.4194 144.67
1.45992 144.675
1.50044 144.679
1.54098 144.687
1.58163 144.706
1.6222 144.715
1.66267 144.713
1.70313 144.709
1.74364 144.711
1.78423 144.721
1.82481 144.73
1.86546 144.745
1.90618 144.766
1.94681 144.778
1.9873 144.776
2.02799 144.792
2.06882 144.821
2.10953 144.837
2.15014 144.844
2.19072 144.849
2.23148 144.868
2.27222 144.885
2.31287 144.895
2.35357 144.907
2.39426 144.918
2.43491 144.926
2.47558 144.935
2.51636 144.952
2.55712 144.966
2.59781 144.976
2.63881 145.007
2.67959 145.021
2.72065 145.054
2.76158 145.078
2.80224 145.083
2.84312 145.102
2.88456 145.156
2.92532 145.166
2.96559 145.145
3.00711 145.202
3.04793 145.214
3.08902 145.242
3.12981 145.252
3.17093 145.28
3.21214 145.313
3.25303 145.328
3.29385 145.337
3.3354 145.387
3.37671 145.423
3.41747 145.428
3.45827 145.435
3.49971 145.475
3.54107 145.511
3.58195 145.521
3.62384 145.582
3.66484 145.597
3.70626 145.633
3.7477 145.668
3.78911 145.702
3.83077 145.747
3.87231 145.785
3.91337 145.799
3.95534 145.857
3.99637 145.869
4.03725 145.874
4.07871 145.905
4.12092 145.969
4.16262 146.01
4.2051 146.084
4.24636 146.103
4.28872 146.17
4.33035 146.203
4.3721 146.242
4.41392 146.282
4.45582 146.326
4.49837 146.395
4.54008 146.429
4.58257 146.493
4.62378 146.506
4.66632 146.57
4.70834 146.614
4.88038 146.931
4.9233 147.003
4.96478 147.02
5.00671 147.054
5.04893 147.098
5.22414 147.494
5.26833 147.603
5.31251 147.71
5.35783 147.856
5.40142 147.938
5.44336 147.963
5.53868 148.402
5.58276 148.495
