7.40937 165.257
7.45431 165.248
7.4984 165.216
7.97111 164.57
8.40272 164.095
8.44605 164.055
8.4908 164.049
8.53554 164.043
8.57871 164
8.66489 163.91
8.75111 163.824
8.7953 163.807
8.83874 163.772
8.88216 163.738
8.92682 163.732
8.9711 163.717
9.01247 163.637
9.05672 163.622
9.09957 163.577
9.1429 163.542
9.18751 163.536
9.23186 163.525
9.27516 163.49
9.31949 163.479
9.36224 163.433
9.40419 163.37
9.44782 163.344
9.49237 163.338
9.53639 163.321
9.5804 163.304
9.62507 163.301
9.66893 163.281
9.71129 163.229
9.75512 163.209
9.79977 163.206
9.84345 163.183
9.88809 163.18
9.93259 163.174
9.975 163.126
10.0185 163.1
10.0626 163.086
10.1065 163.068
10.1495 163.034
10.1935 163.02
10.2376 163.005
10.2826 163.011
10.3272 163.008
10.3697 162.965
10.4127 162.931
10.4561 162.905
10.5005 162.899
10.5458 162.911
10.5907 162.913
10.6348 162.902
10.6789 162.89
10.7232 162.882
10.7673 162.87
10.8109 162.85
10.8551 162.842
10.8992 162.83
10.9432 162.816
10.9858 162.779
11.0293 162.756
11.0735 162.747
11.1185 162.753
11.1594 162.684
11.2061 162.721
11.2479 162.67
11.2902 162.627
11.335 162.63
11.3809 162.653
11.4283 162.701
11.4734 162.709
11.5163 162.678
11.5585 162.635
11.6043 162.655
11.651 162.692
11.6963 162.703
11.7407 162.697
11.7869 162.726
11.8323 162.737
11.8776 162.748
11.9232 162.765
11.9687 162.779
12.0141 162.791
12.0581 162.779
12.1026 162.776
12.1469 162.77
12.1926 162.787
12.2381 162.801
12.2834 162.813
12.3291 162.83
12.3747 162.844
12.4197 162.849
12.4644 162.849
12.5078 162.829
12.5528 162.835
12.5984 162.849
12.6434 162.854
12.6893 162.874
12.7345 162.883
12.7794 162.885
12.8244 162.891
12.8698 162.902
12.9159 162.925
12.963 162.962
13.0087 162.979
13.0533 162.976
13.0985 162.984
13.1443 163.001
13.1888 162.998
13.2339 163.004
13.2814 163.047
13.3263 163.049
13.3725 163.072
13.4177 163.08
13.4626 163.083
13.5096 163.117
13.5572 163.16
13.6029 163.174
13.6497 163.205
13.6954 163.219
13.7403 163.222
13.7843 163.211
13.8296 163.219
13.8774 163.265
13.9249 163.304
13.9742 163.37
14.0199 163.384
14.0657 163.398
14.1109 163.404
14.1558 163.407
14.2052 163.473
14.2516 163.495
14.297 163.504
14.3442 163.538
14.3918 163.578
14.4393 163.615
14.4847 163.624
14.5324 163.664
14.5803 163.706
14.628 163.747
14.6736 163.758
14.7189 163.763
14.7671 163.809
14.8155 163.858
14.863 163.895
14.9115 163.944
14.9576 163.961
15.0076 164.03
15.0538 164.047
15.0987 164.047
15.1495 164.127
15.1985 164.182
15.2465 164.222
15.6897 164.727
15.7356 164.738
