-38.2256 152.723
-38.1862 152.73
-38.1352 152.681
-37.7149 151.808
-37.3761 151.335
-37.3277 151.296
-37.2733 151.227
-37.2239 151.183
-36.8112 150.738
-36.7635 150.702
-36.7157 150.665
-36.6666 150.622
-36.6194 150.588
-36.5717 150.551
-36.4345 150.471
-36.3869 150.435
-36.3326 150.364
-36.2856 150.33
-36.2493 150.352
-36.0517 150.168
-36.0118 150.171
-35.9643 150.135
-35.922 150.125
-35.8801 150.118
-35.8337 150.087
-35.7872 150.055
-35.744 150.041
-35.6929 149.985
-35.6506 149.976
-35.6088 149.969
-35.5679 149.966
-35.5266 149.962
-35.4765 149.911
-35.4347 149.904
-35.3925 149.894
-35.3438 149.851
-35.3007 149.837
-35.2571 149.82
-35.2158 149.815
-35.1699 149.786
-35.1268 149.772
-35.0818 149.748
-35.041 149.746
-34.9993 149.739
-34.9566 149.727
-34.9058 149.671
-34.8645 149.667
-34.8237 149.665
-34.7825 149.66
-34.7412 149.655
-34.6963 149.632
-34.6551 149.627
-34.6143 149.625
-34.5739 149.625
-34.5277 149.594
-34.4869 149.592
-34.4483 149.601
-34.4062 149.592
-34.3618 149.57
-34.3183 149.554
-34.2815 149.573
-34.2412 149.574
-34.1977 149.557
-34.1565 149.552
-34.1157 149.55
-34.0735 149.541
-34.0301 149.524
-33.9902 149.527
-33.9494 149.524
-33.9077 149.517
-33.8647 149.503
-33.8235 149.499
-33.7809 149.487
-33.7388 149.477
-33.6985 149.478
-33.6608 149.492
-33.6243 149.514
-33.5835 149.512
-33.5397 149.493
-33.4993 149.493
-33.4603 149.501
-33.4225 149.516
-33.3852 149.533
-33.3413 149.514
-33.2971 149.492
-33.2563 149.49
-33.2159 149.49
-33.176 149.493
-33.1369 149.5
-33.0974 149.505
-33.06 149.523
-33.0226 149.54
-32.9835 149.547
-32.9418 149.54
-32.9023 149.545
-32.867 149.575
-32.8301 149.594
-32.7905 149.6
-32.7539 149.622
-32.7016 149.554
-32.6608 149.552
-32.6191 149.545
-32.5851 149.581
-32.5422 149.567
-32.5047 149.584
-32.4664 149.597
-32.4382 149.667
-32.3999 149.68
-32.3603 149.685
-32.3178 149.673
-32.2786 149.68
-32.2415 149.7
-32.2044 149.72
-32.1623 149.71
-32.1214 149.708
-32.0818 149.713
-32.0418 149.716
-32.0013 149.716
-31.9596 149.709
-31.9238 149.736
-31.885 149.746
-31.8466 149.758
-31.8107 149.785
-31.7731 149.803
-31.7363 149.825
-31.6979 149.837
-31.6582 149.842
-31.6157 149.83
-31.5797 149.857
-31.54 149.863
-31.5012 149.873
-31.4627 149.885
-31.4239 149.895
-31.3874 149.92
-31.351 149.944
-31.3142 149.966
-31.2826 150.02
-31.2404 150.011
-31.2043 150.038
-31.1646 150.043
-31.1273 150.063
-31.0904 150.085
-31.0579 150.134
-31.0182 150.139
-30.98 150.154
-30.9447 150.186
-30.9053 150.193
-30.8667 150.206
-30.8281 150.218
-30.796 150.27
-30.7586 150.29
-30.7232 150.322
-30.6877 150.354
-30.6479 150.359
-30.6073 150.359
-30.5686 150.372
-30.534 150.409
-30.5025 150.465
-30.469 150.509
-30.4303 150.522
-30.3948 150.554
-30.3596 150.589
-30.3201 150.596
-30.2846 150.628
-30.2459 150.641
-30.2107 150.676
-30.1755 150.71
-30.1407 150.747
-30.1019 150.76
-30.0714 150.824
-30.0326 150.837
-29.8592 151.03
-29.8243 151.067
-29.7893 151.104
-29.754 151.139
-29.7155 151.154
-28.9564 152.342
-28.9217 152.385
-28.8589 152.513
-28.7828 152.827
-28.7549 152.915
-28.7201 152.958
-28.6853 153.001
-28.6542 153.069
-28.6254 153.153
-28.5913 153.201
-28.7643 155.748
-28.7881 156.189
-28.7798 156.416
-28.7559 156.538
-28.7193 156.575
