-11.9739 116.31
-11.9387 116.293
-11.7845 116.058
-11.7466 116.006
-11.7116 115.991
-11.6751 115.957
-11.64 115.94
-11.6013 115.877
-11.5632 115.821
-11.5254 115.77
-11.4891 115.737
-11.4518 115.69
-11.4144 115.643
-11.3798 115.631
-11.3425 115.585
-11.305 115.535
-11.2691 115.506
-11.2331 115.476
-11.1961 115.432
-11.1602 115.402
-11.1246 115.377
-11.09 115.364
-11.0531 115.321
-11.0175 115.295
-10.9821 115.272
-10.9448 115.223
-10.909 115.193
-10.8747 115.184
-10.8409 115.182
-10.8056 115.159
-10.7689 115.116
-10.7334 115.09
-10.6978 115.064
-10.6621 115.034
-10.6277 115.023
-10.5913 114.984
-10.5556 114.954
-10.52 114.926
-10.4849 114.905
-10.4507 114.895
-10.4169 114.892
-10.382 114.874
-10.3468 114.851
-10.3127 114.843
-10.2775 114.82
-10.2423 114.795
-10.2069 114.769
-10.1717 114.745
-10.1368 114.725
-10.1026 114.715
-10.0675 114.692
-10.0325 114.671
-9.99831 114.661
-9.96334 114.64
-9.92949 114.635
-9.89542 114.627
-9.86004 114.599
-9.82576 114.588
-9.79062 114.563
-9.75593 114.546
-9.7221 114.541
-9.68806 114.532
-9.65402 114.524
-9.61849 114.493
-9.58467 114.488
-9.55076 114.482
-9.51652 114.47
-9.48103 114.439
-9.44713 114.433
-9.41354 114.431
-9.38005 114.431
-9.34594 114.421
-9.31112 114.4
-9.27702 114.39
-9.24272 114.377
-9.20904 114.374
-9.17464 114.359
-9.14076 114.353
-9.10699 114.348
-9.07321 114.343
-9.03904 114.332
-9.00527 114.327
-8.9714 114.32
-8.93684 114.302
-8.90288 114.294
-8.86882 114.284
-8.83418 114.265
-8.80014 114.255
-8.76648 114.252
-8.73322 114.255
-8.70005 114.26
-8.66678 114.263
-8.63322 114.261
-8.59947 114.256
-8.56563 114.25
-8.5316 114.24
-8.49757 114.23
-8.46345 114.219
-8.42944 114.209
-8.39561 114.202
-8.36178 114.196
-8.32833 114.196
-8.29478 114.194
-8.26123 114.192
-8.22769 114.191
-8.19405 114.187
-8.16069 114.189
-8.12732 114.19
-8.09377 114.189
-8.0604 114.19
-8.02686 114.189
-7.99286 114.179
-7.95905 114.172
-7.92551 114.171
-7.89223 114.174
-7.85877 114.174
-7.82522 114.172
-7.79177 114.172
-7.75839 114.173
-7.72528 114.18
-7.69207 114.185
-7.65886 114.189
-7.62548 114.191
-7.59235 114.197
-7.5588 114.196
-7.52508 114.191
-7.49161 114.191
-7.45773 114.183
-7.42459 114.189
-7.39112 114.189
-7.35806 114.197
-7.32516 114.208
-7.29176 114.21
-7.25837 114.211
-7.22513 114.216
-7.19189 114.221
-7.15857 114.224
-7.1254 114.23
-7.09247 114.242
-7.0593 114.248
-7.02597 114.251
-6.99263 114.254
-6.95961 114.264
-6.92635 114.269
-6.89308 114.273
-6.86027 114.288
-6.82723 114.298
-6.79372 114.298
-6.76022 114.297
-6.72671 114.297
-6.69358 114.305
-6.66074 114.32
-6.62834 114.344
-6.59497 114.347
-6.56153 114.349
-6.52815 114.352
-6.4947 114.354
-6.46125 114.355
-6.42809 114.363
-6.39528 114.379
-6.36203 114.386
-6.32893 114.395
-6.29581 114.405
-6.26249 114.41
-6.22944 114.421
-6.19687 114.444
-6.16401 114.46
-6.13088 114.47
-6.09821 114.491
-6.06513 114.502
-6.03197 114.512
-5.99901 114.526
-5.96605 114.541
-5.93281 114.549
-5.89976 114.562
-5.86684 114.578
-5.83392 114.594
-5.80098 114.61
-5.76869 114.643
-5.73561 114.656
-5.70278 114.675
-5.66962 114.687
-5.63652 114.7
-5.60328 114.709
-5.56991 114.716
-5.53698 114.734
-5.50429 114.758
-5.47122 114.773
-5.43832 114.792
-5.40591 114.825
-5.37256 114.833
-5.33916 114.839
-5.30592 114.851
-5.2737 114.89
-5.24081 114.911
-5.20726 114.914
-5.17424 114.932
-5.14126 114.951
-5.10874 114.984
-5.07511 114.986
-5.04165 114.992
-5.00887 115.018
-4.97681 115.066
-4.944 115.092
-4.91057 115.1
-4.87768 115.124
-4.84478 115.149
-4.81243 115.19
-4.77923 115.206
-4.74576 115.214
-4.71308 115.247
-4.68013 115.272
-4.64732 115.301
-4.61466 115.336
-4.58193 115.368
-4.54919 115.401
-4.51576 115.413
-4.48288 115.442
-4.44964 115.46
-4.41599 115.465
-4.38293 115.49
-4.35131 115.562
-4.31906 115.615
-4.28561 115.628
-4.25317 115.676
-4.05597 115.887
-4.0234 115.935
-3.98994 115.952
-3.95688 115.983
-3.92331 115.996
-3.89027 116.029
-3.72819 116.325
-3.69452 116.338
