-3.45102 122.639
-3.41527 122.637
-3.379 122.612
-3.34219 122.561
-3.233 122.461
-3.19684 122.438
-3.16065 122.412
-3.12429 122.378
-3.08772 122.333
-3.05186 122.322
-3.01565 122.293
-2.97942 122.262
-2.94334 122.239
-2.90713 122.208
-2.87063 122.161
-2.83483 122.15
-2.79883 122.129
-2.76304 122.118
-2.72657 122.069
-2.69086 122.062
-2.6548 122.035
-2.61873 122.006
-2.58276 121.983
-2.54702 121.972
-2.51089 121.938
-2.47454 121.889
-2.43867 121.87
-2.40305 121.864
-2.3672 121.845
-2.33125 121.818
-2.29592 121.83
-2.26031 121.825
-2.22414 121.782
-2.18818 121.751
-2.15254 121.743
-2.11678 121.725
-2.08114 121.716
-2.04525 121.687
-2.00941 121.662
-1.97361 121.639
-1.93801 121.63
-1.90218 121.603
-1.86665 121.599
-1.83093 121.58
-1.79563 121.594
-1.76016 121.594
-1.72443 121.573
-1.68863 121.544
-1.6529 121.521
-1.61736 121.514
-1.58165 121.491
-1.54614 121.485
-1.51063 121.48
-1.47498 121.46
-1.43947 121.455
-1.40387 121.439
-1.36836 121.432
-1.3328 121.42
-1.29735 121.418
-1.26189 121.416
-1.22638 121.407
-1.1907 121.379
-1.1551 121.357
-1.11964 121.354
-1.0842 121.352
-1.04874 121.347
-1.01328 121.342
-0.977718 121.322
-0.942203 121.308
-0.906776 121.306
-0.871416 121.315
-0.836031 121.321
-0.800601 121.319
-0.765172 121.317
-0.729725 121.312
-0.694234 121.298
-0.65875 121.283
-0.623247 121.264
-0.587832 121.262
-0.552395 121.255
-0.516969 121.25
-0.481558 121.248
-0.446129 121.241
-0.410697 121.232
-0.37528 121.227
-0.339886 121.229
-0.304524 121.243
-0.269103 121.236
-0.23367 121.222
-0.198261 121.217
-0.162867 121.219
-0.127475 121.222
-0.0920666 121.215
-0.0566807 121.226
-0.021269 121.212
0.0141319 121.205
0.0495284 121.201
0.0849205 121.216
0.120319 121.225
0.15572 121.228
0.191129 121.245
0.226535 121.248
0.261934 121.241
0.297333 121.238
0.332741 121.241
0.368127 121.231
0.403509 121.22
0.438904 121.218
0.474315 121.224
0.50976 121.242
0.545179 121.247
0.580558 121.239
0.615978 121.244
0.651432 121.258
0.686853 121.262
0.722262 121.262
0.757692 121.268
0.793149 121.279
0.828578 121.282
0.863982 121.28
0.89944 121.29
0.934902 121.299
0.970397 121.313
1.00583 121.315
1.04122 121.31
1.0767 121.32
1.11216 121.326
1.14757 121.324
1.18303 121.33
1.21863 121.355
1.25415 121.368
1.28977 121.393
1.32528 121.402
1.36079 121.411
1.39624 121.413
1.43164 121.407
1.46707 121.406
1.50254 121.409
1.53816 121.429
1.57369 121.438
1.60922 121.447
1.64488 121.469
1.68053 121.489
1.7161 121.5
1.75162 121.505
1.78725 121.521
1.82282 121.531
1.85834 121.536
1.89383 121.538
1.92932 121.54
1.96509 121.565
2.00072 121.578
2.03663 121.614
2.07239 121.635
2.10795 121.641
2.14356 121.65
2.17938 121.675
2.215 121.684
2.2508 121.706
2.28631 121.706
2.32209 121.726
2.35776 121.737
2.39361 121.761
2.4295 121.786
2.46529 121.804
2.50142 121.844
2.53732 121.867
2.57292 121.871
2.60858 121.878
2.64485 121.923
2.68049 121.929
2.71652 121.958
2.7523 121.971
2.7882 121.991
2.8239 121.998
2.86035 122.049
2.89651 122.081
2.93252 122.105
2.96831 122.116
3.00418 122.131
3.03988 122.136
3.07551 122.138
3.11122 122.143
3.14731 122.169
3.18394 122.222
3.22028 122.258
3.25656 122.291
3.33105 122.449
3.36736 122.48
3.40368 122.511
3.43991 122.536
3.47564 122.538
3.51145 122.544
4.69904 124.12
5.01877 125.136
