0.476743 157.772
0.519996 157.729
0.563245 157.692
0.606447 157.644
0.649595 157.585
0.692542 157.473
0.735422 157.355
0.77849 157.302
0.821557 157.254
0.864469 157.174
0.907441 157.116
0.950314 157.041
0.993296 156.996
1.03623 156.946
1.07908 156.882
1.12214 156.864
1.16494 156.8
1.20792 156.771
1.25067 156.708
1.29355 156.668
1.33638 156.623
1.37898 156.549
1.42191 156.526
1.46451 156.457
1.50739 156.431
1.54993 156.362
1.59276 156.333
1.63568 156.317
1.6784 156.278
1.7211 156.239
1.76376 156.197
1.8064 156.154
1.84932 156.144
1.89181 156.089
1.93448 156.055
1.97693 156
2.01983 155.992
2.06265 155.976
2.10527 155.942
2.14784 155.906
2.19043 155.872
2.23324 155.859
2.27586 155.83
2.31869 155.82
2.36126 155.788
2.40359 155.738
2.44626 155.718
2.48869 155.678
2.53144 155.665
2.57412 155.647
2.61675 155.626
2.65902 155.579
2.70171 155.564
2.74402 155.522
2.78653 155.496
2.82941 155.496
2.87225 155.494
2.91498 155.484
2.95739 155.452
2.99974 155.418
3.04252 155.413
3.08539 155.414
3.128 155.398
3.17057 155.38
3.21304 155.357
3.2555 155.333
3.298 155.312
3.34058 155.297
3.38319 155.284
3.42576 155.269
3.46854 155.266
3.51138 155.266
3.55369 155.238
3.59595 155.207
3.63848 155.191
3.6812 155.186
3.72397 155.184
3.76644 155.165
3.8089 155.147
3.8515 155.137
3.89421 155.132
3.93686 155.124
3.9794 155.112
4.02188 155.096
4.06457 155.091
4.10726 155.086
4.14978 155.073
4.19225 155.058
4.23498 155.055
4.27789 155.061
4.32045 155.05
4.36301 155.04
4.40562 155.033
4.44788 155.009
4.49031 154.994
4.53327 155.002
4.57635 155.015
4.61908 155.013
4.66192 155.016
4.70402 154.987
4.74686 154.99
4.7899 155
4.83294 155.011
4.87488 154.977
4.91661 154.936
4.95945 154.938
5.00308 154.973
5.04593 154.975
5.0883 154.96
5.13135 154.971
5.17405 154.968
5.21718 154.981
5.26031 154.995
5.30373 155.018
5.34659 155.021
5.38945 155.024
5.43253 155.035
5.47569 155.048
5.51877 155.059
5.5615 155.056
5.60422 155.054
5.64717 155.059
5.69012 155.065
5.73307 155.07
5.77587 155.07
5.81844 155.062
5.86124 155.063
5.90483 155.089
5.94866 155.123
5.99212 155.144
6.03493 155.145
6.07783 155.147
6.12106 155.161
6.16429 155.174
6.20753 155.187
6.25094 155.206
6.29386 155.208
6.33736 155.23
6.38054 155.24
6.42347 155.243
6.46639 155.246
6.50932 155.249
6.55242 155.257
6.59562 155.267
6.63935 155.294
6.68327 155.325
6.72649 155.336
6.76989 155.352
6.81367 155.378
6.85663 155.381
6.90014 155.4
6.94385 155.423
6.98729 155.439
7.03177 155.484
7.07495 155.492
7.11794 155.495
7.16093 155.498
7.2045 155.516
7.24924 155.566
7.29323 155.596
7.33703 155.619
7.38044 155.633
7.42396 155.649
7.46899 155.704
7.51244 155.717
7.55588 155.731
7.60026 155.768
7.64434 155.797
7.68771 155.808
7.73109 155.818
7.7752 155.847
7.81848 155.856
7.86293 155.893
7.90772 155.938
7.95348 156.006
7.99831 156.051
8.04424 156.123
8.08793 156.139
8.13249 156.176
8.17586 156.184
8.22067 156.227
8.26528 156.264
8.31024 156.309
8.35511 156.352
8.39955 156.384
8.57963 156.562
8.62333 156.576
8.66856 156.623
8.71464 156.69
8.75968 156.733
8.80462 156.773
8.98736 156.995
9.17534 157.321
9.22075 157.367
9.2648 157.383
9.31062 157.437
9.55069 157.926
