24.6172 157.691
24.6644 157.723
24.7033 157.688
24.7344 157.591
24.7574 157.43
24.5071 153.421
24.5382 153.333
24.5699 153.251
24.603 153.179
24.6376 153.12
24.6911 152.879
24.7276 152.835
24.7615 152.771
24.797 152.72
25.0067 152.39
25.0467 152.374
25.0704 152.234
25.1054 152.181
25.1417 152.138
25.2109 152.026
25.2475 151.985
25.2884 151.977
25.3206 151.904
25.3528 151.83
25.3876 151.777
25.4207 151.711
25.4586 151.68
25.4984 151.665
25.5386 151.652
25.5716 151.586
25.6104 151.563
25.6444 151.505
25.6842 151.49
25.7162 151.417
25.7464 151.331
25.7827 151.29
25.8211 151.265
25.8584 151.232
25.8971 151.21
25.934 151.174
25.9754 151.171
26.0161 151.164
26.0534 151.131
26.0861 151.065
26.1234 151.033
26.1602 150.997
26.1988 150.975
26.2384 150.959
26.2753 150.924
26.3131 150.896
26.3527 150.881
26.3892 150.843
26.4266 150.813
26.4641 150.783
26.503 150.763
26.54 150.73
26.5764 150.692
26.6156 150.675
26.6523 150.64
26.6907 150.617
26.7327 150.619
26.7725 150.607
26.8116 150.589
26.8493 150.561
26.8863 150.529
26.9251 150.509
26.9617 150.473
27.0018 150.463
27.0416 150.451
27.0799 150.428
27.1186 150.408
27.1587 150.398
27.1967 150.373
27.2379 150.37
27.2791 150.367
27.3184 150.352
27.3556 150.322
27.3936 150.297
27.4311 150.27
27.4686 150.242
27.5076 150.224
27.5462 150.204
27.5855 150.189
27.6241 150.169
27.6605 150.134
27.7041 150.149
27.742 150.124
27.7805 150.104
27.8194 150.086
27.8598 150.079
27.8983 150.059
27.939 150.053
27.9786 150.041
28.0197 150.038
28.0582 150.018
28.1004 150.023
28.1388 150.003
28.1766 149.978
28.2117 149.936
28.2468 149.893
28.286 149.878
28.3263 149.871
28.3691 149.88
28.4146 149.907
28.4594 149.93
28.4993 149.92
28.54 149.914
28.5791 149.899
28.6194 149.892
28.6623 149.901
28.7074 149.926
28.7488 149.926
28.7902 149.926
28.8301 149.916
28.8715 149.915
28.9129 149.915
28.9546 149.918
28.9972 149.925
29.0397 149.932
29.0815 149.934
29.1217 149.927
29.1627 149.924
29.2037 149.922
29.2443 149.916
29.2845 149.909
29.3248 149.901
29.3665 149.903
29.4094 149.913
29.4523 149.923
29.4941 149.925
29.5351 149.923
29.5768 149.925
29.6182 149.925
29.6611 149.934
29.7006 149.922
29.7419 149.922
29.7856 149.936
29.8274 149.939
29.8707 149.951
29.9144 149.966
29.957 149.973
29.998 149.97
30.0385 149.965
30.0795 149.962
30.1228 149.975
30.1678 149.997
30.2091 149.997
30.2513 150.001
30.293 150.004
30.3348 150.006
30.381 150.036
30.4239 150.045
30.4697 150.072
30.5131 150.085
30.5588 150.112
30.5998 150.109
30.6412 150.109
30.6842 150.119
30.7276 150.131
30.7734 150.158
30.8156 150.163
30.8614 150.19
30.9032 150.192
30.9454 150.197
30.9876 150.202
31.0343 150.234
31.0769 150.241
31.122 150.263
31.1642 150.268
31.2077 150.28
31.2585 150.337
31.302 150.35
31.3446 150.357
31.3872 150.364
31.4336 150.394
31.4767 150.404
31.5239 150.438
31.5707 150.471
31.6134 150.478
31.6544 150.475
31.7025 150.515
31.7552 150.582
31.7974 150.587
31.8406 150.597
31.8875 150.629
31.9344 150.661
31.9783 150.676
32.0261 150.713
32.1226 150.793
32.1704 150.83
