0.201441 116.116
0.234956 116.07
0.335348 115.918
0.368815 115.892
0.402262 115.862
0.468999 115.76
0.502416 115.737
0.535862 115.727
0.56925 115.701
0.602613 115.672
0.668953 115.527
0.702354 115.521
0.73568 115.498
0.768979 115.472
0.802258 115.444
0.835626 115.436
0.868788 115.391
0.901912 115.342
0.935033 115.297
0.968349 115.287
1.00157 115.263
1.03476 115.236
1.06781 115.19
1.10097 115.163
1.13425 115.153
1.16724 115.106
1.20038 115.082
1.23356 115.063
1.2667 115.04
1.2999 115.027
1.33302 115.004
1.36626 114.996
1.39938 114.975
1.4326 114.967
1.4655 114.925
1.49854 114.9
1.53162 114.879
1.56481 114.871
1.59784 114.846
1.63084 114.821
1.66384 114.797
1.69701 114.789
1.73001 114.766
1.7628 114.726
1.79595 114.718
1.82869 114.676
1.86161 114.65
1.89482 114.649
1.92802 114.647
1.96116 114.641
1.99428 114.632
2.02703 114.597
2.05985 114.568
2.09277 114.548
2.12575 114.531
2.15869 114.514
2.19172 114.503
2.22484 114.498
2.25794 114.491
2.29088 114.475
2.32362 114.446
2.35672 114.442
2.38975 114.432
2.42266 114.416
2.4557 114.408
2.48871 114.398
2.52167 114.385
2.55477 114.382
2.58782 114.376
2.62101 114.377
2.654 114.368
2.68687 114.352
2.71965 114.331
2.75251 114.315
2.78563 114.313
2.81883 114.316
2.85185 114.31
2.88463 114.291
2.91718 114.26
2.95016 114.252
2.98316 114.246
3.01603 114.233
3.04896 114.223
3.08192 114.215
3.11481 114.204
3.14779 114.198
3.18108 114.206
3.21433 114.212
3.24711 114.196
3.2797 114.172
3.31285 114.174
3.34599 114.175
3.37899 114.17
3.41188 114.161
3.44484 114.154
3.47769 114.143
3.51046 114.129
3.54333 114.119
3.57627 114.113
3.60933 114.111
3.64238 114.11
3.67544 114.108
3.70849 114.106
3.74123 114.092
3.77424 114.089
3.80744 114.093
3.84098 114.111
3.87412 114.112
3.90679 114.096
3.93959 114.085
3.97213 114.064
4.00563 114.08
4.03906 114.093
4.07237 114.101
4.10537 114.098
4.13815 114.086
4.17128 114.088
4.20445 114.091
4.23754 114.091
4.27089 114.1
4.30403 114.102
4.33698 114.097
4.36992 114.092
4.40277 114.084
4.43567 114.078
4.4687 114.076
4.50183 114.078
4.53501 114.081
4.56818 114.084
4.60132 114.086
4.6345 114.089
4.66763 114.09
4.70081 114.093
4.73404 114.098
4.76738 114.106
4.80052 114.107
4.83365 114.109
4.8669 114.114
4.90003 114.115
4.93312 114.115
4.96647 114.123
5.00009 114.139
5.03356 114.15
5.06681 114.155
5.0998 114.151
5.133 114.155
5.16631 114.161
5.19957 114.166
5.23278 114.169
5.26644 114.185
5.29982 114.192
5.33303 114.196
5.36619 114.197
5.39947 114.202
5.43286 114.21
5.46619 114.216
5.49942 114.219
5.53329 114.24
5.56675 114.249
5.60004 114.254
5.63328 114.257
5.66712 114.276
5.70102 114.297
5.73494 114.318
5.76825 114.322
5.80144 114.324
5.83481 114.33
5.8685 114.344
5.90258 114.368
5.93578 114.37
5.96929 114.379
6.00359 114.408
6.03731 114.422
6.07104 114.437
6.10425 114.438
6.13806 114.454
6.1714 114.459
6.20456 114.459
6.23831 114.473
6.27193 114.484
6.30543 114.492
6.33953 114.514
6.37365 114.537
6.40764 114.556
6.44164 114.575
6.47551 114.591
6.50973 114.615
6.54368 114.632
6.57715 114.639
6.61112 114.656
6.64452 114.661
6.67857 114.68
6.71213 114.688
6.74641 114.712
6.7815 114.754
6.81522 114.765
6.84939 114.785
6.88297 114.793
6.9173 114.817
6.95172 114.843
6.98607 114.867
7.02119 114.907
7.05571 114.934
7.08926 114.941
7.12366 114.965
7.15806 114.989
7.19248 115.013
7.22729 115.045
7.26197 115.074
7.29642 115.098
7.33072 115.119
7.36519 115.143
7.40062 115.186
7.43456 115.199
7.46931 115.228
7.50479 115.272
7.53859 115.281
7.57378 115.318
7.6089 115.354
7.64478 115.404
7.67862 115.414
7.71338 115.441
7.74881 115.481
7.78342 115.506
7.81914 115.551
7.85404 115.58
7.88894 115.609
7.92489 115.658
7.95982 115.687
8.68738 116.728
