-24.8702 83.9027
-24.8437 83.9005
-14.2376 163.61
-14.1871 163.52
-14.1418 163.503
-14.0949 163.464
-13.6905 162.713
-13.6445 162.682
-13.6 162.674
-13.5553 162.664
-12.617 161.734
-12.5711 161.701
-12.5247 161.659
-12.4803 161.648
-12.4339 161.607
-12.388 161.571
-12.342 161.535
-12.2997 161.558
-12.1636 161.479
-12.1171 161.435
-12.0706 161.388
-12.0245 161.349
-11.9807 161.347
-11.9367 161.342
-11.8925 161.334
-11.845 161.27
-11.8007 161.259
-11.7529 161.19
-11.7084 161.177
-11.6643 161.169
-11.6189 161.139
-11.5744 161.125
-11.529 161.095
-11.4846 161.082
-11.4394 161.055
-11.3953 161.047
-11.3519 161.053
-11.3083 161.053
-11.2645 161.051
-11.2201 161.037
-11.1749 161.01
-11.1308 161.002
-11.0871 160.999
-11.0431 160.994
-10.9989 160.984
-10.9538 160.956
-10.9089 160.934
-10.8641 160.913
-10.8202 160.908
-10.7758 160.894
-10.7319 160.889
-10.6885 160.892
-10.6446 160.887
-10.6008 160.885
-10.5572 160.885
-10.5135 160.882
-10.4689 160.863
-10.425 160.858
-10.3806 160.845
-10.3367 160.84
-10.2927 160.832
-10.2484 160.818
-10.204 160.802
-10.1599 160.794
-10.1165 160.797
-10.0729 160.798
-10.0292 160.795
-9.98542 160.793
-9.94183 160.793
-9.89809 160.791
-9.8545 160.791
-9.81077 160.789
-9.76703 160.786
-9.72343 160.786
-9.67997 160.79
-9.63664 160.795
-9.59317 160.799
-9.55037 160.815
-9.5065 160.81
-9.46579 160.871
-9.4248 160.927
-9.3813 160.93
-9.33545 160.884
-9.29169 160.881
-9.24716 160.862
-9.20264 160.843
-9.15851 160.832
-9.11578 160.852
-9.07216 160.852
-9.02828 160.847
-8.98441 160.842
-8.94128 160.853
-8.8984 160.87
-8.85489 160.873
-8.81101 160.868
-8.76775 160.877
-8.72484 160.894
-8.68169 160.905
-8.63817 160.908
-8.59452 160.908
-8.55112 160.914
-8.50866 160.942
-8.46524 160.948
-8.42158 160.948
-8.37793 160.949
-8.33462 160.957
-8.29107 160.96
-8.24753 160.963
-8.20558 161.005
-8.16248 161.019
-8.11925 161.031
-8.07726 161.073
-8.03492 161.106
-7.99189 161.123
-7.94841 161.129
-7.90503 161.138
-7.86209 161.157
-7.8186 161.163
-7.77543 161.177
-7.73247 161.197
-7.68896 161.203
-7.6463 161.231
-7.60331 161.251
-7.55999 161.262
-7.51678 161.276
-7.47345 161.288
-7.43012 161.299
-7.38761 161.333
-7.34508 161.366
-7.30202 161.386
-7.25876 161.4
-7.21518 161.406
-7.17211 161.426
-7.12932 161.454
-7.08632 161.476
-7.04508 161.549
-7.00293 161.597
-6.96037 161.633
-6.91693 161.645
-6.87348 161.656
-6.83088 161.693
-6.78846 161.735
-6.74573 161.769
-6.70214 161.777
-6.65874 161.791
-6.61709 161.859
-6.57376 161.876
-6.53132 161.921
-6.48851 161.955
-6.44505 161.969
-6.40168 161.986
-6.36007 162.059
-6.31852 162.135
-6.27527 162.157
-6.23245 162.194
-6.18944 162.225
-6.14598 162.242
-6.1032 162.282
-6.06167 162.363
-6.01851 162.392
-5.97542 162.423
-5.93265 162.465
-5.89002 162.513
-5.84713 162.553
-5.80511 162.624
-5.76169 162.646
-5.71987 162.725
-5.67713 162.774
-5.63422 162.816
-5.59152 162.867
-5.54888 162.921
-5.50784 163.034
-5.4643 163.057
-5.12886 163.763
-5.08576 163.811
-5.04292 163.872
-4.68785 165.784
-4.64334 165.796
-4.59876 165.805
