-24.8722 83.9118
-24.8439 83.9015
-22.2712 164.511
-22.2224 164.469
-22.1773 164.461
-22.1251 164.387
-22.08 164.379
-22.0347 164.368
-21.9869 164.335
-21.9412 164.321
-21.7473 164.161
-21.6986 164.119
-21.6509 164.085
-21.6057 164.075
-21.5577 164.038
-21.5154 164.056
-21.4711 164.054
-21.4268 164.052
-21.383 164.055
-21.3354 164.022
-21.2865 163.977
-21.2407 163.96
-21.191 163.907
-21.1458 163.896
-21.1006 163.885
-21.0527 163.849
-21.0045 163.81
-20.9573 163.779
-20.9121 163.768
-20.8672 163.76
-20.8223 163.753
-20.7772 163.742
-20.7326 163.737
-20.6863 163.715
-20.6408 163.701
-20.5942 163.676
-20.55 163.674
-20.5063 163.677
-20.4629 163.684
-20.4183 163.679
-20.3732 163.668
-20.3266 163.643
-20.2821 163.638
-20.2372 163.63
-20.1907 163.605
-20.1456 163.595
-20.1008 163.587
-20.0574 163.593
-20.0142 163.602
-19.9697 163.597
-19.924 163.581
-19.8784 163.564
-19.835 163.571
-19.7927 163.588
-19.7487 163.589
-19.703 163.572
-19.6574 163.556
-19.6123 163.545
-19.568 163.543
-19.5243 163.547
-19.4809 163.553
-19.4372 163.556
-19.3932 163.557
-19.3501 163.566
-19.3058 163.564
-19.261 163.556
-19.217 163.557
-19.1727 163.554
-19.1282 163.549
-19.0853 163.561
-19.0429 163.579
-18.9987 163.577
-18.9541 163.572
-18.9109 163.581
-18.8669 163.581
-18.8232 163.585
-18.7786 163.58
-18.728 163.509
-18.6898 163.572
-18.6495 163.613
-18.6071 163.63
-18.5612 163.611
-18.5169 163.609
-18.4732 163.612
-18.4315 163.638
-18.3883 163.648
-18.3435 163.64
-18.2986 163.632
-18.2541 163.627
-18.2101 163.627
-18.1668 163.636
-18.1238 163.648
-18.0805 163.657
-18.0385 163.681
-17.9962 163.701
-17.9537 163.719
-17.9104 163.728
-17.8674 163.74
-17.8248 163.758
-17.7822 163.775
-17.7389 163.784
-17.6958 163.796
-17.6525 163.805
-17.6102 163.826
-17.5663 163.829
-17.5222 163.83
-17.4789 163.839
-17.4372 163.868
-17.3966 163.909
-17.3527 163.912
-17.3076 163.901
-17.264 163.907
-17.2235 163.951
-17.1823 163.985
-17.1386 163.992
-17.0979 164.032
-17.0571 164.073
-17.0144 164.09
-16.9721 164.114
-16.9265 164.097
-16.8828 164.104
-16.8406 164.127
-16.7995 164.165
-16.757 164.185
-16.7132 164.191
-16.6716 164.223
-16.6307 164.264
-16.5877 164.279
-16.5465 164.317
-16.5058 164.36
-16.4627 164.375
-16.4217 164.416
-16.3805 164.453
-16.3392 164.491
-16.2959 164.503
-16.253 164.521
-16.214 164.587
-16.1718 164.614
-16.1327 164.68
-16.0893 164.692
-16.0461 164.707
-16.0066 164.768
-15.9609 164.751
-15.9219 164.821
-15.8792 164.842
-15.8404 164.914
-15.7978 164.938
-15.7593 165.013
-15.7157 165.025
-15.6725 165.04
-15.6307 165.075
-15.5898 165.122
-15.5516 165.203
-15.5104 165.247
-15.4691 165.288
-15.4259 165.306
-15.3875 165.387
-15.3479 165.451
-15.3055 165.481
-15.2636 165.516
-15.2206 165.537
-15.18 165.589
-15.141 165.665
-15.1001 165.715
-14.6318 166.654
-14.591 166.71
-14.5491 166.751
-14.508 166.805
-14.351 169.072
-14.3129 169.178
-14.2696 169.208
-14.2253 169.224
