27.4869 167.599
27.5311 167.59
27.5753 167.58
27.6151 167.539
27.6935 167.787
27.7357 167.763
27.7558 167.573
27.7877 167.473
27.8385 167.514
27.3313 163.405
27.3642 163.32
28.0622 161.635
28.107 161.64
28.146 161.604
28.1872 161.584
28.2214 161.514
28.2623 161.491
28.3 161.447
28.3247 161.31
28.3659 161.29
28.4032 161.243
28.4443 161.223
28.4796 161.162
28.5215 161.147
28.5594 161.106
28.5966 161.058
28.6393 161.05
28.6732 160.98
28.7143 160.96
28.7466 160.88
28.7837 160.832
28.8251 160.816
28.8637 160.779
28.9023 160.743
28.9449 160.735
28.9859 160.715
29.0201 160.648
29.057 160.601
29.0943 160.557
29.1296 160.499
29.1681 160.462
29.2074 160.432
29.2491 160.418
29.294 160.426
29.3385 160.431
29.379 160.409
29.4126 160.34
29.451 160.304
29.4922 160.287
29.5302 160.248
29.5693 160.218
29.6081 160.184
29.6497 160.17
29.6872 160.129
29.7234 160.079
29.7642 160.06
29.8107 160.079
29.8567 160.095
29.8975 160.075
29.9353 160.037
29.9744 160.006
30.0142 159.981
30.0512 159.937
30.091 159.912
30.1329 159.901
30.1727 159.876
30.2113 159.843
30.2515 159.821
30.2921 159.801
30.3352 159.798
30.38 159.806
30.4219 159.795
30.4583 159.748
30.498 159.723
30.5373 159.695
30.5791 159.684
30.6222 159.681
30.6678 159.695
30.7062 159.662
30.7493 159.659
30.7881 159.628
30.8282 159.606
30.8704 159.598
30.9113 159.581
30.9513 159.559
30.9931 159.548
31.0318 159.517
31.0727 159.501
31.1157 159.498
31.1531 159.459
31.188 159.404
31.2297 159.393
31.2752 159.406
31.3199 159.414
31.3646 159.422
31.4058 159.408
31.4497 159.411
31.4983 159.443
31.5408 159.438
31.5872 159.456
31.6293 159.448
31.6718 159.442
31.7179 159.458
31.7604 159.453
31.8011 159.436
31.8441 159.433
31.8923 159.463
31.9374 159.473
31.9817 159.478
32.0247 159.475
32.0667 159.467
32.1101 159.467
32.1544 159.472
32.2 159.485
32.2429 159.482
32.2819 159.455
32.3248 159.452
32.3699 159.462
32.4142 159.467
32.4554 159.454
32.4934 159.42
32.5354 159.412
32.5787 159.412
32.6248 159.428
32.6722 159.452
32.7187 159.471
32.7674 159.503
32.8153 159.53
32.8587 159.53
32.9002 159.519
32.9414 159.505
32.9879 159.524
33.0331 159.534
33.0778 159.542
33.1243 159.561
33.1759 159.61
33.2207 159.618
33.264 159.618
33.3083 159.623
33.3517 159.623
33.3951 159.622
33.4385 159.622
33.4864 159.649
33.5298 159.649
33.5741 159.654
33.624 159.692
33.6696 159.705
33.7149 159.716
33.7634 159.746
33.8077 159.751
33.8562 159.781
33.9015 159.791
33.9467 159.802
33.9943 159.826
34.0438 159.862
34.0938 159.9
34.1325 159.872
34.1768 159.877
34.2651 159.885
34.3094 159.89
34.3528 159.89
34.4019 159.922
34.4358 159.867
34.4792 159.867
34.5288 159.902
34.5974 160.047
34.6428 160.058
34.6876 160.066
34.744 160.14
34.8477 160.236
34.9055 160.318
34.9543 160.348
35.049 160.391
36.116 161.239
