8.69472 116.856
8.72752 116.841
8.7606 116.831
8.92423 115.617
8.95249 115.531
8.98227 115.471
9.17688 114.839
9.2081 114.807
9.2397 114.781
9.27118 114.754
9.29667 114.631
9.32692 114.584
9.35664 114.53
9.38604 114.471
9.41581 114.418
9.44587 114.37
9.4749 114.306
9.5347 114.208
9.5656 114.174
9.59535 114.123
9.62652 114.095
9.65613 114.042
9.68592 113.993
9.71684 113.961
9.74566 113.898
9.77508 113.844
9.80458 113.792
9.83627 113.773
9.86858 113.763
9.89856 113.719
9.92842 113.673
9.96048 113.66
9.9918 113.636
10.0508 113.535
10.0818 113.509
10.1128 113.48
10.1435 113.449
10.1709 113.37
10.2017 113.34
10.2329 113.316
10.265 113.305
10.3237 113.206
10.3546 113.18
10.3847 113.14
10.417 113.134
10.4495 113.129
10.4791 113.085
10.5098 113.056
10.5393 113.01
10.5705 112.988
10.603 112.985
10.6356 112.982
10.6665 112.957
10.6971 112.927
10.7272 112.891
10.7594 112.883
10.7899 112.854
10.8178 112.788
10.8475 112.747
10.8799 112.743
10.912 112.735
10.9428 112.71
10.9737 112.685
11.0058 112.677
11.0353 112.635
11.0661 112.61
11.0974 112.593
11.1297 112.588
11.1619 112.582
11.1928 112.558
11.2237 112.535
11.2561 112.532
11.2885 112.529
11.3197 112.51
11.3517 112.502
11.3816 112.467
11.4118 112.435
11.4426 112.412
11.4736 112.392
11.506 112.389
11.5385 112.387
11.5695 112.367
11.5999 112.339
11.6319 112.331
11.6631 112.314
11.6938 112.291
11.7252 112.275
11.7572 112.269
11.7889 112.258
11.8198 112.237
11.8511 112.221
11.8834 112.218
11.9153 112.21
11.947 112.199
11.977 112.168
12.0088 112.159
12.04 112.142
12.072 112.136
12.104 112.129
12.1362 112.125
12.1676 112.111
12.1992 112.1
12.2309 112.091
12.2624 112.078
12.2933 112.058
12.3246 112.044
12.357 112.043
12.3893 112.039
12.4207 112.027
12.4517 112.009
12.4839 112.005
12.5161 112.002
12.5481 111.996
12.5796 111.984
12.6115 111.978
12.6436 111.973
12.6757 111.968
12.7074 111.959
12.7393 111.953
12.7718 111.953
12.8041 111.95
12.8356 111.939
12.8671 111.928
12.8987 111.917
12.9304 111.909
12.9624 111.903
12.9938 111.891
13.0264 111.892
13.0592 111.897
13.0907 111.886
13.1217 111.869
13.1537 111.864
13.1869 111.872
13.2187 111.864
13.2518 111.872
13.2857 111.887
13.3188 111.895
13.3507 111.889
13.3815 111.87
13.4134 111.864
13.4449 111.853
13.476 111.839
13.5093 111.849
13.5424 111.855
13.575 111.856
13.6068 111.85
13.6383 111.839
13.6706 111.838
13.7032 111.839
13.7362 111.845
13.7691 111.85
13.8018 111.853
13.8341 111.851
13.8666 111.851
13.8987 111.848
13.9311 111.848
13.9636 111.848
13.9957 111.845
14.0288 111.851
14.0622 111.862
14.0944 111.859
14.1261 111.851
14.1593 111.859
14.1923 111.865
14.2247 111.865
14.256 111.852
14.288 111.848
14.3209 111.852
14.3542 111.861
14.3883 111.878
14.4214 111.884
14.4536 111.883
14.4852 111.874
14.5173 111.871
14.5508 111.881
14.5845 111.894
14.6174 111.898
14.6512 111.912
14.6841 111.916
14.7166 111.916
14.7493 111.919
14.7825 111.927
14.8164 111.941
14.8499 111.952
14.8824 111.952
14.9153 111.956
14.9487 111.965
14.9818 111.972
15.0153 111.982
15.0482 111.987
15.082 111.999
15.1155 112.01
15.149 112.019
15.1827 112.031
15.215 112.03
15.2458 112.014
15.2785 112.016
15.3141 112.047
15.3481 112.061
15.383 112.084
15.4177 112.105
15.4505 112.108
15.483 112.108
15.5172 112.125
15.5505 112.133
15.5855 112.156
15.6188 112.164
15.6533 112.182
15.6877 112.201
15.7204 112.202
15.7557 112.228
15.7889 112.234
15.8217 112.238
15.8557 112.251
15.8887 112.256
16.3031 112.475
16.3382 112.499
16.5152 112.626
16.5853 112.669
16.6187 112.677
16.6561 112.719
16.7604 112.776
16.7958 112.801
16.8293 112.809
17.4884 113.418
18.1109 114.227
18.3702 114.728
18.4057 114.749
18.4431 114.784
