-24.8704 83.9037
6.45545 145.156
6.4936 145.097
6.90582 144.299
6.94568 144.294
6.98438 144.259
7.28515 143.774
7.32395 143.746
7.3634 143.734
7.40189 143.7
7.44028 143.663
7.47845 143.621
7.517 143.589
7.55417 143.524
7.59346 143.51
7.63196 143.478
7.67162 143.473
7.86023 143.228
7.89861 143.196
7.9381 143.189
7.97758 143.182
8.01573 143.145
8.05376 143.106
8.09084 143.046
8.13008 143.035
8.16847 143.005
8.2078 142.996
8.24607 142.963
8.28422 142.929
8.32235 142.895
8.36186 142.89
8.40136 142.885
8.43838 142.828
8.47744 142.814
8.5167 142.805
8.55378 142.75
8.59303 142.741
8.63116 142.708
8.67051 142.702
8.70863 142.669
8.74773 142.658
8.78627 142.635
8.82548 142.626
8.86401 142.603
8.90309 142.591
8.94125 142.562
8.97997 142.543
9.018 142.511
9.0567 142.493
9.09621 142.491
9.13548 142.484
9.1737 142.456
9.21261 142.442
9.25104 142.42
9.29017 142.41
9.32882 142.392
9.36771 142.378
9.40682 142.369
9.44605 142.362
9.48516 142.353
9.52353 142.33
9.56214 142.312
9.6016 142.309
9.64093 142.305
9.67989 142.293
9.71885 142.282
9.75742 142.264
9.79674 142.259
9.83568 142.247
9.87398 142.225
9.91316 142.218
9.95259 142.215
9.99214 142.215
10.0322 142.224
10.0718 142.224
10.1095 142.192
10.1474 142.163
10.1864 142.153
10.2255 142.147
10.2643 142.133
10.3034 142.126
10.3426 142.119
10.3818 142.114
10.4214 142.114
10.4612 142.119
10.5004 142.114
10.5394 142.105
10.5787 142.1
10.6185 142.105
10.6584 142.111
10.6983 142.118
10.7383 142.125
10.7774 142.118
10.8132 142.057
10.8531 142.063
10.8923 142.059
10.9313 142.049
10.9722 142.072
11.0121 142.079
11.0516 142.079
11.0923 142.097
11.1324 142.106
11.1718 142.103
11.2111 142.101
11.2508 142.103
11.29 142.099
11.329 142.089
11.3688 142.094
11.4087 142.101
11.4482 142.1
11.4873 142.094
11.5269 142.096
11.5668 142.1
11.6058 142.093
11.6452 142.091
11.6854 142.102
11.726 142.118
11.766 142.125
11.8055 142.125
11.8453 142.129
11.8847 142.127
11.9243 142.129
11.964 142.131
12.0052 142.156
12.0468 142.188
12.0871 142.199
12.1265 142.196
12.1657 142.192
12.2059 142.201
12.2455 142.203
12.2863 142.221
12.3262 142.225
12.3663 142.234
12.4073 142.255
12.4482 142.275
12.4881 142.28
12.5275 142.277
12.567 142.277
12.6072 142.286
12.648 142.304
12.6906 142.347
12.7305 142.352
12.7707 142.361
12.8109 142.37
12.8509 142.376
12.8905 142.376
12.9317 142.399
12.9732 142.426
13.0136 142.438
13.054 142.449
13.0958 142.478
13.1362 142.49
13.1778 142.517
13.2192 142.542
13.2591 142.546
13.2994 142.555
13.341 142.583
13.3828 142.612
13.4234 142.626
13.4639 142.637
13.5071 142.685
13.5479 142.701
13.5891 142.721
13.6294 142.73
13.6711 142.758
13.7123 142.778
13.7553 142.821
13.7958 142.833
13.8365 142.846
13.8809 142.908
13.9221 142.929
13.9654 142.974
14.0061 142.988
14.0481 143.018
14.0883 143.024
14.1303 143.054
14.1725 143.086
14.2137 143.104
14.2561 143.139
14.3002 143.194
14.3428 143.23
14.3842 143.251
14.4291 143.315
14.4718 143.352
14.5145 143.388
14.5572 143.425
14.5983 143.441
14.6425 143.496
14.6855 143.535
14.7305 143.6
14.7764 143.674
14.819 143.708
14.8604 143.727
14.9052 143.787
14.9486 143.83
14.9938 143.895
15.0401 143.971
15.0817 143.992
15.1268 144.055
15.1729 144.129
15.2161 144.168
15.2593 144.207
15.3056 144.282
