-10.4731 150.123
-10.4276 150.055
-10.282 149.687
-10.2383 149.65
-9.03734 148.114
-8.95105 148.041
-8.9091 148.029
-8.86564 147.985
-8.82138 147.924
-8.7797 147.917
-8.73779 147.906
-8.69462 147.867
-8.6517 147.833
-8.60993 147.823
-8.56612 147.77
-8.52403 147.753
-8.48094 147.714
-8.43842 147.688
-8.39812 147.71
-8.31235 147.64
-8.26965 147.609
-8.22675 147.572
-8.18364 147.531
-8.14184 147.519
-8.09909 147.485
-8.05752 147.478
-8.01616 147.476
-7.97281 147.428
-7.93125 147.421
-7.88959 147.411
-7.84784 147.4
-7.80516 147.366
-7.7626 147.334
-7.72137 147.335
-7.68004 147.333
-7.63761 147.304
-7.59528 147.277
-7.55357 147.265
-7.51057 147.222
-7.46907 147.215
-7.42777 147.213
-7.38647 147.211
-7.3442 147.184
-7.30097 147.134
-7.25921 147.119
-7.21678 147.088
-7.1756 147.088
-7.13423 147.084
-7.09277 147.077
-7.05149 147.075
-7.01059 147.082
-6.96941 147.082
-6.92795 147.075
-6.88622 147.061
-6.84377 147.027
-6.80143 146.996
-6.75982 146.984
-6.71794 146.965
-6.67739 146.983
-6.63701 147.005
-6.59532 146.99
-6.55371 146.979
-6.51289 146.988
-6.47103 146.969
-6.42935 146.955
-6.38802 146.951
-6.34685 146.951
-6.30569 146.951
-6.26444 146.949
-6.22253 146.927
-6.18039 146.899
-6.13882 146.887
-6.09775 146.889
-6.05699 146.902
-6.01575 146.9
-5.97411 146.885
-5.93241 146.869
-5.89094 146.859
-5.84986 146.862
-5.80871 146.862
-5.7674 146.858
-5.7264 146.863
-5.68471 146.846
-5.64423 146.868
-5.60315 146.871
-5.56074 146.83
-5.51922 146.818
-5.47829 146.825
-5.43685 146.816
-5.39655 146.845
-5.35632 146.877
-5.31494 146.87
-5.27413 146.882
-5.23323 146.892
-5.19255 146.909
-5.15233 146.944
-5.11142 146.954
-5.0703 146.956
-5.02944 146.969
-4.98865 146.983
-4.94798 147.003
-4.90711 147.015
-4.8661 147.023
-4.82496 147.026
-4.78408 147.038
-4.74299 147.043
-4.70178 147.043
-4.66057 147.043
-4.61943 147.046
-4.57858 147.061
-4.53791 147.083
-4.49687 147.09
-4.45547 147.083
-4.41442 147.091
-4.37366 147.111
-4.33267 147.121
-4.29201 147.145
-4.25094 147.153
-4.20987 147.16
-4.16869 147.163
-4.12772 147.175
-4.08686 147.192
-4.04609 147.214
-4.005 147.222
-3.96443 147.254
-3.92343 147.266
-3.88253 147.283
-3.84126 147.284
-3.80019 147.294
-3.76007 147.35
-3.71894 147.357
-3.67775 147.362
-3.63709 147.394
-3.59633 147.421
-3.55545 147.443
-3.51405 147.439
-3.47279 147.441
-3.43254 147.498
-3.39154 147.515
-3.35089 147.552
-3.31014 147.584
-3.26897 147.594
-3.2282 147.626
-3.18706 147.638
-3.14584 147.645
-3.10536 147.697
-3.06412 147.705
-3.02341 147.744
-2.98219 147.754
-2.94137 147.788
-2.90053 147.823
-2.85933 147.835
-2.81855 147.875
-2.7777 147.911
-2.7364 147.919
-2.65462 147.99
-2.57295 148.074
-2.49113 148.153
-2.2858 148.311
-2.2451 148.376
-2.20373 148.388
-2.0809 148.536
-2.03949 148.549
-1.99871 148.618
-1.79331 148.861
-1.75238 148.931
-1.71122 148.98
-1.66992 149.018
