-22.2507 136.466
-22.1584 136.045
-22.1015 135.897
-22.0507 135.795
-22.0025 135.714
-21.8332 135.275
-21.5866 134.813
-21.403 134.546
-21.266 134.35
-21.2243 134.315
-21.1823 134.278
-21.1378 134.221
-21.0931 134.162
-21.0512 134.125
-21.0093 134.088
-20.9646 134.029
-20.8288 133.836
-20.7875 133.803
-20.7488 133.791
-20.7075 133.759
-20.6673 133.734
-20.629 133.726
-20.5846 133.668
-20.5404 133.611
-20.4993 133.578
-20.4581 133.546
-20.4197 133.536
-20.3761 133.483
-20.3371 133.469
-20.2936 133.416
-20.2549 133.404
-20.2144 133.376
-20.1733 133.344
-20.1322 133.311
-20.0914 133.281
-20.0531 133.271
-20.013 133.247
-19.9723 133.217
-19.931 133.182
-19.8932 133.176
-19.8527 133.148
-19.8127 133.124
-19.7718 133.092
-19.7311 133.061
-19.6925 133.049
-19.6519 133.019
-19.6115 132.991
-19.5732 132.981
-19.533 132.955
-19.4936 132.935
-19.4553 132.925
-19.4173 132.917
-19.3751 132.873
-19.3366 132.861
-19.299 132.857
-19.261 132.849
-19.2209 132.822
-19.1818 132.804
-19.1401 132.764
-19.1014 132.75
-19.0637 132.744
-19.0275 132.752
-18.9907 132.754
-18.9518 132.738
-18.9143 132.734
-18.8761 132.724
-18.8361 132.698
-18.7958 132.67
-18.7577 132.66
-18.7197 132.652
-18.6809 132.636
-18.6431 132.63
-18.6061 132.63
-18.567 132.612
-18.5291 132.604
-18.4911 132.596
-18.4528 132.584
-18.4142 132.57
-18.3765 132.564
-18.3397 132.566
-18.3013 132.554
-18.2632 132.544
-18.225 132.534
-18.1873 132.528
-18.1494 132.52
-18.1117 132.514
-18.0749 132.516
-18.0377 132.514
-17.9991 132.501
-17.9604 132.485
-17.9229 132.481
-17.8859 132.481
-17.8486 132.479
-17.8112 132.475
-17.7737 132.471
-17.7362 132.467
-17.6988 132.463
-17.6613 132.459
-17.6241 132.457
-17.587 132.457
-17.5504 132.461
-17.514 132.467
-17.4776 132.473
-17.4402 132.469
-17.4019 132.457
-17.3652 132.461
-17.3295 132.473
-17.2912 132.461
-17.2531 132.451
-17.2167 132.457
-17.1825 132.485
-17.1451 132.481
-17.108 132.481
-17.0706 132.477
-17.0327 132.469
-16.9954 132.467
-16.9596 132.48
-16.9242 132.496
-16.8877 132.502
-16.8509 132.504
-16.8146 132.512
-16.7806 132.542
-16.7429 132.536
-16.7039 132.516
-16.6656 132.504
-16.6287 132.506
-16.5915 132.504
-16.5556 132.516
-16.5201 132.532
-16.4827 132.528
-16.4446 132.518
-16.4087 132.53
-16.3724 132.538
-16.3359 132.544
-16.3004 132.56
-16.2655 132.582
-16.228 132.579
-16.1913 132.583
-16.1552 132.593
-16.1199 132.611
-16.0839 132.623
-16.0468 132.623
-16.0094 132.619
-15.9728 132.625
-15.9363 132.631
-15.9009 132.649
-15.8644 132.655
-15.8282 132.665
-15.7919 132.673
-15.7561 132.687
-15.7199 132.697
-15.6843 132.714
-15.6479 132.722
-15.6116 132.73
-15.5767 132.754
-15.5403 132.762
-15.5037 132.768
-15.4671 132.774
-15.4319 132.794
-15.3964 132.812
-15.3605 132.827
-15.3254 132.849
-15.2899 132.867
-15.2549 132.891
-15.2196 132.911
-15.1835 132.923
-15.1478 132.94
-15.1117 132.952
-15.076 132.968
-15.041 132.992
-15.0047 133.002
-14.9696 133.026
-14.9342 133.047
-14.8977 133.055
-14.8611 133.061
-14.8256 133.081
-14.7913 133.113
-14.7555 133.13
-14.7207 133.158
-14.686 133.186
-14.6494 133.194
-14.6143 133.219
-14.5795 133.247
-14.5436 133.263
-14.5085 133.288
-14.4733 133.312
-14.4371 133.324
-14.4024 133.354
-14.3695 133.405
-14.3341 133.428
-14.2999 133.464
-14.2633 133.472
-14.2265 133.478
-14.1915 133.507
-14.1571 133.541
-14.123 133.58
-14.09 133.631
-14.0533 133.639
-14.0166 133.647
-13.982 133.68
-13.9471 133.71
-13.9145 133.767
-13.8784 133.784
-13.8434 133.812
-13.8083 133.841
-13.7734 133.871
-13.7385 133.902
-13.7041 133.939
-13.671 133.992
-13.6347 134.006
-13.5997 134.037
-13.5673 134.1
-13.5325 134.133
-13.4978 134.168
-13.4647 134.223
-13.4281 134.233
-13.393 134.264
-13.3604 134.325
-13.3241 134.342
-13.2916 134.405
-13.2584 134.461
-13.2252 134.516
-13.1891 134.535
-13.1557 134.588
-13.1211 134.627
-13.0929 134.749
-13.0587 134.792
-13.0231 134.819
-12.9877 134.848
-12.9533 134.891
-12.9204 134.953
-12.8874 135.015
-12.7257 135.372
-12.691 135.413
