-1.04159 148.477
-0.999975 148.465
-0.958051 148.399
-0.916264 148.352
-0.874525 148.31
-0.83283 148.274
-0.791151 148.237
-0.666047 148.088
-0.624442 148.051
-0.582944 148.039
-0.541444 148.024
-0.499821 147.971
-0.45835 147.959
-0.416828 147.927
-0.375372 147.915
-0.333768 147.839
-0.292257 147.79
-0.250739 147.727
-0.209342 147.717
-0.167961 147.715
-0.126583 147.715
-0.0851872 147.698
-0.0437765 147.654
-0.00238684 147.613
0.0389713 147.606
0.0803258 147.601
0.121677 147.574
0.163023 147.57
0.204365 147.563
0.245663 147.499
0.286954 147.458
0.328267 147.451
0.369539 147.417
0.410804 147.388
0.452114 147.39
0.493415 147.388
0.534699 147.378
0.575936 147.352
0.617214 147.345
0.658467 147.33
0.699652 147.296
0.74083 147.265
0.782004 147.236
0.823248 147.229
0.864519 147.229
0.90579 147.229
0.947017 147.219
0.988136 147.188
1.02928 147.164
1.0705 147.157
1.11166 147.14
1.15273 147.108
1.19396 147.106
1.23516 147.099
1.27616 147.06
1.31733 147.05
1.35856 147.051
1.39961 147.024
1.44071 147.007
1.48197 147.012
1.52321 147.015
1.5644 147.01
1.60552 146.998
1.6467 146.993
1.68786 146.986
1.72912 146.991
1.77032 146.989
1.81129 146.962
1.85234 146.945
1.8935 146.941
1.93471 146.941
1.97604 146.953
2.01718 146.946
2.05815 146.924
2.09923 146.912
2.14024 146.895
2.18133 146.886
2.22231 146.866
2.26355 146.871
2.30446 146.847
2.3455 146.835
2.38647 146.818
2.42744 146.802
2.46862 146.802
2.5102 146.833
2.55189 146.872
2.59276 146.848
2.63385 146.841
2.67497 146.836
2.71622 146.841
2.7574 146.841
2.79866 146.846
2.83981 146.844
2.88117 146.856
2.92243 146.861
2.96392 146.88
3.00545 146.902
3.04719 146.936
3.08843 146.939
3.1294 146.924
3.1704 146.912
3.2116 146.912
3.25296 146.922
3.29425 146.927
3.33566 146.939
3.37725 146.961
3.41881 146.981
3.46037 147
3.50181 147.012
3.54285 147.003
3.58389 146.993
3.6252 146.998
3.66642 146.998
3.7074 146.986
3.74885 146.998
3.7905 147.02
3.83216 147.042
3.87329 147.037
3.91431 147.028
3.95584 147.042
3.99773 147.074
4.03916 147.084
4.08133 147.127
4.12321 147.157
4.16446 147.157
4.20587 147.164
4.24755 147.184
4.28979 147.227
4.33139 147.242
4.37277 147.247
4.41404 147.247
4.45577 147.267
4.4971 147.269
4.53843 147.272
4.57977 147.274
4.62169 147.301
4.66339 147.318
4.70594 147.369
4.7476 147.384
4.78975 147.418
4.83131 147.428
4.87343 147.459
4.91562 147.494
4.95777 147.525
4.99878 147.513
5.04082 147.54
5.0826 147.557
5.12558 147.618
5.16726 147.631
5.20862 147.631
5.2501 147.636
5.29315 147.697
5.33507 147.716
5.37782 147.765
5.41934 147.77
5.46177 147.807
5.50359 147.822
5.54619 147.863
5.58939 147.924
5.63117 147.937
5.67302 147.951
5.71665 148.025
5.75853 148.04
5.8005 148.057
5.84277 148.084
5.88581 148.135
5.92842 148.172
5.97012 148.18
6.01376 148.249
6.0565 148.288
6.09838 148.3
6.14202 148.367
6.18577 148.436
6.2277 148.448
6.27052 148.487
6.4876 148.764
6.52979 148.781
6.57343 148.84
6.61659 148.885
6.70531 149.041
6.9251 149.359
