-2.94284 132.706
-2.90444 132.669
-2.86566 132.61
-2.8268 132.545
-2.78787 132.473
-2.63186 132.152
-2.59329 132.093
-2.55502 132.053
-2.51653 131.996
-2.40086 131.803
-2.36265 131.759
-2.32463 131.727
-2.28671 131.701
-2.24827 131.636
-2.20988 131.573
-2.1719 131.539
-2.09524 131.414
-2.0573 131.378
-2.01939 131.344
-1.98182 131.336
-1.94391 131.3
-1.90578 131.244
-1.86762 131.183
-1.82979 131.149
-1.79202 131.119
-1.75395 131.061
-1.71641 131.049
-1.67847 130.999
-1.64093 130.985
-1.603 130.933
-1.56544 130.915
-1.52751 130.859
-1.48985 130.829
-1.45234 130.813
-1.41458 130.769
-1.37709 130.753
-1.33934 130.707
-1.30183 130.687
-1.2643 130.663
-1.22678 130.64
-1.18921 130.608
-1.15166 130.578
-1.11428 130.568
-1.07689 130.556
-1.03927 130.512
-1.00187 130.496
-0.964329 130.459
-0.926967 130.447
-0.889598 130.433
-0.852084 130.393
-0.814743 130.381
-0.777332 130.355
-0.740004 130.343
-0.702612 130.318
-0.665306 130.308
-0.627915 130.278
-0.590553 130.252
-0.553219 130.23
-0.515939 130.221
-0.47867 130.213
-0.441344 130.187
-0.404018 130.157
-0.366755 130.145
-0.329487 130.129
-0.29222 130.112
-0.254961 130.094
-0.217706 130.074
-0.180469 130.06
-0.143244 130.05
-0.106023 130.041
-0.068802 130.027
-0.0315881 130.015
0.00562339 129.999
0.0428275 129.985
0.0800258 129.971
0.117218 129.956
0.154404 129.94
0.191583 129.924
0.22876 129.914
0.265935 129.906
0.303107 129.899
0.340259 129.879
0.377402 129.859
0.414567 129.855
0.451723 129.847
0.488875 129.84
0.526034 129.836
0.563176 129.826
0.600337 129.824
0.637472 129.814
0.674617 129.808
0.711783 129.808
0.748933 129.804
0.786048 129.793
0.823159 129.781
0.860273 129.771
0.897404 129.765
0.934532 129.759
0.971689 129.759
1.00884 129.757
1.04595 129.749
1.08303 129.738
1.12013 129.728
1.15725 129.724
1.19437 129.718
1.23149 129.714
1.2686 129.708
1.30575 129.708
1.34293 129.712
1.38006 129.711
1.41725 129.715
1.45442 129.717
1.49156 129.715
1.52869 129.713
1.56579 129.707
1.60296 129.709
1.64027 129.725
1.67722 129.703
1.71427 129.693
1.75124 129.676
1.78827 129.664
1.82541 129.664
1.86277 129.684
1.90001 129.692
1.93712 129.688
1.97425 129.686
2.01138 129.684
2.04849 129.68
2.08559 129.676
2.12279 129.68
2.16005 129.688
2.1973 129.696
2.23454 129.702
2.27186 129.714
2.30913 129.722
2.3464 129.73
2.38357 129.73
2.42076 129.732
2.45799 129.736
2.49527 129.744
2.53241 129.742
2.56965 129.746
2.60718 129.77
2.64449 129.778
2.68179 129.786
2.7191 129.794
2.75638 129.8
2.7936 129.802
2.83105 129.818
2.86858 129.838
2.90588 129.844
2.94311 129.846
2.98045 129.854
3.01783 129.864
3.05528 129.878
3.09267 129.888
3.1301 129.9
3.16727 129.898
3.20449 129.898
3.24193 129.91
3.27937 129.922
3.3171 129.947
3.35468 129.965
3.39199 129.969
3.42938 129.977
3.46706 129.999
3.50463 130.015
3.54241 130.041
3.58012 130.063
3.61746 130.067
3.65502 130.081
3.69284 130.107
3.73028 130.115
3.76763 130.119
3.80531 130.137
3.84317 130.163
3.88108 130.191
3.91855 130.199
3.95598 130.205
3.99374 130.225
4.03174 130.255
4.06938 130.269
4.10736 130.297
4.14541 130.327
4.18302 130.339
4.22089 130.361
4.25882 130.385
4.2964 130.395
4.33435 130.419
4.37241 130.447
4.41069 130.483
4.44873 130.509
4.48625 130.515
4.52388 130.525
4.56265 130.577
4.6004 130.591
4.63916 130.641
4.67682 130.651
4.71489 130.675
4.75251 130.683
4.79139 130.735
4.8292 130.749
4.86748 130.779
4.90653 130.836
4.94573 130.896
4.98342 130.904
5.02087 130.904
5.0585 130.91
5.09758 130.964
5.13633 131.007
5.17528 131.055
5.21395 131.093
5.25332 131.154
5.2912 131.166
5.32973 131.198
5.36846 131.236
5.40773 131.291
5.44702 131.345
5.4849 131.355
5.52416 131.408
5.9583 132.004
5.99822 132.067
6.0376 132.114
6.07839 132.2
6.11833 132.261
6.15772 132.306
6.19876 132.396
6.45222 133.104
6.49095 133.125
6.52954 133.141
6.56805 133.156
