-24.8724 83.9128
-24.8441 83.9025
1.34651 145.547
1.38654 145.505
1.42673 145.486
1.46658 145.425
1.5859 145.234
1.62554 145.161
1.66565 145.145
1.70534 145.084
1.82429 144.903
1.86433 144.887
1.90392 144.828
1.94396 144.814
1.98379 144.781
2.02327 144.718
2.06331 144.707
2.10272 144.641
2.1427 144.627
2.22211 144.555
2.26143 144.489
2.30113 144.457
2.34114 144.45
2.38076 144.413
2.42039 144.378
2.46001 144.343
2.49958 144.305
2.53917 144.27
2.5791 144.261
2.61869 144.229
2.65817 144.189
2.69766 144.152
2.73721 144.119
2.7771 144.11
2.81659 144.075
2.85602 144.038
2.89555 144.008
2.93507 143.978
2.97529 143.992
3.01468 143.955
3.05416 143.924
3.09399 143.915
3.13377 143.904
3.17318 143.871
3.21299 143.862
3.25267 143.846
3.29226 143.825
3.33162 143.792
3.37128 143.776
3.41097 143.762
3.45082 143.758
3.49041 143.739
3.5299 143.716
3.56938 143.693
3.60872 143.663
3.64827 143.644
3.68786 143.628
3.72758 143.619
3.76735 143.612
3.80668 143.584
3.84614 143.564
3.88589 143.557
3.92569 143.552
3.96529 143.538
4.00482 143.522
4.04456 143.515
4.08418 143.503
4.12365 143.485
4.16332 143.476
4.20271 143.455
4.24221 143.439
4.28186 143.43
4.32129 143.411
4.36082 143.397
4.40051 143.39
4.44053 143.397
4.48022 143.39
4.52002 143.388
4.55965 143.379
4.5988 143.351
4.63817 143.333
4.67796 143.33
4.7181 143.342
4.75776 143.335
4.79791 143.346
4.83757 143.34
4.87754 143.344
4.9172 143.337
4.95628 143.31
4.99586 143.3
5.03563 143.298
5.07508 143.284
5.11406 143.254
5.15382 143.252
5.19232 143.206
5.23107 143.169
5.27429 143.286
5.31778 143.411
5.35668 143.378
5.3966 143.381
5.43271 143.256
5.47204 143.24
5.51263 143.265
5.55295 143.282
5.59321 143.295
5.63339 143.307
5.6733 143.309
5.71306 143.307
5.75267 143.3
5.79242 143.298
5.83225 143.298
5.872 143.295
5.91198 143.3
5.95189 143.302
5.99149 143.295
6.03147 143.3
6.07168 143.311
6.11206 143.327
6.15244 143.343
6.19251 143.35
6.23243 143.352
6.27219 143.35
6.31162 143.339
6.35146 143.338
6.39186 143.355
6.43186 143.359
6.47162 143.357
6.51154 143.359
6.55188 143.373
6.59231 143.389
6.63224 143.391
6.67234 143.398
6.71252 143.407
6.75272 143.416
6.79326 143.435
6.83337 143.442
6.87349 143.449
6.91414 143.469
6.95435 143.478
6.99448 143.485
7.03453 143.49
7.07511 143.508
7.11562 143.524
7.15613 143.541
7.19628 143.547
7.23652 143.557
7.27677 143.566
7.31749 143.586
7.35813 143.605
7.39849 143.616
7.43904 143.633
7.4796 143.649
7.52017 143.665
7.56094 143.686
7.60182 143.709
7.6428 143.734
7.6832 143.745
7.72421 143.771
7.76453 143.78
7.80545 143.803
7.84578 143.812
7.88611 143.822
7.92726 143.849
7.96954 143.902
8.01021 143.919
8.05068 143.93
8.09157 143.951
8.13184 143.958
8.17379 144.002
8.21533 144.037
8.25563 144.044
8.29582 144.048
8.33783 144.092
8.37868 144.111
8.4204 144.148
8.4617 144.176
8.50258 144.194
8.54423 144.229
8.5859 144.264
8.62736 144.294
8.66918 144.331
8.71089 144.366
8.75274 144.403
8.79358 144.419
8.83511 144.45
8.87689 144.484
8.92029 144.552
8.96245 144.594
9.00358 144.615
9.04426 144.627
9.08658 144.671
9.12893 144.715
9.17235 144.781
9.2145 144.82
9.25643 144.855
9.29862 144.895
9.34239 144.965
9.38353 144.984
9.42699 145.047
9.47048 145.111
9.51277 145.15
9.55692 145.225
9.5979 145.24
9.68574 145.378
9.72964 145.446
9.85926 145.609
10.0815 145.985
