-10.7206 143.053
-10.6774 143.004
-10.633 142.933
-10.5907 142.898
-10.5491 142.873
-10.5074 142.848
-10.4651 142.811
-10.4228 142.774
-10.3791 142.715
-10.338 142.699
-10.2959 142.664
-10.0842 142.469
-10.0433 142.456
-9.95951 142.392
-9.91726 142.353
-9.87515 142.317
-9.83318 142.282
-9.79301 142.28
-9.75246 142.271
-9.70901 142.21
-9.66722 142.178
-9.62682 142.171
-9.58481 142.135
-9.54294 142.1
-9.50132 142.071
-9.46058 142.057
-9.41875 142.023
-9.37863 142.021
-9.33851 142.019
-9.29695 141.989
-9.25516 141.955
-9.21469 141.946
-9.1734 141.922
-9.132 141.894
-9.0912 141.878
-9.04947 141.844
-9.00939 141.842
-8.96826 141.82
-8.92796 141.813
-8.88754 141.804
-8.84482 141.75
-8.80442 141.741
-8.76402 141.732
-8.72374 141.725
-8.68267 141.703
-8.64127 141.673
-8.60067 141.66
-8.55951 141.635
-8.51947 141.633
-8.47977 141.638
-8.43962 141.633
-8.39849 141.608
-8.35846 141.606
-8.31864 141.609
-8.27807 141.595
-8.23676 141.566
-8.19631 141.555
-8.15438 141.512
-8.11405 141.503
-8.07425 141.505
-8.03444 141.508
-7.99443 141.506
-7.95421 141.499
-7.91389 141.49
-7.87327 141.475
-7.83336 141.475
-7.79335 141.473
-7.75315 141.466
-7.71284 141.457
-7.67273 141.453
-7.63283 141.453
-7.59302 141.456
-7.55292 141.452
-7.51204 141.429
-7.47184 141.422
-7.43194 141.423
-7.39194 141.421
-7.35137 141.405
-7.31128 141.4
-7.27204 141.417
-7.23232 141.422
-7.19195 141.41
-7.15121 141.39
-7.11075 141.377
-7.07131 141.388
-7.03068 141.37
-6.99014 141.355
-6.95007 141.35
-6.90981 141.341
-6.87108 141.371
-6.83188 141.39
-6.79242 141.401
-6.75172 141.381
-6.71268 141.404
-6.67112 141.361
-6.62846 141.288
-6.58686 141.243
-6.54766 141.261
-6.5082 141.273
-6.46932 141.301
-6.42943 141.301
-6.3897 141.306
-6.35112 141.342
-6.31302 141.393
-6.27367 141.409
-6.23383 141.411
-6.19415 141.418
-6.15438 141.423
-6.11437 141.421
-6.07492 141.435
-6.0364 141.476
-5.99732 141.502
-5.95729 141.5
-5.91734 141.5
-5.878 141.518
-5.83828 141.525
-5.7987 141.537
-5.75896 141.544
-5.71922 141.551
-5.67992 141.572
-5.64069 141.595
-5.60086 141.6
-5.56088 141.6
-5.52098 141.603
-5.48142 141.616
-5.44229 141.644
-5.40315 141.672
-5.3635 141.683
-5.3235 141.684
-5.28412 141.704
-5.24439 141.714
-5.20451 141.719
-5.16484 141.73
-5.12503 141.737
-5.0862 141.779
-5.04657 141.793
-5.00687 141.804
-4.9671 141.814
-4.92777 141.839
-4.8883 141.86
-4.84844 141.867
-4.80852 141.872
-4.76934 141.904
-4.72977 141.923
-4.69088 141.967
-4.65092 141.971
-4.61121 141.985
-4.57155 142.002
-4.53194 142.02
-4.49267 142.053
-4.45345 142.087
-4.41358 142.097
-4.37438 142.134
-4.335 142.164
-4.29567 142.196
-4.25509 142.178
-4.21623 142.231
-4.17642 142.245
-4.13709 142.28
-4.09833 142.34
-4.05897 142.375
-4.01911 142.389
-3.9795 142.414
-3.93948 142.421
-3.89949 142.431
-3.86001 142.463
-3.82127 142.531
-3.78136 142.545
-3.74193 142.582
-3.70248 142.619
-3.66359 142.684
-3.62354 142.693
-3.5838 142.719
-3.54383 142.733
-3.50426 142.768
-3.46472 142.805
-3.42507 142.838
-3.3855 142.875
-3.34538 142.885
-3.30626 142.947
-3.26716 143.013
-3.2276 143.055
-3.18751 143.069
-3.14738 143.081
-2.437 144.23
-2.39736 144.301
-2.35781 144.381
-2.31819 144.459
