-24.8722 83.9118
-24.8434 83.8995
4.75369 138.786
4.79198 138.766
5.08042 138.008
5.11819 137.977
5.22853 137.791
5.82077 137.032
5.9316 136.901
5.96795 136.841
6.0059 136.828
6.0431 136.794
6.08035 136.762
6.1546 136.691
6.19182 136.659
6.22963 136.644
6.26574 136.582
6.30206 136.527
6.33929 136.497
6.37729 136.488
6.41458 136.46
6.45233 136.445
6.48856 136.39
6.52645 136.379
6.56369 136.352
6.60092 136.324
6.63814 136.296
6.67591 136.283
6.71303 136.254
6.75029 136.228
6.78813 136.217
6.82496 136.181
6.86202 136.152
6.89907 136.122
6.93671 136.107
6.97314 136.062
7.01092 136.052
7.04888 136.045
7.08596 136.018
7.12346 136.001
7.16 135.96
7.19784 135.952
7.23567 135.943
7.27341 135.933
7.31133 135.926
7.3487 135.907
7.38571 135.88
7.42342 135.869
7.45959 135.822
7.49701 135.805
7.53388 135.776
7.57128 135.759
7.60775 135.721
7.64561 135.714
7.68393 135.719
7.72197 135.717
7.75972 135.708
7.79747 135.7
7.83483 135.683
7.87219 135.666
7.90886 135.634
7.94688 135.632
7.98499 135.632
8.02271 135.623
8.06043 135.615
8.09844 135.613
8.13605 135.602
8.17345 135.587
8.21075 135.57
8.24855 135.564
8.28624 135.556
8.32352 135.539
8.3611 135.528
8.39837 135.511
8.43593 135.501
8.47391 135.498
8.51209 135.501
8.54955 135.488
8.58741 135.484
8.62538 135.481
8.66304 135.473
8.7009 135.469
8.73875 135.464
8.77639 135.456
8.81457 135.458
8.85264 135.458
8.89081 135.46
8.92888 135.46
8.96695 135.46
9.0048 135.456
9.04121 135.424
9.07872 135.414
9.11644 135.407
9.15528 135.422
9.101 133.687
9.2394 135.571
9.27749 135.571
9.31547 135.569
9.34762 135.46
9.38465 135.441
9.42248 135.436
9.46054 135.436
9.49837 135.432
9.53608 135.426
9.57344 135.413
9.61149 135.413
9.64966 135.415
9.68772 135.415
9.72553 135.411
9.76335 135.406
9.80176 135.413
9.83993 135.415
9.87798 135.415
9.91676 135.427
9.9547 135.425
9.99214 135.415
10.0308 135.425
10.0698 135.442
10.1082 135.446
10.146 135.442
10.1841 135.444
10.2225 135.448
10.2603 135.444
10.2984 135.446
10.3373 135.458
10.376 135.469
10.4147 135.479
10.4528 135.481
10.4916 135.492
10.5304 135.504
10.5687 135.508
10.6069 135.511
10.6455 135.519
10.6839 135.523
10.7222 135.527
10.7605 135.531
10.799 135.538
10.8388 135.565
10.8779 135.582
10.9172 135.601
10.9565 135.62
10.995 135.626
11.0339 135.639
11.0723 135.643
11.1105 135.645
11.1488 135.647
11.1878 135.661
11.2268 135.674
11.2655 135.685
11.3049 135.703
11.3448 135.731
11.3856 135.771
11.4247 135.786
11.4635 135.796
11.5024 135.807
11.5413 135.819
11.5823 135.862
11.6209 135.868
11.6596 135.876
11.6983 135.885
11.7382 135.91
11.7768 135.916
11.8184 135.967
11.8569 135.971
11.8953 135.975
11.9359 136.009
11.978 136.066
12.0168 136.075
12.057 136.104
12.0954 136.106
12.134 136.113
12.1728 136.121
12.2151 136.178
12.2539 136.187
12.2942 136.216
12.3364 136.272
12.3755 136.284
12.4157 136.312
12.4561 136.342
12.4965 136.371
12.5372 136.405
12.5781 136.441
12.6175 136.456
12.6576 136.482
12.6982 136.514
12.7374 136.526
12.7797 136.579
12.8206 136.616
12.8616 136.652
12.9042 136.709
12.9435 136.722
12.9847 136.761
13.0253 136.79
13.0665 136.829
13.1091 136.884
13.1503 136.923
13.1913 136.957
13.2328 136.998
13.2759 137.06
13.3188 137.118
13.3585 137.135
13.3997 137.171
13.487 137.306
13.5303 137.369
13.5718 137.407
13.6183 137.511
13.6617 137.573
13.7014 137.588
13.745 137.653
13.7914 137.752
13.8347 137.812
13.8765 137.853
