-1.72947 135.905
-1.69072 135.88
-1.65221 135.878
-1.29197 134.102
-1.25339 134.04
-1.21509 134.011
-1.17663 133.959
-1.13813 133.896
-0.830552 133.306
-0.792413 133.264
-0.754183 133.201
-0.716103 133.164
-0.677958 133.108
-0.639897 133.067
-0.601781 133.008
-0.563774 132.971
-0.525726 132.917
-0.487816 132.899
-0.4498 132.844
-0.411785 132.78
-0.373867 132.744
-0.335906 132.682
-0.29807 132.666
-0.260165 132.611
-0.222322 132.578
-0.184491 132.543
-0.14664 132.482
-0.108841 132.446
-0.0710712 132.423
-0.033304 132.391
0.00444834 132.36
0.042185 132.344
0.0799143 132.311
0.117623 132.254
0.155319 132.222
0.193004 132.194
0.230663 132.151
0.268323 132.125
0.305999 132.118
0.343641 132.092
0.381256 132.058
0.418894 132.042
0.456456 131.995
0.494079 131.981
0.531619 131.938
0.56923 131.926
0.60672 131.877
0.644299 131.861
0.68182 131.831
0.719429 131.827
0.756987 131.811
0.794547 131.797
0.832 131.76
0.869467 131.73
0.907001 131.716
0.944403 131.678
0.981941 131.668
1.0194 131.643
1.05692 131.633
1.09437 131.611
1.13188 131.599
1.16928 131.573
1.20669 131.549
1.24419 131.539
1.28166 131.527
1.31909 131.509
1.35658 131.499
1.39397 131.479
1.43133 131.454
1.46874 131.438
1.50624 131.432
1.5436 131.412
1.58093 131.388
1.61839 131.38
1.65588 131.376
1.69332 131.366
1.73069 131.35
1.76803 131.332
1.80543 131.32
1.84283 131.308
1.88017 131.292
1.91762 131.286
1.95507 131.28
1.99242 131.266
2.02984 131.258
2.06718 131.244
2.10449 131.228
2.14182 131.214
2.17922 131.206
2.21669 131.204
2.25406 131.194
2.29137 131.18
2.32876 131.172
2.36617 131.166
2.4036 131.162
2.44101 131.156
2.47841 131.15
2.51575 131.14
2.55294 131.12
2.59052 131.126
2.62803 131.128
2.66552 131.128
2.70281 131.116
2.74027 131.115
2.77765 131.109
2.81497 131.099
2.85228 131.089
2.88969 131.085
2.92717 131.085
2.96458 131.081
3.00195 131.075
3.03936 131.071
3.07662 131.059
3.11398 131.053
3.15145 131.053
3.18922 131.069
3.22685 131.077
3.26479 131.101
3.30251 131.114
3.33953 131.09
3.37681 131.08
3.41401 131.066
3.4512 131.052
3.48847 131.042
3.5259 131.04
3.56358 131.05
3.60123 131.058
3.63871 131.058
3.67592 131.046
3.71309 131.032
3.75061 131.034
3.78839 131.048
3.82614 131.06
3.86389 131.072
3.90147 131.077
3.939 131.079
3.97653 131.081
4.01416 131.087
4.05188 131.097
4.08961 131.107
4.1273 131.115
4.16519 131.131
4.20289 131.139
4.24033 131.138
4.27788 131.14
4.31554 131.146
4.35335 131.158
4.39106 131.166
4.42883 131.176
4.46676 131.192
4.50438 131.196
4.54195 131.198
4.57974 131.209
4.61775 131.227
4.65554 131.237
4.69346 131.251
4.73127 131.261
4.76897 131.267
4.80667 131.273
4.84449 131.284
4.88237 131.296
4.92044 131.314
4.95827 131.324
4.99641 131.344
5.03426 131.355
5.07212 131.365
5.11028 131.385
5.14802 131.391
5.18589 131.401
5.22408 131.422
5.26215 131.438
5.29997 131.446
5.33799 131.46
5.37634 131.484
5.41424 131.495
5.45202 131.501
5.49092 131.541
5.52891 131.553
5.56684 131.564
5.60564 131.6
5.64352 131.608
5.68147 131.618
5.72052 131.661
5.75856 131.673
5.79639 131.679
5.835 131.708
5.87375 131.74
5.91175 131.751
5.95025 131.775
5.98883 131.801
6.02685 131.812
6.06625 131.86
6.10436 131.873
6.14284 131.895
6.18111 131.911
6.21976 131.938
6.25789 131.95
6.29717 131.993
6.33563 132.013
6.37448 132.044
6.41411 132.095
6.4523 132.107
6.4912 132.138
6.53026 132.172
6.56911 132.201
6.64732 132.27
6.68645 132.305
6.72608 132.352
6.76435 132.364
6.80467 132.428
6.84403 132.467
6.88292 132.493
6.92115 132.504
7.00091 132.604
7.04096 132.657
7.08009 132.688
7.11923 132.719
7.15831 132.748
7.19774 132.785
7.2793 132.921
7.31977 132.98
7.3585 132.999
7.39822 133.04
7.43723 133.065
7.47897 133.151
7.51939 133.207
7.5591 133.246
7.97757 134.076
8.01633 134.089
8.05598 134.12
