-1.7672 146.278
-1.72581 146.244
-1.68469 146.237
-1.6433 146.201
-1.60198 146.17
-1.56075 146.149
-1.5196 146.134
-1.47827 146.098
-1.43697 146.065
-1.39588 146.056
-1.35478 146.044
-1.31339 145.994
-1.27233 145.984
-1.23108 145.948
-1.18998 145.932
-1.14867 145.884
-1.10763 145.872
-1.06652 145.851
-1.02554 145.849
-0.984524 145.839
-0.943483 145.825
-0.902486 145.818
-0.861504 145.813
-0.820418 145.787
-0.779423 145.778
-0.738443 145.771
-0.697354 145.737
-0.656347 145.721
-0.615402 145.719
-0.574389 145.697
-0.533362 145.669
-0.492294 145.623
-0.451401 145.631
-0.41053 145.648
-0.369598 145.643
-0.328625 145.619
-0.287652 145.591
-0.246693 145.562
-0.205788 145.56
-0.164825 145.515
-0.123904 145.489
-0.0830274 145.498
-0.042155 145.52
-0.00126265 145.52
0.0396304 145.518
0.0805223 145.518
0.121413 145.511
0.162295 145.49
0.203178 145.485
0.244062 145.485
0.284932 145.471
0.325798 145.459
0.366688 145.467
0.407582 145.474
0.448441 145.462
0.48929 145.448
0.530115 145.427
0.570968 145.42
0.611812 145.41
0.652622 145.391
0.693392 145.363
0.734209 145.351
0.775082 145.356
0.815845 145.332
0.856676 145.328
0.897516 145.325
0.938553 145.366
0.979458 145.376
1.02035 145.383
1.06117 145.374
1.10208 145.383
1.14298 145.39
1.18389 145.398
1.2248 145.405
1.26567 145.405
1.30661 145.417
1.34752 145.422
1.38846 145.432
1.42947 145.451
1.47042 145.461
1.51126 145.456
1.55218 145.461
1.59315 145.473
1.63408 145.478
1.6749 145.471
1.71578 145.471
1.75668 145.473
1.79757 145.474
1.8385 145.478
1.87945 145.486
1.9204 145.493
1.96146 145.51
2.0026 145.534
2.0436 145.543
2.08454 145.548
2.1255 145.553
2.16648 145.561
2.2076 145.58
2.24873 145.599
2.28975 145.609
2.33069 145.611
2.37154 145.606
2.41276 145.63
2.45395 145.652
2.49499 145.662
2.53614 145.679
2.57723 145.691
2.61829 145.7
2.65929 145.705
2.70022 145.705
2.74112 145.703
2.78236 145.725
2.82376 145.756
2.86492 145.77
2.90638 145.804
2.94785 145.837
2.98933 145.871
3.03034 145.874
3.07135 145.876
3.11271 145.9
3.15388 145.912
3.1955 145.951
3.23669 145.963
3.27818 145.992
3.31934 146.001
3.36038 146.004
3.4018 146.028
3.44294 146.035
3.48456 146.069
3.52633 146.11
3.56816 146.153
3.60982 146.187
3.651 146.194
3.69209 146.197
3.73369 146.226
3.81728 146.3
3.85903 146.334
3.90044 146.351
3.94226 146.387
3.98349 146.394
4.02524 146.426
4.06762 146.486
4.10893 146.496
4.15082 146.532
4.31895 146.694
4.36087 146.728
4.40231 146.74
4.44477 146.796
4.48685 146.835
4.6556 147
4.69711 147.012
4.74008 147.082
4.78321 147.158
4.82538 147.194
4.86664 147.194
5.6457 148.428
