-20.4014 141.768
-20.3557 141.71
-20.3152 141.697
-19.9858 141.2
-19.9402 141.141
-19.896 141.094
-19.8494 141.026
-19.8031 140.96
-19.7576 140.9
-19.5784 140.687
-19.5381 140.674
-19.4922 140.61
-19.4459 140.542
-19.4001 140.478
-19.3599 140.465
-19.3204 140.459
-19.2794 140.439
-19.2368 140.404
-19.1906 140.336
-19.1505 140.323
-19.1081 140.29
-19.0654 140.253
-19.0231 140.22
-18.9813 140.192
-18.9418 140.185
-18.9001 140.157
-18.8578 140.124
-18.8179 140.113
-18.5996 139.88
-18.5603 139.874
-18.5221 139.878
-18.4853 139.896
-18.4441 139.872
-18.3997 139.817
-18.3599 139.806
-18.3178 139.774
-18.278 139.763
-18.2367 139.737
-18.1956 139.713
-18.1563 139.707
-18.117 139.7
-18.075 139.668
-18.033 139.635
-17.993 139.622
-17.9537 139.616
-17.9129 139.594
-17.8743 139.594
-17.833 139.568
-17.7933 139.557
-17.7545 139.555
-17.7152 139.549
-17.6709 139.492
-17.6295 139.464
-17.5909 139.464
-17.5519 139.46
-17.5111 139.438
-17.471 139.423
-17.4311 139.41
-17.3908 139.393
-17.352 139.391
-17.3137 139.393
-17.2747 139.389
-17.235 139.378
-17.1945 139.359
-17.1549 139.348
-17.1155 139.339
-17.0752 139.322
-17.0358 139.314
-16.9973 139.314
-16.9587 139.314
-16.9197 139.309
-16.8801 139.299
-16.8409 139.292
-16.8017 139.286
-16.7628 139.282
-16.7244 139.284
-16.6854 139.28
-16.6458 139.269
-16.606 139.256
-16.5652 139.232
-16.526 139.226
-16.4871 139.222
-16.4489 139.226
-16.4106 139.228
-16.3714 139.222
-16.3321 139.213
-16.2933 139.211
-16.2554 139.218
-16.2168 139.218
-16.1778 139.214
-16.1395 139.216
-16.1007 139.214
-16.0622 139.214
-16.0242 139.22
-15.986 139.225
-15.9481 139.231
-15.9085 139.221
-15.8702 139.223
-15.833 139.238
-15.7948 139.243
-15.756 139.24
-15.7182 139.249
-15.6777 139.228
-15.6378 139.212
-15.5979 139.197
-15.5634 139.243
-15.5257 139.254
-15.4881 139.265
-15.4511 139.282
-15.4123 139.28
-15.3724 139.265
-15.3334 139.261
-15.295 139.263
-15.2562 139.261
-15.2188 139.274
-15.1806 139.278
-15.1424 139.283
-15.1045 139.292
-15.0657 139.29
-15.0258 139.274
-14.988 139.283
-14.9492 139.281
-14.9119 139.296
-14.874 139.305
-14.8356 139.307
-14.7981 139.32
-14.7623 139.353
-14.7257 139.377
-14.6874 139.381
-14.6489 139.384
-14.611 139.392
-14.5733 139.403
-14.5361 139.421
-14.4998 139.449
-14.4632 139.473
-14.4249 139.478
-14.3857 139.471
-14.3478 139.48
-14.3095 139.484
-14.2721 139.5
-14.2346 139.515
-14.197 139.528
-14.1592 139.539
-14.1216 139.552
-14.0842 139.567
-14.0485 139.604
-14.0108 139.618
-13.9732 139.631
-13.9347 139.633
-13.8972 139.648
-13.86 139.668
-13.8227 139.686
-13.7869 139.723
-13.7485 139.727
-13.7103 139.734
-13.6726 139.747
-13.6358 139.771
-13.5997 139.806
-13.5619 139.817
-13.5248 139.839
-13.4869 139.85
-13.4523 139.904
-13.4144 139.915
-13.3768 139.931
-13.3394 139.948
-13.3044 139.999
-13.2669 140.016
-13.2288 140.025
-13.1907 140.034
-13.1563 140.093
-13.1183 140.104
-13.0811 140.126
-13.0428 140.133
-13.0062 140.164
-12.97 140.199
-12.9334 140.229
-12.897 140.262
-12.8588 140.271
-12.7863 140.344
-12.7497 140.375
-12.713 140.405
-12.6749 140.417
-12.6402 140.474
-12.602 140.485
-12.5653 140.516
-11.5978 141.79
-11.5594 141.801
-11.5236 141.855
-11.4533 141.98
-11.356 142.301
-11.3207 142.364
-11.2848 142.418
-11.2496 142.483
-11.2132 142.531
-11.1765 142.574
-11.1429 142.666
