27.482 135.171
27.5312 135.241
27.5639 135.207
27.5828 135.087
27.6043 134.984
27.618 134.833
27.2674 132.421
27.3012 132.399
27.3402 132.177
27.3667 132.11
27.4797 131.658
27.5097 131.613
27.5424 131.585
27.5694 131.523
27.5923 131.436
27.6189 131.371
27.6502 131.335
27.681 131.297
27.7599 131.1
27.7871 131.04
27.8132 130.974
27.8399 130.911
27.871 130.875
27.9001 130.827
27.9345 130.811
27.9602 130.743
27.9872 130.683
28.0151 130.63
28.0464 130.596
28.0771 130.558
28.1074 130.518
28.1363 130.47
28.1665 130.43
28.1927 130.367
28.2199 130.309
28.2501 130.269
28.285 130.257
28.3148 130.215
28.346 130.182
28.3764 130.144
28.4076 130.11
28.4401 130.085
28.4715 130.053
28.503 130.021
28.5317 129.974
28.558 129.912
28.5914 129.893
28.6245 129.871
28.6572 129.847
28.6862 129.802
28.721 129.79
28.7506 129.748
28.7812 129.713
28.8149 129.695
28.8493 129.681
28.8771 129.63
28.9091 129.602
28.9417 129.579
28.9726 129.545
29.0008 129.496
29.0337 129.474
29.0642 129.439
29.0996 129.431
29.1325 129.41
29.1647 129.384
29.1979 129.364
29.2294 129.335
29.262 129.311
29.2955 129.294
29.3312 129.288
29.3654 129.274
29.3955 129.237
29.4262 129.203
29.458 129.176
29.4901 129.151
29.5254 129.143
29.5592 129.127
29.5902 129.096
29.6227 129.072
29.6582 129.066
29.6924 129.053
29.7259 129.035
29.7583 129.012
29.7892 128.98
29.8223 128.961
29.8571 128.951
29.8916 128.939
29.9261 128.928
29.9599 128.912
29.9911 128.883
30.0206 128.844
30.0547 128.83
30.0902 128.824
30.125 128.814
30.1565 128.787
30.1892 128.766
30.2196 128.733
30.253 128.715
30.2884 128.709
30.3228 128.698
30.3565 128.682
30.3912 128.672
30.4227 128.645
30.4578 128.637
30.494 128.635
30.5283 128.624
30.5638 128.618
30.5992 128.612
30.6357 128.612
30.6715 128.608
30.7033 128.583
30.7351 128.558
30.7698 128.548
30.8052 128.542
30.8402 128.534
30.8763 128.532
30.911 128.523
30.9457 128.513
30.9832 128.519
31.019 128.515
31.0481 128.476
31.0813 128.458
31.1229 128.486
31.1664 128.523
31.2036 128.526
31.2327 128.488
31.2659 128.47
31.2997 128.457
31.3303 128.426
31.363 128.406
31.3987 128.402
31.4378 128.416
31.4757 128.424
31.5111 128.418
31.546 128.41
31.5825 128.41
31.6182 128.406
31.6524 128.395
31.6881 128.391
31.7249 128.393
31.7598 128.385
31.7929 128.367
31.8286 128.363
31.8658 128.367
31.9026 128.369
31.9386 128.367
31.9735 128.36
32.0058 128.338
32.0392 128.323
32.0771 128.331
32.1147 128.336
32.1534 128.348
32.1928 128.364
32.2308 128.371
32.2642 128.356
32.2983 128.344
32.3347 128.344
32.3715 128.346
32.4075 128.344
32.4447 128.348
32.4815 128.35
32.5225 128.373
32.5632 128.395
32.5996 128.395
32.6341 128.385
32.6728 128.396
32.7146 128.424
32.7507 128.422
32.7805 128.389
32.8146 128.377
32.8529 128.387
32.8928 128.404
32.9316 128.416
32.97 128.426
33.0079 128.433
33.0447 128.435
33.0835 128.447
33.1238 128.466
33.161 128.47
33.1986 128.476
33.2354 128.478
33.2711 128.474
33.3083 128.478
33.3459 128.484
33.3862 128.503
33.4246 128.513
33.4618 128.517
33.4979 128.515
33.5343 128.515
33.5762 128.542
33.6131 128.544
33.6523 128.557
33.6899 128.563
33.7291 128.577
33.7703 128.6
33.808 128.606
33.8472 128.62
33.8896 128.649
34.4072 128.859
34.4449 128.865
35.0344 129.236
35.0717 129.239
35.1095 129.245
35.1561 129.292
35.1952 129.304
35.4609 129.52
35.4996 129.53
35.5447 129.569
35.5855 129.588
35.784 129.829
35.8279 129.862
