-22.0013 113.956
-21.8571 113.431
-21.8239 113.428
-21.3676 112.549
-21.3252 112.482
-21.2857 112.434
-21.2514 112.422
-21.2155 112.398
-21.0441 112.113
-21.0045 112.064
-20.9649 112.015
-20.9251 111.964
-20.8861 111.917
-20.8505 111.896
-20.741 111.809
-20.5516 111.615
-20.5181 111.608
-20.3331 111.442
-20.2982 111.423
-20.2644 111.413
-20.2235 111.351
-20.187 111.321
-20.1485 111.276
-20.1147 111.266
-20.0771 111.227
-20.0415 111.203
-20.0056 111.177
-19.97 111.152
-19.9365 111.143
-19.9013 111.122
-19.8663 111.102
-19.7272 111.027
-19.6937 111.018
-19.6583 110.995
-19.6209 110.957
-19.5877 110.949
-19.5524 110.926
-19.5148 110.886
-19.4822 110.883
-19.4478 110.867
-19.4141 110.856
-19.3791 110.834
-19.3434 110.809
-19.3078 110.783
-19.2734 110.766
-19.2408 110.763
-19.2074 110.754
-19.1724 110.732
-19.1398 110.729
-19.103 110.694
-19.0701 110.688
-19.0371 110.682
-19.0026 110.664
-18.9692 110.654
-18.9347 110.636
-18.9017 110.63
-18.8672 110.612
-18.8325 110.592
-18.798 110.574
-18.7656 110.572
-18.7327 110.566
-18.7 110.561
-18.6677 110.56
-18.6352 110.557
-18.6007 110.538
-18.5658 110.517
-18.5303 110.491
-18.4974 110.485
-18.4667 110.496
-18.4362 110.508
-18.4019 110.491
-18.3684 110.48
-18.3349 110.47
-18.3017 110.46
-18.2678 110.447
-18.2319 110.417
-18.1973 110.397
-18.1663 110.406
-18.1352 110.413
-18.1035 110.416
-18.0685 110.393
-18.033 110.366
-17.9992 110.353
-17.9678 110.358
-17.9378 110.375
-17.9059 110.376
-17.8731 110.37
-17.8395 110.358
-17.8079 110.362
-17.7762 110.365
-17.7443 110.367
-17.712 110.365
-17.679 110.357
-17.6452 110.344
-17.6128 110.341
-17.5805 110.339
-17.5482 110.337
-17.5161 110.337
-17.4848 110.343
-17.4525 110.342
-17.4193 110.332
-17.3861 110.323
-17.354 110.323
-17.3219 110.323
-17.2889 110.315
-17.2559 110.308
-17.2245 110.314
-17.1937 110.324
-17.1625 110.332
-17.1311 110.338
-17.0992 110.339
-17.0668 110.336
-17.0347 110.336
-17.0026 110.336
-16.9708 110.339
-16.9396 110.346
-16.9081 110.35
-16.8763 110.353
-16.8442 110.353
-16.8119 110.352
-16.7794 110.348
-16.7477 110.351
-16.7152 110.348
-16.6835 110.351
-16.6544 110.377
-16.6229 110.383
-16.5914 110.387
-16.5587 110.382
-16.5262 110.379
-16.4948 110.385
-16.4634 110.391
-16.4321 110.398
-16.4012 110.409
-16.3689 110.407
-16.3368 110.407
-16.3052 110.412
-16.2741 110.421
-16.2428 110.428
-16.2117 110.437
-16.1796 110.437
-16.1474 110.437
-16.1153 110.437
-16.0833 110.438
-16.0514 110.439
-16.0202 110.448
-15.9886 110.453
-15.957 110.457
-15.9263 110.471
-15.8974 110.499
-15.8666 110.511
-15.8354 110.52
-15.8029 110.517
-15.7713 110.521
-15.7406 110.535
-15.7103 110.551
-15.6796 110.565
-15.6477 110.568
-15.6156 110.568
-15.5845 110.578
-15.5552 110.604
-15.525 110.622
-15.4934 110.628
-15.4627 110.641
-15.4321 110.656
-15.4012 110.668
-15.3694 110.671
-15.3375 110.674
-15.3066 110.686
-15.2773 110.713
-15.2472 110.733
-15.2167 110.75
-15.186 110.763
-15.1549 110.774
-15.1233 110.78
-15.0925 110.793
-15.0621 110.811
-15.0312 110.823
-14.9996 110.829
-14.9699 110.853
-14.9397 110.873
-14.9084 110.882
-14.8772 110.892
-14.8464 110.906
-14.8154 110.918
-14.7853 110.939
-14.7539 110.948
-14.7229 110.96
-14.6916 110.969
-14.6629 111.004
-14.6318 111.016
-14.6017 111.037
-14.5717 111.06
-14.5411 111.077
-14.5094 111.083
-14.4776 111.087
-14.4475 111.11
-14.4175 111.133
-14.3873 111.154
-14.3574 111.178
-14.3263 111.19
-14.2972 111.222
-14.2663 111.237
-14.2375 111.272
-14.2062 111.283
-14.1773 111.318
-14.1469 111.338
-14.1179 111.373
-14.0878 111.396
-14.0565 111.406
-14.0276 111.443
-13.9958 111.449
-13.9655 111.47
-13.9361 111.501
-13.9074 111.539
-13.8771 111.562
-13.8457 111.573
-13.8155 111.595
-13.7869 111.635
-13.7575 111.667
-13.728 111.698
-13.6974 111.718
-13.6671 111.741
-13.6371 111.767
-13.607 111.791
-13.5769 111.817
-13.5482 111.857
-13.517 111.871
-13.4881 111.909
-13.4589 111.945
-13.4305 111.989
-13.4005 112.017
-13.3718 112.059
-13.3419 112.086
-13.1704 112.349
-13.1406 112.38
-13.1106 112.409
-13.0819 112.452
-13.0535 112.499
-13.0233 112.527
-12.9934 112.558
-12.9634 112.587
-12.935 112.635
-12.9063 112.68
-12.8778 112.727
-12.8233 112.852
-12.7929 112.878
-12.7632 112.912
-12.7097 113.05
-12.6794 113.078
-12.6509 113.128
-12.6227 113.181
-12.5131 113.434
-12.4847 113.486
