-22.3236 128.166
-22.2868 128.16
-22.2504 128.156
-22.2074 128.105
-21.7037 127.568
-21.6661 127.555
-21.6231 127.502
-21.5856 127.489
-21.5462 127.462
-21.5096 127.457
-21.4703 127.43
-21.4275 127.378
-21.3844 127.323
-21.3476 127.316
-21.3083 127.289
-21.1824 127.148
-21.143 127.12
-21.107 127.118
-21.0702 127.111
-21.0305 127.081
-20.9914 127.055
-20.9546 127.047
-20.9179 127.04
-20.8763 126.995
-20.8398 126.989
-20.8031 126.981
-20.7638 126.953
-20.7249 126.929
-20.6882 126.922
-20.6491 126.895
-20.6105 126.873
-20.5743 126.869
-20.5353 126.843
-20.4964 126.819
-20.4591 126.806
-20.4219 126.794
-20.3841 126.778
-20.3477 126.772
-20.3094 126.751
-20.272 126.738
-20.2356 126.733
-20.1959 126.701
-20.1579 126.682
-20.1194 126.66
-20.0835 126.658
-20.0457 126.641
-20.0091 126.634
-19.9725 126.626
-19.9356 126.617
-19.8986 126.606
-19.8594 126.578
-19.8238 126.578
-19.7876 126.574
-19.7506 126.563
-19.7124 126.542
-19.6769 126.544
-19.6413 126.544
-19.6049 126.539
-19.5679 126.528
-19.5295 126.505
-19.4929 126.498
-19.4568 126.494
-19.4193 126.479
-19.383 126.473
-19.3473 126.473
-19.3123 126.479
-19.2767 126.479
-19.2383 126.457
-19.2013 126.446
-19.165 126.44
-19.1282 126.431
-19.0915 126.421
-19.0554 126.418
-19.0195 126.416
-18.9838 126.416
-18.9484 126.418
-18.9132 126.421
-18.8777 126.423
-18.8416 126.419
-18.8051 126.412
-18.7688 126.406
-18.7331 126.406
-18.6966 126.399
-18.662 126.408
-18.6261 126.406
-18.5898 126.401
-18.5526 126.388
-18.517 126.388
-18.4817 126.391
-18.4469 126.399
-18.4117 126.403
-18.3758 126.401
-18.3391 126.391
-18.3043 126.399
-18.2694 126.406
-18.2342 126.41
-18.1987 126.412
-18.1637 126.417
-18.1288 126.425
-18.0942 126.434
-18.0591 126.44
-18.0241 126.445
-17.9888 126.449
-17.9537 126.455
-17.9178 126.453
-17.8823 126.455
-17.8471 126.458
-17.8141 126.483
-17.7786 126.484
-17.7435 126.49
-17.7078 126.49
-17.6714 126.484
-17.6355 126.483
-17.6002 126.486
-17.5647 126.488
-17.5282 126.481
-17.4915 126.471
-17.4574 126.486
-17.4229 126.497
-17.3882 126.507
-17.3531 126.512
-17.3177 126.516
-17.2826 126.522
-17.2483 126.535
-17.2132 126.54
-17.178 126.546
-17.1437 126.559
-17.109 126.568
-17.0752 126.587
-17.0396 126.589
-17.0045 126.594
-16.9709 126.615
-16.9363 126.626
-16.9012 126.632
-16.8658 126.635
-16.832 126.654
-16.7966 126.658
-16.7609 126.658
-16.7257 126.663
-16.6934 126.697
-16.6595 126.716
-16.6245 126.723
-16.5903 126.738
-16.556 126.753
-16.5226 126.775
-16.4885 126.792
-16.4534 126.8
-16.4188 126.811
-16.387 126.85
-16.354 126.878
-16.3203 126.899
-16.2844 126.899
-16.2484 126.897
-16.2145 126.916
-16.1796 126.925
-16.1447 126.934
-16.1113 126.959
-16.0777 126.981
-16.0435 126.998
-16.01 127.023
-15.9764 127.045
-15.9413 127.053
-15.9073 127.071
-15.8727 127.085
-15.839 127.107
-15.8055 127.131
-15.7704 127.139
-15.7372 127.167
-15.7037 127.192
-15.6689 127.203
-15.6373 127.248
-15.6027 127.261
-15.5693 127.288
-15.5361 127.316
-15.5025 127.34
-15.4675 127.35
-15.4331 127.367
-15.3986 127.382
-15.3677 127.434
-15.3347 127.467
-15.3015 127.495
-15.2667 127.508
-15.233 127.533
-15.1995 127.559
-15.1685 127.612
-15.1334 127.621
-15.0981 127.629
-15.0668 127.68
-15.0338 127.712
-15.0005 127.742
-14.9673 127.773
-14.9339 127.801
-14.9002 127.828
-14.8654 127.841
-14.834 127.892
-14.8028 127.945
-14.7697 127.978
-14.7054 128.065
-14.6703 128.076
-14.6367 128.105
-14.6034 128.135
-14.5393 128.227
-14.5058 128.257
-14.4743 128.309
-14.4396 128.326
-14.4085 128.383
-14.3779 128.446
-14.3447 128.48
-14.3122 128.522
-14.2787 128.553
-14.2471 128.607
-14.2164 128.67
-14.1857 128.733
-14.1537 128.783
-14.1203 128.815
-14.0868 128.848
-14.0537 128.885
-14.0216 128.935
-13.9926 129.019
-13.9597 129.06
-13.9273 129.106
-13.8942 129.144
-13.8636 129.212
-13.8367 129.324
-13.8057 129.387
-13.7725 129.426
-13.4884 132.663
