11.1612 134.313
11.0566 132.139
11.0928 132.116
11.128 132.078
11.1621 132.025
11.1952 131.956
11.2151 131.69
11.3352 131.244
11.368 131.173
11.3986 131.073
11.4303 130.989
11.4634 130.926
11.4964 130.862
11.5319 130.834
11.5635 130.75
11.5926 130.632
11.6273 130.594
11.6622 130.558
11.6959 130.506
11.7301 130.463
11.7614 130.377
11.7958 130.337
11.8304 130.299
11.8639 130.245
11.897 130.188
11.9294 130.12
11.9638 130.081
11.9986 130.047
12.0316 129.989
12.0661 129.952
12.1006 129.914
12.1337 129.859
12.1669 129.805
12.203 129.789
12.2362 129.736
12.2707 129.7
12.305 129.663
12.338 129.608
12.3716 129.56
12.408 129.55
12.4426 129.517
12.477 129.481
12.5098 129.424
12.5461 129.415
12.5808 129.383
12.6152 129.348
12.6482 129.295
12.6832 129.269
12.7191 129.253
12.7517 129.196
12.7865 129.167
12.8213 129.139
12.8571 129.124
12.8905 129.077
12.925 129.045
12.9601 129.022
12.9961 129.008
13.031 128.983
13.0657 128.953
13.1 128.92
13.1351 128.897
13.1711 128.885
13.2067 128.867
13.2403 128.826
13.275 128.799
13.3109 128.785
13.3459 128.762
13.3812 128.742
13.4163 128.719
13.4495 128.674
13.4854 128.662
13.5217 128.655
13.5565 128.629
13.5915 128.606
13.6259 128.577
13.6607 128.551
13.6961 128.534
13.7314 128.514
13.7673 128.503
13.8037 128.497
13.8397 128.487
13.8756 128.476
13.9101 128.448
13.9443 128.417
13.9795 128.398
14.0155 128.388
14.0517 128.38
14.087 128.363
14.1224 128.345
14.1579 128.33
14.1933 128.314
14.2288 128.299
14.2646 128.287
14.3004 128.276
14.3362 128.264
14.371 128.241
14.4057 128.217
14.4413 128.204
14.4771 128.192
14.5134 128.186
14.55 128.185
14.5866 128.183
14.6224 128.171
14.6578 128.156
14.693 128.138
14.728 128.119
14.7643 128.113
14.8005 128.107
14.8367 128.101
14.873 128.096
14.9083 128.08
14.9444 128.072
14.9806 128.067
15.0167 128.059
15.052 128.043
15.0872 128.026
15.1225 128.011
15.158 127.997
15.1942 127.991
15.2298 127.98
15.2658 127.972
15.3024 127.97
15.3395 127.974
15.3784 127.997
15.4159 128.005
15.4521 127.999
15.4875 127.986
15.5237 127.98
15.5588 127.963
15.5952 127.959
15.6317 127.957
15.6681 127.953
15.7044 127.949
15.7413 127.951
15.7782 127.953
15.8144 127.947
15.8509 127.945
15.8877 127.945
15.9236 127.938
15.9606 127.94
15.9971 127.938
16.0334 127.934
16.0698 127.93
16.1065 127.93
16.1434 127.932
16.1799 127.93
16.2166 127.93
16.2532 127.928
16.2895 127.924
16.3274 127.936
16.3648 127.944
16.402 127.948
16.4387 127.948
16.475 127.944
16.5121 127.948
16.5496 127.956
16.5869 127.961
16.6242 127.967
16.6611 127.969
16.6979 127.969
16.7356 127.979
16.7725 127.981
16.8092 127.981
16.8465 127.987
16.8836 127.991
16.9212 127.998
16.9589 128.008
16.9978 128.03
17.035 128.033
17.0725 128.041
17.1094 128.043
17.1464 128.045
17.1837 128.051
17.2208 128.055
17.258 128.059
17.2966 128.076
17.3353 128.096
17.3731 128.105
17.4105 128.111
17.4478 128.117
17.4862 128.133
17.5238 128.14
17.5614 128.148
17.5988 128.154
17.6359 128.158
17.6748 128.177
17.714 128.201
17.7512 128.205
17.7888 128.212
17.8281 128.236
17.8676 128.261
17.9052 128.269
17.9441 128.288
17.9818 128.296
18.0211 128.319
18.0587 128.327
18.0962 128.333
18.1338 128.341
18.173 128.362
18.2123 128.385
18.2504 128.397
18.2903 128.424
18.3299 128.45
18.3678 128.459
18.4072 128.483
18.4469 128.508
18.4846 128.516
18.5227 128.528
18.5624 128.553
18.6023 128.58
18.6427 128.612
18.6802 128.617
18.7201 128.645
18.7601 128.672
18.8383 128.711
18.881 128.762
18.9212 128.791
18.9599 128.807
19.0029 128.86
19.0425 128.883
19.0801 128.889
19.1204 128.918
19.1616 128.956
19.2026 128.991
19.2453 129.04
19.284 129.056
19.3244 129.085
19.365 129.116
19.4063 129.154
19.4468 129.183
19.4865 129.207
19.5279 129.244
19.9534 129.707
19.9943 129.739
20.3503 130.225
20.3921 130.262
20.4403 130.352
20.4915 130.465
