-24.87 83.9017
-24.8432 83.8985
7.3424 152.497
7.38772 152.586
7.42801 152.545
7.46628 152.453
8.44648 150.058
8.486 150.018
8.52664 150.003
8.68165 149.783
8.72106 149.743
8.76035 149.701
8.79984 149.664
8.83886 149.617
8.87808 149.575
8.91741 149.536
8.95696 149.501
8.99649 149.466
9.03577 149.427
9.07479 149.383
9.11379 149.338
9.1535 149.309
9.19308 149.277
9.23348 149.262
9.27291 149.227
9.31208 149.188
9.35147 149.153
9.39234 149.148
9.43158 149.111
9.47069 149.072
9.50866 149.011
9.54911 148.998
9.58993 148.993
9.6291 148.957
9.66915 148.937
9.70855 148.905
9.74806 148.876
9.78872 148.868
9.82808 148.836
9.86847 148.824
9.90612 148.76
9.94544 148.728
9.98592 148.718
10.0265 148.711
10.067 148.701
10.1057 148.66
10.1461 148.647
10.1864 148.635
10.2271 148.63
10.2663 148.598
10.3054 148.564
10.3458 148.554
10.3864 148.547
10.426 148.522
10.465 148.488
10.5039 148.451
10.5442 148.439
10.5848 148.434
10.6253 148.427
10.6658 148.419
10.7058 148.402
10.7459 148.387
10.7855 148.365
10.8256 148.351
10.8656 148.336
10.9057 148.321
10.9464 148.319
10.9869 148.311
11.0274 148.304
11.0673 148.287
11.1071 148.269
11.147 148.252
11.187 148.238
11.2273 148.228
11.266 148.191
11.3055 148.169
11.3461 148.164
11.3871 148.167
11.4287 148.179
11.47 148.186
11.5104 148.178
11.5508 148.171
11.5924 148.183
11.6336 148.188
11.6746 148.19
11.7149 148.18
11.7528 148.134
11.7927 148.119
11.8351 148.143
11.8721 148.083
11.8914 147.749
11.9356 147.802
11.9878 147.978
12.0404 148.16
12.103 148.493
12.1197 148.123
12.2508 149.499
12.3208 149.938
12.3823 150.245
12.4366 150.441
12.3212 148.081
12.3612 148.069
12.402 148.069
12.4432 148.074
12.4861 148.105
12.527 148.105
12.5663 148.083
12.6075 148.088
12.6488 148.095
12.6898 148.097
12.7304 148.094
12.7716 148.099
12.8126 148.101
12.8532 148.099
12.8935 148.091
12.9345 148.094
12.9757 148.098
13.0179 148.118
13.059 148.122
13.1 148.125
13.1412 148.129
13.183 148.144
13.224 148.146
13.2642 148.136
13.3046 148.131
13.3463 148.143
13.3875 148.148
13.4289 148.155
13.4707 148.169
13.5123 148.179
13.5533 148.181
13.5943 148.184
13.6369 148.208
13.6801 148.239
13.7213 148.244
13.7621 148.244
13.8031 148.246
13.844 148.246
13.8852 148.25
13.928 148.277
13.9712 148.308
14.0135 148.328
14.0553 148.34
14.0975 148.357
14.1389 148.364
14.1805 148.373
14.2221 148.383
14.2635 148.39
14.3051 148.399
14.3477 148.421
14.3895 148.433
14.4313 148.445
14.4743 148.472
14.517 148.496
14.5589 148.508
14.6019 148.535
14.6437 148.547
14.6869 148.576
14.729 148.59
14.7708 148.602
14.8139 148.629
14.8571 148.658
14.899 148.67
14.9423 148.699
14.986 148.733
15.0277 148.743
15.0712 148.774
15.1149 148.808
15.157 148.823
15.2008 148.857
15.2449 148.896
15.2881 148.922
15.3297 148.929
15.3712 148.937
15.4177 149.002
15.4601 149.019
15.5037 149.051
15.5451 149.056
15.5894 149.095
15.6359 149.161
15.678 149.173
15.7221 149.209
15.7666 149.251
15.811 149.29
15.8554 149.329
15.9027 149.403
15.9473 149.444
15.9915 149.481
16.036 149.52
16.0803 149.557
16.125 149.598
16.1697 149.64
16.2168 149.709
16.2592 149.723
16.3033 149.758
16.3479 149.797
16.3947 149.861
16.4399 149.908
16.536 150.063
16.584 150.14
16.6272 150.162
16.6713 150.194
