-4.70179 151.557
-4.65861 151.487
-4.61609 151.442
-4.57285 151.368
-4.53103 151.35
-4.48815 151.288
-4.4457 151.244
-4.31797 151.088
-4.27579 151.051
-4.23379 151.021
-4.19214 151.006
-4.15055 150.994
-4.10781 150.93
-4.06537 150.878
-4.02274 150.816
-3.98057 150.774
-3.93836 150.73
-3.89575 150.666
-3.8542 150.651
-3.81277 150.641
-3.77103 150.616
-3.7296 150.606
-3.68695 150.535
-3.64491 150.493
-3.60293 150.454
-3.56108 150.419
-3.51933 150.39
-3.47801 150.382
-3.43656 150.368
-3.39484 150.338
-3.35309 150.306
-3.31109 150.259
-3.26972 150.247
-3.22806 150.218
-3.18679 150.21
-3.14519 150.183
-3.10389 150.173
-3.06226 150.144
-3.02086 150.127
-2.9789 150.075
-2.93763 150.065
-2.89633 150.053
-2.85477 150.024
-2.81322 149.994
-2.77205 149.989
-2.73082 149.98
-2.68955 149.967
-2.64783 149.923
-2.60647 149.904
-2.5653 149.896
-2.52423 149.896
-2.48293 149.879
-2.44167 149.864
-2.40041 149.849
-2.3591 149.83
-2.31786 149.815
-2.27638 149.781
-2.23506 149.759
-2.19391 149.749
-2.15287 149.749
-2.1117 149.737
-2.07021 149.698
-2.02908 149.688
-1.98814 149.695
-1.94712 149.695
-1.90602 149.688
-1.86482 149.67
-1.82351 149.641
-1.78252 149.643
-1.74165 149.658
-1.70076 149.67
-1.65969 149.665
-1.61848 149.643
-1.57736 149.631
-1.53638 149.633
-1.49529 149.623
-1.4541 149.601
-1.41304 149.594
-1.37206 149.596
-1.33099 149.586
-1.28994 149.579
-1.24899 149.586
-1.20798 149.584
-1.16689 149.569
-1.12575 149.547
-1.08473 149.542
-1.04376 149.544
-1.00275 149.539
-0.961815 149.549
-0.920697 149.525
-0.879702 149.522
-0.838708 149.519
-0.797647 149.502
-0.756811 149.534
-0.71593 149.558
-0.67495 149.56
-0.633858 149.534
-0.592882 149.536
-0.551906 149.538
-0.510898 149.531
-0.469929 149.535
-0.428971 149.545
-0.387985 149.545
-0.347004 149.547
-0.306007 149.542
-0.265026 149.545
-0.224075 149.566
-0.183102 149.578
-0.142105 149.576
-0.101113 149.576
-0.0601238 149.581
-0.0191315 149.583
0.0218624 149.583
0.0628563 149.583
0.103852 149.592
0.14485 149.599
0.185852 149.607
0.226861 149.619
0.267862 149.618
0.30887 149.623
0.349898 149.64
0.390916 149.647
0.431942 149.657
0.472968 149.664
0.51399 149.669
0.555009 149.671
0.596056 149.683
0.637115 149.698
0.678141 149.7
0.719185 149.707
0.760305 149.734
0.801455 149.765
0.842518 149.773
0.883574 149.777
0.924666 149.789
0.965809 149.811
1.00691 149.823
1.04802 149.835
1.08918 149.855
1.13027 149.862
1.17144 149.881
1.21256 149.891
1.2537 149.903
1.29489 149.922
1.33604 149.934
1.37721 149.949
1.41849 149.978
1.45977 150.005
1.50095 150.017
1.54221 150.039
1.58343 150.053
1.62483 150.09
1.66616 150.116
1.70729 150.119
1.74847 150.126
1.78987 150.158
1.83122 150.182
1.87277 150.226
1.9141 150.245
1.95539 150.26
1.99683 150.289
2.03834 150.323
2.07974 150.345
2.12133 150.384
2.16277 150.409
2.20431 150.44
2.2456 150.45
2.28717 150.482
2.32886 150.523
2.37052 150.56
2.41209 150.589
2.45356 150.609
2.49551 150.665
2.5369 150.677
2.57863 150.714
2.62014 150.734
2.66221 150.793
2.70409 150.837
2.74589 150.874
2.7877 150.91
2.82931 150.932
2.87145 150.989
2.91335 151.028
2.95569 151.095
2.99767 151.137
3.03928 151.154
3.08153 151.211
3.12353 151.25
3.16525 151.272
3.20769 151.336
3.24983 151.381
3.46231 151.688
3.63288 151.939
3.67573 152.008
3.93565 152.535
3.97811 152.575
