5.85625 133.694
5.89455 133.697
5.93271 133.694
6.25839 133.191
6.29506 133.152
6.3317 133.113
6.36526 132.991
6.39861 132.864
6.43416 132.798
6.47054 132.755
6.78873 132.157
6.82503 132.118
6.85967 132.039
6.89577 131.996
6.93118 131.936
6.96749 131.9
7.03785 131.773
7.07384 131.73
7.10921 131.673
7.14551 131.639
7.18178 131.604
7.21813 131.572
7.25368 131.521
7.29079 131.507
7.32745 131.483
7.36356 131.446
7.39841 131.381
7.4344 131.343
7.47037 131.304
7.50569 131.251
7.54208 131.223
7.57927 131.213
7.61655 131.205
7.6518 131.152
7.68767 131.114
7.72297 131.064
7.76012 131.053
7.79632 131.023
7.83345 131.013
7.86962 130.983
7.90455 130.926
7.94079 130.898
7.97798 130.89
8.01295 130.836
8.04895 130.804
8.08631 130.8
8.12346 130.792
8.15855 130.741
8.1954 130.727
8.23154 130.699
8.26727 130.663
8.30329 130.633
8.33929 130.603
8.37518 130.571
8.41226 130.563
8.44874 130.543
8.4852 130.522
8.52196 130.508
8.55882 130.496
8.59495 130.47
8.63127 130.448
8.66852 130.444
8.70525 130.43
8.74029 130.384
8.7772 130.374
8.81359 130.354
8.8506 130.346
8.88664 130.32
8.92375 130.314
8.96063 130.305
8.99665 130.279
9.03352 130.269
9.06974 130.247
9.10638 130.233
9.1428 130.215
9.17909 130.195
9.21583 130.183
9.25166 130.155
9.2886 130.147
9.32565 130.141
9.36179 130.119
9.39871 130.111
9.43597 130.109
9.47221 130.089
9.5082 130.065
9.54488 130.053
9.58097 130.031
9.61717 130.011
9.65521 130.023
9.69349 130.04
9.73096 130.042
9.76749 130.028
9.80366 130.008
9.8397 129.986
9.87645 129.976
9.91319 129.966
9.94933 129.946
9.98594 129.934
10.0224 129.92
10.0591 129.91
10.0966 129.912
10.1343 129.918
10.1717 129.92
10.2083 129.908
10.2434 129.873
10.2802 129.865
10.317 129.857
10.3534 129.843
10.3897 129.827
10.4263 129.815
10.4633 129.811
10.5009 129.815
10.5387 129.823
10.5765 129.831
10.6146 129.845
10.6528 129.859
10.6902 129.861
10.7252 129.825
10.7621 129.82
10.8005 129.835
10.8376 129.834
10.8759 129.85
10.9152 129.879
10.951 129.858
10.9881 129.854
11.026 129.864
11.0629 129.858
11.099 129.84
11.136 129.836
11.1738 129.844
11.2123 129.862
11.2503 129.872
11.2875 129.87
11.3243 129.864
11.3615 129.862
11.3985 129.858
11.4359 129.86
11.4738 129.868
11.5123 129.886
11.5497 129.888
11.5866 129.882
11.6237 129.88
11.6619 129.892
11.6998 129.902
11.7373 129.904
11.7753 129.914
11.8131 129.922
11.8504 129.922
11.8877 129.922
11.9261 129.938
11.9636 129.94
12.0012 129.944
12.0389 129.95
12.0775 129.968
12.1154 129.976
12.153 129.98
12.1913 129.994
12.229 130
12.2672 130.012
12.3061 130.034
12.3451 130.056
12.3825 130.058
12.4198 130.059
12.4579 130.069
12.4973 130.097
12.5349 130.101
12.5722 130.101
12.6097 130.103
12.6492 130.131
12.6888 130.161
12.7263 130.163
12.7634 130.161
12.8014 130.169
12.8421 130.213
12.8799 130.219
12.9177 130.225
12.9558 130.235
12.995 130.259
13.0344 130.285
13.0729 130.299
13.1138 130.345
13.1512 130.345
13.1892 130.353
13.2275 130.365
13.2671 130.393
13.305 130.399
13.3457 130.441
13.3836 130.447
13.4234 130.478
13.4614 130.486
13.5011 130.514
13.5411 130.546
13.5813 130.58
13.6195 130.59
13.6594 130.62
13.6991 130.648
13.7372 130.656
13.7786 130.705
13.8172 130.719
13.8566 130.743
13.8944 130.747
13.9343 130.777
14.0572 130.902
14.0953 130.91
14.1354 130.941
14.2579 131.06
14.2956 131.062
14.3333 131.064
14.3737 131.098
14.4187 131.185
15.044 131.884
15.0841 131.911
15.1223 131.917
15.2587 132.174
15.2975 132.187
