-10.2922 149.01
-10.2471 148.939
-10.2016 148.861
-10.1562 148.786
-10.1124 148.737
-10.0675 148.669
-10.0257 148.657
-9.76083 148.318
-9.71821 148.289
-9.6765 148.277
-9.6334 148.239
-9.59019 148.198
-9.54562 148.13
-9.50258 148.091
-9.45931 148.048
-9.41655 148.014
-9.37491 148.002
-9.33059 147.937
-9.28872 147.921
-9.24505 147.868
-9.20369 147.861
-9.16173 147.842
-9.11764 147.779
-9.075 147.745
-9.03343 147.734
-8.99093 147.702
-8.9489 147.681
-8.90526 147.626
-8.86396 147.619
-8.82139 147.585
-8.77873 147.549
-8.73699 147.533
-8.6948 147.506
-8.6524 147.475
-8.61001 147.444
-8.5682 147.425
-8.52617 147.401
-8.4847 147.39
-8.44236 147.359
-8.40123 147.354
-8.36 147.347
-8.31758 147.314
-8.27527 147.283
-8.23384 147.271
-8.19082 147.223
-8.14951 147.214
-8.10821 147.204
-8.06712 147.2
-8.02582 147.191
-7.9838 147.164
-7.94178 147.138
-7.9005 147.129
-7.85902 147.115
-7.81734 147.096
-7.77628 147.091
-7.73461 147.072
-7.69325 147.061
-7.65179 147.047
-7.61044 147.035
-7.56811 146.999
-7.52678 146.987
-7.48554 146.978
-7.44431 146.969
-7.40289 146.955
-7.36205 146.955
-7.32111 146.953
-7.2798 146.941
-7.23849 146.929
-7.19746 146.925
-7.15634 146.918
-7.11513 146.909
-7.07384 146.897
-7.03227 146.878
-6.99108 146.869
-6.95016 146.867
-6.90923 146.865
-6.8684 146.865
-6.82739 146.86
-6.78612 146.849
-6.74459 146.83
-6.70341 146.82
-6.6625 146.818
-6.62159 146.816
-6.58059 146.812
-6.53968 146.81
-6.49885 146.81
-6.45769 146.801
-6.41669 146.796
-6.37586 146.796
-6.33495 146.794
-6.29347 146.775
-6.25224 146.764
-6.21198 146.781
-6.1714 146.788
-6.13001 146.772
-6.08886 146.762
-6.04827 146.77
-6.00713 146.76
-5.96654 146.768
-5.92594 146.775
-5.88396 146.74
-5.84321 146.742
-5.80321 146.769
-5.76186 146.753
-5.72132 146.762
-5.68019 146.753
-5.63877 146.734
-5.59882 146.763
-5.55834 146.775
-5.51772 146.783
-5.47695 146.786
-5.43632 146.793
-5.39582 146.805
-5.35581 146.834
-5.31523 146.844
-5.27471 146.856
-5.23399 146.862
-5.19319 146.864
-5.15253 146.872
-5.11186 146.879
-5.07118 146.887
-5.03038 146.889
-4.98944 146.887
-4.94888 146.899
-4.90864 146.924
-4.86833 146.946
-4.8282 146.975
-4.78742 146.98
-4.74665 146.985
-4.70587 146.99
-4.66515 146.997
-4.62455 147.01
-4.58436 147.039
-4.54415 147.068
-4.5034 147.075
-4.4626 147.08
-4.42225 147.105
-4.38148 147.112
-4.34066 147.117
-4.29989 147.125
-4.25962 147.154
-4.21939 147.186
-4.17871 147.198
-4.13786 147.203
-4.09744 147.227
-4.05711 147.256
-4.01629 147.264
-3.97542 147.269
-3.93455 147.274
-3.89428 147.308
-3.85395 147.34
-3.81306 147.345
-3.77226 147.355
-3.73244 147.413
-3.69162 147.423
-3.65079 147.433
-3.61049 147.469
-3.5696 147.477
-3.52959 147.53
-3.48878 147.543
-3.4485 147.584
-3.40799 147.613
-3.36697 147.616
-3.32648 147.648
-3.28575 147.667
-3.24532 147.704
-3.20478 147.736
-3.16436 147.775
-3.12375 147.804
-3.08284 147.816
-3.0423 147.851
-3.00189 147.894
-2.96099 147.909
-2.92086 147.973
-2.87994 147.988
-2.83981 148.053
-2.79923 148.093
-2.75864 148.132
-2.71803 148.171
-2.6773 148.203
-2.63665 148.242
-2.59572 148.262
-2.55484 148.286
-2.51412 148.323
-2.47381 148.392
-2.43272 148.404
-2.39205 148.448
-2.18848 148.68
-2.14794 148.746
-1.57744 149.695
-1.53604 149.712
-1.14202 153.172
-1.09969 153.172
-1.05744 153.185
