-24.8724 83.9128
-24.8437 83.9005
-10.7285 128.641
-9.612 127.051
-9.57451 127.028
-9.5376 127.015
-9.30749 126.786
-9.27087 126.776
-9.23414 126.765
-9.19545 126.72
-9.15765 126.689
-9.00605 126.559
-8.96982 126.555
-8.93209 126.525
-8.89354 126.48
-8.85711 126.473
-8.82078 126.467
-8.78227 126.422
-8.74586 126.414
-8.70934 126.405
-8.67077 126.358
-8.63437 126.35
-8.59726 126.33
-8.56077 126.32
-8.52328 126.292
-8.4867 126.281
-8.44932 126.255
-8.41215 126.232
-8.37519 126.213
-8.33844 126.198
-8.30111 126.172
-8.26447 126.159
-8.22744 126.138
-8.19052 126.12
-8.15323 126.093
-8.11681 126.084
-8.08068 126.08
-8.04379 126.062
-8.00748 126.054
-7.97079 126.039
-7.93373 126.017
-7.898 126.021
-7.86235 126.027
-7.82559 126.01
-7.78911 125.999
-7.75264 125.987
-7.71534 125.959
-7.67824 125.935
-7.64107 125.909
-7.60498 125.905
-7.56962 125.916
-7.53308 125.903
-7.4962 125.883
-7.45932 125.862
-7.42237 125.84
-7.38578 125.825
-7.34963 125.819
-7.31356 125.816
-7.27759 125.814
-7.24127 125.805
-7.20513 125.799
-7.16941 125.803
-7.13361 125.805
-7.09688 125.786
-7.06007 125.766
-7.02394 125.76
-6.98781 125.755
-6.95185 125.753
-6.91556 125.744
-6.87886 125.725
-6.84283 125.721
-6.80639 125.708
-6.76995 125.695
-6.73408 125.695
-6.69845 125.701
-6.66242 125.697
-6.626 125.684
-6.59037 125.69
-6.55473 125.696
-6.51893 125.698
-6.48314 125.7
-6.44719 125.698
-6.41108 125.692
-6.37536 125.696
-6.33987 125.706
-6.30391 125.704
-6.26759 125.693
-6.23156 125.689
-6.19569 125.689
-6.15989 125.691
-6.12408 125.693
-6.08828 125.695
-6.05261 125.701
-6.01673 125.701
-5.98071 125.697
-5.94575 125.721
-5.91078 125.746
-5.87496 125.748
-5.83767 125.71
-5.8013 125.697
-5.7659 125.711
-5.73056 125.726
-5.69467 125.726
-5.65864 125.722
-5.62295 125.728
-5.58713 125.73
-5.55117 125.728
-5.51541 125.732
-5.47971 125.737
-5.44414 125.747
-5.4085 125.754
-5.37279 125.76
-5.33688 125.76
-5.30079 125.755
-5.26489 125.755
-5.22917 125.76
-5.19376 125.775
-5.1581 125.783
-5.12225 125.785
-5.08634 125.785
-5.05043 125.785
-5.01481 125.795
-4.97896 125.797
-4.94304 125.797
-4.90754 125.81
-4.87272 125.846
-4.83783 125.879
-4.80253 125.9
-4.76664 125.902
-4.73036 125.891
-4.69453 125.895
-4.6587 125.898
-4.62309 125.91
-4.58759 125.925
-4.5518 125.931
-4.51596 125.934
-4.48043 125.95
-4.4457 125.993
-4.41 126.002
-4.37424 126.01
-4.33879 126.029
-4.30286 126.031
-4.26735 126.048
-4.23182 126.065
-4.19629 126.082
-4.1604 126.086
-4.12451 126.089
-4.08891 126.104
-4.0534 126.123
-4.01779 126.139
-3.98274 126.176
-3.94706 126.19
-3.91151 126.208
-3.87572 126.218
-3.8397 126.218
-3.80399 126.231
-3.76833 126.246
-3.73306 126.279
-3.6976 126.303
-3.66217 126.33
-3.6263 126.337
-3.5905 126.349
-3.5553 126.386
-3.51937 126.392
-3.48347 126.4
-3.44806 126.43
-3.4131 126.481
-3.37725 126.493
-3.34221 126.542
-3.30667 126.568
-3.27064 126.572
-3.23453 126.572
-3.19854 126.578
-3.163 126.607
-3.12753 126.639
-3.09196 126.667
-3.05646 126.7
-3.02137 126.755
-2.98573 126.781
-2.94971 126.789
-2.91408 126.818
-2.84295 126.884
-2.80721 126.909
-2.77156 126.939
-2.70032 127.006
-2.55792 127.157
-2.52217 127.188
-2.48634 127.214
-2.4505 127.241
-2.41482 127.279
-2.37941 127.337
-2.34364 127.371
-2.27205 127.44
-1.84376 128.075
-1.8077 128.11
-1.77198 128.176
-1.73635 128.253
-1.7003 128.294
-1.66467 128.377
-1.62909 128.468
-1.59296 128.509
-1.55681 128.55
-1.52139 128.668
-1.48537 128.729
-1.44909 128.764
