-24.8704 83.9037
-24.8439 83.9015
-0.440538 150.379
-0.398974 150.311
-0.357547 150.294
-0.316084 150.254
0.180056 149.718
0.221306 149.708
0.386094 149.578
0.427256 149.546
0.468449 149.533
0.509594 149.504
0.550712 149.469
0.591807 149.432
0.632981 149.425
0.674025 149.381
0.715005 149.324
0.756141 149.315
0.797302 149.312
0.838176 149.243
0.879165 149.207
0.920289 149.202
0.961399 149.194
1.00237 149.16
1.04333 149.128
1.08438 149.114
1.12533 149.084
1.16641 149.077
1.20748 149.069
1.24839 149.038
1.28947 149.033
1.33037 149.003
1.37124 148.972
1.41225 148.959
1.45317 148.937
1.49432 148.945
1.53533 148.935
1.5763 148.92
1.61732 148.913
1.65834 148.906
1.69889 148.847
1.73996 148.847
1.78114 148.859
1.82202 148.84
1.86275 148.806
1.90366 148.791
1.94444 148.764
1.98518 148.735
2.02612 148.725
2.06714 148.723
2.10818 148.723
2.14921 148.723
2.19028 148.725
2.23135 148.728
2.27207 148.701
2.31292 148.686
2.35389 148.681
2.39477 148.669
2.43561 148.654
2.4766 148.652
2.51752 148.645
2.55818 148.618
2.59899 148.603
2.63994 148.598
2.68084 148.591
2.72157 148.571
2.76258 148.572
2.80362 148.574
2.84458 148.572
2.88555 148.569
2.92656 148.569
2.9676 148.572
3.0086 148.572
3.04961 148.572
3.09065 148.574
3.13157 148.569
3.17245 148.562
3.21358 148.569
3.25441 148.559
3.29546 148.562
3.33616 148.545
3.3761 148.486
3.41722 148.494
3.46005 148.594
3.50083 148.581
3.5416 148.569
3.58233 148.555
3.62332 148.555
3.66409 148.542
3.70508 148.542
3.74613 148.545
3.78717 148.547
3.82857 148.567
3.86967 148.572
3.91067 148.572
3.95173 148.574
3.99294 148.584
4.03363 148.569
4.07457 148.567
4.1159 148.581
4.15706 148.589
4.19818 148.593
4.23935 148.601
4.28058 148.61
4.32165 148.613
4.36249 148.606
4.40338 148.601
4.4445 148.606
4.4858 148.618
4.5274 148.642
4.5689 148.662
4.61064 148.691
4.65191 148.701
4.69282 148.696
4.73378 148.693
4.77493 148.698
4.81628 148.71
4.85743 148.715
4.89891 148.732
4.94072 148.762
4.98183 148.764
5.02294 148.766
5.06491 148.801
5.10703 148.84
5.14815 148.842
5.18914 148.84
5.23041 148.847
5.27209 148.869
5.31357 148.884
5.35548 148.913
5.3967 148.918
5.43791 148.923
5.47985 148.952
5.52137 148.967
5.56369 149.008
5.60596 149.047
5.64781 149.072
5.68892 149.072
5.73025 149.079
5.7731 149.135
5.81476 149.153
5.85612 149.16
5.8974 149.165
5.93884 149.175
5.9817 149.229
6.02316 149.238
6.06455 149.246
6.10754 149.302
6.15007 149.344
6.19246 149.381
6.23413 149.395
6.2758 149.41
6.31873 149.462
6.36018 149.469
6.40188 149.484
6.44392 149.508
6.48564 149.523
6.52883 149.58
6.57065 149.597
6.61318 149.634
6.65582 149.673
6.69856 149.715
6.74105 149.75
6.78365 149.787
6.82645 149.828
6.86935 149.873
6.912 149.91
6.95467 149.947
6.99736 149.984
7.04025 150.026
7.08418 150.095
7.12627 150.115
7.16988 150.175
7.21409 150.249
7.25603 150.264
7.29875 150.298
7.34304 150.373
7.38747 150.45
7.43075 150.497
7.47385 150.539
7.51697 150.582
7.56141 150.656
7.65071 150.813
7.69414 150.861
7.73748 150.906
7.78209 150.98
