-16.0581 140.816
-15.9714 140.733
-15.9265 140.675
-15.8842 140.644
-15.8412 140.606
-15.7545 140.521
-15.7096 140.46
-15.6671 140.427
-15.6241 140.387
-15.581 140.347
-15.5386 140.313
-15.4963 140.282
-15.3684 140.173
-15.3264 140.144
-15.286 140.133
-15.2411 140.071
-15.2011 140.064
-15.1592 140.036
-15.0737 139.958
-14.9889 139.889
-14.9492 139.885
-14.9092 139.879
-14.8672 139.848
-14.8252 139.817
-14.7851 139.808
-14.6563 139.682
-14.617 139.682
-14.5776 139.682
-14.5398 139.7
-14.4976 139.667
-14.4555 139.634
-14.4136 139.603
-14.3714 139.568
-14.3315 139.561
-14.2893 139.526
-14.2479 139.502
-14.2086 139.502
-14.169 139.498
-14.1287 139.487
-14.0873 139.461
-14.0471 139.45
-14.006 139.428
-13.9645 139.402
-13.9251 139.4
-13.8851 139.391
-13.8435 139.362
-13.8019 139.334
-13.7621 139.327
-13.7221 139.319
-13.6812 139.299
-13.6432 139.315
-13.6022 139.293
-13.5618 139.28
-13.5189 139.234
-13.4776 139.207
-13.4411 139.243
-13.4028 139.257
-13.3635 139.257
-13.3237 139.251
-13.2829 139.231
-13.2423 139.214
-13.2024 139.205
-13.1628 139.201
-13.123 139.194
-13.0819 139.17
-13.0419 139.162
-13.0022 139.155
-12.9626 139.151
-12.9235 139.154
-12.8839 139.15
-12.843 139.128
-12.8034 139.124
-12.7644 139.128
-12.7253 139.131
-12.6862 139.133
-12.6468 139.131
-12.6075 139.132
-12.5687 139.139
-12.5296 139.141
-12.4897 139.133
-12.4496 139.122
-12.4095 139.111
-12.3699 139.107
-12.3304 139.103
-12.2905 139.094
-12.251 139.092
-12.2119 139.095
-12.1731 139.102
-12.1338 139.102
-12.0942 139.098
-12.0549 139.098
-12.0129 139.058
-11.9729 139.047
-11.9328 139.037
-11.8968 139.084
-11.8584 139.097
-11.8165 139.06
-11.7773 139.06
-11.7374 139.051
-11.6974 139.041
-11.659 139.054
-11.6203 139.063
-11.5814 139.07
-11.5417 139.064
-11.5026 139.066
-11.4651 139.093
-11.4266 139.107
-11.39 139.147
-11.352 139.167
-11.3119 139.157
-11.273 139.163
-11.2354 139.19
-11.1973 139.208
-11.1599 139.24
-11.1212 139.249
-11.0818 139.249
-11.0428 139.254
-11.0037 139.259
-10.9647 139.264
-10.9259 139.273
-10.8881 139.297
-10.8497 139.313
-10.811 139.325
-10.7722 139.334
-10.733 139.336
-10.6943 139.348
-10.6563 139.37
-10.6184 139.395
-10.58 139.411
-10.5421 139.436
-10.5033 139.445
-10.4641 139.45
-10.4254 139.461
-10.3877 139.49
-10.35 139.52
-10.3114 139.533
-10.2721 139.536
-10.2327 139.536
-10.1936 139.541
-10.1562 139.577
-10.1172 139.584
-10.0787 139.6
-10.0426 139.658
-10.0044 139.681
-9.96533 139.688
-9.92663 139.701
-9.88768 139.71
-9.84859 139.717
-9.81038 139.74
-9.77267 139.772
-9.73481 139.801
-9.69607 139.815
-9.65819 139.844
-9.62042 139.876
-9.5814 139.885
-9.54373 139.919
-9.50604 139.953
-9.46822 139.984
-9.42905 139.991
-9.39132 140.025
-9.35237 140.037
-9.3145 140.068
-9.27638 140.096
-9.23871 140.132
-9.20127 140.173
-9.16228 140.184
-9.1241 140.211
-9.08603 140.241
-9.04689 140.25
-9.00915 140.286
-8.93522 140.39
-8.89592 140.397
-8.85799 140.431
-8.74559 140.563
-8.70658 140.577
-8.67003 140.64
-8.59462 140.722
-8.55546 140.734
-8.48204 140.859
-8.44403 140.895
-8.4047 140.905
-8.03194 141.453
-7.80733 141.788
-7.76987 141.846
-7.73069 141.864
-7.08652 142.767
