-13.8446 128.988
-13.805 128.95
-13.7579 128.823
-13.7176 128.775
-13.4227 128.282
-13.3821 128.228
-13.2992 128.101
-13.2587 128.048
-13.2204 128.021
-13.1833 128.01
-13.1427 127.954
-13.1018 127.896
-13.0645 127.88
-13.0244 127.831
-12.9839 127.776
-12.947 127.767
-12.9088 127.74
-12.8714 127.723
-12.8299 127.655
-12.7886 127.589
-12.7479 127.53
-12.7096 127.502
-12.6691 127.445
-12.6306 127.413
-12.5939 127.404
-12.557 127.392
-12.5191 127.368
-12.4792 127.319
-12.4392 127.266
-12.4026 127.258
-12.3662 127.253
-12.3263 127.202
-12.2878 127.168
-12.2514 127.162
-12.2134 127.136
-12.1765 127.123
-12.1368 127.074
-12.099 127.049
-12.0625 127.042
-12.0249 127.019
-11.9869 126.991
-11.9486 126.959
-11.9097 126.92
-11.873 126.909
-11.836 126.894
-11.7987 126.875
-11.7618 126.862
-11.724 126.835
-11.6866 126.815
-11.6498 126.802
-11.6105 126.755
-11.5734 126.738
-11.5368 126.729
-11.4988 126.699
-11.4623 126.689
-11.426 126.684
-11.3883 126.657
-11.351 126.637
-11.3149 126.633
-11.2785 126.626
-11.2422 126.62
-11.206 126.614
-11.1684 126.59
-11.1313 126.571
-11.0948 126.562
-11.0584 126.554
-11.0214 126.538
-10.9842 126.517
-10.9475 126.504
-10.9107 126.491
-10.8744 126.483
-10.8387 126.485
-10.8019 126.47
-10.7645 126.448
-10.7281 126.438
-10.6919 126.433
-10.6555 126.424
-10.6187 126.409
-10.5821 126.397
-10.5462 126.395
-10.5096 126.384
-10.4726 126.366
-10.4361 126.354
-10.3995 126.343
-10.3632 126.336
-10.3274 126.336
-10.2916 126.336
-10.2557 126.334
-10.2192 126.323
-10.1822 126.304
-10.146 126.296
-10.1102 126.296
-10.0746 126.3
-10.0388 126.3
-10.0029 126.298
-9.96688 126.294
-9.93085 126.291
-9.89494 126.289
-9.8588 126.283
-9.82221 126.27
-9.78585 126.261
-9.74983 126.257
-9.71416 126.259
-9.67837 126.259
-9.64258 126.259
-9.6068 126.259
-9.57112 126.26
-9.53567 126.266
-9.49999 126.268
-9.46408 126.266
-9.42807 126.262
-9.39206 126.258
-9.35649 126.262
-9.32113 126.27
-9.28567 126.275
-9.24976 126.273
-9.21429 126.279
-9.17871 126.282
-9.14356 126.294
-9.10818 126.301
-9.07345 126.32
-9.03764 126.319
-9.0012 126.308
-8.96539 126.308
-8.92864 126.291
-8.89368 126.306
-8.85808 126.31
-8.82227 126.31
-8.78636 126.308
-8.75066 126.31
-8.71556 126.323
-8.68047 126.336
-8.64445 126.332
-8.60833 126.326
-8.57252 126.326
-8.5368 126.328
-8.50139 126.336
-8.46617 126.347
-8.43075 126.354
-8.39522 126.36
-8.35959 126.363
-8.32397 126.367
-8.28843 126.373
-8.2527 126.374
-8.21687 126.374
-8.18182 126.389
-8.14637 126.397
-8.11092 126.404
-8.07546 126.412
-8.0399 126.417
-8.00435 126.423
-7.96916 126.436
-7.93416 126.452
-7.89896 126.465
-7.86357 126.475
-7.82855 126.491
-7.79297 126.497
-7.75729 126.501
-7.72179 126.508
-7.68747 126.54
-7.65214 126.551
-7.61681 126.562
-7.58182 126.581
-7.54648 126.592
-7.51148 126.611
-7.47603 126.62
-7.44049 126.627
-7.40565 126.65
-7.37071 126.67
-7.33506 126.676
-7.29959 126.685
-7.26411 126.694
-7.22948 126.722
-7.19416 126.735
-7.15875 126.747
-7.12375 126.767
-7.08807 126.773
-7.05315 126.795
-7.01837 126.821
-6.98301 126.834
-6.9483 126.862
-6.91349 126.889
-6.8786 126.913
-6.84312 126.924
-6.80812 126.947
-6.77295 126.965
-6.73769 126.982
-6.70298 127.012
-6.6681 127.039
-6.6325 127.048
-6.59706 127.061
-6.56106 127.061
-6.52537 127.068
-6.4906 127.098
-6.45696 127.157
-6.42147 127.17
-6.38727 127.215
-6.35154 127.222
-6.3167 127.253
-6.28192 127.284
-6.24728 127.32
-6.2124 127.35
-6.17663 127.358
-6.14114 127.373
-6.10696 127.422
-6.0721 127.454
-6.03708 127.482
-5.96759 127.554
-5.93345 127.607
-5.89767 127.616
-5.86252 127.643
-5.8275 127.673
-5.72343 127.794
-5.6893 127.851
-5.6544 127.887
-5.61948 127.923
-5.58414 127.948
-5.54907 127.98
-5.51463 128.031
-5.47899 128.048
-5.44433 128.094
-5.41042 128.162
-5.37712 128.25
-5.34264 128.303
-5.30749 128.338
-5.27227 128.37
-5.23685 128.397
-5.20129 128.42
-5.16547 128.435
-5.131 128.492
-5.09748 128.58
