11.8761 140.462
11.915 140.451
11.952 140.413
12.0105 140.104
12.0466 140.055
12.0839 140.022
12.1205 139.979
12.183 139.739
12.2202 139.706
12.2581 139.683
12.2912 139.592
12.3238 139.495
12.3604 139.455
12.3973 139.42
12.4322 139.355
12.4698 139.331
12.5031 139.245
12.539 139.196
12.5733 139.126
12.6097 139.086
12.6452 139.033
12.6834 139.017
12.7186 138.96
12.7549 138.921
12.8232 138.78
12.8599 138.745
12.8984 138.736
12.9336 138.681
12.9715 138.663
13.0059 138.597
13.0405 138.536
13.0769 138.499
13.115 138.486
13.1506 138.437
13.1886 138.422
13.2254 138.392
13.2617 138.354
13.297 138.304
13.3343 138.28
13.3694 138.228
13.4073 138.212
13.4429 138.166
13.4806 138.149
13.5185 138.134
13.5539 138.086
13.5917 138.07
13.6286 138.042
13.6646 138.003
13.7 137.957
13.7379 137.942
13.7745 137.911
13.8123 137.896
13.849 137.868
13.8858 137.84
13.9236 137.824
13.9608 137.803
13.9986 137.788
14.0336 137.738
14.0701 137.707
14.1076 137.69
14.1431 137.646
14.1813 137.638
14.2197 137.631
14.2578 137.62
14.2947 137.596
14.3312 137.566
14.369 137.553
14.4062 137.531
14.4427 137.503
14.4806 137.49
14.5186 137.479
14.5553 137.454
14.5922 137.43
14.6302 137.419
14.6672 137.397
14.7046 137.38
14.7417 137.358
14.78 137.352
14.8174 137.335
14.8551 137.322
14.8931 137.311
14.9301 137.289
14.9676 137.274
15.0055 137.263
15.0442 137.261
15.0821 137.25
15.1198 137.237
15.1562 137.209
15.1933 137.19
15.2306 137.173
15.2681 137.157
15.305 137.136
15.3432 137.129
15.3816 137.125
15.4206 137.127
15.4592 137.125
15.4969 137.112
15.5339 137.093
15.5702 137.065
15.6071 137.043
15.6452 137.037
15.6844 137.041
15.7234 137.043
15.7613 137.035
15.798 137.011
15.8348 136.989
15.8727 136.981
15.9117 136.983
15.9502 136.981
15.987 136.959
16.0266 136.968
16.0653 136.968
16.1023 136.948
16.1418 136.957
16.1843 136.998
16.2233 137
16.2612 136.992
16.2988 136.979
16.3365 136.968
16.3734 136.948
16.4119 136.946
16.4507 136.946
16.4898 136.951
16.5287 136.953
16.5673 136.951
16.6058 136.948
16.6443 136.946
16.6843 136.959
16.7236 136.966
16.7624 136.966
16.8019 136.974
16.8411 136.979
16.8794 136.974
16.9177 136.97
16.9562 136.968
16.9958 136.976
17.0351 136.983
17.0747 136.992
17.1128 136.985
17.1513 136.983
17.1903 136.985
17.2292 136.987
17.2688 136.996
17.3088 137.009
17.3482 137.015
17.3873 137.019
17.4261 137.019
17.4646 137.017
17.5035 137.019
17.5422 137.019
17.5821 137.03
17.6225 137.047
17.6615 137.05
17.7006 137.054
17.7418 137.078
17.7823 137.095
17.8215 137.099
17.8609 137.106
17.9 137.11
17.9394 137.116
17.9789 137.123
18.02 137.146
18.061 137.168
18.1002 137.172
18.1396 137.179
18.1788 137.183
18.218 137.187
18.2579 137.198
18.3014 137.244
18.3416 137.256
18.381 137.263
18.4218 137.282
18.4629 137.304
18.5021 137.308
18.5413 137.313
18.5803 137.315
18.6193 137.317
18.6593 137.328
18.7036 137.379
18.7438 137.392
18.7854 137.418
18.8267 137.442
18.8662 137.449
18.9064 137.462
18.948 137.488
18.988 137.498
19.0303 137.531
19.0727 137.563
19.1144 137.589
19.1563 137.617
19.1961 137.626
19.2358 137.635
19.278 137.665
19.3178 137.674
19.36 137.704
19.4049 137.758
19.4444 137.765
19.4869 137.797
19.527 137.808
19.5688 137.834
19.6113 137.867
19.657 137.928
19.6976 137.943
19.7375 137.952
19.7808 137.991
19.8244 138.032
19.8643 138.041
19.9044 138.052
19.9535 138.141
20.2992 138.438
20.3455 138.501
20.3891 138.541
20.4332 138.585
20.4832 138.679
20.5235 138.69
20.5692 138.747
20.6134 138.791
20.6594 138.85
20.7024 138.883
20.9916 139.344
21.0386 139.41
21.0826 139.45
21.127 139.494
