-17.8885 134.253
-17.845 134.196
-17.3234 133.131
-17.282 133.091
-17.2357 133.002
-17.1915 132.934
-17.1531 132.921
-17.1104 132.867
-16.9356 132.608
-16.8946 132.57
-16.8543 132.538
-16.8112 132.478
-16.7707 132.444
-16.7305 132.412
-16.6474 132.322
-16.6082 132.3
-16.5703 132.292
-16.5298 132.256
-16.486 132.188
-16.4437 132.134
-16.4055 132.122
-16.366 132.096
-16.3251 132.056
-16.2825 131.998
-16.2449 131.992
-16.2054 131.967
-16.1253 131.903
-16.0453 131.839
-16.0055 131.809
-15.9651 131.774
-15.9252 131.742
-15.8854 131.712
-15.8458 131.684
-15.8082 131.676
-15.769 131.653
-15.731 131.641
-15.6915 131.613
-15.6522 131.587
-15.613 131.563
-15.5754 131.556
-15.5359 131.528
-15.4978 131.514
-15.4587 131.49
-15.4189 131.459
-15.3813 131.451
-15.3422 131.427
-15.3028 131.399
-15.2632 131.37
-15.2251 131.356
-15.1877 131.35
-15.1507 131.348
-15.1124 131.332
-15.0734 131.308
-15.035 131.291
-14.9964 131.271
-14.9579 131.253
-14.9206 131.247
-14.8827 131.235
-14.845 131.225
-14.8066 131.208
-14.7682 131.19
-14.7305 131.18
-14.6921 131.162
-14.6522 131.127
-14.6141 131.113
-14.5763 131.101
-14.5397 131.103
-14.5032 131.107
-14.4671 131.115
-14.4307 131.119
-14.3925 131.103
-14.3543 131.088
-14.3164 131.074
-14.2775 131.05
-14.2402 131.044
-14.2029 131.038
-14.1656 131.032
-14.128 131.023
-14.0907 131.017
-14.0529 131.005
-14.0146 130.987
-13.9772 130.979
-13.9396 130.969
-13.9015 130.954
-13.8647 130.954
-13.8278 130.952
-13.7907 130.948
-13.7534 130.942
-13.7163 130.938
-13.6787 130.928
-13.6421 130.93
-13.6054 130.93
-13.5689 130.934
-13.5321 130.934
-13.4951 130.93
-13.4578 130.924
-13.4217 130.932
-13.3844 130.926
-13.3469 130.916
-13.3096 130.911
-13.2735 130.918
-13.2367 130.918
-13.1999 130.918
-13.1628 130.915
-13.1261 130.915
-13.0898 130.92
-13.0531 130.922
-13.0167 130.926
-12.9804 130.932
-12.9436 130.932
-12.9065 130.928
-12.8697 130.928
-12.8329 130.928
-12.7963 130.93
-12.7594 130.928
-12.7244 130.952
-12.6876 130.952
-12.6527 130.976
-12.6165 130.984
-12.5792 130.978
-12.5403 130.95
-12.5032 130.946
-12.4678 130.964
-12.4308 130.962
-12.3942 130.964
-12.3573 130.962
-12.3208 130.966
-12.2854 130.986
-12.2498 131.001
-12.2133 131.005
-12.1771 131.013
-12.1403 131.013
-12.103 131.007
-12.0659 131.003
-12.0294 131.007
-11.9939 131.025
-11.9572 131.027
-11.9202 131.025
-11.8837 131.029
-11.8486 131.053
-11.8132 131.072
-11.7775 131.088
-11.7424 131.112
-11.7071 131.133
-11.6706 131.139
-11.6339 131.141
-11.5972 131.143
-11.5606 131.147
-11.5253 131.169
-11.4894 131.183
-11.4528 131.187
-11.4174 131.207
-11.3819 131.226
-11.3453 131.23
-11.3089 131.238
-11.2725 131.244
-11.2367 131.26
-11.2009 131.276
-11.1656 131.299
-11.1294 131.309
-11.0938 131.329
-11.0575 131.337
-11.0215 131.351
-10.9852 131.361
-10.9506 131.394
-10.9146 131.408
-10.8803 131.448
-10.8436 131.452
-10.8072 131.46
-10.771 131.472
-10.7368 131.513
-10.7001 131.517
-10.6636 131.523
-10.6284 131.551
-10.5938 131.587
-10.5584 131.612
-10.5233 131.64
-10.4869 131.65
-10.4516 131.676
-10.415 131.682
-10.3786 131.692
-10.3447 131.742
-10.3083 131.751
-10.2729 131.777
-10.2378 131.807
-10.2014 131.817
-10.1649 131.825
-10.1308 131.873
-10.096 131.911
-10.062 131.96
-10.0255 131.968
-9.98864 131.972
-9.91823 132.034
-9.88425 132.086
-9.84907 132.118
-9.81269 132.13
-9.77748 132.162
-9.74108 132.174
-9.63662 132.292
-9.60122 132.322
-9.56604 132.356
-9.53073 132.388
-9.4969 132.446
-9.46156 132.478
-9.42529 132.494
-9.39163 132.557
-9.35725 132.607
-9.32162 132.635
-9.28654 132.673
-9.25256 132.731
-9.21733 132.768
-9.18197 132.802
-9.14792 132.86
-9.11143 132.874
-9.07679 132.923
-9.04279 132.983
-9.00778 133.026
-8.97243 133.062
-8.93706 133.098
-8.90448 133.187
-8.80247 133.378
-8.76562 133.388
-8.72971 133.416
-8.53014 133.905
-8.4947 133.945
-8.45883 133.978
-8.42417 134.035
-8.16518 136.465
-8.1279 136.482
-8.09052 136.497
-8.05312 136.512
