-12.2473 146.027
-12.2055 146.013
-12.1641 146.004
-12.1239 146.014
-10.694 143.956
-10.6531 143.949
-10.6107 143.914
-10.5681 143.877
-10.527 143.866
-10.4828 143.801
-10.4393 143.747
-10.3981 143.733
-10.3573 143.727
-10.3154 143.699
-10.2731 143.666
-10.2308 143.632
-10.1898 143.62
-10.1475 143.586
-10.1049 143.546
-10.0642 143.54
-10.023 143.523
-9.98251 143.521
-9.94025 143.487
-9.81291 143.371
-9.77185 143.357
-9.73004 143.33
-9.69065 143.346
-9.64797 143.302
-9.60707 143.291
-9.56642 143.284
-9.5244 143.252
-9.4824 143.22
-9.44202 143.218
-9.40151 143.213
-9.36063 143.202
-9.31892 143.174
-9.27624 143.128
-9.23503 143.11
-9.19479 143.11
-9.15466 143.113
-9.11394 143.104
-9.0731 143.093
-9.03156 143.067
-8.99004 143.042
-8.94945 143.035
-8.90922 143.036
-8.86887 143.034
-8.82794 143.02
-8.78622 142.99
-8.74463 142.962
-8.70384 142.951
-8.6635 142.949
-8.62306 142.945
-8.58273 142.943
-8.5415 142.922
-8.50051 142.906
-8.46107 142.923
-8.4214 142.935
-8.38085 142.928
-8.33954 142.905
-8.29824 142.882
-8.25684 142.857
-8.21652 142.855
-8.17653 142.86
-8.13568 142.846
-8.09389 142.812
-8.05411 142.821
-8.01453 142.835
-7.97369 142.822
-7.93297 142.81
-7.89235 142.801
-7.85184 142.795
-7.81143 142.79
-7.77113 142.788
-7.73012 142.77
-7.68982 142.768
-7.64992 142.775
-7.60951 142.771
-7.56842 142.75
-7.52744 142.732
-7.48714 142.73
-7.44782 142.751
-7.40868 142.777
-7.36789 142.763
-7.3274 142.756
-7.28567 142.719
-7.24538 142.717
-7.19168 142.385
-7.16517 142.722
-7.12459 142.713
-7.08421 142.709
-7.04373 142.702
-7.00381 142.71
-6.96388 142.717
-6.92575 142.77
-6.88625 142.789
-6.84656 142.803
-6.80758 142.836
-6.76752 142.841
-6.72702 142.834
-6.68696 142.839
-6.64715 142.851
-6.60743 142.865
-6.56778 142.881
-6.52864 142.912
-6.4888 142.924
-6.44863 142.926
-6.40811 142.919
-6.36785 142.92
-6.32809 142.934
-6.28864 142.957
-6.24959 142.992
-6.20964 143.002
-6.16911 142.995
-6.12851 142.986
-6.08838 142.991
-6.04842 143
-6.00836 143.008
-5.96839 143.017
-5.92887 143.041
-5.8895 143.069
-5.84973 143.085
-5.8098 143.097
-5.76994 143.111
-5.72999 143.123
-5.68982 143.128
-5.6495 143.128
-5.60918 143.128
-5.56988 143.161
-5.53041 143.189
-5.49036 143.199
-5.45045 143.213
-5.41103 143.243
-5.37159 143.274
-5.33165 143.288
-5.29205 143.314
-5.2525 143.342
-5.21233 143.349
-5.17263 143.373
-5.13258 143.385
-5.09239 143.392
-5.05233 143.404
-5.01332 143.453
-4.9733 143.467
-4.93386 143.503
-4.89441 143.538
-4.85481 143.568
-4.81457 143.576
-4.77438 143.585
-4.73537 143.639
-4.69529 143.653
-4.65587 143.693
-4.61626 143.726
-4.57585 143.729
-4.53627 143.764
-4.49602 143.774
-4.45688 143.828
-4.41732 143.866
-4.37704 143.875
-4.33687 143.889
-4.29777 143.948
-4.25742 143.956
-4.21756 143.984
-4.1773 143.996
-4.13763 144.034
-4.09848 144.095
-4.05873 144.13
-4.01911 144.173
-3.98 144.239
-3.93992 144.263
-3.90004 144.296
-3.8603 144.336
-3.82054 144.376
-3.78061 144.41
-3.74067 144.443
-3.70081 144.481
-3.6219 144.599
-3.58203 144.64
-3.54204 144.675
-3.50213 144.716
-3.46225 144.759
-3.18522 145.208
-3.14562 145.278
-2.34721 146.673
