7.23583 136.439
7.27203 136.379
7.30812 136.317
7.345 136.274
7.41487 136.099
7.45067 136.033
7.48644 135.967
7.52246 135.908
7.55919 135.865
7.59517 135.806
7.63168 135.759
7.66732 135.693
7.70303 135.63
7.73986 135.592
7.77571 135.532
7.81211 135.486
7.84811 135.431
7.88476 135.391
7.92014 135.323
7.95675 135.283
7.99285 135.232
8.0307 135.22
8.06647 135.163
8.10292 135.121
8.13964 135.085
8.17635 135.049
8.21184 134.988
8.2475 134.931
8.28516 134.917
8.32252 134.896
8.36006 134.879
8.39668 134.843
8.43256 134.793
8.46904 134.755
8.50581 134.723
8.5433 134.707
8.57963 134.667
8.61668 134.642
8.65288 134.6
8.69022 134.581
8.72681 134.548
8.7636 134.518
8.80112 134.504
8.83713 134.46
8.87453 134.443
8.91008 134.391
8.94767 134.378
8.98427 134.347
9.02075 134.314
9.05766 134.289
9.09544 134.281
9.13255 134.26
9.16976 134.241
9.2064 134.212
9.24292 134.181
9.27954 134.151
9.31659 134.131
9.3541 134.118
9.39171 134.108
9.42851 134.083
9.46531 134.058
9.50197 134.031
9.53944 134.018
9.57679 134.004
9.61342 133.977
9.6511 133.969
9.68843 133.954
9.72562 133.938
9.76258 133.917
9.79928 133.892
9.83646 133.875
9.8741 133.867
9.91066 133.84
9.94769 133.821
9.98459 133.801
10.0217 133.784
10.0592 133.774
10.0972 133.772
10.1352 133.77
10.1722 133.751
10.2091 133.733
10.2464 133.718
10.2838 133.708
10.3208 133.689
10.357 133.658
10.3942 133.644
10.4322 133.644
10.4702 133.642
10.5081 133.64
10.5455 133.629
10.5831 133.621
10.6205 133.611
10.6577 133.596
10.695 133.584
10.7324 133.574
10.7701 133.569
10.8077 133.561
10.8449 133.549
10.8824 133.541
10.9202 133.537
10.958 133.532
10.9958 133.528
11.0334 133.522
11.0712 133.518
11.109 133.514
11.1456 133.493
11.1827 133.479
11.2202 133.471
11.2574 133.458
11.2951 133.454
11.3333 133.456
11.3709 133.45
11.4074 133.427
11.446 133.436
11.4865 133.473
11.5251 133.481
11.5617 133.461
11.5989 133.448
11.6362 133.438
11.6741 133.436
11.7121 133.436
11.7501 133.436
11.7884 133.44
11.8267 133.445
11.8653 133.453
11.904 133.463
11.9422 133.465
11.9804 133.467
12.0181 133.463
12.0564 133.468
12.0953 133.48
12.1336 133.484
12.1715 133.482
12.2092 133.478
12.2473 133.478
12.2854 133.48
12.3236 133.482
12.3619 133.486
12.4001 133.489
12.4386 133.495
12.4773 133.505
12.5157 133.509
12.5554 133.532
12.5937 133.536
12.632 133.541
12.6695 133.532
12.7076 133.534
12.7455 133.532
12.784 133.539
12.8233 133.555
12.8618 133.561
12.9004 133.57
12.9404 133.595
12.98 133.615
13.018 133.615
13.0561 133.615
13.0944 133.62
13.1344 133.645
13.1731 133.653
13.2113 133.655
13.2497 133.659
13.2885 133.67
13.3285 133.695
13.3672 133.703
13.4064 133.717
13.445 133.724
13.4837 133.732
13.5237 133.757
13.564 133.784
13.602 133.784
13.6408 133.792
13.6793 133.799
13.7198 133.828
13.7597 133.851
13.7984 133.859
13.8389 133.888
13.8789 133.911
13.9173 133.915
13.9559 133.921
13.9964 133.951
14.0352 133.959
14.0733 133.959
14.1128 133.976
14.1524 133.994
14.1937 134.032
14.2363 134.086
14.2748 134.09
14.3134 134.096
14.3556 134.144
14.3945 134.153
14.4335 134.163
14.4741 134.193
14.5149 134.224
14.5556 134.253
14.5946 134.264
14.6369 134.312
14.6763 134.326
14.7154 134.337
14.7579 134.387
14.799 134.42
14.8383 134.433
14.879 134.462
15.0049 134.59
15.0466 134.63
15.0874 134.659
15.1281 134.687
15.1667 134.691
15.2059 134.701
15.2516 134.785
15.2936 134.827
15.3345 134.857
15.3734 134.863
15.4143 134.893
15.4589 134.962
15.5027 135.023
15.5444 135.061
15.6274 135.131
15.6717 135.196
15.7164 135.266
15.76 135.323
15.8017 135.359
15.844 135.401
15.8884 135.467
15.9333 135.537
15.9782 135.606
16.0223 135.668
16.3859 136.26
16.4287 136.305
