-24.87 83.9017
-24.8434 83.8995
1.94056 148.386
1.98155 148.388
2.02239 148.376
2.06266 148.313
2.52996 146.538
2.96485 145.834
3.1227 145.612
3.32044 145.388
3.36001 145.348
3.39966 145.313
3.4392 145.273
3.47885 145.24
3.59681 145.094
3.63691 145.087
3.71591 145.014
3.79471 144.934
3.83412 144.897
3.87358 144.862
3.91356 144.852
3.95299 144.817
3.99194 144.761
4.03195 144.754
4.07206 144.752
4.11154 144.721
4.15063 144.674
4.19002 144.642
4.22994 144.632
4.26937 144.602
4.30867 144.567
4.34845 144.553
4.38784 144.522
4.42716 144.49
4.46692 144.476
4.50586 144.429
4.54572 144.42
4.58551 144.408
4.62483 144.378
4.66454 144.364
4.70389 144.336
4.74329 144.31
4.78323 144.305
4.8231 144.298
4.86279 144.285
4.90172 144.243
4.94138 144.229
4.9811 144.217
5.02024 144.184
5.0595 144.156
5.09913 144.142
5.1385 144.119
5.17831 144.112
5.21806 144.103
5.25747 144.082
5.29727 144.075
5.33714 144.07
5.37693 144.063
5.41673 144.056
5.45589 144.028
5.49546 144.014
5.53503 144.001
5.57466 143.989
5.61443 143.982
5.65441 143.982
5.69395 143.968
5.73371 143.961
5.77288 143.935
5.8124 143.921
5.85215 143.914
5.89189 143.907
5.93117 143.887
5.97097 143.882
6.01078 143.877
6.05012 143.859
6.09015 143.861
6.13033 143.868
6.16997 143.859
6.20945 143.845
6.24884 143.828
6.28878 143.828
6.32872 143.828
6.36867 143.828
6.40861 143.828
6.44847 143.826
6.488 143.814
6.5276 143.805
6.56779 143.812
6.60773 143.812
6.64716 143.798
6.68649 143.782
6.72643 143.782
6.76731 143.807
6.8062 143.779
6.84569 143.767
6.88606 143.779
6.92643 143.791
6.96734 143.816
7.00764 143.825
7.04766 143.827
7.08724 143.818
7.12663 143.804
7.16574 143.783
7.20585 143.788
7.24606 143.795
7.28617 143.799
7.3262 143.802
7.36632 143.806
7.40615 143.804
7.44599 143.801
7.48592 143.801
7.52623 143.811
7.56617 143.81
7.60619 143.813
7.64622 143.815
7.68635 143.82
7.72638 143.822
7.76661 143.829
7.80725 143.845
7.84738 143.849
7.88692 143.84
7.92655 143.833
7.96679 143.84
8.00806 143.87
8.04882 143.888
8.08877 143.888
8.12892 143.893
8.16918 143.9
8.20965 143.911
8.25013 143.923
8.29103 143.944
8.33131 143.951
8.37159 143.957
8.41198 143.967
8.45345 143.999
8.4944 144.02
8.53481 144.029
8.57533 144.041
8.61575 144.05
8.6555 144.045
8.69536 144.043
8.7378 144.094
8.7797 144.133
8.81992 144.138
8.85969 144.133
8.89957 144.131
8.94013 144.142
8.98151 144.17
9.0222 144.184
9.06395 144.219
9.10536 144.246
9.14561 144.251
9.18622 144.262
9.2279 144.295
9.2684 144.304
9.3095 144.325
9.35037 144.341
9.39246 144.381
9.43384 144.406
9.47425 144.413
9.51564 144.439
9.55644 144.453
9.59797 144.481
9.63841 144.488
9.68121 144.539
9.72379 144.585
9.765 144.606
9.80661 144.634
9.84721 144.643
9.88896 144.674
9.93226 144.732
9.97315 144.746
10.0139 144.758
10.0556 144.786
10.0974 144.816
10.1398 144.856
10.1821 144.895
10.2228 144.905
10.2667 144.97
10.3092 145.012
10.351 145.04
10.3925 145.064
10.4338 145.082
10.4763 145.122
10.5201 145.186
10.5643 145.254
10.6055 145.27
10.6478 145.305
10.6902 145.343
10.7329 145.385
10.7771 145.451
10.8214 145.519
10.8644 145.564
10.9086 145.63
10.9499 145.646
10.994 145.71
11.0385 145.778
11.0798 145.795
11.1228 145.837
11.3047 146.169
11.3493 146.238
11.3926 146.283
11.4357 146.325
11.7192 146.965
