-15.3372 123.439
-15.2972 123.389
-15.2609 123.376
-15.2232 123.35
-15.1824 123.29
-15.1399 123.213
-15.059 123.101
-15.0229 123.09
-14.9857 123.067
-14.9476 123.034
-14.908 122.986
-14.8297 122.899
-14.792 122.87
-14.7522 122.819
-14.7159 122.804
-14.6784 122.778
-14.6411 122.753
-14.6032 122.721
-14.5651 122.687
-14.5264 122.646
-14.4901 122.632
-14.4489 122.564
-14.4096 122.516
-14.3744 122.513
-14.3403 122.521
-14.3051 122.518
-14.2665 122.477
-14.2264 122.42
-14.1907 122.411
-14.1534 122.385
-14.1178 122.376
-14.0803 122.347
-14.0426 122.316
-14.0034 122.268
-13.9664 122.243
-13.9312 122.239
-13.8942 122.215
-13.8582 122.202
-13.8188 122.151
-13.7817 122.124
-13.7467 122.123
-13.7114 122.117
-13.6749 122.098
-13.6395 122.091
-13.6025 122.066
-13.5664 122.052
-13.531 122.045
-13.495 122.031
-13.4584 122.009
-13.4216 121.986
-13.3831 121.944
-13.3473 121.932
-13.3121 121.926
-13.2771 121.925
-13.2403 121.9
-13.2032 121.873
-13.1677 121.865
-13.1315 121.847
-13.0943 121.819
-13.0588 121.81
-13.0238 121.806
-12.9887 121.803
-12.9535 121.798
-12.9176 121.783
-12.8811 121.762
-12.8455 121.752
-12.8088 121.729
-12.7722 121.706
-12.7373 121.704
-12.7036 121.716
-12.669 121.718
-12.6311 121.679
-12.5946 121.658
-12.5596 121.655
-12.5252 121.658
-12.49 121.653
-12.4541 121.639
-12.42 121.646
-12.3848 121.64
-12.3488 121.625
-12.3144 121.628
-12.279 121.619
-12.2435 121.61
-12.2085 121.607
-12.1739 121.608
-12.1392 121.608
-12.1026 121.584
-12.0665 121.566
-12.0316 121.564
-11.9968 121.563
-11.9616 121.557
-11.9265 121.552
-11.8914 121.547
-11.8563 121.541
-11.8214 121.54
-11.787 121.543
-11.7521 121.541
-11.7173 121.539
-11.6831 121.546
-11.6488 121.552
-11.6138 121.548
-11.5785 121.541
-11.5431 121.532
-11.508 121.527
-11.4732 121.525
-11.4379 121.518
-11.4035 121.521
-11.3688 121.521
-11.334 121.521
-11.2991 121.518
-11.2647 121.523
-11.2309 121.535
-11.1969 121.546
-11.1622 121.545
-11.1274 121.544
-11.0921 121.537
-11.0569 121.53
-11.0233 121.545
-10.9896 121.559
-10.9551 121.563
-10.9208 121.57
-10.8855 121.561
-10.8506 121.559
-10.8166 121.569
-10.7823 121.575
-10.7478 121.578
-10.7129 121.576
-10.6782 121.576
-10.6441 121.587
-10.6102 121.599
-10.5762 121.609
-10.5416 121.611
-10.507 121.613
-10.4726 121.618
-10.4377 121.616
-10.4031 121.618
-10.3689 121.627
-10.3351 121.641
-10.3006 121.644
-10.2659 121.646
-10.2321 121.66
-10.198 121.67
-10.1634 121.672
-10.1293 121.682
-10.0955 121.698
-10.0612 121.705
-10.0266 121.707
-9.99235 121.716
-9.95837 121.728
-9.92392 121.733
-9.88948 121.738
-9.85514 121.745
-9.82125 121.759
-9.78746 121.775
-9.75378 121.793
-9.71976 121.805
-9.68606 121.822
-9.65191 121.833
-9.61743 121.838
-9.58295 121.843
-9.54879 121.854
-9.51539 121.877
-9.48122 121.887
-9.44736 121.903
-9.41372 121.922
-9.37985 121.938
-9.34609 121.956
-9.31189 121.966
-9.27736 121.971
-9.244 121.996
-9.20989 122.008
-9.17577 122.021
-9.14238 122.045
-9.10835 122.059
-9.07401 122.068
-9.03976 122.079
-9.00634 122.103
-8.973 122.13
-8.94007 122.163
-8.9062 122.181
-8.87283 122.207
-8.83884 122.223
-8.80546 122.25
-8.77085 122.255
-8.73624 122.26
-8.70163 122.265
-8.66791 122.287
-8.63428 122.31
-8.59994 122.32
-8.5662 122.341
-8.53284 122.37
-8.49975 122.403
-8.46627 122.43
-8.43374 122.474
-8.39926 122.483
-8.36574 122.51
-8.3323 122.538
-8.29876 122.565
-8.2653 122.593
-8.23069 122.6
-8.19626 122.611
-8.1639 122.66
-8.13142 122.708
-8.09688 122.717
-8.06325 122.744
-8.02962 122.771
-7.99597 122.797
-7.96231 122.824
-7.92791 122.836
-7.89523 122.883
-7.86272 122.933
-7.82828 122.945
-7.79573 122.995
-7.76325 123.047
-7.72941 123.072
-7.69484 123.082
-7.66134 123.115
-7.62852 123.161
-7.59498 123.193
-7.56134 123.224
-7.52769 123.254
-7.29811 123.602
-7.26424 123.631
-7.23035 123.66
-7.19646 123.688
-7.16246 123.715
-7.12946 123.764
-7.00056 124.033
-6.96662 124.064
-6.93259 124.093
-6.8368 124.325
-6.8038 124.379
-6.7699 124.414
