-24.8702 83.9027
-24.8437 83.9005
1.1645 155.826
1.20703 155.813
1.29078 155.584
1.33324 155.569
1.71125 154.991
1.75338 154.957
1.79538 154.91
1.96337 154.743
2.1728 154.523
2.21471 154.486
2.34059 154.396
2.38241 154.357
2.42419 154.315
2.46594 154.274
2.50735 154.207
2.54947 154.196
2.59159 154.186
2.633 154.124
2.67474 154.088
2.71686 154.08
2.75887 154.064
2.80016 154
2.84219 153.987
2.88432 153.982
2.92606 153.951
2.9681 153.941
3.00982 153.91
3.0514 153.871
3.093 153.835
3.13505 153.827
3.17659 153.788
3.21862 153.781
3.26066 153.773
3.30184 153.716
3.34386 153.709
3.38582 153.698
3.42737 153.665
3.46928 153.652
3.5108 153.618
3.55202 153.57
3.59356 153.539
3.63572 153.541
3.67787 153.544
3.71993 153.541
3.76194 153.536
3.80359 153.513
3.84518 153.487
3.88727 153.487
3.92905 153.472
3.97082 153.456
4.01248 153.436
4.05391 153.405
4.09577 153.395
4.13746 153.377
4.17942 153.372
4.2212 153.359
4.2631 153.351
4.3051 153.349
4.34676 153.331
4.38811 153.3
4.43005 153.295
4.47222 153.3
4.51384 153.282
4.55522 153.254
4.59665 153.228
4.63825 153.21
4.68034 153.212
4.72231 153.21
4.76428 153.207
4.80605 153.197
4.84775 153.184
4.88978 153.184
4.93207 153.194
4.97436 153.205
5.01639 153.204
5.05794 153.187
5.09976 153.179
5.14158 153.171
5.18346 153.166
5.22548 153.166
5.26735 153.161
5.30909 153.15
5.35096 153.145
5.39239 153.125
5.43039 152.984
5.47604 153.112
5.52057 153.199
5.56088 153.14
5.60387 153.173
5.64627 153.186
5.68798 153.176
5.72985 153.17
5.77171 153.165
5.81373 153.165
5.85566 153.163
5.89784 153.168
5.94009 153.175
5.98195 153.17
6.02413 153.175
6.06672 153.193
6.10907 153.203
6.15084 153.195
6.19303 153.201
6.23547 153.213
6.27758 153.216
6.3196 153.216
6.36223 153.234
6.4046 153.244
6.44715 153.259
6.48953 153.269
6.53218 153.287
6.5744 153.292
6.61635 153.29
6.65848 153.292
6.70043 153.289
6.74228 153.284
6.7845 153.289
6.82718 153.307
6.86987 153.325
6.91266 153.345
6.9548 153.348
6.99676 153.345
7.03928 153.358
7.08181 153.371
7.12453 153.389
7.16726 153.406
7.20952 153.412
7.25236 153.432
7.29501 153.447
7.33738 153.455
7.37955 153.457
7.42212 153.47
7.466 153.516
7.50899 153.539
7.55189 153.56
7.59562 153.601
7.6371 153.585
7.67951 153.593
7.72358 153.642
7.76611 153.652
7.80832 153.654
7.85064 153.659
7.89413 153.693
7.93828 153.742
7.98202 153.78
8.02535 153.808
8.06836 153.829
8.11171 153.857
8.15419 153.865
8.19623 153.862
8.23872 153.87
8.28366 153.934
8.32627 153.944
8.36991 153.978
8.41265 153.99
8.45734 154.047
8.50044 154.068
8.54402 154.099
8.58668 154.109
8.62923 154.116
8.67378 154.168
8.71634 154.176
8.76045 154.217
8.93778 154.398
8.98149 154.429
9.02449 154.444
9.07019 154.517
9.11617 154.594
9.15922 154.61
9.20326 154.646
9.2462 154.659
9.33815 154.81
9.38113 154.823
9.42819 154.919
9.47146 154.937
9.5159 154.978
9.60859 155.137
9.65323 155.182
9.69815 155.231
9.74441 155.307
9.78938 155.357
9.83558 155.43
9.88247 155.516
9.9309 155.631
9.97653 155.692
10.0233 155.773
10.0683 155.82
10.1184 155.965
10.1639 156.02
