-20.8209 143.031
-20.7738 142.969
-20.4515 142.596
-20.4078 142.562
-20.3638 142.526
-20.3229 142.517
-19.9683 142.196
-19.9275 142.187
-19.8816 142.133
-19.8404 142.119
-19.7971 142.088
-19.7541 142.058
-19.5829 141.948
-19.5427 141.944
-19.4987 141.905
-19.455 141.869
-19.4136 141.854
-19.3699 141.817
-19.3293 141.809
-19.2888 141.802
-19.2474 141.787
-19.2019 141.732
-19.1588 141.701
-19.1181 141.692
-19.0746 141.656
-19.0315 141.624
-18.9933 141.638
-18.9515 141.618
-18.9111 141.612
-18.8688 141.587
-18.8282 141.578
-18.7857 141.552
-18.7422 141.515
-18.7018 141.509
-18.6622 141.509
-18.6226 141.51
-18.5815 141.497
-18.5362 141.442
-18.4949 141.427
-18.4555 141.429
-18.4168 141.439
-18.377 141.437
-18.3371 141.435
-18.2933 141.395
-18.2516 141.375
-18.2115 141.37
-18.17 141.353
-18.1292 141.342
-18.0887 141.333
-18.0489 141.331
-18.0106 141.345
-17.9717 141.352
-17.9314 141.346
-17.8884 141.312
-17.846 141.285
-17.8057 141.279
-17.7668 141.286
-17.729 141.305
-17.6894 141.305
-17.648 141.287
-17.6065 141.269
-17.5642 141.242
-17.5233 141.229
-17.4817 141.209
-17.4416 141.205
-17.4036 141.221
-17.3644 141.226
-17.3244 141.222
-17.2843 141.218
-17.2447 141.218
-17.2051 141.219
-17.1639 141.203
-17.1237 141.197
-17.0839 141.195
-17.044 141.193
-17.0042 141.191
-16.9665 141.212
-16.928 141.224
-16.8871 141.21
-16.8457 141.192
-16.8057 141.188
-16.7667 141.195
-16.7267 141.191
-16.6856 141.176
-16.647 141.188
-16.6093 141.208
-16.5676 141.186
-16.5262 141.168
-16.4854 141.155
-16.4502 141.203
-16.4128 141.228
-16.3728 141.224
-16.3325 141.218
-16.2931 141.22
-16.2537 141.223
-16.2136 141.219
-16.1742 141.221
-16.1316 141.19
-16.091 141.179
-16.0513 141.179
-16.0113 141.175
-15.9712 141.171
-15.9353 141.212
-15.8995 141.256
-15.8655 141.32
-15.8257 141.318
-15.7852 141.309
-15.7459 141.314
-15.7083 141.337
-15.6694 141.347
-15.6315 141.367
-15.5932 141.384
-15.5537 141.386
-15.5136 141.382
-15.4741 141.385
-15.4352 141.394
-15.3971 141.413
-15.3594 141.436
-15.321 141.452
-15.2821 141.462
-15.2422 141.46
-15.204 141.478
-15.1668 141.508
-15.1298 141.541
-15.0909 141.55
-15.0509 141.548
-15.0133 141.574
-14.9776 141.622
-14.9405 141.654
-14.9013 141.661
-14.8634 141.685
-14.824 141.689
-14.785 141.699
-14.7473 141.724
-14.71 141.754
-14.6711 141.766
-14.6319 141.773
-14.5938 141.794
-14.5547 141.804
-14.5166 141.825
-14.4809 141.876
-14.4421 141.89
-14.4023 141.89
-14.3647 141.918
-14.3259 141.932
-14.2903 141.985
-14.2517 142.001
-14.2155 142.047
-14.1762 142.055
-14.1371 142.064
-14.0999 142.099
-14.0627 142.134
-14.0237 142.146
-13.988 142.199
-13.9491 142.213
-13.9116 142.243
-13.8725 142.255
-13.8351 142.287
-13.798 142.325
-13.7586 142.332
-13.7213 142.367
-13.6866 142.436
-13.6475 142.448
-13.5374 142.578
-13.4981 142.588
-13.0903 143.036
-13.0507 143.043
-12.9805 143.183
-12.9427 143.216
-12.9029 143.221
-11.7755 145.053
-11.7355 145.063
-11.6955 145.073
