-24.8704 83.9037
-24.8439 83.9015
-9.64765 139.471
-9.60585 139.418
-9.56612 139.403
-9.52543 139.37
-9.48357 139.315
-9.36191 139.221
-9.31885 139.142
-9.27955 139.134
-9.23875 139.097
-9.19808 139.062
-9.15731 139.025
-9.11678 138.992
-9.07616 138.957
-9.0368 138.946
-8.99643 138.916
-8.9545 138.855
-8.91394 138.82
-8.87328 138.783
-8.83441 138.781
-8.79411 138.75
-8.75349 138.713
-8.71431 138.705
-8.67415 138.676
-8.63498 138.668
-8.59516 138.646
-8.55493 138.616
-8.5145 138.581
-8.47514 138.568
-8.43495 138.538
-8.39466 138.505
-8.35533 138.492
-8.31569 138.473
-8.27689 138.471
-8.23664 138.438
-8.19733 138.425
-8.1564 138.378
-8.11711 138.365
-8.07783 138.352
-8.03795 138.326
-7.99898 138.32
-7.95921 138.296
-7.91946 138.272
-7.88051 138.266
-7.84155 138.259
-7.8025 138.251
-7.76268 138.225
-7.72287 138.199
-7.68375 138.188
-7.64472 138.18
-7.60522 138.16
-7.5663 138.154
-7.52729 138.145
-7.48828 138.137
-7.44917 138.126
-7.40897 138.089
-7.36988 138.079
-7.33117 138.077
-7.29245 138.075
-7.25365 138.07
-7.21466 138.062
-7.17523 138.043
-7.1359 138.025
-7.0972 138.023
-7.05849 138.021
-7.0197 138.017
-6.98083 138.011
-6.94135 137.989
-6.90213 137.974
-6.86284 137.957
-6.82424 137.957
-6.78555 137.955
-6.74661 137.947
-6.70784 137.942
-6.66907 137.938
-6.63039 137.936
-6.59187 137.939
-6.55302 137.932
-6.51442 137.932
-6.47622 137.943
-6.43729 137.935
-6.39829 137.924
-6.35929 137.913
-6.32046 137.907
-6.2817 137.903
-6.24287 137.896
-6.20404 137.89
-6.1656 137.895
-6.12723 137.901
-6.08855 137.899
-6.04958 137.889
-6.0109 137.887
-5.97246 137.891
-5.93423 137.902
-5.89577 137.906
-5.8571 137.904
-5.81878 137.913
-5.78133 137.948
-5.74301 137.957
-5.70368 137.935
-5.66507 137.935
-5.62659 137.94
-5.58868 137.962
-5.54985 137.955
-5.51096 137.947
-5.47159 137.923
-5.43251 137.908
-5.39356 137.897
-5.35502 137.9
-5.31675 137.911
-5.2784 137.919
-5.24012 137.93
-5.20196 137.946
-5.1636 137.955
-5.12549 137.972
-5.08724 137.985
-5.04881 137.992
-5.01024 137.994
-4.97161 137.994
-4.93322 138.003
-4.89465 138.005
-4.85644 138.021
-4.81847 138.045
-4.78018 138.058
-4.74165 138.062
-4.70312 138.067
-4.6647 138.076
-4.62611 138.078
-4.58763 138.084
-4.54972 138.113
-4.51156 138.132
-4.47301 138.137
-4.43462 138.148
-4.39628 138.161
-4.35782 138.17
-4.31937 138.179
-4.28122 138.201
-4.24297 138.218
-4.2046 138.231
-4.16611 138.24
-4.12794 138.262
-4.08965 138.28
-4.05115 138.288
-4.0127 138.299
-3.97424 138.31
-3.93578 138.321
-3.89785 138.356
-3.85937 138.367
-3.82089 138.378
-3.78278 138.407
-3.74457 138.431
-3.70615 138.446
-3.66801 138.475
-3.62958 138.49
-3.59101 138.499
-3.5527 138.521
-3.51447 138.547
-3.47597 138.56
-3.43759 138.58
-3.39911 138.596
-3.36089 138.624
-3.32269 138.655
-3.28448 138.686
-3.24588 138.697
-3.20757 138.723
-3.16908 138.741
-3.1307 138.765
-3.09247 138.798
-3.05426 138.833
-3.0157 138.848
-2.97776 138.901
-2.9391 138.912
-2.90076 138.943
-2.86237 138.971
-2.82408 139.007
-2.78573 139.04
-2.74702 139.051
-2.70896 139.104
-2.67041 139.126
-2.63224 139.174
-2.59355 139.19
-2.55516 139.225
-2.51668 139.256
-2.47825 139.291
-2.44018 139.353
-2.40177 139.393
-2.36305 139.41
-2.32446 139.439
-2.28592 139.472
-2.24771 139.532
-2.20922 139.572
-2.17069 139.609
-2.13208 139.643
-2.09356 139.685
-2.0554 139.758
-2.01673 139.791
-1.97805 139.825
-1.93976 139.893
-1.9014 139.96
-1.86295 140.02
-1.82428 140.062
-1.78569 140.113
-1.74725 140.182
-1.70896 140.269
-1.67 140.292
-1.63144 140.356
-1.59266 140.401
-1.51599 140.6
-1.47735 140.672
-1.43846 140.716
-1.39955 140.761
-1.12989 141.585
-1.09128 141.723
-1.05214 141.784
-1.01275 141.805
