1.25391 150.437
1.29553 150.418
1.66163 149.294
1.70249 149.221
1.74356 149.174
1.78435 149.1
1.8251 149.024
1.98764 148.711
2.02856 148.667
2.06943 148.621
2.11028 148.575
2.15084 148.504
2.19142 148.438
2.23229 148.4
2.27317 148.363
2.31424 148.344
2.35462 148.268
2.39505 148.2
2.43583 148.162
2.47659 148.123
2.51739 148.089
2.55809 148.048
2.5984 147.98
2.63903 147.936
2.68001 147.92
2.72074 147.886
2.76138 147.847
2.8019 147.801
2.84211 147.736
2.88285 147.707
2.92383 147.695
2.96402 147.632
3.00494 147.618
3.0459 147.606
3.08654 147.575
3.12713 147.541
3.16754 147.498
3.20805 147.462
3.24859 147.428
3.28945 147.414
3.32997 147.38
3.37051 147.349
3.41139 147.337
3.45187 147.303
3.49238 147.272
3.53283 147.239
3.57372 147.229
3.61438 147.208
3.65508 147.188
3.69558 147.16
3.73601 147.129
3.77634 147.093
3.81705 147.076
3.85784 147.064
3.89818 147.031
3.93821 146.983
3.97908 146.976
4.02 146.971
4.06081 146.961
4.10157 146.95
4.14211 146.928
4.18259 146.904
4.22327 146.89
4.26356 146.859
4.30418 146.842
4.34478 146.826
4.38555 146.816
4.42625 146.804
4.46678 146.785
4.50759 146.778
4.54805 146.757
4.58874 146.745
4.62959 146.74
4.67045 146.736
4.71076 146.71
4.7513 146.693
4.79196 146.681
4.83267 146.672
4.87344 146.665
4.91384 146.643
4.95441 146.629
4.99517 146.622
5.03573 146.608
5.07609 146.586
5.11671 146.574
5.15738 146.565
5.19819 146.56
5.23899 146.556
5.27986 146.554
5.32059 146.547
5.36139 146.542
5.40218 146.537
5.44283 146.528
5.48355 146.521
5.52413 146.509
5.56477 146.5
5.60505 146.478
5.64604 146.481
5.68696 146.481
5.72737 146.464
5.7674 146.436
5.80831 146.436
5.84922 146.436
5.8899 146.429
5.93059 146.422
5.97057 146.393
6.01163 146.398
6.05261 146.401
6.09289 146.382
6.13442 146.401
6.17437 146.372
6.21487 146.361
6.25592 146.366
6.29755 146.387
6.33934 146.414
6.38115 146.44
6.42198 146.438
6.46305 146.443
6.50438 146.455
6.54538 146.457
6.58638 146.46
6.62738 146.462
6.6689 146.479
6.71025 146.491
6.75126 146.494
6.79279 146.511
6.83416 146.523
6.87526 146.528
6.9161 146.526
6.9573 146.533
6.99814 146.531
7.03934 146.538
7.08091 146.555
7.12212 146.562
7.16296 146.56
7.20436 146.572
7.24577 146.584
7.28699 146.591
7.32859 146.608
7.36982 146.615
7.41096 146.62
7.45229 146.63
7.49392 146.647
7.53574 146.669
7.5769 146.674
7.61815 146.681
7.66049 146.715
7.70264 146.744
7.74372 146.746
7.7847 146.746
7.82567 146.746
7.86705 146.756
7.90884 146.775
7.95054 146.792
7.99306 146.828
8.03509 146.852
8.07567 146.843
8.11719 146.855
8.15966 146.889
8.20193 146.918
8.24368 146.935
8.28533 146.949
8.32732 146.971
8.36877 146.981
8.4112 147.012
8.45354 147.041
8.49523 147.056
8.5366 147.063
8.57853 147.082
8.62157 147.126
8.66318 147.138
8.7057 147.169
8.74732 147.182
8.78839 147.182
8.8306 147.206
8.87224 147.218
8.91676 147.29
8.95969 147.329
9.00149 147.344
9.04422 147.378
9.08673 147.407
9.12809 147.412
9.16968 147.421
9.21424 147.492
9.2574 147.533
9.29986 147.56
9.34149 147.569
9.38578 147.632
9.4278 147.649
9.4719 147.708
9.51369 147.72
9.55845 147.79
9.602 147.837
9.64482 147.868
9.68766 147.9
9.81817 148.031
9.86158 148.073
9.90374 148.09
9.94834 148.153
9.99026 148.166
10.2598 148.569
10.302 148.584
11.1736 150.761
11.2167 150.783
