-5.04241 140.398
-4.99976 140.271
-4.95976 140.233
-4.91989 140.201
-4.87553 140.007
-4.83524 139.957
-4.7951 139.911
-4.75383 139.823
-4.71374 139.778
-4.63069 139.577
-4.59086 139.537
-4.55116 139.502
-4.51142 139.465
-4.34866 139.161
-4.31035 139.176
-4.26965 139.096
-4.22974 139.046
-4.18964 138.987
-4.15072 138.976
-4.11134 138.946
-4.07105 138.877
-4.03083 138.81
-3.99151 138.779
-3.95215 138.747
-3.9128 138.714
-3.87318 138.669
-3.83343 138.617
-3.79423 138.589
-3.75556 138.585
-3.71629 138.552
-3.67479 138.417
-3.63539 138.376
-3.59682 138.373
-3.55803 138.361
-3.51942 138.356
-3.48072 138.347
-3.44155 138.315
-3.40175 138.251
-3.36308 138.242
-3.32433 138.229
-3.28563 138.218
-3.24624 138.171
-3.20702 138.132
-3.16819 138.113
-3.12917 138.083
-3.0902 138.055
-3.05151 138.042
-3.01206 137.986
-2.97336 137.971
-2.93474 137.96
-2.89546 137.911
-2.85638 137.873
-2.81761 137.851
-2.77923 137.853
-2.74071 137.847
-2.7022 137.84
-2.66331 137.81
-2.62477 137.802
-2.58585 137.767
-2.54697 137.735
-2.50848 137.729
-2.46981 137.71
-2.43134 137.703
-2.39256 137.675
-2.35403 137.665
-2.3153 137.639
-2.27691 137.637
-2.23845 137.63
-2.20003 137.626
-2.16105 137.579
-2.12245 137.56
-2.08378 137.534
-2.04549 137.538
-2.00719 137.542
-1.96864 137.525
-1.93002 137.502
-1.89156 137.491
-1.853 137.472
-1.81446 137.453
-1.77592 137.433
-1.7375 137.425
-1.69907 137.414
-1.66062 137.401
-1.62225 137.397
-1.58399 137.403
-1.54565 137.401
-1.50712 137.378
-1.46869 137.365
-1.43033 137.36
-1.39199 137.356
-1.35366 137.354
-1.31533 137.352
-1.27695 137.343
-1.23857 137.334
-1.2002 137.326
-1.16176 137.307
-1.12338 137.296
-1.08507 137.294
-1.04682 137.302
-1.00859 137.313
-0.970255 137.308
-0.931865 137.293
-0.89354 137.289
-0.855275 137.295
-0.816897 137.28
-0.778578 137.276
-0.740281 137.276
-0.701936 137.265
-0.663587 137.252
-0.625312 137.257
-0.58697 137.244
-0.548665 137.239
-0.510383 137.241
-0.472187 137.271
-0.433948 137.29
-0.395734 137.322
-0.3574 137.311
-0.319056 137.294
-0.280724 137.279
-0.242453 137.294
-0.204142 137.287
-0.165839 137.285
-0.127524 137.272
-0.089224 137.268
-0.0509364 137.278
-0.0126388 137.278
0.02566 137.274
0.0639565 137.274
0.102253 137.276
0.140552 137.28
0.178853 137.286
0.217153 137.288
0.255455 137.29
0.293762 137.297
0.332073 137.303
0.370385 137.309
0.408709 137.32
0.447024 137.324
0.48536 137.337
0.523696 137.347
0.562013 137.349
0.600286 137.336
0.638608 137.34
0.676968 137.355
0.71532 137.366
0.753659 137.372
0.792018 137.382
0.830372 137.391
0.86873 137.399
0.907092 137.408
0.945596 137.444
0.983993 137.456
1.02235 137.46
1.06068 137.46
1.09901 137.46
1.13739 137.466
1.17583 137.483
1.2143 137.505
1.2527 137.513
1.29111 137.521
1.32951 137.53
1.36806 137.557
1.40648 137.566
1.44487 137.57
1.48343 137.595
1.52202 137.623
1.56053 137.64
1.59914 137.667
1.63763 137.68
1.67607 137.686
1.71454 137.697
1.75301 137.705
1.79166 137.733
1.83015 137.744
1.86879 137.767
1.90745 137.792
1.94594 137.801
1.98469 137.833
2.02341 137.86
2.06192 137.869
2.10065 137.897
2.1394 137.924
2.17791 137.931
2.25524 137.969
2.29444 138.029
2.33299 138.037
2.37152 138.043
2.41037 138.073
2.4495 138.122
2.48805 138.129
2.52703 138.165
2.56566 138.176
2.60423 138.182
2.64346 138.233
2.8382 138.379
3.11245 138.645
3.15125 138.658
3.86546 139.579
3.90485 139.607
3.94406 139.626
3.98415 139.685
4.02461 139.759
4.06629 139.886
4.10623 139.934
4.14645 139.993
4.18776 140.098
4.22778 140.146
4.26912 140.249
4.31025 140.341
4.34966 140.361
4.56445 141.155
