1.92475 122.257
1.96 122.241
1.99564 122.257
2.22809 121.094
2.29568 120.894
2.32964 120.811
2.36425 120.776
2.39854 120.719
2.43241 120.636
2.46601 120.538
2.5001 120.474
2.53425 120.416
2.56837 120.358
2.60252 120.304
2.63656 120.244
2.67063 120.188
2.70474 120.136
2.73844 120.06
2.77279 120.025
2.80701 119.983
2.84099 119.929
2.8752 119.889
2.90942 119.851
2.94289 119.772
2.97672 119.715
3.01107 119.687
3.04501 119.638
3.07924 119.605
3.11318 119.558
3.14764 119.539
3.18164 119.497
3.21584 119.466
3.25002 119.435
3.28377 119.383
3.31784 119.348
3.35158 119.298
3.38573 119.268
3.41987 119.239
3.45408 119.213
3.48781 119.166
3.5218 119.132
3.55623 119.118
3.59015 119.081
3.6242 119.052
3.65833 119.026
3.6924 118.999
3.72647 118.971
3.76043 118.94
3.79443 118.911
3.82845 118.883
3.86242 118.854
3.89637 118.824
3.9304 118.799
3.96429 118.768
3.99829 118.742
4.03264 118.73
4.06635 118.694
4.10059 118.678
4.13432 118.644
4.1685 118.627
4.20253 118.604
4.23655 118.582
4.27093 118.574
4.30469 118.543
4.33883 118.525
4.37305 118.512
4.40658 118.474
4.4403 118.443
4.47439 118.426
4.50873 118.418
4.54261 118.394
4.57653 118.371
4.61084 118.363
4.64511 118.353
4.679 118.33
4.71294 118.31
4.74729 118.303
4.78158 118.294
4.8157 118.281
4.84972 118.264
4.88378 118.248
4.91762 118.226
4.95144 118.204
4.98559 118.192
5.01962 118.177
5.05398 118.171
5.08834 118.166
5.12218 118.146
5.15585 118.12
5.1899 118.107
5.22383 118.09
5.25805 118.081
5.29203 118.066
5.32618 118.056
5.36032 118.045
5.39416 118.027
5.42835 118.018
5.46266 118.013
5.49691 118.006
5.53115 117.999
5.56539 117.993
5.59938 117.979
5.6333 117.964
5.66753 117.957
5.70181 117.952
5.73603 117.945
5.76993 117.93
5.80395 117.918
5.83816 117.911
5.8723 117.902
5.90651 117.896
5.94097 117.896
5.97537 117.894
6.00943 117.884
6.04336 117.87
6.07741 117.86
6.1118 117.858
6.14625 117.858
6.1805 117.853
6.21475 117.848
6.24913 117.847
6.28338 117.841
6.31762 117.836
6.35193 117.833
6.38624 117.83
6.42061 117.828
6.45513 117.83
6.48944 117.826
6.52382 117.825
6.55812 117.821
6.5922 117.813
6.6265 117.809
6.66087 117.808
6.69576 117.818
6.73013 117.816
6.76473 117.82
6.79956 117.828
6.83378 117.823
6.86747 117.806
6.90168 117.801
6.93628 117.804
6.97018 117.793
7.00454 117.791
7.03914 117.794
7.07382 117.799
7.10819 117.798
7.14239 117.793
7.17675 117.791
7.2112 117.791
7.24564 117.791
7.28008 117.791
7.31461 117.793
7.3493 117.798
7.3844 117.812
7.41926 117.82
7.45363 117.818
7.48791 117.815
7.52244 117.817
7.55689 117.817
7.59168 117.824
7.62638 117.829
7.66109 117.834
7.69563 117.836
7.73008 117.836
7.76497 117.844
7.79995 117.854
7.83467 117.86
7.86948 117.866
7.90465 117.88
7.93964 117.89
7.97447 117.897
8.00938 117.906
8.0443 117.914
8.07895 117.918
8.11361 117.921
8.14799 117.919
8.18292 117.928
8.21786 117.936
8.25252 117.94
8.28755 117.95
8.32306 117.969
8.35811 117.979
8.39297 117.986
8.4285 118.005
8.46356 118.015
8.4991 118.034
8.5337 118.036
8.56849 118.041
8.60386 118.056
8.63865 118.061
8.67365 118.07
8.70952 118.094
8.74521 118.114
8.78042 118.126
8.81722 118.166
8.85195 118.169
8.88688 118.176
8.92271 118.198
8.95735 118.2
8.993 118.219
9.02805 118.227
9.06331 118.239
9.10011 118.277
9.13518 118.286
9.17004 118.291
9.20481 118.294
9.24062 118.315
9.27654 118.337
9.31143 118.342
9.34758 118.368
9.38469 118.409
9.4198 118.418
9.45493 118.426
9.49208 118.467
9.52829 118.493
9.56376 118.507
9.59956 118.526
9.63483 118.536
9.6725 118.584
9.70866 118.608
9.74362 118.614
9.77969 118.636
9.81621 118.665
9.8512 118.67
9.88729 118.693
9.92408 118.726
9.96076 118.757
9.99848 118.803
10.0337 118.812
10.0715 118.858
10.1082 118.889
10.1449 118.919
10.1812 118.943
10.2173 118.964
10.2528 118.976
10.2922 119.045
10.329 119.076
10.3641 119.081
10.4009 119.111
10.4775 119.215
10.5142 119.243
10.551 119.272
10.625 119.336
10.776 119.503
10.8143 119.552
