0.153305 116.711
0.187463 116.677
0.221602 116.635
0.255713 116.58
0.28969 116.402
0.323718 116.342
0.357725 116.287
0.391691 116.222
0.425603 116.144
0.459463 116.057
0.493385 116.016
0.527222 115.948
0.561092 115.903
0.594926 115.853
0.628738 115.804
0.662435 115.728
0.696171 115.672
0.729901 115.62
0.763689 115.589
0.797405 115.545
0.831116 115.503
0.864488 115.396
0.898155 115.357
0.931882 115.332
0.965654 115.317
0.999218 115.268
1.03276 115.219
1.06619 115.155
1.09988 115.137
1.13346 115.102
1.16704 115.071
1.20061 115.04
1.23416 115.007
1.26757 114.96
1.30112 114.932
1.33463 114.901
1.36801 114.857
1.40152 114.829
1.43491 114.79
1.46848 114.772
1.50189 114.738
1.53546 114.723
1.56875 114.679
1.60213 114.646
1.63537 114.602
1.66892 114.589
1.70222 114.554
1.73572 114.537
1.76894 114.497
1.80225 114.466
1.83579 114.456
1.86923 114.438
1.90256 114.412
1.93566 114.368
1.96916 114.357
2.00229 114.318
2.0357 114.302
2.06891 114.271
2.10234 114.258
2.13557 114.231
2.16881 114.205
2.20213 114.185
2.23556 114.174
2.26877 114.148
2.30177 114.109
2.33513 114.095
2.36865 114.091
2.40182 114.065
2.43518 114.053
2.46838 114.03
2.50149 114.002
2.53461 113.977
2.56802 113.969
2.60129 113.952
2.63461 113.94
2.66786 113.923
2.701 113.901
2.73433 113.89
2.76753 113.872
2.80073 113.854
2.83403 113.843
2.86725 113.827
2.90067 113.822
2.93399 113.812
2.96713 113.793
3.00031 113.777
3.03356 113.764
3.0666 113.741
3.09973 113.724
3.13322 113.724
3.16668 113.722
3.19997 113.712
3.23304 113.693
3.26618 113.677
3.29938 113.664
3.33264 113.654
3.36587 113.643
3.39923 113.638
3.43245 113.627
3.46577 113.621
3.49887 113.605
3.53203 113.592
3.56523 113.581
3.5985 113.573
3.63188 113.569
3.66526 113.566
3.69856 113.56
3.73173 113.548
3.76475 113.531
3.79807 113.526
3.8314 113.521
3.86456 113.51
3.89796 113.508
3.93149 113.512
3.96485 113.508
3.99783 113.491
4.03071 113.47
4.06393 113.462
4.09728 113.459
4.13063 113.455
4.16402 113.454
4.19732 113.449
4.23057 113.443
4.26391 113.439
4.29716 113.433
4.33054 113.431
4.36398 113.431
4.39726 113.427
4.43027 113.412
4.46365 113.411
4.49741 113.422
4.53064 113.415
4.56397 113.412
4.5974 113.412
4.63063 113.406
4.66426 113.412
4.69763 113.411
4.73081 113.403
4.76429 113.404
4.79802 113.414
4.83166 113.42
4.86462 113.406
4.89773 113.396
4.93137 113.403
4.96527 113.417
4.99865 113.415
5.03202 113.414
5.06545 113.414
5.09894 113.415
5.13237 113.416
5.16575 113.414
5.19918 113.414
5.23266 113.416
5.26587 113.409
5.2989 113.398
5.33205 113.39
5.36582 113.4
5.39954 113.408
5.43297 113.408
5.46646 113.409
5.50018 113.417
5.53385 113.424
5.56789 113.44
5.60168 113.449
5.63494 113.444
5.66826 113.441
5.70201 113.449
5.7357 113.456
5.76933 113.461
5.80296 113.465
5.8364 113.465
5.86972 113.462
5.90336 113.467
5.93751 113.485
5.9716 113.501
6.0057 113.517
6.03955 113.526
6.0732 113.531
6.10713 113.542
6.14079 113.547
6.17459 113.555
6.20819 113.559
6.24159 113.557
6.27539 113.565
6.30948 113.579
6.34391 113.602
6.37773 113.61
6.41155 113.618
6.44552 113.629
6.47971 113.645
6.51369 113.657
6.5476 113.666
6.58138 113.673
6.6153 113.682
6.64959 113.7
6.68345 113.708
6.71739 113.718
6.75148 113.731
6.78594 113.752
6.81982 113.76
6.85452 113.786
6.88849 113.795
6.92231 113.802
6.95659 113.818
6.99102 113.837
7.02509 113.848
7.059 113.857
7.09377 113.882
7.12801 113.897
7.16279 113.923
7.19681 113.932
7.23154 113.957
7.26612 113.978
7.30016 113.987
7.33461 114.005
7.36913 114.025
7.40335 114.037
7.4387 114.073
7.4727 114.081
7.50824 114.12
7.54217 114.126
7.57609 114.133
7.61077 114.154
7.64578 114.182
7.68081 114.209
7.71586 114.237
7.74973 114.242
7.78581 114.289
7.82149 114.328
7.85573 114.339
7.89049 114.36
7.92535 114.383
7.96057 114.412
7.99493 114.425
8.02982 114.448
8.06446 114.466
8.09946 114.49
8.1358 114.539
8.17128 114.571
8.20668 114.602
8.24164 114.625
8.2778 114.669
8.31324 114.7
8.34861 114.73
8.3851 114.779
8.42151 114.826
8.45601 114.839
8.49219 114.882
8.52634 114.888
8.56264 114.932
8.59924 114.981
8.63408 114.999
8.67044 115.044
8.70702 115.091
8.74285 115.126
8.78053 115.191
8.81515 115.204
8.85171 115.25
8.88967 115.319
8.96421 115.433
9.00107 115.482
