-38.3611 139.98
-37.3044 138.255
-37.2611 138.229
-37.2174 138.202
-36.9301 137.917
-36.8797 137.857
-36.8407 137.851
-36.8021 137.847
-36.7581 137.817
-36.7128 137.781
-36.6621 137.72
-36.6164 137.681
-36.5707 137.643
-36.5267 137.614
-36.4771 137.557
-36.4359 137.54
-36.3867 137.485
-36.3468 137.474
-36.3079 137.468
-36.2605 137.421
-36.2194 137.405
-36.1716 137.356
-36.1327 137.35
-36.0938 137.343
-36.0557 137.341
-36.012 137.312
-35.9726 137.303
-35.9236 137.249
-35.8847 137.242
-35.8419 137.217
-35.8043 137.217
-35.7663 137.215
-35.7218 137.181
-35.6331 137.116
-35.5943 137.11
-35.5558 137.106
-35.5118 137.074
-35.4691 137.049
-35.4311 137.047
-35.3879 137.02
-35.3486 137.011
-35.3102 137.007
-35.2684 136.986
-35.2278 136.971
-35.1847 136.944
-35.1459 136.938
-35.1049 136.921
-35.07 136.934
-35.0282 136.913
-34.9876 136.898
-34.945 136.873
-34.9066 136.869
-34.8648 136.848
-34.8286 136.854
-34.7885 136.842
-34.7505 136.84
-34.7134 136.842
-34.6751 136.838
-34.6333 136.817
-34.5954 136.815
-34.5582 136.817
-34.5182 136.804
-34.4773 136.788
-34.4393 136.786
-34.4001 136.777
-34.3601 136.765
-34.3217 136.761
-34.2846 136.763
-34.2479 136.767
-34.2104 136.767
-34.1716 136.761
-34.1324 136.753
-34.0957 136.757
-34.0581 136.757
-34.0185 136.747
-33.9798 136.74
-33.9426 136.743
-33.9022 136.728
-33.8659 136.734
-33.8316 136.751
-33.792 136.741
-33.752 136.728
-33.7173 136.743
-33.6814 136.751
-33.6406 136.735
-33.6006 136.722
-33.5639 136.727
-33.5292 136.741
-33.4932 136.75
-33.4569 136.756
-33.4206 136.763
-33.3797 136.746
-33.341 136.74
-33.3018 136.731
-33.263 136.725
-33.2283 136.74
-33.1927 136.75
-33.1576 136.763
-33.1252 136.79
-33.0897 136.801
-33.0497 136.789
-33.0121 136.789
-32.9729 136.78
-32.9409 136.81
-32.9081 136.835
-32.8693 136.829
-32.8361 136.852
-32.8021 136.871
-32.7621 136.859
-32.7293 136.884
-32.696 136.907
-32.6536 136.882
-32.614 136.872
-32.5828 136.905
-32.5452 136.905
-32.5075 136.906
-32.4727 136.92
-32.4354 136.923
-32.401 136.939
-32.3613 136.929
-32.321 136.914
-32.2849 136.923
-32.2492 136.934
-32.2128 136.94
-32.1779 136.955
-32.1426 136.967
-32.103 136.957
-32.0645 136.953
-32.0257 136.947
-31.9904 136.959
-31.9558 136.976
-31.9244 137.01
-31.891 137.033
-31.8553 137.044
-31.8184 137.048
-31.7838 137.065
-31.7465 137.068
-31.7057 137.051
-31.6708 137.066
-31.6346 137.074
-31.6023 137.104
-31.5689 137.127
-31.535 137.148
-31.5046 137.189
-31.4692 137.201
-31.4338 137.214
-31.4006 137.239
-31.3671 137.263
-31.3309 137.271
-31.2951 137.282
-31.2589 137.291
-31.2249 137.312
-31.1925 137.342
-31.1586 137.363
-31.1257 137.39
-31.0902 137.403
-31.0608 137.45
-31.0245 137.459
-30.9905 137.48
-30.9546 137.491
-30.9214 137.516
-30.8851 137.525
-30.8518 137.55
-30.817 137.567
-30.7863 137.608
-30.7508 137.621
-30.716 137.638
-30.6834 137.667
-30.6474 137.678
-30.6171 137.721
-30.5826 137.74
-30.5496 137.768
-30.5173 137.8
-30.4817 137.813
-30.4513 137.855
-30.4167 137.875
-30.3837 137.902
-30.3506 137.93
-30.319 137.966
-30.2837 137.982
-30.2551 138.035
-30.219 138.046
-30.1866 138.078
-30.1583 138.133
-30.1222 138.144
-30.0857 138.153
-30.0573 138.209
-30.0249 138.241
-29.9928 138.275
-29.9607 138.309
-29.9245 138.32
-29.8007 138.486
-29.7681 138.518
-29.7363 138.555
-29.5167 138.833
-29.4884 138.891
-29.4568 138.93
-29.4263 138.975
-29.3979 139.034
-29.3659 139.07
-29.335 139.114
-29.308 139.181
-29.2842 139.267
-29.2489 139.285
-29.2136 139.302
-29.1804 139.333
-29.1551 139.411
-29.072 139.602
-29.0484 139.691
-29.0187 139.744
-28.9893 139.798
-28.9578 139.84
-28.9309 139.91
-28.904 139.98
-28.8764 140.045
-28.8718 143.356
-28.8495 143.46
-28.8183 143.51
