-4.7538 164.812
-4.7084 164.8
-4.66225 164.757
-4.61598 164.708
-4.47652 164.526
-4.43139 164.524
-4.386 164.51
-4.24718 164.343
-4.20098 164.288
-4.15443 164.216
-4.10925 164.208
-4.06412 164.202
-4.019 164.197
-3.97312 164.154
-3.92726 164.111
-3.88211 164.102
-3.83651 164.071
-3.79063 164.025
-3.74528 164.005
-3.69901 163.936
-3.65384 163.925
-3.60874 163.917
-3.56332 163.891
-3.51817 163.88
-3.47252 163.84
-3.42729 163.823
-3.38176 163.789
-3.33615 163.749
-3.29036 163.697
-3.24488 163.663
-3.20028 163.68
-3.15477 163.643
-3.10938 163.612
-3.06459 163.618
-3.01934 163.595
-2.97442 163.593
-2.92954 163.593
-2.88428 163.567
-2.83834 163.496
-2.79332 163.485
-2.74847 163.485
-2.70357 163.482
-2.65871 163.483
-2.61351 163.457
-2.56827 163.429
-2.52301 163.397
-2.47806 163.389
-2.43315 163.384
-2.38821 163.375
-2.34341 163.378
-2.29861 163.381
-2.25364 163.37
-2.20844 163.339
-2.16341 163.322
-2.11849 163.314
-2.07355 163.302
-2.02839 163.271
-1.98348 163.263
-1.93864 163.26
-1.89369 163.246
-1.8488 163.238
-1.80405 163.244
-1.75918 163.238
-1.71425 163.224
-1.66949 163.23
-1.62459 163.219
-1.57942 163.176
-1.53446 163.156
-1.48965 163.154
-1.44461 163.122
-1.39941 163.068
-1.35464 163.069
-1.30995 163.08
-1.26512 163.072
-1.22039 163.078
-1.17547 163.055
-1.13066 163.05
-1.08581 163.036
-1.04081 162.996
-0.996037 162.993
-0.951453 163.025
-0.90687 163.059
-0.862114 163.062
-0.817466 163.088
-0.772936 163.143
-0.728147 163.143
-0.683346 163.14
-0.63858 163.146
-0.593873 163.169
-0.549107 163.178
-0.504364 163.195
-0.459614 163.213
-0.414824 163.219
-0.370061 163.236
-0.325263 163.242
-0.28045 163.242
-0.235633 163.239
-0.190802 163.228
-0.146024 163.251
-0.101226 163.266
-0.0564247 163.283
-0.0116045 163.286
0.0332141 163.295
0.0780283 163.332
0.12286 163.364
0.167704 163.39
0.212548 163.382
0.257394 163.385
0.302257 163.405
0.34711 163.408
0.391957 163.405
0.436812 163.408
0.481717 163.44
0.526604 163.454
0.571528 163.483
0.616471 163.515
0.661377 163.527
0.706263 163.53
0.751185 163.544
0.79619 163.582
0.841131 163.596
0.886035 163.599
0.930964 163.608
0.975981 163.637
1.02101 163.666
1.06607 163.698
1.11107 163.715
1.15604 163.727
1.20118 163.767
1.24632 163.805
1.29131 163.813
1.33642 163.842
1.38144 163.854
1.42669 163.9
1.47194 163.944
1.51693 163.947
1.56186 163.941
1.60694 163.955
1.65252 164.036
1.69769 164.06
1.74269 164.06
1.7879 164.086
1.83322 164.123
1.87833 164.135
1.92381 164.187
1.96962 164.274
2.01502 164.312
2.06015 164.321
2.10526 164.326
2.33303 164.556
2.42459 164.675
2.46993 164.692
2.5151 164.696
