-24.8724 83.9128
-24.8434 83.8995
21.9291 141.048
21.9588 140.972
21.9893 140.902
22.0117 140.768
22.0358 140.647
22.0564 140.5
22.5443 140.35
22.5741 140.279
22.7232 139.925
22.7529 139.854
22.79 139.841
23.0122 139.462
23.0469 139.431
23.0813 139.398
23.1139 139.352
23.143 139.279
23.1738 139.22
23.2084 139.189
23.2416 139.147
23.3382 139.002
23.3718 138.964
23.4052 138.925
23.4361 138.867
23.4735 138.859
23.5071 138.821
23.5418 138.793
23.5763 138.762
23.6089 138.718
23.7067 138.587
23.7745 138.519
23.8115 138.508
23.8471 138.486
23.884 138.474
23.9145 138.416
23.9508 138.4
23.9854 138.372
24.0199 138.343
24.0545 138.315
24.0908 138.299
24.125 138.269
24.1589 138.236
24.1949 138.218
24.2294 138.19
24.2633 138.157
24.2969 138.122
24.3298 138.083
24.3666 138.072
24.4017 138.048
24.4361 138.02
24.4714 137.998
24.5085 137.989
24.546 137.982
24.5831 137.974
24.6168 137.941
24.6481 137.891
24.6846 137.878
24.7189 137.849
24.7535 137.823
24.7909 137.817
24.8277 137.806
24.8644 137.795
24.8962 137.749
24.9336 137.742
24.9716 137.74
25.0117 137.753
25.0472 137.733
25.0811 137.703
25.1166 137.683
25.1486 137.64
25.1843 137.622
25.221 137.611
25.2543 137.577
25.2897 137.557
25.3257 137.542
25.3605 137.518
25.3981 137.513
25.4372 137.52
25.4729 137.502
25.5086 137.485
25.5446 137.47
25.5793 137.446
25.6156 137.433
25.6525 137.424
25.6895 137.415
25.727 137.41
25.7636 137.4
25.797 137.367
25.8348 137.365
25.8743 137.373
25.9125 137.373
25.9487 137.36
25.984 137.34
26.017 137.306
26.0526 137.288
26.0891 137.277
26.1286 137.286
26.168 137.294
26.21 137.32
26.2433 137.287
26.2805 137.281
26.3141 137.25
26.3564 137.278
26.441 137.583
26.4979 137.705
26.4794 137.333
26.5139 137.309
26.5507 137.3
26.5859 137.281
26.6247 137.285
26.6628 137.285
26.7026 137.295
26.7384 137.28
26.7733 137.258
26.8081 137.237
26.8432 137.217
26.881 137.215
26.9168 137.199
26.9555 137.204
26.9943 137.208
27.0314 137.201
27.0665 137.181
27.1039 137.177
27.1424 137.179
27.1808 137.181
27.2202 137.189
27.2597 137.197
27.2994 137.208
27.3372 137.205
27.376 137.21
27.4137 137.207
27.4511 137.203
27.4896 137.205
27.5287 137.211
27.5674 137.215
27.6052 137.212
27.6429 137.21
27.681 137.21
27.7184 137.205
27.7575 137.211
27.7977 137.224
27.8389 137.243
27.8769 137.243
27.9123 137.225
27.9507 137.227
27.9919 137.246
28.0303 137.248
28.0705 137.261
28.1093 137.265
28.147 137.263
28.1858 137.267
28.226 137.279
28.2658 137.29
28.3074 137.311
28.3479 137.326
28.3867 137.33
28.4258 137.336
28.4646 137.34
28.5031 137.342
28.5443 137.361
28.5831 137.365
28.6237 137.38
28.6661 137.405
28.7049 137.409
28.7437 137.413
28.7853 137.434
28.8259 137.449
28.8701 137.486
28.9096 137.494
28.951 137.513
28.9894 137.515
29.0283 137.519
29.0671 137.523
29.1131 137.57
29.1541 137.587
29.1966 137.612
29.2355 137.616
29.2736 137.616
29.3153 137.637
29.3564 137.654
29.4003 137.689
29.4436 137.718
29.4824 137.723
29.5242 137.744
29.5679 137.776
29.6108 137.804
29.6511 137.816
29.6941 137.844
29.7337 137.852
29.7726 137.856
29.8163 137.888
29.8601 137.921
29.9075 137.974
29.9472 137.983
29.9876 137.995
30.0354 138.051
30.0774 138.073
30.1245 138.124
30.1635 138.128
30.2069 138.158
30.2508 138.19
30.2958 138.229
30.3404 138.266
30.3847 138.3
30.429 138.334
30.4733 138.369
30.5214 138.425
30.5649 138.455
30.6059 138.47
30.6495 138.5
30.6988 138.563
30.7941 138.669
30.844 138.734
30.8896 138.775
30.9356 138.818
30.9832 138.87
31.0293 138.914
31.0796 138.981
31.182 139.125
31.2293 139.175
31.2775 139.229
31.3194 139.248
