11.9121 148.535
11.9556 148.569
12.1187 144.751
12.1557 144.697
12.1928 144.645
12.2247 144.516
12.2602 144.441
12.2981 144.404
12.3339 144.334
12.3688 144.252
12.4043 144.18
12.4393 144.1
12.475 144.03
12.5106 143.961
12.5479 143.916
12.5844 143.861
12.6226 143.83
12.6587 143.77
12.6952 143.714
12.7337 143.689
12.769 143.617
12.8048 143.554
12.8425 143.517
12.8798 143.475
12.9171 143.434
12.9527 143.369
12.9919 143.355
13.0277 143.293
13.0646 143.246
13.1018 143.205
13.1398 143.175
13.1775 143.14
13.2146 143.099
13.2506 143.041
13.2899 143.03
13.3275 142.995
13.3651 142.961
13.402 142.917
13.4394 142.88
13.4754 142.825
13.5144 142.811
13.5535 142.797
13.5896 142.744
13.628 142.721
13.6637 142.664
13.7013 142.632
13.7391 142.602
13.7781 142.588
13.8168 142.57
13.8531 142.522
13.8924 142.513
13.9316 142.501
13.9675 142.449
14.0049 142.414
14.0438 142.4
14.0827 142.387
14.1197 142.348
14.1581 142.327
14.1955 142.295
14.2335 142.27
14.2731 142.266
14.3125 142.259
14.3516 142.247
14.3879 142.202
14.4262 142.181
14.4656 142.174
14.5037 142.151
14.5409 142.117
14.5801 142.108
14.6185 142.09
14.6557 142.055
14.6937 142.033
14.7325 142.019
14.772 142.014
14.8103 141.994
14.849 141.98
14.8882 141.971
14.9262 141.948
14.9644 141.928
15.0024 141.905
15.0403 141.882
15.0785 141.862
15.118 141.857
15.158 141.86
15.1975 141.855
15.2364 141.844
15.2759 141.839
15.3153 141.834
15.3525 141.803
15.39 141.775
15.4281 141.755
15.4675 141.75
15.5064 141.739
15.5452 141.728
15.5841 141.716
15.6233 141.709
15.6623 141.7
15.7002 141.678
15.7388 141.664
15.7776 141.653
15.817 141.648
15.856 141.639
15.8936 141.614
15.9318 141.596
15.9698 141.575
16.0086 141.564
16.0476 141.555
16.0892 141.575
16.129 141.575
16.1673 141.559
16.2075 141.564
16.2461 141.55
16.2856 141.548
16.3289 141.586
16.3713 141.616
16.4066 141.566
16.4424 141.523
16.4824 141.525
16.5226 141.53
16.5636 141.543
16.6057 141.568
16.6465 141.579
16.6865 141.582
16.726 141.579
16.7652 141.573
16.8047 141.57
16.8451 141.577
16.8845 141.572
16.9238 141.568
16.964 141.572
17.0042 141.577
17.044 141.577
17.0838 141.577
17.124 141.581
17.1654 141.6
17.2067 141.615
17.2478 141.629
17.2871 141.624
17.3252 141.606
17.3645 141.602
17.4049 141.608
17.4456 141.617
17.4867 141.631
17.5269 141.636
17.5684 141.654
17.6086 141.658
17.646 141.633
17.6869 141.644
17.7282 141.66
17.7686 141.667
17.8102 141.685
17.854 141.726
17.8943 141.731
17.934 141.731
17.9747 141.74
18.0159 141.753
18.0559 141.755
18.0952 141.751
18.1371 141.771
18.181 141.812
18.2215 141.819
18.2597 141.803
18.299 141.798
18.3409 141.819
18.3834 141.846
18.4235 141.848
18.4642 141.857
18.5052 141.869
18.5452 141.871
18.5855 141.875
18.6272 141.894
18.6703 141.925
18.711 141.934
18.7542 141.966
18.7952 141.978
18.8388 142.014
18.8817 142.044
18.9223 142.05
18.9673 142.1
19.0079 142.107
19.0482 142.112
19.0886 142.116
19.1344 142.173
19.1746 142.176
19.2127 142.16
19.2552 142.185
19.2985 142.216
19.3401 142.232
19.3853 142.283
19.4267 142.296
19.4698 142.326
19.5111 142.34
19.5545 142.372
19.5976 142.401
19.6409 142.433
19.6828 142.452
19.7292 142.511
19.7726 142.543
19.8138 142.554
19.8577 142.591
19.9047 142.655
19.9479 142.685
19.9889 142.694
20.0304 142.708
20.0767 142.765
20.1215 142.809
20.1658 142.848
20.2096 142.882
20.2537 142.919
20.3009 142.983
20.343 143.002
20.3874 143.041
20.7566 143.472
20.8046 143.542
20.8498 143.586
20.8976 143.653
20.9422 143.692
20.9904 143.762
21.0388 143.834
21.0843 143.88
21.1339 143.962
21.19 144.099
21.2356 144.146
