-24.8704 83.9037
-24.8437 83.9005
-4.65257 149.965
-4.60962 149.899
-4.56725 149.854
-4.5255 149.835
-4.48317 149.79
-4.44156 149.776
-4.39996 149.761
-4.35784 149.724
-4.3158 149.69
-4.27297 149.621
-4.23153 149.611
-4.18886 149.547
-4.14739 149.535
-4.10477 149.471
-4.06326 149.456
-3.97941 149.388
-3.93809 149.381
-3.89671 149.371
-3.85427 149.309
-3.8122 149.265
-3.77016 149.221
-3.72838 149.19
-3.68726 149.19
-3.64618 149.192
-3.60486 149.183
-3.56298 149.143
-3.52173 149.136
-3.43835 149.075
-3.39712 149.068
-3.35553 149.041
-3.31439 149.039
-3.27307 149.027
-3.23138 148.992
-3.19017 148.985
-3.14854 148.953
-3.10734 148.946
-3.06614 148.939
-3.02419 148.885
-2.98309 148.883
-2.94191 148.876
-2.90034 148.844
-2.8591 148.832
-2.8179 148.822
-2.77681 148.82
-2.73573 148.818
-2.69407 148.776
-2.65317 148.786
-2.61185 148.767
-2.57067 148.757
-2.52943 148.742
-2.4881 148.72
-2.44698 148.713
-2.40582 148.704
-2.3647 148.696
-2.32312 148.652
-2.28198 148.643
-2.24118 148.66
-2.20025 148.667
-2.15914 148.66
-2.11795 148.646
-2.07683 148.636
-2.03571 148.626
-1.99464 148.622
-1.95371 148.629
-1.91264 148.624
-1.87156 148.617
-1.8305 148.612
-1.78942 148.605
-1.74832 148.595
-1.70715 148.578
-1.66608 148.571
-1.62504 148.566
-1.58389 148.549
-1.54283 148.542
-1.50185 148.545
-1.46103 148.567
-1.42009 148.574
-1.37894 148.555
-1.33801 148.564
-1.29708 148.574
-1.25609 148.577
-1.21513 148.584
-1.17419 148.594
-1.13341 148.631
-1.09242 148.636
-1.05115 148.592
-1.00992 148.553
-0.96891 148.551
-0.927823 148.534
-0.886791 148.526
-0.845818 148.531
-0.804963 148.563
-0.76396 148.563
-0.722927 148.556
-0.681971 148.568
-0.640993 148.576
-0.600002 148.58
-0.55901 148.585
-0.518022 148.593
-0.477058 148.61
-0.436055 148.615
-0.395017 148.605
-0.354009 148.608
-0.313012 148.618
-0.272023 148.635
-0.231012 148.642
-0.189996 148.647
-0.148989 148.664
-0.107967 148.672
-0.0669367 148.669
-0.0259076 148.667
0.0151201 148.672
0.0561534 148.699
0.0971949 148.716
0.138241 148.728
0.179291 148.738
0.220355 148.757
0.261409 148.762
0.30244 148.75
0.343541 148.782
0.384627 148.799
0.425721 148.816
0.466805 148.826
0.507925 148.848
0.549014 148.856
0.590136 148.873
0.631265 148.89
0.672385 148.902
0.713626 148.946
0.754754 148.956
0.795867 148.961
0.837076 148.988
0.878265 149.008
0.919438 149.023
0.960557 149.025
1.00172 149.035
1.04292 149.052
1.08414 149.072
1.12539 149.094
1.16663 149.114
1.20787 149.131
1.24922 149.165
1.29056 149.195
1.33192 149.227
1.37316 149.239
1.41459 149.276
1.456 149.308
1.49726 149.32
1.53851 149.33
1.58007 149.377
1.62136 149.389
1.66268 149.404
1.70418 149.438
1.74574 149.478
1.78729 149.515
1.82886 149.552
1.87042 149.586
1.912 149.621
1.95339 149.636
1.99497 149.668
2.03666 149.71
2.0783 149.744
2.11995 149.779
2.16173 149.823
2.20347 149.863
2.24493 149.878
2.28665 149.913
2.3284 149.95
2.37052 150.014
2.41203 150.029
2.45377 150.061
2.49609 150.136
2.53803 150.18
2.57997 150.222
2.62189 150.262
2.66372 150.294
2.70571 150.337
2.74772 150.379
2.79029 150.459
2.83242 150.506
2.87495 150.578
3.04467 150.823
3.08739 150.898
3.12973 150.948
3.17256 151.025
3.21496 151.075
3.25785 151.153
3.30183 151.291
3.34432 151.341
3.38697 151.399
3.56368 151.943
3.60659 152.004
3.64947 152.062
3.69228 152.115
3.84538 153.498
3.88805 153.526
