-9.83637 131.905
-9.79968 131.911
-9.76381 131.93
-9.72582 131.914
-9.23479 129.145
-9.19474 129.081
-9.15484 129.019
-8.95553 128.708
-8.75759 128.409
-8.63902 128.228
-8.60228 128.218
-8.56289 128.159
-8.52344 128.098
-8.48451 128.047
-8.44641 128.01
-8.40733 127.955
-8.37036 127.94
-8.33152 127.889
-8.29496 127.881
-8.25635 127.834
-8.21933 127.816
-8.1794 127.742
-8.14114 127.701
-8.10262 127.653
-8.06498 127.623
-8.02849 127.615
-7.992 127.608
-7.95467 127.583
-7.91679 127.547
-7.87697 127.472
-7.84015 127.456
-7.80297 127.434
-7.76561 127.407
-7.72863 127.388
-7.69121 127.36
-7.65398 127.335
-7.61559 127.286
-7.5791 127.277
-7.54271 127.269
-7.50472 127.228
-7.46816 127.216
-7.43108 127.194
-7.39384 127.167
-7.35721 127.154
-7.32025 127.133
-7.28243 127.094
-7.24506 127.064
-7.20821 127.045
-7.17163 127.032
-7.13446 127.005
-7.09773 126.988
-7.06125 126.977
-7.02411 126.951
-6.98698 126.924
-6.95077 126.919
-6.91448 126.911
-6.87697 126.876
-6.8402 126.857
-6.80312 126.83
-6.7659 126.8
-6.72948 126.789
-6.69338 126.785
-6.65737 126.783
-6.62119 126.778
-6.58479 126.766
-6.54808 126.748
-6.51146 126.731
-6.47469 126.71
-6.43846 126.703
-6.40178 126.684
-6.36488 126.659
-6.32859 126.65
-6.29283 126.654
-6.25677 126.65
-6.22019 126.633
-6.18363 126.616
-6.14736 126.607
-6.11116 126.599
-6.07497 126.592
-6.039 126.59
-6.0026 126.577
-5.96571 126.55
-5.92925 126.535
-5.89329 126.533
-5.85719 126.528
-5.82124 126.526
-5.78548 126.53
-5.74973 126.533
-5.71357 126.526
-5.67713 126.511
-5.64064 126.494
-5.60429 126.481
-5.56821 126.475
-5.532 126.466
-5.49593 126.46
-5.45992 126.456
-5.42398 126.454
-5.38816 126.456
-5.35209 126.45
-5.31577 126.437
-5.27983 126.435
-5.24402 126.437
-5.20808 126.435
-5.17214 126.433
-5.13615 126.43
-5.10021 126.428
-5.06415 126.422
-5.0281 126.416
-4.99223 126.416
-4.95635 126.416
-4.92007 126.403
-4.8842 126.403
-4.8485 126.409
-4.81274 126.412
-4.77698 126.416
-4.74145 126.427
-4.70534 126.42
-4.66958 126.423
-4.63414 126.438
-4.59832 126.44
-4.56216 126.43
-4.52639 126.434
-4.49046 126.432
-4.45442 126.427
-4.41891 126.44
-4.38334 126.451
-4.34735 126.447
-4.31074 126.421
-4.27486 126.421
-4.23929 126.432
-4.20341 126.432
-4.16753 126.432
-4.13184 126.439
-4.0963 126.452
-4.06056 126.458
-4.02477 126.461
-3.98893 126.463
-3.95304 126.463
-3.91715 126.463
-3.88136 126.466
-3.8456 126.472
-3.80985 126.478
-3.77409 126.483
-3.73847 126.494
-3.70297 126.511
-3.66721 126.516
-3.63139 126.52
-3.59566 126.528
-3.55993 126.535
-3.52432 126.548
-3.48862 126.557
-3.45305 126.572
-3.41734 126.581
-3.3815 126.585
-3.34575 126.592
-3.30987 126.594
-3.27411 126.602
-3.2385 126.617
-3.20312 126.643
-3.16758 126.661
-3.13187 126.672
-3.09605 126.678
-3.06019 126.682
-3.02462 126.7
-2.98896 126.715
-2.95352 126.741
-2.91789 126.758
-2.88232 126.779
-2.84647 126.784
-2.81058 126.788
-2.77472 126.793
-2.73896 126.805
-2.70335 126.825
-2.66778 126.848
-2.6319 126.853
-2.59608 126.862
-2.56048 126.885
-2.52463 126.892
-2.48929 126.932
-2.45354 126.947
-2.41769 126.956
-2.38196 126.973
-2.34633 126.997
-2.31047 127.006
-2.27491 127.036
-2.23928 127.063
-2.20329 127.064
-2.16759 127.087
-2.1317 127.096
-2.09606 127.124
-2.06031 127.145
-2.02438 127.153
-1.98876 127.184
-1.95345 127.241
-1.91777 127.271
-1.88201 127.295
-1.84604 127.303
-1.81026 127.327
-1.77427 127.335
-1.73852 127.363
-1.66703 127.423
-1.63124 127.452
-1.59546 127.482
-1.55967 127.512
-1.52384 127.54
-1.48781 127.55
-1.45213 127.595
-1.41634 127.631
-1.38046 127.659
-1.34459 127.689
-1.30876 127.725
-1.27286 127.756
-1.2368 127.769
-1.20103 127.818
-1.1651 127.85
-1.12938 127.911
-1.09344 127.945
-1.05757 127.993
-1.02146 128.008
-0.985557 128.055
-0.949534 128.087
-0.913644 128.143
-0.877575 128.173
-0.841527 128.209
-0.805463 128.245
-0.769329 128.272
-0.733346 128.329
-0.697394 128.398
-0.444459 128.763
-0.408161 128.794
