-15.8538 136.033
-15.8145 136.024
-15.515 135.695
-15.4736 135.663
-15.4364 135.676
-15.1021 135.376
-15.0634 135.372
-15.0228 135.347
-14.9014 135.276
-14.8599 135.24
-14.8169 135.187
-14.7778 135.179
-14.7386 135.169
-14.6977 135.139
-14.6564 135.106
-14.6136 135.053
-14.5752 135.053
-14.5364 135.047
-14.4954 135.016
-14.4544 134.984
-14.4159 134.982
-14.3769 134.974
-14.3357 134.941
-14.2926 134.884
-14.2531 134.869
-14.2132 134.851
-14.1748 134.849
-14.1361 134.845
-14.0957 134.82
-14.0568 134.811
-14.0182 134.808
-13.9776 134.78
-13.9376 134.759
-13.8988 134.753
-13.8597 134.743
-13.8194 134.718
-13.7803 134.708
-13.741 134.695
-13.701 134.675
-13.6624 134.671
-13.6216 134.639
-13.5829 134.633
-13.545 134.638
-13.5069 134.64
-13.467 134.619
-13.4276 134.605
-13.387 134.575
-13.3478 134.563
-13.3097 134.565
-13.272 134.572
-13.2342 134.579
-13.1958 134.577
-13.1556 134.552
-13.1164 134.539
-13.078 134.537
-13.0386 134.523
-12.9989 134.504
-12.9605 134.502
-12.9223 134.503
-12.8837 134.499
-12.8447 134.488
-12.806 134.482
-12.7675 134.478
-12.7288 134.472
-12.6904 134.47
-12.652 134.469
-12.6141 134.473
-12.576 134.475
-12.5359 134.45
-12.4962 134.432
-12.4579 134.43
-12.4203 134.438
-12.3825 134.445
-12.3444 134.447
-12.3068 134.456
-12.2684 134.454
-12.2291 134.44
-12.1912 134.444
-12.1532 134.449
-12.1147 134.445
-12.0762 134.441
-12.0376 134.437
-11.998 134.418
-11.9599 134.42
-11.9217 134.421
-11.8841 134.429
-11.8466 134.44
-11.8085 134.442
-11.7701 134.44
-11.7302 134.417
-11.6918 134.416
-11.6542 134.424
-11.6158 134.422
-11.5765 134.408
-11.5378 134.402
-11.5009 134.421
-11.4628 134.423
-11.4261 134.447
-11.3903 134.483
-11.3527 134.493
-11.314 134.487
-11.276 134.492
-11.239 134.511
-11.2015 134.522
-11.1643 134.539
-11.1264 134.545
-11.0886 134.552
-11.0508 134.561
-11.0131 134.569
-10.9753 134.578
-10.939 134.608
-10.9015 134.62
-10.8638 134.631
-10.8259 134.638
-10.7888 134.657
-10.7509 134.664
-10.7118 134.651
-10.6739 134.658
-10.6374 134.687
-10.6002 134.705
-10.5623 134.713
-10.5249 134.728
-10.4869 134.733
-10.4484 134.731
-10.4102 134.733
-10.3735 134.761
-10.3374 134.797
-10.3006 134.823
-10.2626 134.829
-10.2256 134.853
-10.1892 134.885
-10.1514 134.895
-10.1135 134.904
-10.0755 134.911
-10.0381 134.928
-10 134.932
-9.96222 134.943
-9.92718 135
-9.88927 135.009
-9.85246 135.037
-9.81551 135.063
-9.77843 135.086
-9.74061 135.097
-9.70253 135.103
-9.66446 135.11
-9.62759 135.138
-9.59106 135.172
-9.55441 135.204
-9.51749 135.232
-9.4795 135.241
-9.44197 135.258
-9.40361 135.26
-9.3656 135.269
-9.32922 135.307
-9.2926 135.342
-9.25596 135.376
-9.21826 135.391
-9.18217 135.436
-9.14422 135.447
-9.10719 135.475
-8.996 135.558
-8.95959 135.599
-8.92372 135.651
-8.8857 135.662
-8.84857 135.69
-8.77626 135.784
-8.73821 135.795
-8.6289 135.924
-8.59199 135.958
-8.55431 135.978
-8.51856 136.036
-8.48268 136.092
-8.44464 136.105
-8.40765 136.14
-8.37097 136.181
-8.33532 136.243
-8.29712 136.254
-8.18863 136.414
-8.15121 136.442
