11.3399 135.286
11.3775 135.273
11.4158 135.271
11.4557 132.461
11.4892 132.398
11.5256 132.378
11.5608 132.341
11.5896 132.211
11.6825 131.92
11.7172 131.877
11.7503 131.812
11.7834 131.748
11.8164 131.683
11.8497 131.622
11.8808 131.531
11.9148 131.481
11.9483 131.424
11.9837 131.394
12.0163 131.325
12.0477 131.241
12.0842 131.227
12.1194 131.194
12.1523 131.132
12.1833 131.044
12.2181 131.008
12.2531 130.973
12.2858 130.909
12.3186 130.847
12.3536 130.815
12.3888 130.785
12.4236 130.751
12.4585 130.717
12.4921 130.667
12.5282 130.651
12.5627 130.613
12.5969 130.571
12.6312 130.531
12.6638 130.47
12.6989 130.44
12.7354 130.43
12.7703 130.398
12.8031 130.34
12.8376 130.304
12.8727 130.276
12.9077 130.247
12.9422 130.211
12.9787 130.201
13.0123 130.155
13.0477 130.131
13.0816 130.09
13.1179 130.078
13.1529 130.05
13.1878 130.02
13.2237 130.004
13.2576 129.963
13.2919 129.927
13.3266 129.895
13.3619 129.872
13.3979 129.858
13.4328 129.83
13.4684 129.81
13.5043 129.795
13.5392 129.767
13.5742 129.741
13.6096 129.72
13.6454 129.704
13.6798 129.67
13.7146 129.643
13.7501 129.623
13.7862 129.611
13.8215 129.589
13.8573 129.574
13.8926 129.552
13.9285 129.538
13.9639 129.518
13.9994 129.499
14.0355 129.487
14.071 129.469
14.1052 129.436
14.1415 129.426
14.1775 129.414
14.2132 129.398
14.2478 129.369
14.2843 129.363
14.321 129.359
14.3564 129.339
14.3922 129.326
14.4275 129.306
14.463 129.288
14.498 129.265
14.5336 129.249
14.5698 129.239
14.6058 129.228
14.6425 129.224
14.6795 129.224
14.7151 129.208
14.7505 129.19
14.7854 129.167
14.8212 129.153
14.8577 129.147
14.8943 129.143
14.9303 129.132
14.9657 129.114
15.0023 129.11
15.038 129.096
15.0745 129.09
15.1111 129.087
15.1477 129.083
15.184 129.075
15.2192 129.055
15.2545 129.038
15.2911 129.034
15.3288 129.042
15.3658 129.042
15.4013 129.026
15.4374 129.016
15.4727 128.999
15.5091 128.993
15.5462 128.995
15.5806 128.967
15.6159 128.95
15.6538 128.96
15.6904 128.956
15.7269 128.952
15.7639 128.952
15.8001 128.944
15.8372 128.946
15.8761 128.966
15.913 128.966
15.9492 128.958
15.9865 128.962
16.0243 128.97
16.061 128.968
16.096 128.948
16.1328 128.946
16.1699 128.948
16.2071 128.95
16.2427 128.937
16.279 128.931
16.316 128.931
16.3541 128.943
16.392 128.952
16.4293 128.956
16.4667 128.96
16.504 128.964
16.5409 128.964
16.5777 128.962
16.6146 128.962
16.6514 128.96
16.6879 128.956
16.7251 128.958
16.7636 128.974
16.802 128.988
16.8391 128.99
16.8754 128.984
16.9112 128.972
16.9489 128.98
16.9867 128.988
17.024 128.992
17.061 128.992
17.0985 128.998
17.1371 129.014
17.1753 129.025
17.2131 129.033
17.2506 129.039
17.288 129.043
17.3266 129.059
17.3656 129.078
17.404 129.092
17.442 129.102
17.4788 129.1
17.5172 129.114
17.5558 129.13
17.593 129.132
17.6304 129.135
17.6676 129.137
17.705 129.141
17.7424 129.145
17.78 129.151
17.8193 129.173
17.8571 129.181
17.8969 129.206
17.9362 129.228
17.9738 129.234
18.0119 129.244
18.0508 129.261
18.0887 129.269
18.1274 129.285
18.1657 129.297
18.2051 129.318
18.2436 129.332
18.2837 129.36
18.3233 129.383
18.3612 129.391
18.3993 129.401
18.4412 129.445
18.4793 129.454
18.517 129.46
18.5562 129.48
18.5953 129.498
18.635 129.521
18.6733 129.533
18.7126 129.553
18.7526 129.579
18.791 129.591
18.8319 129.624
18.8705 129.638
18.9089 129.65
18.9494 129.679
18.9901 129.711
19.0308 129.743
19.0738 129.794
19.1118 129.802
19.1528 129.836
19.1908 129.844
19.2316 129.875
19.2729 129.911
19.3132 129.939
19.3548 129.976
19.3963 130.014
19.4355 130.032
19.4783 130.08
19.5166 130.089
19.5559 130.107
19.5993 130.161
19.6407 130.197
19.6843 130.25
19.7255 130.284
19.7662 130.314
19.8072 130.346
19.8485 130.38
19.8926 130.438
19.9339 130.472
20.1059 130.663
20.15 130.719
20.1914 130.753
20.2323 130.783
