-15.1987 148.674
-14.9789 148.514
-14.9344 148.475
-14.8907 148.446
-14.8471 148.417
-14.8025 148.376
-14.7604 148.366
-14.7183 148.357
-14.6743 148.323
-14.6294 148.277
-14.586 148.25
-14.5444 148.245
-14.5025 148.238
-14.459 148.209
-14.4148 148.173
-14.3707 148.137
-14.3289 148.13
-14.2851 148.096
-14.2408 148.057
-14.1992 148.053
-14.1582 148.055
-14.1171 148.058
-14.0735 148.027
-14.0315 148.018
-13.9879 147.986
-13.9461 147.979
-13.9047 147.977
-13.8618 147.956
-13.8195 147.941
-13.7754 147.903
-13.7342 147.903
-13.6932 147.906
-13.6516 147.901
-13.6095 147.889
-13.5661 147.861
-13.523 147.834
-13.4812 147.827
-13.4383 147.803
-13.3969 147.801
-13.3555 147.799
-13.3133 147.785
-13.2702 147.758
-13.229 147.759
-13.1873 147.752
-13.1452 147.74
-13.1037 147.735
-13.0613 147.719
-13.0181 147.69
-12.9757 147.673
-12.934 147.666
-12.8932 147.671
-12.8527 147.682
-12.8121 147.692
-12.7701 147.68
-12.7261 147.639
-12.6839 147.625
-12.6449 147.657
-12.6042 147.664
-12.563 147.665
-12.521 147.653
-12.4774 147.617
-12.4364 147.62
-12.3955 147.625
-12.3537 147.616
-12.311 147.594
-12.2695 147.589
-12.2285 147.592
-12.1873 147.593
-12.1462 147.593
-12.1051 147.596
-12.0636 147.591
-12.0217 147.58
-11.9802 147.575
-11.9379 147.558
-11.8967 147.559
-11.856 147.566
-11.8161 147.586
-11.7743 147.577
-11.7314 147.55
-11.6908 147.561
-11.6524 147.605
-11.6104 147.593
-11.5686 147.584
-11.527 147.577
-11.4859 147.579
-11.4432 147.555
-11.4035 147.58
-11.3649 147.622
-11.3268 147.674
-11.2859 147.679
-11.245 147.684
-11.2038 147.684
-11.1627 147.687
-11.1229 147.712
-11.0843 147.756
-11.0437 147.767
-11.0021 147.762
-10.9613 147.77
-10.9212 147.79
-10.8809 147.807
-10.8391 147.798
-10.7986 147.81
-10.7586 147.833
-10.7173 147.833
-10.6746 147.809
-10.6345 147.829
-10.5959 147.876
-10.5549 147.881
-10.5126 147.864
-10.4716 147.869
-10.432 147.899
-10.3929 147.939
-10.3523 147.951
-10.3124 147.978
-10.2728 148.008
-10.232 148.018
-10.1909 148.024
-10.1512 148.053
-10.1105 148.066
-10.0707 148.093
-10.0298 148.103
-9.98903 148.113
-9.9503 148.163
-9.9092 148.168
-9.86796 148.171
-9.82712 148.181
-9.78743 148.213
-9.74772 148.246
-9.70736 148.266
-9.66763 148.298
-9.6275 148.323
-9.58685 148.338
-9.54733 148.375
-9.50629 148.383
-9.46624 148.41
-9.42631 148.44
-9.38549 148.453
-9.34739 148.52
-9.30667 148.535
-9.2657 148.545
-9.22448 148.55
-9.18592 148.61
-9.14517 148.625
-9.10549 148.662
-9.06568 148.697
-9.02573 148.729
-8.98624 148.772
-8.94613 148.802
-8.90531 148.817
-8.8666 148.876
-8.82587 148.894
-8.78618 148.934
-8.74635 148.971
-8.58712 149.126
-8.5463 149.144
-7.95238 149.866
-7.91375 149.941
-7.8752 150.019
-7.8362 150.087
-7.04988 151.448
-7.00792 151.453
-6.96643 151.471
