-24.8726 83.9138
-24.846 83.9117
7.65989 150.022
7.69968 149.985
7.73915 149.941
7.7789 149.903
7.81864 149.866
7.8594 149.854
8.09392 149.55
8.13374 149.518
8.1744 149.505
8.21386 149.466
8.37035 149.281
8.41094 149.269
8.45198 149.266
8.4929 149.261
8.53146 149.204
8.57225 149.197
8.61258 149.18
8.65052 149.111
8.69037 149.084
8.73147 149.084
8.77234 149.079
8.81286 149.066
8.85209 149.027
8.89143 148.99
8.93098 148.958
8.97146 148.946
9.01063 148.907
9.05027 148.877
9.09108 148.872
9.13165 148.862
9.17149 148.838
9.21169 148.821
9.25114 148.789
9.29071 148.759
9.33137 148.752
9.37189 148.742
9.41168 148.718
9.45244 148.713
9.49208 148.686
9.53246 148.673
9.57283 148.661
9.61333 148.651
9.65331 148.631
9.69366 148.619
9.73299 148.587
9.7732 148.573
9.8134 148.558
9.85399 148.55
9.89457 148.543
9.93436 148.521
9.97454 148.506
10.0152 148.501
10.0559 148.496
10.0963 148.486
10.1369 148.479
10.1773 148.469
10.2172 148.45
10.2577 148.442
10.2981 148.432
10.3379 148.41
10.3782 148.4
10.4188 148.393
10.4578 148.359
10.4955 148.303
10.5359 148.293
10.5784 148.322
10.6207 148.346
10.6616 148.346
10.7023 148.341
10.7429 148.336
10.7838 148.336
10.8249 148.338
10.8646 148.319
10.9045 148.302
10.9434 148.268
10.9842 148.265
11.0264 148.287
11.0654 148.255
11.102 148.184
11.1438 148.199
11.1844 148.194
11.2307 148.284
11.272 148.291
11.3125 148.283
11.353 148.278
11.3939 148.278
11.435 148.281
11.4755 148.276
11.5163 148.273
11.5576 148.28
11.5982 148.275
11.6385 148.265
11.6792 148.263
11.7202 148.265
11.7613 148.267
11.8029 148.28
11.8444 148.289
11.8854 148.291
11.9263 148.291
11.9675 148.296
12.0089 148.303
12.0499 148.305
12.0911 148.31
12.1317 148.305
12.1725 148.305
12.2142 148.317
12.2559 148.329
12.2966 148.327
12.3377 148.329
12.3795 148.343
12.4209 148.35
12.4624 148.36
12.5046 148.379
12.546 148.387
12.5872 148.391
12.6281 148.391
12.6692 148.393
12.7106 148.401
12.7526 148.417
12.7962 148.456
12.8378 148.466
12.8792 148.473
12.9208 148.483
12.9618 148.485
13.0029 148.487
13.0455 148.511
13.0887 148.543
13.1301 148.55
13.1715 148.557
13.2144 148.584
13.2558 148.591
13.2974 148.601
13.3408 148.635
13.383 148.652
13.426 148.681
13.4675 148.688
13.5091 148.697
13.5513 148.714
13.5944 148.744
13.6357 148.748
13.6772 148.755
13.7183 148.758
13.7613 148.784
13.8051 148.823
13.8487 148.857
13.892 148.889
13.9337 148.899
13.9756 148.911
14.0188 148.94
14.0618 148.967
14.1032 148.971
14.1459 148.993
14.1919 149.059
14.2352 149.088
14.2769 149.098
14.3185 149.105
14.3616 149.132
14.4051 149.164
14.4494 149.205
14.4938 149.249
14.5376 149.283
14.5796 149.296
14.6235 149.332
14.6679 149.374
14.7116 149.408
14.7551 149.437
14.7989 149.472
14.8417 149.494
14.8887 149.567
14.9355 149.639
14.9776 149.651
15.0237 149.712
15.0659 149.724
15.1108 149.771
15.1575 149.84
15.2017 149.877
15.2465 149.921
15.2936 149.993
15.3388 150.042
15.3851 150.104
15.4282 150.126
15.4747 150.19
15.52 150.239
15.5675 150.313
15.6145 150.383
15.6575 150.402
15.9026 150.86
15.9478 150.904
