11.6191 136.009
11.655 135.969
11.8852 135.39
11.9173 135.299
11.9528 135.257
11.9867 135.191
12.0205 135.126
12.0546 135.065
12.1555 134.863
12.1914 134.829
12.2288 134.817
12.2607 134.726
12.294 134.657
12.3298 134.621
12.3639 134.565
12.4013 134.552
12.4373 134.521
12.504 134.387
12.5396 134.352
12.5732 134.289
12.6101 134.272
12.6448 134.224
12.6803 134.189
12.7157 134.151
12.7493 134.091
12.7869 134.083
12.822 134.043
12.8564 133.993
12.8939 133.985
12.93 133.958
12.9635 133.898
12.9986 133.858
13.036 133.85
13.0719 133.821
13.106 133.769
13.1431 133.757
13.1781 133.717
13.2132 133.68
13.2472 133.628
13.2845 133.618
13.3205 133.593
13.3561 133.562
13.3928 133.545
13.4268 133.494
13.4641 133.485
13.4996 133.454
13.5366 133.442
13.5708 133.395
13.6078 133.382
13.6439 133.36
13.6807 133.345
13.7155 133.306
13.7521 133.289
13.7889 133.275
13.8235 133.234
13.8591 133.205
13.8955 133.186
13.9324 133.174
13.9688 133.156
14.0046 133.131
14.0405 133.106
14.0774 133.094
14.1144 133.084
14.1515 133.073
14.1868 133.042
14.2234 133.028
14.2601 133.014
14.2964 132.995
14.3329 132.979
14.3699 132.969
14.4065 132.954
14.4412 132.917
14.4784 132.909
14.5159 132.905
14.5527 132.893
14.5886 132.87
14.6255 132.86
14.6616 132.839
14.6975 132.817
14.7342 132.805
14.7711 132.794
14.8079 132.782
14.845 132.774
14.8814 132.757
14.9179 132.743
14.9548 132.733
14.9908 132.712
15.0268 132.692
15.0638 132.684
15.1014 132.682
15.1389 132.678
15.1765 132.676
15.2131 132.663
15.2498 132.651
15.2856 132.629
15.3213 132.606
15.3587 132.602
15.3963 132.6
15.4333 132.592
15.4707 132.588
15.5071 132.573
15.5441 132.565
15.5808 132.553
15.6159 132.524
15.6544 132.533
15.6927 132.539
15.7306 132.541
15.7678 132.535
15.804 132.518
15.8424 132.525
15.882 132.545
15.9175 132.521
15.9546 132.514
15.9945 132.537
16.0301 132.514
16.0677 132.512
16.1056 132.515
16.1439 132.521
16.1809 132.512
16.2177 132.502
16.255 132.498
16.2937 132.508
16.3323 132.517
16.3696 132.513
16.4067 132.506
16.4443 132.504
16.4824 132.509
16.5211 132.519
16.5601 132.531
16.5972 132.525
16.635 132.525
16.6727 132.525
16.7106 132.527
16.749 132.533
16.7875 132.541
16.8257 132.546
16.8634 132.546
16.9007 132.541
16.9391 132.548
16.9777 132.556
17.0164 132.566
17.0544 132.568
17.0925 132.572
17.1307 132.576
17.1686 132.578
17.207 132.585
17.2452 132.589
17.2835 132.595
17.3225 132.607
17.3609 132.613
17.3999 132.625
17.4375 132.623
17.4758 132.63
17.5161 132.654
17.5541 132.656
17.5921 132.658
17.6313 132.673
17.6717 132.697
17.7103 132.705
17.7483 132.707
17.788 132.726
17.8268 132.736
17.8652 132.742
17.9036 132.748
17.9442 132.775
17.9842 132.796
18.0222 132.798
18.0606 132.804
18.0991 132.81
18.1373 132.814
18.177 132.833
18.215 132.835
18.2553 132.857
18.2942 132.867
18.3328 132.876
18.3733 132.9
18.414 132.927
18.4529 132.937
18.4937 132.964
18.5326 132.974
18.5711 132.98
18.6116 133.005
18.6526 133.034
18.6908 133.038
18.7291 133.042
18.7697 133.067
18.8141 133.127
18.8531 133.137
18.9341 133.184
18.9731 133.194
19.055 133.25
19.2602 133.39
19.2995 133.403
19.3428 133.45
19.3821 133.463
19.4238 133.496
19.4624 133.502
19.5063 133.554
19.5487 133.593
19.59 133.622
19.6288 133.63
19.6735 133.688
19.716 133.728
19.758 133.763
19.8027 133.821
19.8436 133.846
19.8855 133.879
19.93 133.935
19.9719 133.968
20.0162 134.022
20.0586 134.06
20.1042 134.124
20.1435 134.135
20.1847 134.162
20.2272 134.199
20.2732 134.266
20.3214 134.352
20.3654 134.402
20.4095 134.452
20.4486 134.46
