-17.7021 128.074
-17.6621 128.038
-17.6226 128.006
-17.581 127.955
-17.5416 127.924
-17.5023 127.894
-17.462 127.854
-17.418 127.78
-17.3808 127.769
-17.3414 127.737
-17.2591 127.64
-17.2207 127.618
-17.1841 127.612
-17.1422 127.555
-17.1 127.497
-17.0633 127.489
-17.0247 127.465
-16.9832 127.412
-16.9017 127.32
-16.8632 127.295
-16.8265 127.288
-16.7877 127.259
-16.7493 127.235
-16.7104 127.207
-16.6705 127.167
-16.6315 127.137
-16.5925 127.107
-16.5562 127.103
-16.5175 127.075
-16.4784 127.043
-16.44 127.019
-16.4032 127.01
-16.3652 126.989
-16.3265 126.961
-16.2848 126.903
-16.2477 126.89
-16.2097 126.869
-16.1735 126.865
-16.1375 126.863
-16.0996 126.843
-16.0629 126.833
-16.0244 126.807
-15.9849 126.77
-15.9461 126.74
-15.9096 126.732
-15.8721 126.715
-15.8358 126.71
-15.7979 126.689
-15.7596 126.663
-15.7229 126.654
-15.6869 126.652
-15.6506 126.646
-15.6111 126.609
-15.5752 126.607
-15.5381 126.594
-15.4991 126.56
-15.4621 126.547
-15.4265 126.549
-15.391 126.553
-15.3535 126.534
-15.3154 126.51
-15.2795 126.508
-15.2432 126.502
-15.2069 126.497
-15.1706 126.491
-15.1311 126.452
-15.0943 126.441
-15.0578 126.433
-15.0217 126.43
-14.9846 126.415
-14.9481 126.407
-14.9119 126.402
-14.8758 126.398
-14.8397 126.394
-14.8032 126.387
-14.7677 126.389
-14.7321 126.391
-14.6958 126.385
-14.6584 126.366
-14.6216 126.355
-14.586 126.357
-14.5501 126.355
-14.5132 126.342
-14.4756 126.322
-14.4395 126.318
-14.4049 126.331
-14.37 126.34
-14.3336 126.333
-14.2964 126.316
-14.2613 126.323
-14.226 126.329
-14.1903 126.329
-14.1544 126.327
-14.1181 126.321
-14.0813 126.308
-14.0455 126.308
-14.0099 126.31
-13.9739 126.306
-13.9376 126.301
-13.9024 126.306
-13.8668 126.308
-13.8309 126.306
-13.7953 126.308
-13.7597 126.31
-13.7236 126.306
-13.6879 126.306
-13.6515 126.299
-13.6164 126.306
-13.5806 126.306
-13.5453 126.312
-13.5093 126.308
-13.4732 126.304
-13.4378 126.308
-13.4025 126.314
-13.3692 126.343
-13.3336 126.345
-13.2985 126.353
-13.2638 126.366
-13.2276 126.36
-13.1918 126.36
-13.1553 126.351
-13.1203 126.36
-13.0857 126.375
-13.0505 126.382
-13.0155 126.392
-12.9805 126.401
-12.945 126.405
-12.9092 126.405
-12.8742 126.414
-12.839 126.421
-12.8034 126.423
-12.7676 126.423
-12.7314 126.418
-12.6956 126.417
-12.6608 126.431
-12.6265 126.449
-12.5917 126.462
-12.5562 126.466
-12.5204 126.466
-12.4854 126.475
-12.4509 126.492
-12.4166 126.512
-12.3814 126.52
-12.3467 126.535
-12.3119 126.548
-12.2761 126.548
-12.2404 126.55
-12.2058 126.565
-12.1712 126.581
-12.1362 126.593
-12.1011 126.602
-12.0658 126.609
-12.0308 126.62
-11.9957 126.63
-11.9607 126.641
-11.9261 126.658
-11.8919 126.68
-11.8572 126.695
-11.822 126.704
-11.7867 126.712
-11.7518 126.725
-11.7177 126.749
-11.6836 126.774
-11.6496 126.8
-11.6147 126.813
-11.5813 126.847
-11.5456 126.85
-11.5103 126.858
-11.4753 126.871
-11.441 126.893
-11.4066 126.914
-11.3716 126.927
-11.3373 126.95
-11.302 126.959
-11.2682 126.989
-11.2341 127.015
-11.1996 127.036
-11.1646 127.049
-11.1318 127.094
-11.0975 127.118
-11.064 127.154
-11.0283 127.158
-10.9926 127.162
-10.9574 127.173
-10.924 127.21
-10.8889 127.224
-10.855 127.254
-10.8213 127.288
-10.787 127.314
-10.7525 127.337
-10.718 127.359
-10.6834 127.38
-10.6495 127.412
-10.6159 127.448
-10.5812 127.468
-10.5479 127.51
-10.5127 127.523
-10.4787 127.555
-10.4447 127.587
-10.4106 127.618
-10.3763 127.644
-10.3423 127.676
-10.3097 127.731
-10.2756 127.763
-10.2404 127.777
-10.2073 127.824
-10.1733 127.858
-10.1051 127.923
-10.0708 127.953
-10.0367 127.985
-9.97132 128.097
-9.93713 128.13
-9.90163 128.141
-9.86858 128.193
-9.83469 128.231
-9.80335 128.311
-9.76954 128.351
-9.73675 128.408
-9.70209 128.435
-9.66743 128.462
-9.63332 128.498
-9.59943 128.538
-9.56767 128.615
-9.53498 128.676
-9.50227 128.737
-9.46829 128.777
-9.37416 129.035
-9.33864 129.05
-9.30522 129.102
-9.24139 129.26
-9.20723 129.301
-9.17404 129.359
-9.14093 129.419
