-16.2657 145.797
-16.2215 145.757
-15.988 145.416
-15.9439 145.376
-15.9002 145.341
-15.5838 144.966
-15.5419 144.95
-15.4961 144.889
-15.4093 144.821
-15.3677 144.807
-15.3218 144.744
-15.2339 144.662
-15.1909 144.632
-15.1497 144.623
-15.1065 144.59
-15.0602 144.52
-15.0167 144.482
-14.9757 144.476
-14.9349 144.471
-14.8916 144.436
-14.8458 144.371
-14.8031 144.343
-14.7621 144.336
-14.7187 144.299
-14.5907 144.216
-14.5473 144.179
-14.5043 144.146
-14.4638 144.144
-14.4229 144.137
-14.3818 144.128
-14.3372 144.075
-14.2961 144.066
-14.2558 144.066
-14.2153 144.064
-14.1729 144.039
-14.1302 144.009
-14.0893 144.002
-14.0464 143.97
-14.0054 143.961
-13.9638 143.945
-13.9224 143.931
-13.8814 143.922
-13.8386 143.889
-13.7981 143.887
-13.756 143.864
-13.7144 143.848
-13.6711 143.809
-13.6287 143.781
-13.5898 143.8
-13.5494 143.798
-13.5075 143.778
-13.467 143.776
-13.4247 143.748
-13.3833 143.734
-13.3415 143.714
-13.2995 143.691
-13.2587 143.684
-13.2179 143.677
-13.1771 143.671
-13.1358 143.657
-13.094 143.636
-13.0541 143.641
-13.0132 143.632
-12.9709 143.605
-12.9284 143.575
-12.8887 143.582
-12.8497 143.601
-12.8105 143.615
-12.7704 143.618
-12.7299 143.616
-12.6884 143.598
-12.6466 143.577
-12.6054 143.564
-12.5639 143.548
-12.5237 143.548
-12.4844 143.562
-12.4451 143.577
-12.4047 143.575
-12.363 143.554
-12.3217 143.54
-12.2821 143.55
-12.2423 143.557
-12.2014 143.548
-12.1592 143.521
-12.1182 143.509
-12.0786 143.519
-12.0394 143.536
-11.9985 143.527
-11.957 143.508
-11.9156 143.492
-11.8761 143.504
-11.8357 143.502
-11.7953 143.5
-11.7549 143.498
-11.7143 143.494
-11.6721 143.464
-11.6322 143.471
-11.5926 143.481
-11.5538 143.505
-11.5126 143.491
-11.4695 143.447
-11.4293 143.447
-11.3911 143.48
-11.3538 143.527
-11.3142 143.539
-11.2752 143.56
-11.2376 143.603
-11.1986 143.624
-11.1583 143.624
-11.1175 143.618
-11.0774 143.62
-11.0383 143.642
-10.9989 143.656
-10.9586 143.656
-10.9189 143.668
-10.8799 143.69
-10.8398 143.695
-10.7998 143.7
-10.7608 143.723
-10.7211 143.733
-10.6821 143.757
-10.6422 143.764
-10.6019 143.767
-10.5619 143.772
-10.5216 143.774
-10.481 143.77
-10.4417 143.789
-10.4023 143.806
-10.3638 143.839
-10.3255 143.874
-10.2858 143.886
-10.246 143.898
-10.2062 143.908
-10.1667 143.925
-10.127 143.937
-10.0879 143.961
-10.0478 143.968
-10.0083 143.985
-9.96843 143.994
-9.92891 144.011
-9.89107 144.058
-9.8514 144.073
-9.81121 144.078
-9.77114 144.085
-9.73336 144.135
-9.69454 144.165
-9.65458 144.175
-9.61486 144.19
-9.57613 144.223
-9.53739 144.256
-9.49727 144.263
-9.45825 144.292
-9.41947 144.325
-9.37945 144.335
-9.34064 144.368
-9.30194 144.404
-9.26201 144.416
-9.22304 144.447
-9.1831 144.459
-9.14446 144.497
-9.10688 144.556
-9.06679 144.566
-9.02786 144.599
-8.98916 144.637
-8.95021 144.671
-8.90996 144.678
-8.87109 144.714
-8.83233 144.752
-8.79366 144.792
-8.75475 144.828
-8.71594 144.866
-8.67699 144.902
-8.63814 144.94
-8.5995 144.983
-8.56061 145.022
-8.52026 145.029
-8.48245 145.091
-8.44352 145.129
-8.40335 145.142
-8.36417 145.175
-8.3266 145.244
-8.28781 145.287
-8.24901 145.331
-8.20996 145.369
-8.16962 145.379
-8.01796 145.64
-7.97858 145.674
-7.9393 145.71
-7.90166 145.784
-7.8613 145.796
-7.29433 146.966
-7.04866 148.082
-6.9392 147.374
-6.89722 147.355
