-24.8704 83.9037
-24.8439 83.9015
3.50254 150.895
3.82312 150.324
3.86425 150.312
3.90482 150.272
4.0254 150.106
4.06659 150.098
4.22677 149.868
4.26727 149.833
4.30816 149.816
4.34869 149.784
4.38985 149.779
4.46916 149.643
4.5101 149.631
4.5505 149.596
4.59088 149.562
4.6318 149.549
4.67197 149.508
4.71065 149.407
4.75158 149.397
4.79201 149.367
4.8335 149.379
4.87328 149.325
4.91399 149.308
4.95438 149.279
4.99436 149.234
5.03438 149.193
5.07532 149.185
5.11491 149.129
5.15577 149.119
5.19587 149.082
5.23671 149.072
5.27685 149.038
5.31684 148.999
5.35758 148.986
5.39867 148.986
5.43891 148.957
5.47935 148.935
5.52021 148.927
5.56085 148.913
5.60039 148.861
5.64094 148.844
5.68162 148.832
5.72193 148.807
5.76276 148.8
5.8029 148.771
5.84356 148.758
5.8829 148.705
5.92331 148.685
5.96348 148.658
6.00489 148.67
6.04528 148.651
6.08605 148.643
6.12699 148.641
6.16728 148.619
6.20764 148.599
6.24839 148.592
6.28923 148.587
6.32924 148.558
6.36982 148.545
6.41098 148.55
6.45222 148.557
6.49313 148.555
6.53327 148.531
6.5734 148.506
6.61413 148.499
6.65467 148.486
6.69504 148.469
6.73461 148.43
6.77531 148.423
6.81618 148.42
6.85697 148.416
6.89775 148.411
6.93871 148.411
6.97985 148.415
7.02109 148.423
7.06214 148.425
7.10274 148.415
7.14314 148.4
7.18297 148.371
7.22383 148.369
7.26535 148.383
7.30649 148.388
7.34706 148.378
7.38753 148.366
7.42829 148.361
7.46826 148.337
7.50891 148.329
7.54985 148.329
7.59108 148.336
7.63272 148.353
7.67477 148.38
7.71623 148.392
7.75586 148.36
7.79538 148.326
7.83663 148.334
7.87767 148.336
7.9182 148.326
7.95955 148.336
8.00143 148.358
8.04237 148.357
8.08258 148.34
8.12235 148.314
8.16296 148.306
8.20379 148.304
8.24504 148.311
8.28716 148.338
8.32843 148.345
8.36904 148.337
8.40943 148.325
8.45069 148.332
8.49263 148.354
8.53412 148.366
8.57585 148.383
8.6177 148.402
8.65887 148.407
8.70016 148.414
8.74123 148.417
8.78218 148.417
8.82429 148.441
8.86594 148.455
8.90713 148.46
8.94821 148.463
8.98905 148.46
9.03036 148.467
9.0718 148.477
9.11324 148.487
9.15444 148.491
9.19564 148.496
9.23782 148.52
9.27952 148.535
9.32159 148.557
9.36183 148.542
9.40317 148.549
9.44637 148.593
9.48798 148.605
9.52896 148.605
9.57082 148.622
9.61269 148.639
9.65508 148.666
9.69671 148.678
9.73809 148.685
9.77948 148.692
9.8219 148.719
9.86458 148.751
9.90612 148.76
9.94765 148.77
9.99129 148.819
10.033 148.831
10.0745 148.84
10.1161 148.85
10.1598 148.899
10.2012 148.906
10.243 148.918
10.2856 148.947
10.329 148.989
10.3719 149.023
10.4148 149.055
10.4565 149.067
10.4979 149.072
10.5404 149.096
10.5821 149.108
10.6252 149.143
10.6682 149.177
10.7097 149.184
10.753 149.221
10.7962 149.257
10.838 149.27
10.8816 149.311
10.9264 149.375
10.968 149.382
11.0096 149.389
11.0546 149.456
11.0978 149.49
11.1393 149.495
11.1825 149.529
11.316 149.694
11.3576 149.701
11.4011 149.738
11.4447 149.777
11.4905 149.851
11.5341 149.891
11.5775 149.925
11.6221 149.98
11.6663 150.027
11.7107 150.076
11.7533 150.098
11.7969 150.135
11.8412 150.182
12.3519 151.042
12.3965 151.09
12.5918 151.531
