-8.00208 139.935
-7.96345 139.956
-7.92133 139.9
-7.87995 139.86
-7.47243 139.582
-7.43266 139.576
-7.39184 139.545
-7.35103 139.514
-7.31014 139.48
-7.27011 139.467
-7.22934 139.436
-7.18858 139.405
-7.14885 139.399
-7.10913 139.392
-7.06886 139.373
-7.02859 139.353
-6.9887 139.342
-6.94845 139.322
-6.90705 139.273
-6.86691 139.256
-6.82705 139.245
-6.78692 139.227
-6.74672 139.207
-6.70678 139.194
-6.66651 139.172
-6.62667 139.161
-6.58692 139.153
-6.54667 139.131
-6.50651 139.111
-6.46661 139.098
-6.42713 139.096
-6.38741 139.087
-6.34752 139.074
-6.30723 139.05
-6.26704 139.028
-6.22741 139.021
-6.18763 139.01
-6.14769 138.995
-6.10839 138.997
-6.06948 139.011
-6.03017 139.013
-5.98955 138.978
-5.94917 138.949
-5.90942 138.939
-5.86997 138.937
-5.8303 138.928
-5.79049 138.915
-5.75112 138.915
-5.71123 138.9
-5.67165 138.893
-5.63229 138.893
-5.59256 138.883
-5.55277 138.87
-5.51312 138.861
-5.47391 138.865
-5.4344 138.861
-5.39525 138.868
-5.35603 138.873
-5.31625 138.86
-5.27648 138.847
-5.23672 138.833
-5.19716 138.827
-5.1578 138.827
-5.11845 138.827
-5.07856 138.81
-5.03849 138.786
-4.99908 138.784
-4.95999 138.793
-4.92032 138.782
-4.88059 138.769
-4.84143 138.776
-4.80258 138.794
-4.76254 138.769
-4.72246 138.743
-4.683 138.739
-4.64401 138.752
-4.60496 138.764
-4.56556 138.762
-4.5265 138.773
-4.48691 138.764
-4.44779 138.773
-4.40907 138.798
-4.36993 138.807
-4.33108 138.827
-4.29182 138.831
-4.25251 138.834
-4.21319 138.836
-4.17409 138.848
-4.13488 138.854
-4.0955 138.855
-4.0566 138.875
-4.01768 138.895
-3.97856 138.906
-3.93922 138.909
-3.89972 138.904
-3.86023 138.9
-3.82089 138.902
-3.78155 138.905
-3.74245 138.918
-3.70397 138.961
-3.66485 138.974
-3.6253 138.968
-3.58584 138.966
-3.54671 138.979
-3.50753 138.99
-3.46821 138.995
-3.4291 139.011
-3.38999 139.026
-3.35061 139.029
-3.31158 139.049
-3.27249 139.067
-3.23352 139.092
-3.19408 139.092
-3.15484 139.103
-3.11597 139.134
-3.0766 139.139
-3.03722 139.144
-2.99808 139.162
-2.95878 139.171
-2.91947 139.18
-2.88039 139.202
-2.84099 139.207
-2.80204 139.238
-2.76285 139.256
-2.72422 139.31
-2.68487 139.319
-2.64541 139.321
-2.60601 139.328
-2.56726 139.377
-2.52784 139.384
-2.48843 139.391
-2.4493 139.418
-2.40991 139.427
-2.37079 139.456
-2.33166 139.485
-2.29227 139.497
-2.25315 139.528
-2.21404 139.562
-2.17466 139.575
-2.13552 139.609
-2.09635 139.64
-2.05688 139.65
-2.0176 139.674
-1.97815 139.686
-1.93916 139.737
-1.89963 139.744
-1.86046 139.782
-1.82126 139.821
-1.78174 139.83
-1.74268 139.884
-1.70318 139.897
-1.66364 139.906
-1.62431 139.938
-1.54589 140.033
-1.46721 140.107
-1.38845 140.179
-1.3488 140.186
-1.30935 140.218
-1.26995 140.259
-1.23052 140.297
-1.19126 140.363
-1.1518 140.403
-1.11214 140.417
-1.07267 140.46
-1.03315 140.499
-0.993651 140.544
-0.954292 140.616
-0.914875 140.684
-0.87512 140.696
-0.677496 141.039
-0.637656 141.053
-0.319479 141.505
0.201241 142.561
0.241478 142.562
0.281708 142.555
0.321935 142.548
