-13.9736 136.781
-13.9254 136.657
-13.878 136.541
-13.8379 136.516
-13.792 136.417
-13.7479 136.341
-13.7005 136.224
-13.6574 136.159
-13.5225 135.894
-13.4813 135.852
-13.4407 135.816
-13.2687 135.554
-13.2298 135.54
-13.1851 135.45
-13.1425 135.388
-13.1016 135.349
-13.0597 135.295
-13.0204 135.274
-12.9793 135.23
-12.9408 135.22
-12.9023 135.21
-12.8584 135.129
-12.8155 135.061
-12.7734 135.003
-12.7329 134.966
-12.6939 134.947
-12.6526 134.9
-12.6139 134.885
-12.5741 134.857
-12.5317 134.793
-12.4898 134.735
-12.4514 134.725
-12.4116 134.696
-12.3732 134.686
-12.3335 134.657
-12.2932 134.62
-12.2515 134.564
-12.2098 134.507
-12.1714 134.496
-12.1338 134.496
-12.0954 134.484
-12.0543 134.435
-12.0148 134.408
-11.9766 134.4
-11.9386 134.394
-11.8989 134.363
-11.8576 134.31
-11.8176 134.275
-11.779 134.261
-11.74 134.24
-11.7022 134.236
-11.664 134.226
-11.6249 134.203
-11.5871 134.199
-11.5474 134.169
-11.5075 134.134
-11.4679 134.103
-11.4298 134.095
-11.3908 134.072
-11.3516 134.048
-11.3135 134.038
-11.2738 134.005
-11.235 133.987
-11.1963 133.968
-11.159 133.97
-11.1209 133.962
-11.0818 133.938
-11.0442 133.936
-11.0053 133.913
-10.9667 133.897
-10.9287 133.889
-10.8899 133.868
-10.8513 133.85
-10.8135 133.846
-10.7766 133.854
-10.7377 133.832
-10.6987 133.807
-10.6604 133.795
-10.6222 133.783
-10.5841 133.773
-10.546 133.762
-10.508 133.754
-10.4703 133.75
-10.4324 133.742
-10.3943 133.732
-10.3559 133.716
-10.3183 133.713
-10.2807 133.711
-10.243 133.707
-10.2055 133.705
-10.1679 133.703
-10.1302 133.699
-10.0923 133.691
-10.0545 133.685
-10.0164 133.675
-9.97873 133.671
-9.94105 133.667
-9.90289 133.654
-9.86509 133.648
-9.82801 133.654
-9.79129 133.667
-9.75326 133.656
-9.71464 133.636
-9.6772 133.636
-9.64 133.64
-9.60233 133.636
-9.56408 133.622
-9.52641 133.618
-9.48933 133.624
-9.45223 133.63
-9.41457 133.626
-9.37668 133.618
-9.33981 133.628
-9.30237 133.628
-9.26448 133.62
-9.22715 133.622
-9.19016 133.63
-9.1525 133.626
-9.1145 133.616
-9.0764 133.603
-9.03831 133.591
-9.00361 133.642
-8.96736 133.664
-8.92958 133.658
-8.89159 133.648
-8.85511 133.666
-8.81734 133.66
-8.77999 133.662
-8.74233 133.658
-8.70435 133.648
-8.66711 133.652
-8.63039 133.666
-8.59314 133.67
-8.5561 133.678
-8.51875 133.68
-8.48129 133.68
-8.44352 133.674
-8.40606 133.674
-8.3686 133.674
-8.33144 133.68
-8.29418 133.684
-8.25732 133.696
-8.22056 133.711
-8.18408 133.731
-8.1468 133.735
-8.10992 133.747
-8.07293 133.757
-8.03623 133.774
-7.99943 133.788
-7.96204 133.79
-7.92464 133.792
-7.88782 133.806
-7.85119 133.825
-7.8135 133.821
-7.77667 133.835
-7.74001 133.853
-7.70288 133.861
-7.66565 133.867
-7.62824 133.869
-7.59101 133.875
-7.55451 133.898
-7.51754 133.91
-7.48093 133.93
-7.44377 133.939
-7.4075 133.967
-7.37087 133.988
-7.33351 133.992
-7.29624 133.998
-7.25985 134.024
-7.223 134.041
-7.18659 134.067
-7.15017 134.094
-7.11286 134.1
-7.07565 134.108
-7.0392 134.135
-7.00256 134.157
-6.96524 134.163
-6.928 134.171
-6.89227 134.216
-6.85509 134.227
-6.81775 134.233
-6.78049 134.241
-6.74371 134.261
-6.70709 134.286
-6.67112 134.327
-6.63504 134.366
-6.59774 134.374
-6.56003 134.372
-6.52312 134.39
-6.48676 134.423
-6.44983 134.442
-6.41399 134.489
-6.37673 134.499
-6.34 134.524
-6.30358 134.557
-6.26698 134.585
-6.22961 134.594
-4.88064 136.152
-4.84436 136.213
-4.66532 136.617
-4.62887 136.678
-4.59222 136.732
-4.556 136.804
-4.52122 136.931
-4.48533 137.018
-4.44761 137.037
-4.24503 138.108
