5.52293 146.468
5.56156 146.392
5.59995 146.308
5.63679 146.175
5.67524 146.096
5.71359 146.016
5.75205 145.939
5.79026 145.856
5.8279 145.757
5.86724 145.712
5.90655 145.667
5.94456 145.582
5.98199 145.48
6.02131 145.437
6.05975 145.369
6.09871 145.317
6.13686 145.242
6.17578 145.19
6.2153 145.157
6.25497 145.129
6.29286 145.049
6.33258 145.023
6.37082 144.955
6.40919 144.891
6.44894 144.868
6.48752 144.812
6.52649 144.767
6.56569 144.73
6.60429 144.676
6.64388 144.65
6.68184 144.58
6.72088 144.54
6.76026 144.51
6.79936 144.473
6.83827 144.431
6.87742 144.396
6.91665 144.363
6.95542 144.319
6.99488 144.293
7.03416 144.263
7.07369 144.239
7.11266 144.202
7.15208 144.177
7.19112 144.142
7.22996 144.102
7.2699 144.091
7.30889 144.056
7.34797 144.023
7.38779 144.009
7.42684 143.977
7.46635 143.956
7.50519 143.919
7.54392 143.879
7.58368 143.866
7.62393 143.863
7.6635 143.845
7.70237 143.81
7.74201 143.794
7.78036 143.748
7.82008 143.734
7.8597 143.718
7.89871 143.687
7.9376 143.655
7.97709 143.637
8.01667 143.62
8.05593 143.597
8.0957 143.586
8.13516 143.567
8.17481 143.554
8.21405 143.53
8.25369 143.517
8.29301 143.496
8.33221 143.473
8.37183 143.459
8.41166 143.45
8.45148 143.441
8.49119 143.429
8.53046 143.408
8.56984 143.39
8.6092 143.372
8.649 143.362
8.68802 143.337
8.72736 143.319
8.76725 143.312
8.80691 143.3
8.84668 143.291
8.88611 143.275
8.92564 143.261
8.96562 143.257
9.00571 143.255
9.04523 143.241
9.08486 143.229
9.12483 143.225
9.16364 143.197
9.2029 143.179
9.24262 143.17
9.28281 143.17
9.32288 143.167
9.36259 143.158
9.40183 143.14
9.44189 143.138
9.48171 143.131
9.52116 143.117
9.56049 143.101
9.59908 143.071
9.63839 143.055
9.67868 143.057
9.71822 143.046
9.75764 143.032
9.79755 143.028
9.8372 143.018
9.87686 143.009
9.91726 143.014
9.95804 143.026
9.99819 143.026
10.0378 143.017
10.0788 143.03
10.1202 143.054
10.1601 143.049
10.1996 143.038
10.2399 143.04
10.2803 143.045
10.3211 143.056
10.3627 143.082
10.4033 143.089
10.4434 143.089
10.4836 143.089
10.5238 143.089
10.5639 143.089
10.6045 143.096
10.6457 143.114
10.6863 143.121
10.7259 143.112
10.7657 143.105
10.8058 143.105
10.8461 143.108
10.8865 143.11
10.9268 143.113
10.9679 143.129
11.0085 143.136
11.0485 143.133
11.0884 143.129
11.1296 143.145
11.1714 143.173
11.2124 143.187
11.2531 143.194
11.2935 143.198
11.3337 143.198
11.374 143.201
11.4142 143.201
11.4545 143.203
11.4959 143.222
11.5367 143.231
11.5771 143.236
11.6184 143.252
11.6596 143.268
11.7013 143.291
11.7434 143.322
11.784 143.328
11.8248 143.338
11.866 143.352
11.9056 143.342
11.9465 143.354
11.988 143.373
12.0301 143.403
12.0707 143.407
12.111 143.41
12.153 143.435
12.1938 143.445
12.2359 143.472
12.2783 143.505
12.3196 143.521
12.3619 143.551
12.4023 143.554
12.4432 143.563
12.4866 143.61
12.5275 143.619
12.5681 143.624
12.6093 143.637
12.6531 143.689
12.6958 143.723
12.7369 143.735
12.7779 143.744
12.8201 143.772
12.8627 143.805
12.9033 143.81
12.9459 143.842
12.9887 143.877
13.0317 143.914
13.0728 143.926
13.1588 144.001
13.2012 144.029
13.2422 144.038
13.2866 144.094
13.3275 144.101
13.3704 144.136
13.6304 144.377
13.6717 144.389
13.8491 144.597
13.8906 144.611
13.9362 144.679
14.0235 144.761
14.071 144.853
14.1122 144.863
14.1549 144.891
14.199 144.938
14.2476 145.041
14.3355 145.129
14.3812 145.195
14.6119 145.547
14.659 145.628
14.7051 145.697
14.749 145.737
