-24.8722 83.9118
-24.843 83.8975
-6.33015 143.661
-6.28979 143.647
-6.24776 143.585
-6.16544 143.509
-6.12497 143.491
-6.08295 143.426
-6.0408 143.357
-5.99992 143.325
-5.95997 143.321
-5.91994 143.314
-5.8369 143.208
-5.79594 143.172
-5.75499 143.135
-5.71414 143.101
-5.67424 143.096
-5.63341 143.062
-5.59252 143.026
-5.55158 142.987
-5.51079 142.952
-5.47009 142.92
-5.4294 142.888
-5.38949 142.882
-5.34883 142.85
-5.30804 142.813
-5.26801 142.802
-5.22745 142.772
-5.18678 142.738
-5.1469 142.731
-5.10716 142.729
-5.06671 142.702
-5.02601 142.666
-4.9854 142.631
-4.94549 142.622
-4.90509 142.595
-4.86519 142.586
-4.82462 142.552
-4.78419 142.522
-4.74431 142.513
-4.70456 142.509
-4.66434 142.486
-4.62424 142.468
-4.58397 142.443
-4.5443 142.441
-4.50394 142.412
-4.46358 142.382
-4.42364 142.369
-4.38376 142.357
-4.34388 142.346
-4.30407 142.337
-4.26387 142.312
-4.22412 142.305
-4.18432 142.296
-4.14457 142.29
-4.10488 142.285
-4.06508 142.276
-4.02473 142.242
-3.98494 142.233
-3.94517 142.224
-3.90544 142.218
-3.86577 142.213
-3.8259 142.2
-3.78614 142.191
-3.74628 142.177
-3.70624 142.155
-3.6664 142.141
-3.62675 142.137
-3.58696 142.125
-3.54736 142.123
-3.50775 142.121
-3.46802 142.112
-3.42829 142.103
-3.38839 142.085
-3.34875 142.081
-3.30941 142.092
-3.2699 142.094
-3.23026 142.09
-3.19071 142.09
-3.15103 142.083
-3.11148 142.084
-3.07177 142.075
-3.03214 142.07
-2.99247 142.063
-2.9527 142.05
-2.91307 142.045
-2.87367 142.055
-2.83423 142.062
-2.79468 142.062
-2.75498 142.053
-2.71529 142.044
-2.67615 142.071
-2.63686 142.089
-2.59724 142.085
-2.55745 142.069
-2.51644 141.967
-2.47766 142.022
-2.43846 142.047
-2.39881 142.04
-2.35926 142.04
-2.31956 142.029
-2.27962 141.999
-2.23996 141.99
-2.20047 141.995
-2.16142 142.036
-2.12225 142.068
-2.08268 142.068
-2.04299 142.057
-2.00348 142.061
-1.96391 142.061
-1.9243 142.057
-1.88474 142.057
-1.84527 142.066
-1.80588 142.084
-1.76654 142.107
-1.72707 142.119
-1.68749 142.119
-1.64795 142.123
-1.60845 142.133
-1.56893 142.14
-1.52944 142.151
-1.49002 142.172
-1.45054 142.185
-1.41103 142.197
-1.37141 142.195
-1.3319 142.206
-1.29236 142.215
-1.25285 142.229
-1.2133 142.238
-1.17381 142.256
-1.13425 142.266
-1.09465 142.268
-1.05508 142.277
-1.01562 142.304
-0.976063 142.318
-0.936467 142.325
-0.896925 142.343
-0.857375 142.362
-0.817775 142.371
-0.77818 142.382
-0.738598 142.398
-0.699055 142.426
-0.659414 142.43
-0.619778 142.437
-0.580162 142.451
-0.54054 142.465
-0.500904 142.476
-0.461317 142.508
-0.421689 142.529
-0.382075 142.561
-0.342439 142.589
-0.302758 142.598
-0.26307 142.605
-0.223408 142.634
-0.183715 142.648
-0.144028 142.676
-0.104331 142.708
-0.0646191 142.738
-0.0248917 142.756
0.0148443 142.781
0.0545878 142.793
0.0943538 142.839
0.134124 142.862
0.173908 142.889
0.213694 142.908
0.25353 142.956
0.293328 142.967
0.33316 142.995
0.372981 143.011
0.412888 143.062
0.452726 143.075
0.492632 143.112
0.532554 143.149
0.572492 143.186
0.612424 143.216
0.652311 143.23
0.692257 143.257
0.732224 143.287
0.772273 143.333
0.812322 143.375
0.852367 143.412
0.892418 143.447
0.932483 143.481
0.972601 143.523
1.01275 143.567
1.053 143.625
1.09318 143.666
1.13333 143.701
1.17353 143.74
1.21377 143.784
1.25399 143.821
1.29422 143.859
1.33472 143.93
1.37522 143.998
1.41536 144.014
1.45591 144.081
1.49648 144.149
1.53684 144.186
1.57755 144.263
1.61825 144.335
1.65871 144.377
1.74057 144.554
1.78107 144.592
1.82164 144.636
