-10.1322 135.862
-10.0934 135.858
-10.055 135.862
-10.0159 135.854
-9.83784 135.447
-8.97484 134.44
-8.89177 134.318
-8.85282 134.306
-8.81278 134.272
-8.77374 134.258
-8.73274 134.206
-8.69285 134.174
-8.65308 134.145
-8.61451 134.139
-8.57477 134.11
-8.53589 134.098
-8.49489 134.043
-8.41528 133.981
-8.37665 133.973
-8.33572 133.918
-8.297 133.908
-8.25715 133.875
-8.21834 133.863
-8.17831 133.825
-8.13962 133.815
-8.09952 133.775
-8.06094 133.767
-8.02257 133.763
-7.9834 133.743
-7.94484 133.734
-7.90529 133.705
-7.86654 133.693
-7.82613 133.645
-7.7873 133.631
-7.74799 133.606
-7.7085 133.577
-7.67008 133.571
-7.63176 133.567
-7.59267 133.546
-7.55388 133.532
-7.51454 133.505
-7.47595 133.495
-7.4368 133.472
-7.39952 133.491
-7.36021 133.464
-7.32035 133.425
-7.28188 133.417
-7.2436 133.413
-7.20522 133.407
-7.16586 133.378
-7.12634 133.345
-7.08754 133.328
-7.04963 133.333
-7.01119 133.325
-6.97266 133.314
-6.9344 133.31
-6.89632 133.311
-6.85815 133.309
-6.8198 133.303
-6.78087 133.282
-6.74236 133.272
-6.7037 133.257
-6.6662 133.272
-6.62729 133.252
-6.58831 133.229
-6.54884 133.194
-6.51053 133.188
-6.47214 133.18
-6.434 133.178
-6.39586 133.176
-6.35756 133.17
-6.31965 133.174
-6.28143 133.17
-6.24321 133.166
-6.20492 133.16
-6.16685 133.16
-6.12872 133.158
-6.0902 133.146
-6.05122 133.121
-6.01279 133.111
-5.97489 133.116
-5.93698 133.12
-5.899 133.122
-5.86131 133.133
-5.82281 133.12
-5.78381 133.094
-5.74562 133.09
-5.70778 133.096
-5.66965 133.094
-5.63139 133.088
-5.59312 133.082
-5.55444 133.064
-5.51626 133.06
-5.4789 133.08
-5.44447 133.191
-5.40599 133.178
-5.36501 133.089
-5.32709 133.094
-5.28936 133.104
-5.25077 133.088
-5.21238 133.077
-5.17426 133.076
-5.13621 133.076
-5.09796 133.07
-5.06029 133.082
-5.02273 133.099
-4.98555 133.128
-4.94786 133.141
-4.91022 133.155
-4.87282 133.178
-4.83492 133.185
-4.79677 133.183
-4.75869 133.183
-4.72072 133.187
-4.68269 133.19
-4.6449 133.2
-4.60716 133.213
-4.56906 133.213
-4.5316 133.236
-4.49384 133.249
-4.45585 133.253
-4.41775 133.253
-4.37992 133.264
-4.34208 133.274
-4.30403 133.276
-4.26592 133.277
-4.22855 133.306
-4.19086 133.323
-4.15316 133.339
-4.11529 133.35
-4.07737 133.358
-4.03965 133.375
-4.00171 133.384
-3.96397 133.4
-3.92603 133.409
-3.88823 133.424
-3.85072 133.451
-3.8128 133.461
-3.77474 133.466
-3.73701 133.485
-3.69908 133.495
-3.66105 133.502
-3.62338 133.525
-3.58576 133.55
-3.54771 133.556
-3.51002 133.579
-3.4721 133.592
-3.43491 133.64
-3.39701 133.655
-3.3594 133.684
-3.32123 133.687
-3.28306 133.689
-3.2453 133.712
-3.20732 133.725
-3.16922 133.731
-3.13191 133.779
-3.09419 133.807
-3.0561 133.815
-3.01843 133.847
-2.98037 133.857
-2.94267 133.889
-2.90452 133.895
-2.82999 134.011
-2.79187 134.021
-2.75375 134.032
-2.71591 134.059
-2.6777 134.066
-2.63987 134.095
-2.60169 134.104
-2.5642 134.156
-2.526 134.165
-2.48847 134.218
-2.45035 134.232
-2.41259 134.273
-2.37503 134.327
-2.33675 134.334
-2.29877 134.361
-2.26083 134.393
-2.18499 134.463
-1.95702 134.666
-1.84329 134.808
-1.80519 134.842
-1.76699 134.87
-1.69136 134.999
-1.65322 135.038
-1.61479 135.049
-1.57677 135.102
-1.53834 135.115
-1.50069 135.21
-1.46222 135.223
-1.27199 135.556
-0.890093 136.368
-0.851451 136.405
-0.812562 136.398
-0.621585 137.178
