-8.26606 136.19
-8.2248 136.123
-8.18468 136.079
-8.09086 135.705
-8.05205 135.686
-8.01375 135.678
-7.97447 135.649
-7.84736 135.36
-7.80779 135.322
-7.76815 135.283
-7.72749 135.221
-7.60334 134.982
-7.56373 134.941
-7.52571 134.935
-7.48658 134.904
-7.44584 134.836
-7.40503 134.766
-7.36453 134.702
-7.3254 134.669
-7.28709 134.654
-7.24692 134.597
-7.20775 134.562
-7.16833 134.52
-7.12824 134.463
-7.09025 134.455
-7.05054 134.405
-7.01222 134.389
-6.97229 134.333
-6.93197 134.268
-6.89286 134.231
-6.85392 134.198
-6.81601 134.19
-6.77743 134.165
-6.73845 134.13
-6.69859 134.073
-6.65941 134.032
-6.62065 134.001
-6.58222 133.979
-6.54429 133.969
-6.50477 133.917
-6.46669 133.903
-6.42893 133.897
-6.38947 133.846
-6.35134 133.83
-6.31291 133.805
-6.27449 133.781
-6.23654 133.768
-6.19799 133.74
-6.15953 133.713
-6.1216 133.701
-6.08249 133.656
-6.04466 133.646
-6.00668 133.632
-5.96747 133.583
-5.92959 133.57
-5.89192 133.564
-5.85376 133.544
-5.81596 133.534
-5.77761 133.507
-5.73926 133.481
-5.70142 133.469
-5.66371 133.46
-5.6256 133.44
-5.58743 133.418
-5.54934 133.397
-5.51113 133.373
-5.47352 133.367
-5.43591 133.361
-5.39818 133.351
-5.36058 133.344
-5.32247 133.322
-5.28437 133.3
-5.24608 133.271
-5.20838 133.261
-5.17081 133.255
-5.13299 133.241
-5.0953 133.231
-5.05731 133.21
-5.01957 133.198
-4.98177 133.184
-4.94429 133.18
-4.90686 133.178
-4.86926 133.17
-4.8316 133.159
-4.79395 133.149
-4.75653 133.147
-4.71877 133.133
-4.68107 133.121
-4.64332 133.107
-4.60569 133.096
-4.56828 133.094
-4.53071 133.086
-4.49309 133.076
-4.45569 133.074
-4.41846 133.078
-4.381 133.074
-4.34324 133.058
-4.30568 133.05
-4.26834 133.05
-4.23095 133.047
-4.19331 133.035
-4.15571 133.025
-4.11843 133.027
-4.08104 133.025
-4.04361 133.021
-4.00613 133.015
-3.9687 133.011
-3.93132 133.009
-3.89375 132.999
-3.85632 132.994
-3.81885 132.988
-3.78148 132.986
-3.7442 132.988
-3.70696 132.992
-3.66967 132.994
-3.63239 132.996
-3.5951 132.998
-3.55794 133.006
-3.521 133.024
-3.48387 133.034
-3.44645 133.03
-3.40894 133.022
-3.37173 133.028
-3.33439 133.028
-3.29701 133.026
-3.25979 133.032
-3.22245 133.032
-3.18515 133.034
-3.14788 133.038
-3.1105 133.036
-3.07301 133.028
-3.03548 133.017
-2.99821 133.021
-2.96124 133.042
-2.92404 133.05
-2.88666 133.048
-2.84928 133.045
-2.812 133.049
-2.77475 133.055
-2.73754 133.063
-2.70036 133.074
-2.66307 133.077
-2.62575 133.079
-2.58865 133.096
-2.55139 133.102
-2.51399 133.099
-2.47669 133.103
-2.43948 133.113
-2.4023 133.126
-2.36508 133.136
-2.3278 133.142
-2.29054 133.15
-2.25337 133.164
-2.21615 133.176
-2.17883 133.18
-2.14153 133.186
-2.10438 133.204
-2.06715 133.216
-2.02989 133.226
-1.99255 133.23
-1.95545 133.254
-1.9182 133.266
-1.88091 133.276
-1.8436 133.285
-1.80624 133.288
-1.76904 133.307
-1.73176 133.319
-1.69458 133.341
-1.65741 133.365
-1.62007 133.373
-1.5827 133.379
-1.54535 133.387
-1.50834 133.432
-1.47103 133.446
-1.43366 133.454
-1.39644 133.48
-1.35922 133.507
-1.32193 133.527
-1.28442 133.521
-1.2471 133.539
-1.20985 133.567
-1.17244 133.576
-1.13504 133.586
-1.09786 133.628
-1.06045 133.638
-1.02313 133.665
-0.985687 133.673
-0.94834 133.697
-0.911029 133.73
-0.873704 133.762
-0.836354 133.793
-0.798873 133.801
-0.761439 133.819
-0.723987 133.835
-0.686574 133.862
-0.64915 133.888
-0.611738 133.921
-0.574304 133.951
-0.536805 133.968
-0.49941 134.016
-0.461882 134.031
-0.424408 134.065
-0.386891 134.09
-0.236767 134.216
-0.16163 134.286
-0.124006 134.294
-0.0864221 134.347
-0.0488225 134.411
-0.0111806 134.448
0.0264864 134.456
0.0641553 134.485
0.101841 134.544
0.215018 134.674
0.252777 134.713
0.290546 134.745
0.328327 134.776
0.366135 134.815
0.40402 134.886
0.441909 134.943
0.479775 134.98
0.517728 135.044
0.55572 135.113
0.593736 135.179
0.631674 135.212
0.669619 135.243
0.707601 135.28
