-24.8724 83.9128
-24.8437 83.9005
-18.4317 122.687
-18.3938 122.662
-18.3559 122.636
-18.318 122.611
-18.2818 122.601
-18.2444 122.579
-18.092 122.471
-18.0571 122.471
-18.0218 122.467
-17.9832 122.435
-17.945 122.407
-17.9076 122.385
-17.8723 122.382
-17.8354 122.364
-17.7999 122.359
-17.7646 122.355
-17.7271 122.332
-17.6916 122.327
-17.6561 122.322
-17.6208 122.318
-17.5835 122.297
-17.5462 122.275
-17.5105 122.268
-17.4755 122.267
-17.4384 122.247
-17.4027 122.24
-17.3649 122.214
-17.3292 122.207
-17.2938 122.201
-17.2569 122.184
-17.2219 122.182
-17.1864 122.177
-17.1508 122.17
-17.112 122.134
-17.076 122.123
-17.0401 122.115
-17.0029 122.093
-16.9669 122.083
-16.9327 122.088
-16.899 122.099
-16.8649 122.106
-16.8291 122.098
-16.7933 122.089
-16.7563 122.069
-16.7209 122.064
-16.6857 122.061
-16.6503 122.055
-16.6143 122.045
-16.5793 122.043
-16.5435 122.034
-16.5077 122.025
-16.4725 122.022
-16.4371 122.017
-16.4024 122.019
-16.367 122.013
-16.3312 122.005
-16.2962 122.003
-16.2617 122.007
-16.2271 122.009
-16.1921 122.007
-16.157 122.005
-16.122 122.004
-16.0872 122.004
-16.052 122
-16.0166 121.995
-15.9819 121.997
-15.9469 121.995
-15.9117 121.992
-15.8774 121.997
-15.8432 122.005
-15.8084 122.005
-15.7732 122.001
-15.7389 122.007
-15.7042 122.009
-15.6688 122.003
-15.6341 122.005
-15.5998 122.011
-15.7639 123.997
-15.7275 123.986
-15.4988 122.047
-15.4636 122.043
-15.4278 122.035
-15.3924 122.029
-15.3597 122.051
-15.3236 122.039
-15.291 122.062
-15.2559 122.06
-15.2209 122.059
-15.1865 122.064
-15.1523 122.071
-15.1187 122.084
-15.085 122.096
-15.0498 122.093
-15.0152 122.097
-14.9803 122.097
-14.9454 122.097
-14.9107 122.099
-14.8758 122.099
-14.8409 122.099
-14.8064 122.103
-14.7726 122.115
-14.7391 122.13
-14.7052 122.141
-14.6713 122.151
-14.6369 122.157
-14.6023 122.161
-14.5677 122.164
-14.5337 122.173
-14.4991 122.177
-14.4646 122.183
-14.4302 122.188
-14.3961 122.197
-14.3618 122.204
-14.3289 122.226
-14.2949 122.237
-14.2611 122.249
-14.228 122.269
-14.1948 122.289
-14.1607 122.298
-14.1264 122.305
-14.0921 122.313
-14.0581 122.324
-14.0234 122.327
-13.9888 122.331
-13.9551 122.345
-13.9209 122.354
-13.8872 122.369
-13.8544 122.394
-13.8207 122.409
-13.7875 122.428
-13.7549 122.455
-13.7217 122.477
-13.688 122.492
-13.6544 122.508
-13.62 122.515
-13.5854 122.521
-13.552 122.539
-13.5191 122.564
-13.4848 122.573
-13.4509 122.586
-13.4168 122.597
-13.3854 122.64
-13.3516 122.655
-13.3178 122.669
-13.2835 122.678
-13.2513 122.712
-13.2186 122.741
-13.1845 122.752
-13.151 122.772
-13.1191 122.81
-13.0848 122.819
-13.0504 122.828
-13.0174 122.854
-12.9842 122.877
-12.9498 122.887
-12.917 122.914
-12.8842 122.943
-12.8526 122.986
-12.8185 122.999
-12.7857 123.028
-12.7525 123.052
-12.7193 123.077
-12.6864 123.104
-12.6522 123.117
-12.621 123.166
-12.5868 123.179
-12.5536 123.204
-12.5204 123.23
-12.4862 123.243
-12.4529 123.266
-12.4219 123.321
-12.3913 123.379
-12.3585 123.41
-12.3242 123.423
-12.2939 123.487
-12.2611 123.518
-12.2263 123.525
-12.1929 123.549
-12.1597 123.576
-12.1272 123.613
-12.0964 123.671
-12.0632 123.699
-12.0302 123.73
-11.9992 123.787
-11.9666 123.823
-11.9347 123.869
-11.902 123.904
-11.8695 123.943
-11.8377 123.99
-11.8049 124.025
-11.7719 124.058
-11.74 124.106
-11.7071 124.139
-11.6756 124.193
-11.6461 124.273
-11.6132 124.309
-11.58 124.34
-11.5472 124.377
-11.5163 124.44
-11.4865 124.519
-11.4549 124.572
-11.4217 124.606
-11.3888 124.643
-11.3608 124.748
-11.3284 124.793
-11.2969 124.85
-11.2673 124.934
-11.2362 124.999
-11.2068 125.086
-11.1754 125.148
-11.1438 125.205
-11.0308 125.635
-10.8344 126.967
-10.8126 127.178
