-13.3433 158.109
-13.2974 158.069
-13.2514 158.027
-13.2072 158.011
-13.1593 157.942
-13.1115 157.872
-13.0652 157.825
-13.0212 157.812
-12.9753 157.769
-12.9292 157.724
-12.8837 157.687
-12.838 157.647
-12.7924 157.61
-12.7466 157.568
-12.7011 157.531
-12.6574 157.521
-12.6133 157.505
-12.5663 157.444
-12.5223 157.429
-12.475 157.362
-12.431 157.347
-12.3861 157.318
-12.3423 157.305
-12.2969 157.268
-12.2514 157.228
-12.2076 157.216
-12.1633 157.195
-12.1183 157.163
-12.0738 157.14
-12.0301 157.127
-11.9848 157.09
-11.94 157.061
-11.8968 157.056
-11.853 157.043
-11.807 156.993
-11.7632 156.98
-11.7196 156.97
-11.6745 156.933
-11.6307 156.921
-11.5867 156.902
-11.5433 156.895
-11.4993 156.877
-11.4546 156.848
-11.4114 156.843
-11.3669 156.817
-11.3232 156.804
-11.2797 156.794
-11.2355 156.773
-11.1926 156.774
-11.15 156.779
-11.1063 156.767
-11.0613 156.73
-11.0169 156.704
-10.9737 156.699
-10.9305 156.694
-10.8875 156.692
-10.844 156.682
-10.8002 156.666
-10.7568 156.659
-10.7135 156.651
-10.6706 156.652
-10.6274 156.647
-10.5838 156.634
-10.5402 156.621
-10.4963 156.603
-10.4522 156.582
-10.4091 156.577
-10.3662 156.578
-10.3236 156.583
-10.2811 156.592
-10.2378 156.584
-10.1942 156.571
-10.1509 156.564
-10.1073 156.551
-10.064 156.544
-10.0208 156.539
-9.9775 156.531
-9.93461 156.532
-9.89172 156.532
-9.84855 156.527
-9.80539 156.522
-9.76223 156.517
-9.71894 156.51
-9.67604 156.51
-9.63315 156.511
-9.5909 156.524
-9.54735 156.512
-9.50406 156.504
-9.46078 156.497
-9.41814 156.502
-9.37524 156.503
-9.33323 156.522
-9.28969 156.509
-9.24565 156.485
-9.20287 156.489
-9.16047 156.5
-9.11719 156.492
-9.07552 156.519
-9.03273 156.522
-8.99031 156.533
-8.94788 156.544
-8.90532 156.552
-8.86288 156.563
-8.82019 156.569
-8.77726 156.57
-8.73553 156.597
-8.6933 156.613
-8.65047 156.616
-8.60753 156.616
-8.56493 156.625
-8.5228 156.644
-8.48135 156.679
-8.4392 156.698
-8.39634 156.701
-8.35372 156.709
-8.3112 156.72
-8.26867 156.731
-8.22738 156.771
-8.18473 156.78
-8.14162 156.778
-8.09885 156.783
-8.05652 156.8
-8.01472 156.829
-7.97204 156.838
-7.92936 156.846
-7.88678 156.857
-7.84505 156.89
-7.8032 156.919
-7.76059 156.93
-7.71882 156.963
-7.67609 156.971
-7.63336 156.979
-7.59042 156.983
-7.54819 157.004
-7.50545 157.013
-7.46371 157.048
-7.42125 157.064
-7.3795 157.099
-7.33772 157.134
-7.29513 157.148
-7.25293 157.172
-7.21022 157.184
-7.16751 157.195
-7.12558 157.227
-7.08295 157.241
-7.04089 157.271
-6.99805 157.279
-6.9553 157.29
-6.9134 157.325
-6.87196 157.374
-6.83133 157.447
-6.78928 157.479
-6.74536 157.458
-6.70366 157.501
-6.66267 157.566
-6.61992 157.58
-6.57789 157.615
-6.53513 157.629
-6.49307 157.664
-6.4502 157.675
-6.32589 157.843
-6.28392 157.884
-6.24082 157.889
-6.19856 157.922
-6.15569 157.936
-6.11375 157.979
-6.07186 158.026
-6.02988 158.069
-5.98721 158.091
-5.94584 158.156
-5.9038 158.2
-4.76308 163.132
-4.71982 163.183
-4.67594 163.209
-4.63146 163.21
-4.58658 163.193
