9.95135 123.98
9.97934 123.853
10.0086 123.745
10.0398 123.672
10.0702 123.585
10.2208 123.137
10.2531 123.084
10.2851 123.025
10.3151 122.938
10.3471 122.881
10.3791 122.825
10.4111 122.768
10.4432 122.714
10.475 122.655
10.5079 122.614
10.5382 122.534
10.6344 122.376
10.6664 122.323
10.6999 122.293
10.7333 122.262
10.7659 122.218
10.7987 122.179
10.8305 122.124
10.8641 122.096
10.8977 122.069
10.9296 122.016
10.9606 121.953
10.9933 121.914
11.0251 121.861
11.0582 121.827
11.0902 121.779
11.1236 121.75
11.1572 121.725
11.191 121.702
11.2237 121.664
11.2553 121.612
11.2887 121.583
11.3231 121.571
11.355 121.522
11.3866 121.47
11.4214 121.463
11.4548 121.436
11.4882 121.41
11.5213 121.379
11.5531 121.333
11.5873 121.317
11.6206 121.29
11.6538 121.262
11.6856 121.215
11.7187 121.187
11.7535 121.18
11.7871 121.158
11.8216 121.148
11.855 121.123
11.8894 121.112
11.9192 121.041
11.9521 121.011
11.9864 120.998
12.0186 120.959
12.0532 120.952
12.0878 120.943
12.1212 120.92
12.1546 120.897
12.188 120.874
12.2222 120.862
12.2554 120.837
12.2896 120.825
12.3234 120.807
12.3566 120.782
12.3895 120.754
12.4227 120.729
12.457 120.719
12.4899 120.69
12.5234 120.671
12.5576 120.658
12.592 120.65
12.6267 120.644
12.662 120.646
12.6966 120.639
12.73 120.618
12.7625 120.586
12.794 120.544
12.8274 120.523
12.8609 120.503
12.8945 120.486
12.9298 120.488
12.9656 120.497
12.9989 120.476
13.0324 120.456
13.0664 120.444
13.1016 120.446
13.1366 120.444
13.1694 120.418
13.201 120.377
13.2348 120.363
13.2693 120.356
13.3039 120.351
13.3385 120.346
13.3717 120.325
13.4063 120.319
13.4404 120.309
13.4742 120.295
13.5077 120.277
13.5421 120.27
13.5772 120.27
13.6117 120.265
13.6457 120.253
13.6796 120.241
13.7145 120.239
13.7494 120.237
13.7841 120.234
13.8181 120.224
13.8522 120.213
13.8863 120.203
13.9194 120.182
13.9524 120.161
13.9873 120.159
14.0228 120.164
14.0565 120.15
14.0912 120.147
14.1268 120.154
14.1605 120.14
14.194 120.124
14.2284 120.117
14.265 120.135
14.3006 120.142
14.3348 120.134
14.3698 120.134
14.4073 120.16
14.4414 120.151
14.4756 120.143
14.5109 120.146
14.5451 120.138
14.5792 120.129
14.6142 120.129
14.6484 120.12
14.682 120.106
14.7161 120.098
14.7511 120.098
14.7867 120.105
14.8224 120.112
14.8575 120.114
14.8922 120.111
14.927 120.109
14.9625 120.114
14.9979 120.12
15.0327 120.118
15.0681 120.122
15.1036 120.127
15.1398 120.139
15.1747 120.14
15.2086 120.129
15.2434 120.127
15.2795 120.138
15.315 120.143
15.3498 120.142
15.3846 120.14
15.4192 120.137
15.455 120.146
15.4939 120.184
15.5302 120.197
15.5648 120.193
15.5997 120.194
15.6353 120.199
15.6706 120.203
15.7054 120.201
15.7409 120.206
15.7781 120.228
15.8134 120.231
15.8482 120.23
15.8826 120.224
15.9184 120.231
15.9542 120.24
15.9892 120.24
16.0279 120.276
16.064 120.287
16.0995 120.292
16.1364 120.31
16.1714 120.31
16.2064 120.31
16.2417 120.313
16.279 120.335
16.313 120.326
16.3506 120.351
16.3883 120.376
16.4258 120.399
16.463 120.42
16.4984 120.424
16.5342 120.431
16.5702 120.44
16.6073 120.459
16.6452 120.486
16.6829 120.511
16.7183 120.514
16.7535 120.516
16.7883 120.514
16.8259 120.538
16.8619 120.546
16.8996 120.571
16.9349 120.573
16.9703 120.577
17.0106 120.625
17.0468 120.635
17.0844 120.659
17.1199 120.662
17.1551 120.664
17.1928 120.687
17.2288 120.696
17.2664 120.719
17.3424 120.771
17.3804 120.798
17.4185 120.824
17.5714 120.935
17.6069 120.938
17.6457 120.97
17.684 120.999
17.722 121.024
17.7577 121.029
17.7966 121.061
17.8381 121.117
17.8767 121.147
17.9121 121.149
17.9524 121.194
17.9904 121.219
18.026 121.222
18.3034 121.487
18.3415 121.512
18.3795 121.536
