-10.9273 139.925
-10.2839 139.068
-10.1139 138.852
-10.0728 138.821
-10.0332 138.815
-9.99227 138.786
-9.74052 138.5
-9.70107 138.496
-9.66101 138.481
-9.62107 138.468
-9.57992 138.433
-9.54 138.42
-9.49948 138.396
-9.45861 138.365
-9.41619 138.306
-9.37583 138.284
-9.335 138.254
-9.29537 138.245
-9.25291 138.184
-9.2126 138.162
-9.17323 138.158
-9.13363 138.15
-9.0938 138.137
-9.0519 138.084
-9.01105 138.051
-8.97159 138.045
-8.93088 138.015
-8.89007 137.982
-8.85041 137.971
-8.80973 137.941
-8.76919 137.913
-8.72999 137.911
-8.68957 137.885
-8.61074 137.872
-8.57144 137.868
-8.52953 137.811
-8.49003 137.802
-8.44977 137.779
-8.41028 137.77
-8.37079 137.762
-8.33035 137.733
-8.29108 137.729
-8.25181 137.725
-8.21171 137.703
-8.1713 137.675
-8.13163 137.662
-8.09135 137.636
-8.0519 137.628
-8.01153 137.6
-7.9723 137.596
-7.93246 137.578
-7.89353 137.581
-7.8542 137.574
-7.81497 137.57
-7.77564 137.564
-7.73622 137.555
-7.69621 137.534
-7.65621 137.512
-7.61748 137.519
-7.57837 137.517
-7.53867 137.502
-7.50023 137.515
-7.46149 137.522
-7.42228 137.518
-7.38231 137.496
-7.34301 137.49
-7.3039 137.488
-7.26414 137.471
-7.22447 137.456
-7.185 137.445
-7.14608 137.447
-7.10707 137.448
-7.06796 137.446
-7.02877 137.441
-6.98931 137.431
-6.94977 137.418
-6.91084 137.42
-6.87183 137.42
-6.833 137.425
-6.7939 137.423
-6.7548 137.421
-6.71587 137.424
-6.67677 137.422
-6.63716 137.406
-6.5973 137.385
-6.55838 137.387
-6.51979 137.398
-6.48019 137.383
-6.44069 137.37
-6.40193 137.377
-6.36333 137.388
-6.32675 137.454
-6.28417 137.358
-6.24517 137.358
-6.2068 137.376
-6.16842 137.394
-6.12924 137.39
-6.09023 137.39
-6.05198 137.412
-6.01342 137.425
-5.97417 137.419
-5.93514 137.419
-5.89718 137.45
-5.85844 137.459
-5.81941 137.459
-5.78081 137.472
-5.742 137.479
-5.70332 137.49
-5.66449 137.497
-5.62501 137.484
-5.58575 137.477
-5.54692 137.484
-5.50879 137.513
-5.47002 137.522
-5.43117 137.528
-5.3926 137.544
-5.35367 137.548
-5.31461 137.549
-5.27609 137.566
-5.23796 137.597
-5.19895 137.599
-5.15994 137.602
-5.12126 137.615
-5.0825 137.626
-5.04381 137.639
-5.00497 137.648
-4.9662 137.66
-4.92774 137.682
-4.88927 137.704
-4.85042 137.713
-4.81162 137.724
-4.77275 137.733
-4.73425 137.755
-4.69592 137.783
-4.65709 137.795
-4.61814 137.801
-4.57972 137.828
-4.54117 137.85
-4.5022 137.857
-4.46386 137.887
-4.42482 137.892
-4.38567 137.892
-4.34679 137.903
-4.30908 137.961
-4.27068 137.991
-4.23161 137.996
-4.19265 138.005
-4.15427 138.038
-4.11535 138.049
-4.07658 138.067
-4.03759 138.076
-3.99906 138.105
-3.96047 138.131
-3.92191 138.16
-3.88294 138.171
-3.84442 138.202
-3.80597 138.238
-3.76698 138.249
-3.72846 138.282
-3.68931 138.287
-3.65072 138.318
-3.61225 138.355
-3.57373 138.391
-3.53514 138.424
-3.49599 138.431
-3.45742 138.466
-3.3421 138.597
-3.30294 138.606
-3.26476 138.666
-3.22563 138.677
-3.18687 138.708
-3.14768 138.717
-3.10942 138.777
-3.07081 138.819
-3.03202 138.853
-2.99326 138.888
-2.95495 138.951
-2.91615 138.986
-2.87744 139.029
-2.83827 139.044
-2.79924 139.069
-2.76089 139.136
-2.72201 139.172
-2.6451 139.301
-2.60588 139.319
-1.52326 141.928
