6.38829 142.002
6.42701 141.968
6.46636 141.952
6.50473 141.909
6.53977 141.775
6.57459 141.636
6.61144 141.555
6.6496 141.509
6.68707 141.446
6.72434 141.378
6.76115 141.299
6.79828 141.229
6.83624 141.182
6.87383 141.125
6.91209 141.087
6.95007 141.042
6.9862 140.95
7.02404 140.903
7.06143 140.844
7.09977 140.81
7.13864 140.79
7.17533 140.716
7.21254 140.656
7.25045 140.613
7.28733 140.546
7.32566 140.515
7.36407 140.485
7.40209 140.447
7.44029 140.414
7.47856 140.383
7.51729 140.363
7.55469 140.311
7.59235 140.267
7.63095 140.244
7.66819 140.191
7.70522 140.133
7.74397 140.115
7.78213 140.084
7.82008 140.048
7.85732 139.997
7.89612 139.982
7.93423 139.95
7.97281 139.93
8.01099 139.902
8.04876 139.864
8.0861 139.817
8.12484 139.802
8.16358 139.786
8.2018 139.76
8.23919 139.715
8.27789 139.7
8.3166 139.684
8.35477 139.658
8.39273 139.627
8.43151 139.613
8.46986 139.591
8.50778 139.56
8.54558 139.527
8.58412 139.509
8.62221 139.483
8.66019 139.454
8.69892 139.441
8.73753 139.425
8.77547 139.397
8.81418 139.384
8.85265 139.366
8.8909 139.344
8.92925 139.324
8.96759 139.304
9.00536 139.273
9.04425 139.264
9.0829 139.251
9.12167 139.24
9.16031 139.227
9.19883 139.212
9.23735 139.196
9.27574 139.179
9.31448 139.168
9.35297 139.152
9.39158 139.139
9.42936 139.11
9.46819 139.102
9.50713 139.095
9.54571 139.082
9.58452 139.073
9.62309 139.06
9.6619 139.051
9.70022 139.034
9.73805 139.007
9.77635 138.99
9.81538 138.985
9.8544 138.981
9.8933 138.974
9.93158 138.957
9.97059 138.952
10.0099 138.953
10.0486 138.944
10.0866 138.922
10.1256 138.917
10.1644 138.909
10.203 138.898
10.2413 138.882
10.2796 138.865
10.3186 138.86
10.3575 138.856
10.3963 138.847
10.4347 138.834
10.4726 138.812
10.5115 138.806
10.5504 138.801
10.5903 138.812
10.629 138.804
10.6688 138.813
10.7072 138.799
10.7467 138.804
10.7857 138.8
10.8261 138.819
10.8645 138.806
10.904 138.811
10.9434 138.813
10.9826 138.813
11.0228 138.828
11.0624 138.835
11.1015 138.833
11.1409 138.835
11.1801 138.835
11.2189 138.829
11.2581 138.829
11.2979 138.838
11.3373 138.84
11.3767 138.842
11.416 138.844
11.455 138.84
11.4948 138.849
11.5341 138.851
11.5735 138.853
11.6127 138.853
11.6521 138.856
11.6925 138.873
11.7319 138.875
11.771 138.873
11.8103 138.876
11.8502 138.884
11.8901 138.895
11.9297 138.9
11.9692 138.904
12.0087 138.909
12.0496 138.933
12.0893 138.94
12.1288 138.944
12.1685 138.951
12.2082 138.958
12.2481 138.966
12.2884 138.982
12.3276 138.982
12.3672 138.986
12.4078 139.006
12.4482 139.022
12.4881 139.031
12.5287 139.05
12.5683 139.055
12.6079 139.059
12.6488 139.084
12.6872 139.07
12.7266 139.073
12.7686 139.11
12.8091 139.128
12.8505 139.157
12.8902 139.163
12.9301 139.172
12.9709 139.192
13.011 139.203
13.0511 139.214
13.0926 139.245
13.1341 139.274
13.1757 139.305
13.215 139.305
13.2544 139.307
13.2964 139.343
13.3384 139.378
13.3779 139.38
13.4195 139.411
13.4598 139.425
13.5014 139.454
13.5412 139.46
13.5827 139.489
13.6245 139.52
13.6643 139.527
13.704 139.531
13.7473 139.582
13.7877 139.596
13.8281 139.609
13.8721 139.669
13.9143 139.705
13.9559 139.734
13.9958 139.74
14.0379 139.774
14.082 139.834
14.1223 139.845
14.1628 139.858
14.207 139.918
14.3312 139.992
14.3754 140.052
14.4162 140.068
14.4603 140.126
14.503 140.166
14.5452 140.2
14.5878 140.238
14.631 140.282
14.6758 140.347
14.7182 140.383
14.7605 140.417
14.8053 140.479
14.8465 140.5
14.8912 140.562
14.9338 140.598
14.9786 140.661
15.0217 140.704
15.067 140.771
15.1106 140.819
15.1555 140.882
15.1986 140.922
15.2439 140.99
15.2895 141.06
15.3355 141.134
15.3791 141.179
15.4249 141.252
15.5193 141.426
15.5651 141.496
