-24.8726 83.9138
-24.8441 83.9025
-2.19359 144.703
-2.15314 144.677
-2.11284 144.663
-2.07156 144.563
-2.03098 144.521
-1.99044 144.481
-1.90941 144.402
-1.86897 144.367
-1.82848 144.325
-1.70701 144.191
-1.66685 144.177
-1.42493 143.961
-1.38466 143.924
-1.34464 143.92
-1.30446 143.892
-1.26442 143.883
-1.22404 143.823
-1.18397 143.806
-1.14364 143.746
-1.10348 143.712
-1.0635 143.705
-1.0235 143.693
-0.983411 143.666
-0.943421 143.654
-0.90331 143.617
-0.863258 143.59
-0.823313 143.583
-0.783301 143.56
-0.743327 143.544
-0.703324 143.518
-0.663323 143.491
-0.623366 143.472
-0.58338 143.442
-0.543421 143.417
-0.503498 143.401
-0.463594 143.389
-0.423695 143.378
-0.383761 143.348
-0.343876 143.337
-0.304007 143.332
-0.264116 143.311
-0.224228 143.286
-0.184363 143.272
-0.144504 143.259
-0.104651 143.245
-0.0648075 143.24
-0.0249636 143.222
0.0148723 143.201
0.0547032 143.194
0.09453 143.185
0.13435 143.172
0.174157 143.151
0.213968 143.142
0.253779 143.135
0.293568 143.117
0.333366 143.107
0.373165 143.101
0.412961 143.094
0.452754 143.087
0.492532 143.075
0.532324 143.071
0.572108 143.064
0.61185 143.046
0.651617 143.037
0.691388 143.03
0.731129 143.016
0.770883 143.007
0.810664 143.005
0.850466 143.007
0.890246 143.005
0.930084 143.014
0.969741 142.989
1.00968 143.016
1.04948 143.016
1.08917 143
1.12886 142.984
1.16865 142.984
1.20843 142.984
1.24809 142.966
1.28787 142.966
1.32772 142.975
1.36744 142.966
1.40706 142.946
1.44669 142.927
1.4864 142.92
1.52629 142.934
1.5663 142.962
1.60633 142.989
1.6458 142.955
1.68545 142.941
1.72514 142.932
1.76486 142.927
1.80461 142.925
1.84445 142.932
1.88415 142.925
1.92392 142.925
1.96377 142.932
2.00377 142.953
2.04367 142.964
2.08348 142.967
2.12336 142.976
2.16323 142.983
2.20312 142.992
2.24293 142.994
2.28269 142.992
2.32244 142.99
2.36225 142.992
2.40215 143.001
2.442 143.006
2.48175 143.004
2.5216 143.008
2.56139 143.008
2.60114 143.006
2.64106 143.015
2.68105 143.029
2.72094 143.036
2.76101 143.054
2.80102 143.068
2.84092 143.075
2.88086 143.084
2.92103 143.107
2.96106 143.121
3.00099 143.128
3.04079 143.128
3.08052 143.123
3.12065 143.142
3.16074 143.158
3.20084 143.174
3.24078 143.181
3.28089 143.197
3.32092 143.208
3.36113 143.229
3.40135 143.25
3.44149 143.266
3.48163 143.282
3.52206 143.312
3.56213 143.324
3.60207 143.328
3.64201 143.333
3.68205 143.342
3.72237 143.365
3.76266 143.386
3.80315 143.416
3.84321 143.425
3.88382 143.46
3.92409 143.478
3.96438 143.497
4.00513 143.536
4.04538 143.552
4.08543 143.559
4.12554 143.568
4.16607 143.596
4.20667 143.626
4.24685 143.637
4.28737 143.663
4.32767 143.679
4.36854 143.718
4.40942 143.758
4.4497 143.772
4.49004 143.788
4.53132 143.841
4.57186 143.864
4.61252 143.892
4.65332 143.924
4.69431 143.964
4.7352 143.999
4.7761 144.033
4.81659 144.052
4.85733 144.08
4.89828 144.115
4.93924 144.15
4.98028 144.187
5.02146 144.229
5.0626 144.268
5.10421 144.324
5.14466 144.338
5.18572 144.373
5.22672 144.405
5.26794 144.445
5.30945 144.494
5.35112 144.548
5.39192 144.571
5.4337 144.627
5.47501 144.667
5.51635 144.706
5.55763 144.744
5.64168 144.866
5.68404 144.936
5.769 145.081
5.81056 145.124
5.852 145.161
5.98 145.385
6.06572 145.54
6.10848 145.613
6.15127 145.686
6.19409 145.76
