-20.1567 149.596
-20.112 149.56
-20.0686 149.536
-19.6796 148.561
-19.6383 148.554
-19.5978 148.554
-19.5545 148.528
-19.5028 148.423
-19.3561 148.184
-19.1186 147.846
-19.077 147.834
-19.0339 147.808
-18.9896 147.77
-18.9414 147.694
-18.899 147.675
-18.856 147.649
-18.8142 147.635
-18.7702 147.599
-18.7226 147.528
-18.6752 147.459
-18.6342 147.452
-18.5912 147.427
-18.5495 147.412
-18.503 147.351
-18.4557 147.282
-18.4136 147.264
-18.3254 147.188
-18.2811 147.148
-18.2374 147.113
-18.1941 147.082
-18.1526 147.07
-18.1117 147.064
-18.0693 147.042
-18.0252 147.002
-17.9833 146.986
-17.9401 146.955
-17.8966 146.923
-17.8529 146.887
-17.81 146.859
-17.7691 146.852
-17.7279 146.843
-17.6843 146.808
-17.6384 146.749
-17.5976 146.742
-17.5545 146.712
-17.5134 146.702
-17.4727 146.698
-17.4294 146.665
-17.3886 146.658
-17.3459 146.632
-17.3051 146.625
-17.2629 146.604
-17.2223 146.6
-17.1797 146.574
-17.1385 146.562
-17.0979 146.558
-17.0575 146.556
-17.0154 146.535
-16.9717 146.497
-16.9303 146.483
-16.8895 146.476
-16.8487 146.469
-16.8077 146.46
-16.7658 146.441
-16.725 146.435
-16.6829 146.414
-16.6417 146.402
-16.6016 146.402
-16.5615 146.402
-16.5201 146.388
-16.4778 146.365
-16.437 146.358
-16.3967 146.356
-16.3566 146.356
-16.3158 146.349
-16.2749 146.34
-16.2337 146.328
-16.1931 146.324
-16.1518 146.31
-16.1108 146.3
-16.0703 146.296
-16.0304 146.298
-15.99 146.296
-15.9491 146.287
-15.9084 146.28
-15.8687 146.285
-15.8289 146.29
-15.7878 146.278
-15.7469 146.269
-15.7063 146.264
-15.6652 146.253
-15.6261 146.264
-15.5862 146.267
-15.5466 146.274
-15.5069 146.279
-15.4662 146.272
-15.4253 146.263
-15.3849 146.26
-15.3448 146.261
-15.3045 146.258
-15.264 146.254
-15.224 146.256
-15.1849 146.268
-15.1453 146.275
-15.1066 146.292
-15.0662 146.29
-15.0236 146.259
-14.9817 146.238
-14.9443 146.271
-14.9068 146.304
-14.8697 146.342
-14.8296 146.342
-14.7898 146.347
-14.7493 146.342
-14.7068 146.314
-14.6663 146.309
-14.626 146.307
-14.5856 146.305
-14.5459 146.31
-14.5051 146.303
-14.4641 146.291
-14.4235 146.287
-14.3856 146.315
-14.3475 146.341
-14.3082 146.353
-14.2683 146.355
-14.2294 146.372
-14.1899 146.381
-14.1508 146.395
-14.111 146.4
-14.0718 146.412
-14.0334 146.436
-13.9939 146.445
-13.9543 146.452
-13.9153 146.469
-13.8758 146.478
-13.8365 146.49
-13.7977 146.509
-13.7579 146.514
-13.7182 146.521
-13.6796 146.542
-13.6406 146.559
-13.6014 146.573
-13.5627 146.594
-13.5229 146.599
-13.484 146.618
-13.445 146.635
-13.4056 146.646
-13.366 146.656
-13.3287 146.696
-13.289 146.703
-13.2497 146.718
-13.2115 146.746
-13.1731 146.772
-13.1342 146.791
-13.0947 146.803
-13.0555 146.817
-13.0184 146.862
-12.9794 146.881
-12.9383 146.869
-12.8996 146.893
-12.8597 146.898
-12.8217 146.931
-12.7825 146.948
-12.7441 146.976
-12.7059 147.007
-12.6686 147.049
-12.6289 147.059
-12.5905 147.088
-12.5507 147.097
-12.5143 147.154
-12.4745 147.164
-12.3211 147.285
-12.2812 147.292
-11.8609 147.668
-11.4442 148.133
-11.4075 148.197
-11.3674 148.205
-11.2934 148.325
-11.2578 148.406
-11.2202 148.457
-11.1805 148.474
-11.1417 148.505
-11.1039 148.553
-11.0358 148.777
-10.9972 148.814
-10.9592 148.859
-10.9228 148.934
-10.885 148.985
-10.848 149.051
-10.8121 149.135
-10.7753 149.206
-10.7387 149.278
-10.7042 149.39
-10.6681 149.473
-10.6316 149.55
