2.99444 148.868
5.03472 145.765
5.07527 145.75
5.11445 145.686
5.15426 145.645
5.1951 145.643
5.23508 145.61
5.27498 145.574
5.31479 145.536
5.35548 145.529
5.39568 145.505
5.436 145.486
5.4759 145.452
5.51642 145.441
5.55608 145.4
5.5958 145.362
5.63643 145.355
5.67634 145.324
5.71601 145.286
5.75596 145.257
5.79664 145.253
5.83694 145.236
5.87679 145.205
5.91745 145.201
5.9575 145.177
5.99799 145.167
6.03856 145.16
6.07882 145.144
6.11876 145.118
6.15916 145.106
6.19876 145.07
6.2393 145.063
6.28016 145.065
6.32093 145.065
6.3605 145.03
6.40053 145.009
6.44113 145.004
6.48107 144.98
6.52058 144.945
6.56116 144.94
6.60174 144.935
6.64206 144.923
6.68161 144.89
6.72175 144.874
6.76248 144.874
6.8032 144.874
6.84393 144.874
6.88431 144.864
6.92389 144.834
6.96346 144.803
7.00417 144.803
7.04506 144.808
7.08541 144.798
7.12603 144.796
7.16647 144.789
7.20672 144.777
7.24668 144.758
7.28729 144.756
7.32761 144.746
7.36756 144.727
7.40721 144.701
7.44799 144.704
7.48811 144.689
7.5286 144.685
7.56889 144.675
7.60734 144.621
7.64771 144.614
7.68975 144.647
7.7311 144.664
7.77267 144.685
7.81424 144.706
7.85492 144.706
7.8949 144.69
7.93568 144.692
7.97584 144.68
8.01703 144.692
8.05801 144.699
8.09848 144.694
8.13874 144.685
8.17952 144.687
8.22051 144.694
8.26192 144.711
8.30291 144.718
8.3437 144.72
8.38448 144.723
8.42537 144.728
8.46638 144.735
8.50706 144.735
8.54741 144.728
8.58819 144.73
8.6292 144.737
8.67121 144.765
8.71245 144.777
8.75335 144.782
8.79415 144.784
8.83495 144.787
8.87632 144.801
8.91803 144.822
8.95849 144.817
8.99815 144.796
9.03907 144.801
9.08114 144.829
9.12288 144.85
9.16323 144.843
9.20369 144.839
9.24438 144.839
9.28697 144.876
9.32791 144.881
9.36885 144.886
9.40991 144.893
9.45145 144.91
9.49471 144.959
9.53615 144.974
9.57699 144.976
9.61759 144.973
9.6583 144.973
9.7005 145.002
9.74172 145.011
9.78295 145.021
9.82593 145.064
9.86704 145.071
9.90866 145.087
9.95106 145.118
9.99308 145.142
10.0341 145.146
10.0752 145.154
10.1162 145.158
10.1568 145.156
10.1992 145.184
10.2419 145.22
10.2834 145.234
10.3258 145.263
10.3675 145.279
10.4104 145.317
10.4525 145.341
10.4923 145.324
10.5333 145.327
10.5754 145.351
10.6186 145.393
10.66 145.403
10.7021 145.427
10.7453 145.467
10.7901 145.536
10.8316 145.548
10.8744 145.582
10.9154 145.584
10.9566 145.591
11.0008 145.648
11.0442 145.691
11.0874 145.729
11.1288 145.739
11.1719 145.777
11.2167 145.842
11.2583 145.854
11.2993 145.856
11.3439 145.916
11.6909 146.232
11.734 146.266
11.7792 146.333
11.8232 146.381
11.8686 146.451
12.1355 146.771
12.552 147.472
12.5959 147.511
12.6376 147.518
