-7.71806 134.077
-7.67822 134.035
-7.63737 133.971
-7.59785 133.936
-7.55761 133.884
-7.51914 133.872
-7.39704 133.682
-7.35754 133.645
-7.31815 133.61
-7.2778 133.552
-7.23862 133.521
-7.19919 133.484
-7.1203 133.408
-7.07996 133.348
-7.04086 133.318
-7.00161 133.283
-6.96254 133.252
-6.9234 133.219
-6.88512 133.207
-6.84617 133.178
-6.80606 133.121
-6.76689 133.086
-6.72881 133.078
-6.69 133.051
-6.65103 133.021
-6.61183 132.984
-6.57297 132.955
-6.53413 132.927
-6.49521 132.896
-6.45623 132.863
-6.41806 132.851
-6.37918 132.821
-6.33969 132.774
-6.30138 132.758
-6.2627 132.731
-6.22471 132.723
-6.18628 132.703
-6.14807 132.688
-6.10935 132.66
-6.07079 132.635
-6.03261 132.621
-5.99399 132.595
-5.95524 132.564
-5.9173 132.556
-5.87878 132.532
-5.84021 132.506
-5.80228 132.497
-5.76436 132.489
-5.72588 132.465
-5.68748 132.443
-5.64971 132.439
-5.6116 132.425
-5.57288 132.392
-5.53458 132.372
-5.49683 132.368
-5.45855 132.348
-5.42067 132.34
-5.38266 132.327
-5.34472 132.317
-5.30653 132.299
-5.26847 132.285
-5.23048 132.273
-5.1923 132.255
-5.15445 132.247
-5.11667 132.241
-5.07857 132.225
-5.04048 132.208
-5.00271 132.202
-4.965 132.198
-4.92704 132.186
-4.88933 132.182
-4.85157 132.176
-4.81368 132.166
-4.77563 132.15
-4.73763 132.136
-4.69947 132.116
-4.66161 132.106
-4.62386 132.1
-4.586 132.09
-4.54832 132.086
-4.51063 132.082
-4.47295 132.078
-4.43526 132.074
-4.39769 132.074
-4.36006 132.072
-4.32206 132.056
-4.28422 132.046
-4.24654 132.042
-4.20887 132.038
-4.17114 132.032
-4.13347 132.028
-4.096 132.032
-4.05852 132.036
-4.0208 132.03
-3.98278 132.012
-3.94507 132.006
-3.90759 132.01
-3.87012 132.015
-3.83235 132.007
-3.79468 132.003
-3.75706 132.001
-3.71954 132.003
-3.68196 132.003
-3.64448 132.007
-3.60699 132.011
-3.56963 132.021
-3.53174 132.007
-3.49429 132.013
-3.45658 132.008
-3.419 132.008
-3.38145 132.01
-3.34399 132.016
-3.30616 132.004
-3.26858 132.004
-3.23107 132.008
-3.1936 132.014
-3.15633 132.031
-3.11885 132.037
-3.08121 132.035
-3.04358 132.033
-3.00587 132.027
-2.96823 132.025
-2.93082 132.035
-2.89347 132.05
-2.85618 132.068
-2.81875 132.078
-2.78124 132.084
-2.74366 132.087
-2.70614 132.093
-2.66876 132.107
-2.6313 132.117
-2.59377 132.124
-2.5563 132.134
-2.5188 132.142
-2.48126 132.148
-2.44365 132.15
-2.4061 132.157
-2.36864 132.169
-2.33132 132.191
-2.29384 132.204
-2.25636 132.216
-2.21875 132.22
-2.18112 132.222
-2.14376 132.245
-2.10652 132.277
-2.069 132.29
-2.03135 132.292
-1.99369 132.294
-1.95621 132.31
-1.91876 132.331
-1.88114 132.337
-1.84364 132.353
-1.80603 132.362
-1.76831 132.36
-1.73072 132.37
-1.69336 132.403
-1.65579 132.417
-1.61832 132.442
-1.58082 132.464
-1.54319 132.475
-1.50556 132.485
-1.46805 132.51
-1.4304 132.52
-1.39303 132.563
-1.35536 132.573
-1.31767 132.581
-1.28009 132.604
-1.24255 132.633
-1.20487 132.645
-1.16733 132.678
-1.12968 132.697
-1.09194 132.705
-1.05437 132.738
-1.01677 132.768
-0.979035 132.781
-0.941383 132.808
-0.903718 132.834
-0.865928 132.841
-0.828155 132.851
-0.790377 132.861
-0.752733 132.9
-0.715052 132.935
-0.677373 132.975
-0.639555 132.985
-0.601781 133.008
-0.564034 133.041
-0.526386 133.107
-0.488574 133.131
-0.450693 133.138
-0.412891 133.173
-0.375135 133.233
-0.337265 133.255
-0.299345 133.26
-0.261438 133.272
-0.147827 133.431
-0.109889 133.464
-0.0719328 133.496
-0.0339513 133.506
0.00402063 133.564
0.0420189 133.628
0.0800421 133.661
0.118081 133.695
0.156154 133.759
0.194237 133.801
0.232325 133.828
0.270427 133.857
0.308594 133.919
0.346757 133.963
0.384927 134.001
0.691556 134.471
0.730038 134.538
0.768552 134.605
0.806938 134.637
