-10.6691 162.376
-10.624 162.365
-10.5299 162.27
-10.4844 162.251
-10.4367 162.189
-10.3909 162.164
-10.3436 162.11
-10.2973 162.074
-10.2525 162.069
-10.2058 162.024
-10.1597 161.994
-10.1149 161.986
-10.0693 161.963
-10.023 161.927
-9.9773 161.902
-9.93021 161.849
-9.88523 161.838
-9.83929 161.808
-9.79322 161.774
-9.74744 161.746
-9.70249 161.736
-9.65687 161.711
-9.61207 161.703
-9.56713 161.692
-9.52234 161.684
-9.47514 161.625
-9.43116 161.634
-9.38546 161.606
-9.34068 161.598
-9.29381 161.545
-9.2488 161.532
-9.20457 161.535
-9.15981 161.527
-9.1152 161.522
-9.07083 161.522
-9.02622 161.517
-8.9802 161.481
-8.93395 161.439
-8.88935 161.434
-8.84476 161.428
-8.80004 161.42
-8.75383 161.379
-8.70839 161.354
-8.66393 161.351
-8.61948 161.349
-8.57369 161.316
-8.52876 161.302
-8.4842 161.297
-8.43952 161.289
-8.39544 161.295
-8.35123 161.298
-8.30632 161.285
-8.26047 161.248
-8.21627 161.252
-8.17161 161.244
-8.12672 161.23
-8.08195 161.219
-8.0373 161.211
-7.99299 161.212
-7.94845 161.206
-7.90313 161.181
-7.8586 161.176
-7.81385 161.165
-7.76911 161.155
-7.72503 161.161
-7.68029 161.15
-7.63469 161.116
-7.58921 161.086
-7.54374 161.056
-7.49957 161.059
-7.45518 161.056
-7.41132 161.068
-7.36661 161.057
-7.32108 161.024
-7.27546 160.988
-7.22965 160.946
-7.16746 160.455
-7.12179 160.414
-7.09092 160.782
-7.0487 160.839
-7.00585 160.878
-6.96249 160.904
-6.92414 161.072
-6.88093 161.103
-6.83838 161.154
-6.79503 161.182
-6.75072 161.183
-6.70659 161.189
-6.66322 161.217
-6.61898 161.22
-6.57475 161.223
-6.53098 161.241
-6.48748 161.266
-6.44369 161.283
-6.39989 161.3
-6.35573 161.306
-6.31138 161.307
-6.26739 161.318
-6.22312 161.322
-6.17912 161.333
-6.13581 161.367
-6.09214 161.39
-6.04795 161.396
-6.00375 161.402
-5.95954 161.408
-5.91576 161.428
-5.87213 161.453
-5.82766 161.451
-5.78245 161.423
-5.73815 161.426
-5.69434 161.446
-5.65133 161.494
-5.60806 161.534
-5.56413 161.551
-5.5198 161.555
-5.47656 161.597
-5.43323 161.637
-5.38888 161.64
-5.34498 161.66
-5.30153 161.697
-5.25777 161.723
-5.21332 161.723
-5.16894 161.726
-5.12478 161.738
-5.08128 161.775
-5.03703 161.783
-4.99343 161.818
-4.95009 161.863
-4.9066 161.903
-4.86232 161.912
-4.81879 161.952
-4.77532 161.994
-4.73108 162.006
-4.6867 162.012
-4.64292 162.043
-4.59939 162.086
-4.55505 162.095
-4.51221 162.169
-4.46811 162.189
-4.42432 162.223
-4.37994 162.232
-4.33563 162.243
-4.29242 162.306
-4.24808 162.318
-4.20368 162.327
-4.16006 162.372
-4.11689 162.441
-4.07263 162.458
-4.0296 162.535
-3.98536 162.555
-3.94233 162.635
-3.89807 162.655
-3.85431 162.701
-3.81058 162.75
-3.76661 162.787
-3.54804 163.057
-3.50354 163.071
-3.28572 163.424
-2.41399 165.418
-2.36885 165.43
-2.32364 165.436
-2.27838 165.439
