-35.4504 132.512
-34.8341 131.837
-34.7931 131.815
-34.7505 131.785
-34.6203 131.684
-34.3514 131.44
-34.1785 131.306
-34.1365 131.278
-34.0942 131.249
-34.0522 131.221
-34.0147 131.215
-33.9776 131.212
-33.9316 131.164
-33.8929 131.153
-33.8554 131.147
-33.8191 131.147
-33.7728 131.098
-33.7341 131.086
-33.6919 131.057
-33.6504 131.031
-33.6106 131.013
-33.564 130.962
-33.5238 130.943
-33.4879 130.945
-33.4516 130.945
-33.4146 130.941
-33.3767 130.933
-33.3337 130.9
-33.2877 130.851
-33.2502 130.845
-33.2124 130.837
-33.1715 130.814
-33.134 130.808
-33.0966 130.802
-33.0553 130.777
-33.0144 130.753
-32.9781 130.753
-32.9423 130.755
-32.906 130.755
-32.8682 130.747
-32.8297 130.736
-32.7849 130.693
-32.7479 130.689
-32.7113 130.687
-32.6739 130.681
-32.6346 130.666
-32.5953 130.65
-32.5544 130.626
-32.5178 130.625
-32.4812 130.623
-32.4427 130.611
-32.4023 130.589
-32.3653 130.586
-32.3283 130.582
-32.2925 130.584
-32.2536 130.57
-32.2162 130.564
-32.18 130.564
-32.1441 130.566
-32.1064 130.558
-32.069 130.553
-32.0328 130.553
-31.9962 130.551
-31.9596 130.549
-31.9207 130.535
-31.8845 130.535
-31.8472 130.529
-31.8102 130.525
-31.7747 130.529
-31.7385 130.529
-31.7004 130.52
-31.6604 130.5
-31.6205 130.481
-31.5831 130.475
-31.5477 130.479
-31.5148 130.496
-31.4823 130.516
-31.4468 130.52
-31.4105 130.52
-31.3728 130.512
-31.3362 130.51
-31.3007 130.514
-31.2626 130.504
-31.226 130.502
-31.1924 130.516
-31.1561 130.516
-31.1191 130.512
-31.0836 130.516
-31.0514 130.538
-31.0159 130.542
-30.9796 130.542
-30.943 130.54
-30.9053 130.532
-30.8716 130.546
-30.8379 130.559
-30.8013 130.557
-30.7639 130.551
-30.7277 130.551
-30.6932 130.561
-30.6584 130.569
-30.6236 130.577
-30.5891 130.587
-30.555 130.598
-30.5223 130.618
-30.4911 130.645
-30.4584 130.665
-30.4224 130.667
-30.3843 130.657
-30.347 130.651
-30.3125 130.661
-30.2851 130.71
-30.2577 130.759
-30.2207 130.755
-30.1754 130.706
-30.1302 130.657
-30.0922 130.648
-30.0626 130.685
-30.0295 130.702
-29.9967 130.722
-29.9611 130.726
-29.9265 130.736
-29.892 130.746
-29.8578 130.757
-29.8221 130.761
-29.7851 130.757
-29.7505 130.767
-29.7177 130.787
-29.6842 130.803
-29.6492 130.81
-29.6129 130.81
-29.5762 130.809
-29.5384 130.801
-29.5003 130.791
-29.4664 130.805
-29.4381 130.85
-29.4073 130.881
-29.374 130.899
-29.3411 130.919
-29.3065 130.928
-29.2711 130.934
-29.2354 130.938
-29.1997 130.942
-29.1647 130.95
-29.1342 130.983
-29.1009 131.001
-29.0686 131.025
-29.0363 131.048
-29.0019 131.06
-28.9696 131.084
-28.9359 131.1
-28.906 131.137
-28.8713 131.147
-28.8369 131.159
-28.8038 131.178
-28.7711 131.2
-28.7371 131.214
-28.7064 131.247
-28.6753 131.279
-28.6429 131.303
-28.6085 131.315
-28.5734 131.322
-28.5406 131.344
-28.5092 131.374
-28.4754 131.39
-28.4463 131.433
-28.4118 131.445
-28.3796 131.471
-28.3444 131.479
-28.3156 131.524
-28.2811 131.536
-28.2462 131.546
-28.2177 131.593
-28.1832 131.605
-28.1546 131.653
-28.1201 131.665
-28.0882 131.693
-28.0562 131.72
-28.0216 131.732
-27.9937 131.784
-27.9627 131.818
-27.9284 131.832
-27.8968 131.861
-27.8648 131.889
-27.8331 131.919
-27.8021 131.953
-27.7704 131.983
-27.7357 131.995
-27.7086 132.052
-27.6779 132.088
-27.6458 132.116
-27.6134 132.142
-27.5787 132.154
-27.5502 132.204
-27.52 132.244
-27.4925 132.3
-27.4577 132.312
-27.4291 132.362
-27.4025 132.424
-27.3713 132.458
-27.3388 132.484
-27.3049 132.502
-27.274 132.538
-27.243 132.574
-27.216 132.634
-27.1892 132.696
-27.1605 132.746
-27.1301 132.787
-27.0988 132.821
-27.069 132.865
-27.0386 132.905
-27.0092 132.952
-26.981 133.006
-26.9505 133.046
-26.9243 133.113
-26.896 133.167
-26.8649 133.204
-26.8369 133.26
-26.8025 133.277
-26.7536 133.434
-26.7262 133.495
-26.5533 134.046
-26.5216 134.081
-26.4927 134.134
-26.4619 134.175
-26.6693 136.471
-26.6365 136.502
-26.6742 137.235
-26.6494 137.32
-26.6145 137.339
