1.82638 132.256
1.86368 132.197
1.90087 132.129
1.93863 132.117
1.97643 132.109
2.05051 131.962
2.08788 131.921
2.12538 131.893
2.34846 131.597
2.3861 131.587
2.42319 131.538
2.46078 131.526
2.49807 131.494
2.53502 131.439
2.57255 131.425
2.7946 131.156
2.83207 131.144
2.86927 131.115
2.90686 131.111
2.94442 131.105
2.98166 131.081
3.01871 131.047
3.05571 131.011
3.09273 130.976
3.12978 130.944
3.16643 130.892
3.20385 130.882
3.24055 130.833
3.27807 130.829
3.31555 130.824
3.35298 130.816
3.39002 130.787
3.42704 130.759
3.46445 130.751
3.50092 130.697
3.53769 130.659
3.5747 130.633
3.61212 130.627
3.6495 130.619
3.68661 130.599
3.72393 130.589
3.76093 130.565
3.79847 130.565
3.83591 130.561
3.87299 130.541
3.90987 130.513
3.94692 130.493
3.9834 130.449
4.02062 130.437
4.05808 130.435
4.09563 130.437
4.13279 130.423
4.17009 130.415
4.20704 130.393
4.24317 130.339
4.27999 130.313
4.31747 130.313
4.35489 130.311
4.3922 130.305
4.42915 130.285
4.4664 130.278
4.50376 130.274
4.54128 130.276
4.57847 130.266
4.61505 130.234
4.65223 130.224
4.68946 130.216
4.72668 130.208
4.76345 130.184
4.80009 130.156
4.83718 130.144
4.87438 130.136
4.91163 130.13
4.94871 130.118
4.98566 130.103
5.02326 130.109
5.06092 130.117
5.09841 130.119
5.13522 130.099
5.17233 130.089
5.20974 130.089
5.24716 130.089
5.28445 130.085
5.32142 130.071
5.35807 130.047
5.39496 130.032
5.43132 130
5.46858 129.996
5.50604 129.998
5.54324 129.992
5.58089 130
5.61829 130
5.65521 129.986
5.69239 129.98
5.73012 129.99
5.76792 130.002
5.8058 130.017
5.84396 130.039
5.88094 130.027
5.91798 130.017
5.95551 130.021
5.99233 130.005
6.02965 130.003
6.06697 130.001
6.10435 130.001
6.14145 129.993
6.17905 129.999
6.21704 130.015
6.25443 130.016
6.29174 130.014
6.32935 130.02
6.36712 130.03
6.40482 130.038
6.44252 130.046
6.47992 130.046
6.51723 130.044
6.55509 130.056
6.59249 130.056
6.6302 130.064
6.66768 130.066
6.70467 130.056
6.74255 130.068
6.78003 130.071
6.81767 130.077
6.85556 130.089
6.89337 130.099
6.93094 130.103
6.9685 130.107
7.00591 130.107
7.04322 130.105
7.08088 130.111
7.11939 130.137
7.15714 130.145
7.1948 130.151
7.23265 130.161
7.27049 130.171
7.30808 130.176
7.34594 130.186
7.38362 130.192
7.42228 130.22
7.46095 130.248
7.49865 130.254
7.53644 130.262
7.57487 130.284
7.61313 130.302
7.65066 130.304
7.68819 130.306
7.72646 130.325
7.76511 130.351
7.80275 130.355
7.84029 130.357
7.87783 130.359
7.91614 130.377
7.95426 130.391
7.99229 130.403
8.03157 130.441
8.06962 130.454
8.10748 130.462
8.14622 130.488
8.18507 130.516
8.22284 130.522
8.26052 130.526
8.2998 130.562
8.33809 130.579
8.37689 130.605
8.4158 130.633
8.45402 130.647
8.49213 130.659
8.53159 130.698
8.56962 130.708
8.60849 130.734
8.64747 130.762
8.6852 130.766
8.72294 130.77
8.76174 130.795
8.80023 130.813
8.84032 130.861
8.87979 130.898
8.92046 130.956
8.9589 130.972
8.99799 131.001
9.03829 131.051
9.07653 131.064
9.11566 131.092
9.15502 131.124
9.19451 131.159
9.23379 131.189
9.27343 131.226
9.31296 131.26
9.35093 131.266
9.39004 131.293
9.43098 131.352
9.47035 131.382
9.50996 131.417
9.629 131.523
9.66821 131.549
9.75078 131.673
9.79051 131.708
9.83002 131.739
9.86812 131.745
10.0345 132.004
10.0745 132.041
11.0123 134.283
11.0526 134.314
