-5.23927 147.219
-5.19846 147.207
-5.15705 147.174
-4.98594 146.838
-4.94452 146.8
-4.90382 146.788
-4.81822 146.606
-4.7767 146.561
-4.73551 146.528
-4.69262 146.429
-4.65123 146.387
-4.6107 146.378
-4.52659 146.237
-4.48539 146.199
-4.44422 146.161
-4.31995 146.014
-4.27946 146.002
-4.23821 145.957
-4.19665 145.899
-4.15619 145.887
-4.11494 145.84
-4.07345 145.782
-4.03308 145.772
-3.9924 145.749
-3.95138 145.709
-3.90971 145.639
-3.86943 145.632
-3.82866 145.602
-3.78824 145.588
-3.74744 145.555
-3.7067 145.525
-3.66627 145.508
-3.62546 145.473
-3.58467 145.438
-3.54394 145.406
-3.50322 145.373
-3.46306 145.368
-3.42286 145.361
-3.38169 145.303
-3.34094 145.266
-3.30072 145.257
-3.26055 145.249
-3.22 145.222
-3.17984 145.215
-3.13915 145.177
-3.09856 145.145
-3.05834 145.133
-3.01781 145.103
-2.97733 145.075
-2.93675 145.04
-2.89618 145.005
-2.85608 144.998
-2.81605 144.996
-2.77567 144.97
-2.7355 144.959
-2.69545 144.954
-2.6554 144.949
-2.61464 144.896
-2.57453 144.887
-2.53453 144.884
-2.49457 144.884
-2.45441 144.87
-2.4141 144.845
-2.37399 144.833
-2.33376 144.812
-2.29351 144.789
-2.25347 144.782
-2.21347 144.777
-2.1733 144.759
-2.133 144.729
-2.09274 144.701
-2.05267 144.689
-2.01272 144.687
-1.9728 144.687
-1.93283 144.682
-1.89263 144.657
-1.85269 144.654
-1.81298 144.675
-1.77309 144.677
-1.733 144.661
-1.69297 144.649
-1.65297 144.64
-1.61304 144.637
-1.57308 144.633
-1.53313 144.628
-1.49322 144.628
-1.45323 144.619
-1.41324 144.609
-1.3733 144.605
-1.33339 144.605
-1.29347 144.602
-1.25351 144.595
-1.21359 144.593
-1.17369 144.593
-1.13377 144.59
-1.09381 144.581
-1.0538 144.565
-1.01396 144.574
-0.974022 144.567
-0.933817 144.511
-0.893931 144.511
-0.854328 144.566
-0.814486 144.578
-0.774651 144.592
-0.734881 144.622
-0.694971 144.621
-0.655043 144.617
-0.615108 144.61
-0.575168 144.6
-0.535286 144.607
-0.495358 144.6
-0.455406 144.584
-0.415492 144.579
-0.37558 144.574
-0.335676 144.572
-0.295792 144.579
-0.255909 144.588
-0.21603 144.602
-0.176135 144.608
-0.136229 144.608
-0.0963417 144.627
-0.0564389 144.636
-0.0165298 144.64
0.0233812 144.645
0.0632938 144.652
0.103209 144.652
0.143123 144.651
0.183038 144.651
0.222956 144.656
0.262882 144.667
0.302816 144.681
0.342743 144.685
0.382676 144.692
0.422611 144.699
0.462545 144.704
0.502496 144.715
0.542504 144.747
0.582469 144.759
0.622433 144.768
0.662385 144.772
0.702332 144.774
0.742288 144.779
0.78229 144.795
0.822289 144.809
0.862353 144.836
0.902439 144.866
0.942484 144.885
0.982549 144.905
1.02254 144.91
1.06252 144.912
1.10255 144.923
1.14269 144.953
1.18271 144.96
1.22272 144.965
1.26295 145.004
1.30298 145.011
1.34302 145.018
1.38322 145.048
1.42332 145.061
1.46339 145.071
1.5038 145.124
1.54391 145.135
1.58398 145.142
1.62403 145.146
1.66427 145.172
1.7046 145.207
1.74473 145.218
1.78528 145.274
1.82547 145.29
1.86579 145.317
1.90598 145.331
1.94639 145.366
1.98682 145.401
2.02703 145.415
2.06723 145.426
2.10764 145.456
2.14785 145.468
2.18836 145.505
2.22889 145.542
2.26938 145.574
2.30963 145.586
2.35043 145.642
2.39075 145.658
2.43129 145.69
2.47194 145.73
2.51257 145.767
2.55354 145.828
2.59392 145.844
2.63448 145.872
2.67485 145.886
2.71599 145.953
2.75717 146.021
2.79789 146.056
2.83827 146.067
2.87888 146.093
2.91935 146.109
2.961 146.201
3.00154 146.219
3.04277 146.28
