-24.87 83.9017
-10.2774 133.186
-10.2391 133.172
-10.07 132.854
-10.0288 132.791
-9.9878 132.729
-9.94824 132.693
-9.82619 132.524
-9.78683 132.49
-9.74736 132.454
-9.70356 132.342
-9.66251 132.277
-9.623 132.239
-9.58513 132.229
-9.54611 132.199
-9.50607 132.15
-9.46812 132.138
-9.42765 132.082
-9.1519 131.81
-9.11338 131.786
-9.07322 131.731
-9.03527 131.717
-8.99668 131.691
-8.91898 131.629
-8.88021 131.599
-8.84262 131.591
-8.80398 131.563
-8.72599 131.493
-8.68738 131.465
-8.65004 131.461
-8.61156 131.435
-8.57133 131.375
-8.53257 131.343
-8.49505 131.335
-8.45662 131.309
-8.41809 131.281
-8.38049 131.272
-8.34209 131.246
-8.3036 131.218
-8.26601 131.208
-8.22764 131.182
-8.18928 131.156
-8.15182 131.148
-8.11445 131.142
-8.07612 131.116
-8.03886 131.112
-8.00073 131.091
-7.96348 131.087
-7.92594 131.077
-7.8866 131.029
-7.84908 131.019
-7.8108 130.993
-7.77348 130.987
-7.73607 130.979
-7.69773 130.952
-7.65958 130.928
-7.62209 130.918
-7.58379 130.89
-7.54622 130.878
-7.5092 130.878
-7.47154 130.865
-7.43426 130.859
-7.39688 130.851
-7.3596 130.845
-7.32196 130.831
-7.28381 130.805
-7.24601 130.787
-7.20831 130.772
-7.17088 130.762
-7.13336 130.75
-7.09611 130.744
-7.05911 130.744
-7.02228 130.748
-6.98511 130.744
-6.94735 130.727
-6.90961 130.709
-6.87212 130.697
-6.8343 130.677
-6.79707 130.671
-6.76016 130.673
-6.72342 130.679
-6.68651 130.682
-6.64904 130.67
-6.61077 130.638
-6.57324 130.624
-6.5361 130.62
-6.49928 130.624
-6.46237 130.626
-6.42493 130.615
-6.38802 130.617
-6.3515 130.629
-6.31444 130.627
-6.27723 130.621
-6.2401 130.617
-6.20304 130.615
-6.16606 130.615
-6.12907 130.616
-6.09194 130.612
-6.05466 130.604
-6.01746 130.598
-5.98048 130.598
-5.94379 130.606
-5.90716 130.616
-5.87024 130.618
-5.83325 130.618
-5.7971 130.642
-5.76087 130.664
-5.72394 130.666
-5.68728 130.676
-5.65034 130.679
-5.61381 130.693
-5.57546 130.653
-5.53819 130.645
-5.50159 130.657
-5.46426 130.647
-5.42693 130.637
-5.38993 130.637
-5.353 130.64
-5.316 130.64
-5.27874 130.632
-5.24143 130.622
-5.20481 130.634
-5.16799 130.64
-5.13105 130.642
-5.09429 130.65
-5.05765 130.662
-5.02095 130.672
-4.98412 130.678
-4.9474 130.688
-4.91104 130.71
-4.87414 130.714
-4.83729 130.721
-4.80038 130.725
-4.76341 130.727
-4.72661 130.735
-4.68998 130.749
-4.65306 130.753
-4.61636 130.765
-4.58016 130.795
-4.5435 130.809
-4.5064 130.807
-4.46935 130.807
-4.43246 130.813
-4.39568 130.823
-4.35895 130.835
-4.32215 130.845
-4.28572 130.869
-4.24891 130.88
-4.21225 130.896
-4.17523 130.898
-4.13821 130.9
-4.10124 130.904
-4.06471 130.926
-4.02798 130.94
-3.99152 130.966
-3.95506 130.992
-3.91858 131.018
-3.88167 131.026
-3.84457 131.026
-3.8076 131.032
-3.77068 131.041
-3.73417 131.067
-3.69737 131.081
-3.66101 131.115
-3.62428 131.133
-3.5872 131.135
-3.5505 131.155
-3.51396 131.183
-3.4772 131.201
-3.44085 131.24
-3.40395 131.252
-3.367 131.262
-3.33057 131.298
-3.29372 131.314
-3.25683 131.328
-3.22032 131.363
-3.18348 131.381
-3.14683 131.409
-3.10983 131.419
-3.07312 131.445
-3.03647 131.475
-2.99949 131.488
-2.96318 131.538
-2.92652 131.57
-2.8894 131.576
-2.85227 131.582
-2.81583 131.629
-2.77876 131.639
-2.70532 131.704
-2.48469 131.9
-2.44798 131.94
-2.41143 131.993
-2.37454 132.024
-2.3373 132.03
-2.3001 132.04
-2.26324 132.074
-2.22665 132.131
-2.18978 132.168
-2.1531 132.221
-1.89454 132.491
-1.85776 132.55
-1.6371 132.963
-1.59999 133.008
-1.56274 133.041
-1.52548 133.074
-1.48822 133.109
-1.45101 133.15
