-24.8704 83.9037
-24.8439 83.9015
-7.84174 173.604
-7.64866 173.402
-7.6007 173.358
-7.55253 173.309
-7.50472 173.269
-7.4579 173.256
-7.31695 173.204
-7.22105 173.112
-7.17459 173.109
-7.12824 173.109
-7.08034 173.063
-7.03205 173.004
-6.98511 172.986
-6.93879 172.986
-6.89055 172.927
-6.84344 172.903
-6.79574 172.859
-6.74934 172.857
-6.70295 172.854
-6.65548 172.817
-6.6088 172.805
-6.56146 172.771
-6.51508 172.768
-6.4688 172.768
-6.42233 172.763
-6.37502 172.729
-6.32865 172.726
-6.28201 172.714
-6.23446 172.671
-6.18721 172.637
-6.13979 172.597
-6.09327 172.588
-6.04693 172.585
-6.00077 172.588
-5.9546 172.592
-5.90801 172.58
-5.86159 172.574
-5.81517 172.568
-5.76875 172.562
-5.72234 172.556
-5.67543 172.532
-5.62911 172.529
-5.58278 172.526
-5.53646 172.523
-5.48894 172.474
-5.44176 172.437
-5.39608 172.459
-5.3504 172.481
-5.30455 172.497
-5.25815 172.491
-5.21154 172.475
-5.16485 172.457
-5.1181 172.436
-5.07143 172.417
-5.02528 172.421
-4.97905 172.421
-4.93268 172.415
-4.88653 172.418
-4.84051 172.428
-4.79442 172.434
-4.74798 172.425
-4.70141 172.41
-4.65559 172.429
-4.60963 172.442
-4.56273 172.411
-4.5163 172.402
-4.46975 172.387
-4.42424 172.421
-4.37807 172.424
-4.33202 172.434
-4.28566 172.428
-4.24011 172.462
-4.1935 172.444
-4.14708 172.435
-4.1009 172.438
-4.05472 172.441
-4.00866 172.451
-3.96242 172.451
-3.91606 172.445
-3.86982 172.445
-3.82369 172.452
-3.7775 172.455
-3.73136 172.462
-3.68522 172.468
-3.6394 172.493
-3.59346 172.512
-3.54746 172.527
-3.5016 172.552
-3.45544 172.559
-3.40917 172.559
-3.36324 172.581
-3.31711 172.59
-3.27093 172.597
-3.22512 172.628
-3.17892 172.634
-3.1325 172.625
-3.08608 172.616
-3.03997 172.629
-2.99421 172.666
-2.94812 172.682
-2.90199 172.695
-2.85615 172.729
-2.81029 172.763
-2.76369 172.742
-2.71741 172.745
-2.67149 172.776
-2.62513 172.773
-2.57873 172.767
-2.5326 172.783
-2.48678 172.827
-2.44059 172.839
-2.39467 172.877
-2.34846 172.889
-2.30255 172.93
-2.25669 172.977
-2.2108 173.024
-2.16452 173.033
-2.1182 173.039
-2.07221 173.08
-2.02624 173.124
-1.97995 173.136
-1.93394 173.18
-1.88792 173.224
-1.84157 173.234
-1.79518 173.237
-1.7488 173.243
-1.70272 173.287
-1.65643 173.306
-1.61034 173.353
-1.47197 173.497
-1.42582 173.547
-1.37979 173.619
-1.33336 173.632
-1.2869 173.641
-1.24064 173.685
-1.19456 173.767
-1.1481 173.783
-1.1018 173.83
-1.05569 173.921
-1.00918 173.937
-0.916436 174.035
-0.684119 174.255
-0.637727 174.344
-0.591202 174.397
-0.544733 174.483
-0.498154 174.536
-0.405019 174.694
-0.35841 174.78
-0.311732 174.843
-0.265027 174.907
-0.218312 174.989
-0.171493 174.98
