36.5001 152.893
36.5491 152.931
36.5817 152.882
36.5813 152.66
36.5742 152.403
36.5792 152.21
36.587 152.032
36.2054 148.118
36.2367 148.07
36.3196 147.659
36.3578 147.647
36.3927 147.618
36.4324 147.613
36.4663 147.579
36.5017 147.552
36.5348 147.308
36.5739 147.3
36.6068 147.262
36.6283 147.165
36.6645 147.143
36.6964 147.1
36.722 147.025
36.7486 146.955
36.7809 146.914
36.818 146.897
36.845 146.83
36.8658 146.732
36.898 146.691
36.9312 146.655
36.9624 146.609
36.9903 146.547
37.0286 146.537
37.0656 146.52
37.0996 146.489
37.1322 146.45
37.1648 146.412
37.1969 146.371
37.2299 146.335
37.2619 146.295
37.2959 146.263
37.3293 146.23
37.3613 146.189
37.3933 146.148
37.432 146.141
37.4707 146.134
37.5007 146.084
37.5317 146.038
37.5621 145.991
37.5886 145.924
37.6268 145.914
37.6616 145.888
37.7012 145.885
37.7398 145.878
37.7736 145.847
37.8049 145.804
37.8415 145.787
37.8709 145.735
37.907 145.716
37.9402 145.682
37.9749 145.656
38.009 145.628
38.0456 145.611
38.0807 145.587
38.1158 145.563
38.146 145.516
38.1805 145.49
38.2122 145.449
38.2482 145.43
38.2872 145.425
38.3267 145.423
38.3637 145.408
38.3952 145.368
38.4307 145.346
38.4652 145.32
38.4952 145.273
38.5341 145.268
38.5721 145.258
38.6085 145.242
38.6444 145.223
38.6839 145.22
38.7233 145.218
38.7582 145.194
38.7936 145.172
38.824 145.128
38.8604 145.111
38.8967 145.094
38.9326 145.075
38.9649 145.04
39.0048 145.04
39.0431 145.032
39.076 144.999
39.1128 144.985
39.1481 144.964
39.1839 144.945
39.2232 144.942
39.261 144.933
39.2993 144.925
39.3326 144.895
39.3704 144.885
39.4081 144.875
39.4419 144.847
39.4781 144.83
39.5098 144.793
39.5501 144.795
39.6 144.842
39.6337 144.813
39.6654 144.776
39.7067 144.782
39.7556 144.824
39.7969 144.831
39.8306 144.803
39.8647 144.777
39.9066 144.786
39.9479 144.793
39.9887 144.797
40.0279 144.795
40.0584 144.752
40.0905 144.717
40.1318 144.724
40.1782 144.754
40.2185 144.756
40.2567 144.749
40.2944 144.739
40.3331 144.734
40.3688 144.716
40.4059 144.704
40.4446 144.699
40.4849 144.701
40.5236 144.696
40.5633 144.696
40.6015 144.689
40.6392 144.679
40.6768 144.669
40.7166 144.669
40.7573 144.674
40.7992 144.683
40.8394 144.685
40.8802 144.689
40.9178 144.68
40.9571 144.677
40.9973 144.679
41.0376 144.681
41.0768 144.679
41.1149 144.672
41.1568 144.681
