-5.33988 106.716
-5.30734 106.687
-4.55157 104.781
-4.32451 104.47
-4.29287 104.447
-3.87641 103.952
-3.84543 103.946
-3.81438 103.938
-3.78232 103.894
-3.7498 103.833
-3.71879 103.825
-3.6875 103.807
-3.65562 103.767
-3.59311 103.732
-3.56131 103.693
-3.5296 103.657
-3.49831 103.637
-3.40371 103.545
-3.37295 103.543
-3.34206 103.537
-3.31038 103.498
-3.27902 103.472
-3.24733 103.432
-3.21577 103.397
-3.18452 103.374
-3.15364 103.365
-3.12247 103.345
-3.09099 103.311
-3.0601 103.301
-3.02874 103.271
-2.99798 103.267
-2.96723 103.263
-2.93636 103.253
-2.90534 103.237
-2.87426 103.218
-2.84311 103.194
-2.81165 103.156
-2.78055 103.134
-2.74978 103.128
-2.71887 103.114
-2.68782 103.093
-2.65696 103.081
-2.62609 103.069
-2.59534 103.062
-2.56451 103.051
-2.53348 103.029
-2.50217 102.993
-2.47126 102.976
-2.44049 102.967
-2.40985 102.964
-2.37906 102.953
-2.34815 102.935
-2.31725 102.918
-2.28655 102.911
-2.25567 102.893
-2.22495 102.885
-2.19433 102.882
-2.16374 102.881
-2.13274 102.855
-2.102 102.844
-2.07137 102.84
-2.04074 102.836
-2.01005 102.828
-1.97943 102.823
-1.94857 102.803
-1.91789 102.795
-1.88732 102.794
-1.85683 102.798
-1.82614 102.788
-1.79523 102.762
-1.76448 102.747
-1.73366 102.727
-1.70304 102.72
-1.67226 102.701
-1.64167 102.697
-1.61114 102.697
-1.58043 102.682
-1.54977 102.671
-1.51919 102.666
-1.4886 102.66
-1.45782 102.637
-1.42701 102.612
-1.39634 102.597
-1.36591 102.603
-1.33533 102.597
-1.30478 102.592
-1.27427 102.592
-1.24376 102.591
-1.2132 102.586
-1.18266 102.581
-1.15218 102.584
-1.1217 102.587
-1.09113 102.579
-1.06053 102.568
-1.03001 102.565
-0.999502 102.564
-0.968983 102.561
-0.938455 102.557
-0.907948 102.555
-0.877423 102.551
-0.846854 102.54
-0.816299 102.531
-0.785739 102.52
-0.755218 102.515
-0.724747 102.517
-0.694252 102.516
-0.663772 102.517
-0.633257 102.512
-0.602791 102.516
-0.572291 102.513
-0.541817 102.516
-0.511337 102.517
-0.48085 102.517
-0.450368 102.518
-0.419921 102.529
-0.38944 102.532
-0.358933 102.526
-0.328464 102.533
-0.297966 102.53
-0.267452 102.521
-0.23694 102.51
-0.206463 102.514
-0.17599 102.52
-0.145516 102.528
-0.115032 102.532
-0.0845437 102.534
-0.054052 102.532
-0.023561 102.531
0.00692731 102.534
0.0374172 102.535
0.0679079 102.531
0.098398 102.533
0.128891 102.54
0.159381 102.537
0.189871 102.536
0.220363 102.537
0.25087 102.549
0.281372 102.555
0.311874 102.559
0.342375 102.561
0.372872 102.561
0.403375 102.564
0.433905 102.576
0.464428 102.584
0.494942 102.588
0.525467 102.595
0.555981 102.598
0.586491 102.599
0.61699 102.597
0.647512 102.601
0.678066 102.612
0.708651 102.628
0.739263 102.649
0.769836 102.659
0.800376 102.663
0.830888 102.662
0.861455 102.67
0.892059 102.683
0.922617 102.689
0.953205 102.698
0.983833 102.713
1.01441 102.72
1.04503 102.732
1.07566 102.744
1.10623 102.748
1.13681 102.753
1.16738 102.757
1.19796 102.761
1.22865 102.779
1.25937 102.798
1.28998 102.805
1.32064 102.817
1.35131 102.829
1.38191 102.833
1.4125 102.836
1.44315 102.845
1.47393 102.865
1.50471 102.886
1.53538 102.895
1.56617 102.914
1.5967 102.91
1.62742 102.922
1.6582 102.94
1.68887 102.946
1.71953 102.953
1.75038 102.973
1.78124 102.995
1.81223 103.025
1.84301 103.038
1.87385 103.056
1.90454 103.061
1.93522 103.067
1.96606 103.083
1.99693 103.101
2.02809 103.137
2.05906 103.16
2.08986 103.171
2.12076 103.189
2.15142 103.19
2.18228 103.204
2.21329 103.227
2.24427 103.247
2.27505 103.256
2.3058 103.261
2.33694 103.29
2.36779 103.3
2.39878 103.319
2.42962 103.329
2.46094 103.366
2.49253 103.416
2.52307 103.408
2.55412 103.427
2.58524 103.45
2.61602 103.454
2.64711 103.475
2.67861 103.516
2.7101 103.555
2.74128 103.579
2.77242 103.599
2.80365 103.624
2.83486 103.647
2.86614 103.673
2.89764 103.709
2.92854 103.715
2.96006 103.751
3.05399 103.825
3.08599 103.88
3.11734 103.905
3.14867 103.928
3.18036 103.967
3.21181 103.994
3.24318 104.018
3.27449 104.038
3.30598 104.066
3.68878 104.548
3.75301 104.635
3.78514 104.679
4.01216 105.035
4.04458 105.083
