11.5868 177.463
11.6345 177.463
11.6823 177.463
11.9291 171.699
11.9705 171.61
12.0115 171.514
12.055 171.462
12.1831 171.269
12.2281 171.245
12.3535 171.013
12.3948 170.927
12.4379 170.872
12.4796 170.796
12.5248 170.778
12.5682 170.729
12.6135 170.714
12.6576 170.678
12.7007 170.626
12.7436 170.571
12.7849 170.489
12.8301 170.474
12.8713 170.392
12.9138 170.331
12.9577 170.295
13.0016 170.259
13.0468 170.244
13.0894 170.186
13.1327 170.141
13.1779 170.126
13.2198 170.059
13.2648 170.041
13.3068 169.977
13.3522 169.965
13.3973 169.95
13.4399 169.896
13.4829 169.848
13.527 169.817
13.5729 169.814
13.6179 169.799
13.6614 169.76
13.7041 169.709
13.7492 169.694
13.7946 169.685
13.8374 169.637
13.8823 169.619
13.9273 169.604
13.9725 169.592
14.0165 169.562
14.0603 169.528
14.1048 169.507
14.1488 169.477
14.1923 169.441
14.2371 169.423
14.2818 169.405
14.3243 169.354
14.3698 169.348
14.4158 169.348
14.4611 169.339
14.5056 169.318
14.5482 169.27
14.5935 169.261
14.6393 169.258
14.6848 169.252
14.7301 169.243
14.7756 169.237
14.8202 169.219
14.863 169.174
14.9063 169.138
14.9511 169.123
14.9949 169.093
15.0393 169.072
15.0841 169.057
15.1291 169.045
15.1756 169.054
15.2211 169.048
15.2655 169.027
15.3102 169.012
15.3559 169.01
15.402 169.013
15.4496 169.037
15.4958 169.04
15.5428 169.055
15.5846 169.001
15.6282 168.971
15.6719 168.941
15.7152 168.908
15.7572 168.857
15.8029 168.854
15.8457 168.815
15.8911 168.809
15.9372 168.812
15.9835 168.818
16.0318 168.851
16.0797 168.878
16.1244 168.863
16.1705 168.866
16.2201 168.914
16.2661 168.917
16.312 168.917
16.3571 168.908
16.4037 168.917
16.4507 168.932
16.4966 168.932
16.5439 168.95
16.5878 168.926
16.6341 168.932
16.6809 168.944
16.728 168.959
16.7731 168.95
16.819 168.95
16.8648 168.95
16.9109 168.953
16.9575 168.962
17.0026 168.953
17.0492 168.962
17.0968 168.983
17.1444 169.004
17.1905 169.007
17.2348 168.989
17.2787 168.965
17.3275 169.001
17.3764 169.037
17.4228 169.043
17.4689 169.046
17.5152 169.052
17.5611 169.052
17.6098 169.085
17.6584 169.118
17.7045 169.121
17.7504 169.121
17.7971 169.13
17.8432 169.133
17.8893 169.136
17.9362 169.148
17.9847 169.178
18.0322 169.196
18.0814 169.235
18.1286 169.25
18.1771 169.28
18.2259 169.313
18.2729 169.325
18.322 169.361
18.3687 169.37
18.4154 169.379
18.4659 169.43
18.6074 169.472
18.6536 169.475
18.7006 169.487
18.7501 169.526
18.799 169.559
18.8469 169.58
18.8969 169.625
18.9459 169.659
18.9924 169.665
19.042 169.704
19.0896 169.722
19.143 169.803
19.4853 170.021
19.5356 170.066
19.5856 170.108
19.6334 170.127
19.6899 170.239
19.7372 170.251
19.7873 170.293
19.8374 170.336
19.8846 170.348
