-24.8722 83.9118
-24.8432 83.8985
-31.4858 148.491
-31.4484 148.508
-31.404 148.485
-31.3588 148.456
-31.3124 148.42
-30.7771 148.112
-30.7361 148.108
-30.5156 147.992
-30.475 147.99
-30.4348 147.991
-30.3943 147.989
-30.3489 147.958
-30.3028 147.923
-30.2615 147.916
-30.2213 147.916
-30.1808 147.915
-30.1355 147.884
-30.0941 147.877
-30.0524 147.868
-30.0083 147.844
-29.9674 147.84
-29.9253 147.829
-29.8836 147.82
-29.8434 147.82
-29.7997 147.799
-29.7565 147.78
-29.7159 147.778
-29.6746 147.772
-29.6337 147.767
-29.5932 147.766
-29.5534 147.768
-29.509 147.743
-29.465 147.719
-29.4222 147.703
-29.3855 147.725
-29.3457 147.728
-29.3021 147.707
-29.2597 147.693
-29.2184 147.686
-29.179 147.691
-29.1392 147.694
-29.0975 147.685
-29.0551 147.671
-29.0149 147.672
-28.9744 147.67
-28.9346 147.673
-28.8949 147.676
-28.8547 147.676
-28.8142 147.675
-28.7736 147.673
-28.7335 147.673
-28.6929 147.671
-28.6531 147.674
-28.6133 147.677
-28.5732 147.678
-28.5334 147.681
-28.4917 147.672
-28.4511 147.67
-28.4128 147.682
-28.3745 147.695
-28.3362 147.707
-28.296 147.708
-28.2547 147.701
-28.2141 147.699
-28.1747 147.705
-28.1352 147.71
-28.095 147.711
-28.0552 147.714
-28.0164 147.724
-27.9777 147.734
-27.9375 147.734
-27.8984 147.742
-27.8622 147.769
-27.8237 147.782
-27.7861 147.799
-27.7393 147.756
-27.6933 147.718
-27.6578 147.75
-27.6237 147.792
-27.5831 147.79
-27.5429 147.79
-27.5048 147.805
-27.4688 147.835
-27.4315 147.855
-27.3919 147.86
-27.3517 147.86
-27.3128 147.871
-27.2743 147.883
-27.2351 147.891
-27.1966 147.904
-27.1553 147.897
-27.1143 147.893
-27.0744 147.896
-27.0355 147.906
-26.9956 147.909
-26.9578 147.926
-26.9186 147.934
-26.8797 147.944
-26.8418 147.961
-26.8075 148.003
-26.7679 148.008
-26.7282 148.014
-26.6893 148.024
-26.6511 148.039
-26.6132 148.056
-26.5784 148.096
-26.5412 148.118
-26.5026 148.131
-26.4629 148.136
-26.4267 148.166
-26.3901 148.193
-26.3543 148.225
-26.3156 148.237
-26.2783 148.26
-26.241 148.282
-26.204 148.307
-26.1643 148.312
-26.1229 148.305
-26.0852 148.325
-26.0489 148.355
-26.0109 148.372
-25.9755 148.409
-25.9395 148.441
-25.9038 148.476
-25.8647 148.486
-25.827 148.506
-25.7882 148.519
-25.7528 148.556
-25.7167 148.588
-25.6775 148.598
-25.6421 148.635
-25.6063 148.67
-25.5688 148.692
-25.533 148.727
-25.4965 148.757
-25.4586 148.777
-25.4237 148.819
-25.3858 148.839
-25.3486 148.864
-25.3137 148.906
-25.2748 148.918
-25.2395 148.958
-25.2042 148.997
-25.1679 149.03
-25.13 149.05
-25.0976 149.111
-25.0622 149.151
-25.0242 149.171
-24.9872 149.199
-24.9515 149.236
-24.9161 149.276
-24.88 149.311
-24.8448 149.353
-24.8097 149.395
-24.7742 149.435
-24.7387 149.475
-24.7065 149.539
-24.668 149.557
-24.6357 149.621
-24.6014 149.671
-24.5661 149.713
-24.5312 149.758
-24.4988 149.823
-24.4609 149.845
-24.4243 149.878
-24.3886 149.918
-24.3568 149.988
-24.3217 150.033
-24.2901 150.105
-24.255 150.15
-24.2234 150.222
-24.1931 150.304
-24.1585 150.354
-24.1272 150.429
-24.0923 150.477
-24.0605 150.549
-24.0291 150.625
-23.9989 150.71
-23.9684 150.792
-23.933 150.838
-23.8942 150.856
-23.6778 151.754
-23.8278 153.283
-23.8015 153.407
-23.7902 153.651
-23.7671 153.8
-23.7356 153.883
-23.7044 153.968
