-13.6385 107.564
-13.6057 107.556
-13.5698 107.518
-13.5335 107.475
-13.4992 107.451
-13.465 107.429
-13.4295 107.394
-13.3967 107.386
-13.3646 107.385
-13.3317 107.376
-13.2964 107.342
-13.2639 107.337
-13.2315 107.333
-13.1976 107.314
-13.1632 107.289
-13.0269 107.202
-12.9943 107.194
-12.9605 107.175
-12.9285 107.175
-12.8962 107.172
-12.8648 107.178
-12.8314 107.163
-12.7977 107.144
-12.765 107.137
-12.7299 107.103
-12.6974 107.097
-12.6639 107.081
-12.6318 107.079
-12.6009 107.091
-12.5689 107.091
-12.5368 107.09
-12.503 107.069
-12.467 107.025
-12.4319 106.99
-12.3995 106.985
-12.3674 106.984
-12.3351 106.979
-12.3029 106.976
-12.2695 106.96
-12.2375 106.96
-12.2056 106.96
-12.173 106.953
-12.1392 106.932
-12.1073 106.932
-12.0757 106.937
-12.046 106.962
-12.0143 106.965
-11.9815 106.954
-11.9476 106.932
-11.9123 106.894
-11.8792 106.881
-11.8472 106.879
-11.8151 106.878
-11.7831 106.877
-11.7499 106.862
-11.7159 106.838
-11.6826 106.822
-11.6522 106.84
-11.6218 106.857
-11.5897 106.856
-11.5579 106.857
-11.5261 106.859
-11.4943 106.86
-11.4615 106.85
-11.4291 106.844
-11.3968 106.84
-11.3638 106.827
-11.3313 106.821
-11.2993 106.819
-11.2677 106.824
-11.2364 106.831
-11.2035 106.819
-11.1709 106.811
-11.1381 106.8
-11.1064 106.803
-11.0762 106.824
-11.0443 106.825
-11.0115 106.813
-10.9797 106.815
-10.9481 106.819
-10.9166 106.825
-10.8849 106.828
-10.8529 106.827
-10.8213 106.831
-10.7896 106.834
-10.7573 106.83
-10.7251 106.827
-10.6933 106.828
-10.661 106.824
-10.6301 106.837
-10.5989 106.846
-10.5682 106.862
-10.5375 106.878
-10.5051 106.872
-10.4713 106.849
-10.4383 106.835
-10.4072 106.846
-10.3764 106.86
-10.3454 106.874
-10.3139 106.879
-10.2814 106.872
-10.2509 106.891
-10.2194 106.897
-10.1883 106.909
-10.1569 106.916
-10.1248 106.915
-10.0925 106.91
-10.0607 106.913
-10.03 106.929
-9.99821 106.932
-9.96581 106.926
-9.93405 106.929
-9.90293 106.941
-9.87202 106.956
-9.84047 106.962
-9.80965 106.978
-9.77882 106.994
-9.74715 106.998
-9.71516 106.998
-9.68338 107.001
-9.65128 107
-9.61929 107
-9.5874 107.001
-9.55665 107.019
-9.52578 107.035
-9.4947 107.048
-9.463 107.053
-9.43231 107.072
-9.40051 107.075
-9.36971 107.093
-9.33829 107.101
-9.30738 107.118
-9.27576 107.123
-9.24413 107.129
-9.2133 107.147
-9.18196 107.157
-9.14864 107.138
-9.11622 107.132
-9.08517 107.147
-9.05568 107.185
-9.02481 107.203
-8.99354 107.215
-8.96401 107.253
-8.93253 107.262
-8.90095 107.269
-8.87004 107.287
-8.83835 107.293
-8.80876 107.331
-8.77849 107.36
-8.74801 107.385
-8.71696 107.401
-8.68505 107.404
-8.65314 107.407
-8.62123 107.41
-8.59146 107.447
-8.56111 107.475
-8.53066 107.502
-8.49955 107.518
-8.46871 107.539
-8.43704 107.546
-8.40609 107.565
-8.37423 107.57
-8.34272 107.58
-8.31275 107.616
-8.28257 107.648
-8.25086 107.656
-8.22022 107.681
-8.18841 107.687
-8.15757 107.709
-8.12664 107.73
-8.09499 107.739
-8.06412 107.761
-8.03342 107.787
-8.00358 107.827
-7.97172 107.833
-7.93969 107.836
-7.90878 107.858
-7.59983 108.095
-7.56814 108.106
-7.53801 108.145
-7.50795 108.185
-5.85325 110.286
-5.8192 110.257
-5.78752 110.283
