-13.9019 130.169
-13.8619 130.131
-13.8203 130.076
-13.7806 130.043
-13.6541 129.853
-13.6146 129.822
-13.575 129.788
-13.5362 129.765
-13.4985 129.755
-13.4598 129.731
-13.4199 129.694
-13.3777 129.629
-13.3359 129.568
-13.2963 129.533
-13.0977 129.351
-13.0589 129.326
-13.019 129.287
-12.9794 129.251
-12.9404 129.222
-12.9029 129.212
-12.8624 129.165
-12.8248 129.154
-12.7875 129.146
-12.7474 129.103
-12.7093 129.086
-12.6693 129.043
-12.6317 129.031
-12.593 129.006
-12.5545 128.982
-12.5168 128.969
-12.4765 128.922
-12.4386 128.906
-12.3985 128.862
-12.361 128.85
-12.3234 128.838
-12.2852 128.817
-12.2462 128.786
-12.2073 128.757
-12.1702 128.751
-12.1319 128.728
-12.0945 128.718
-12.0558 128.691
-12.0173 128.666
-11.9798 128.654
-11.9419 128.637
-11.9049 128.631
-11.8675 128.621
-11.8302 128.611
-11.7915 128.582
-11.7543 128.575
-11.7167 128.561
-11.6794 128.551
-11.6406 128.52
-11.6033 128.511
-11.5661 128.503
-11.5291 128.497
-11.4913 128.48
-11.4534 128.463
-11.4163 128.455
-11.3789 128.443
-11.3417 128.436
-11.3043 128.424
-11.2668 128.41
-11.2294 128.399
-11.1924 128.393
-11.155 128.382
-11.1175 128.368
-11.0799 128.353
-11.0429 128.347
-11.0061 128.343
-10.9688 128.333
-10.9317 128.326
-10.8942 128.312
-10.857 128.303
-10.8202 128.299
-10.7833 128.295
-10.7466 128.293
-10.7098 128.289
-10.6727 128.281
-10.6358 128.276
-10.5991 128.274
-10.5625 128.274
-10.5258 128.272
-10.4887 128.264
-10.4518 128.259
-10.4146 128.249
-10.3781 128.251
-10.3413 128.247
-10.3043 128.241
-10.2674 128.236
-10.2303 128.228
-10.1935 128.224
-10.1571 128.226
-10.1209 128.232
-10.084 128.228
-10.0471 128.222
-10.0104 128.22
-9.97396 128.222
-9.93738 128.223
-9.90068 128.221
-9.86387 128.217
-9.82741 128.219
-9.79095 128.221
-9.7546 128.225
-9.71801 128.225
-9.68073 128.213
-9.64427 128.215
-9.60999 128.254
-9.57352 128.256
-9.53669 128.252
-9.49998 128.25
-9.24929 124.627
-9.42622 128.241
-9.38895 128.229
-9.3528 128.237
-9.31621 128.237
-9.27983 128.241
-9.24335 128.243
-9.20697 128.247
-9.17081 128.255
-9.13475 128.264
-9.09913 128.282
-9.06274 128.286
-9.02623 128.288
-8.99016 128.297
-8.95386 128.303
-8.91714 128.301
-8.88041 128.3
-8.84378 128.3
-8.80801 128.315
-8.77223 128.331
-8.73613 128.34
-8.69981 128.346
-8.66317 128.346
-8.62663 128.348
-8.59103 128.368
-8.55501 128.379
-8.51877 128.387
-8.48345 128.413
-8.44771 128.43
-8.41177 128.444
-8.3756 128.453
-8.33924 128.459
-8.30337 128.475
-8.26709 128.483
-8.23161 128.506
-8.19522 128.512
-8.15893 128.52
-8.12264 128.528
-8.08771 128.563
-8.05159 128.574
-8.01615 128.6
-7.98002 128.612
-7.94427 128.631
-7.90812 128.643
-7.87197 128.655
-7.83648 128.68
-7.79947 128.674
-7.76245 128.668
-7.72656 128.686
-7.69281 128.748
-7.65708 128.77
-7.62106 128.785
-7.58449 128.789
-7.54827 128.801
-7.51415 128.858
-7.47846 128.881
-7.44177 128.883
-7.40516 128.887
-7.36864 128.893
-7.33229 128.903
-7.297 128.936
-7.26073 128.948
-7.22507 128.974
-7.18913 128.993
-7.1544 129.04
-7.1187 129.066
-7.08212 129.072
-7.04648 129.099
-7.011 129.13
-6.97576 129.168
-6.94118 129.221
-6.90464 129.229
-6.86902 129.258
-6.8333 129.286
-6.79658 129.29
-6.75985 129.294
-6.72402 129.319
-6.68875 129.359
-6.65419 129.416
-6.61864 129.449
-6.58283 129.477
-6.54749 129.516
-6.51244 129.563
-6.47588 129.573
-6.44001 129.601
-6.40367 129.617
-6.3677 129.643
-6.3332 129.706
-6.29851 129.765
-6.26188 129.775
-6.22601 129.805
-6.19103 129.858
-6.1561 129.913
-6.1204 129.949
-6.08379 129.961
-6.0488 130.017
-6.01394 130.076
-5.97736 130.09
-5.94143 130.122
-4.94252 133.986
-4.90749 134.088
-4.872 134.176
