9.14173 153.03
9.36577 152.389
9.40427 152.309
9.44236 152.222
9.48029 152.133
9.51718 152.022
9.55555 151.943
9.59514 151.89
9.63192 151.78
9.6698 151.693
9.70944 151.642
9.74726 151.556
9.78131 151.395
9.8184 151.296
9.85934 151.274
9.89976 151.241
9.93793 151.164
9.97818 151.129
10.0193 151.111
10.2485 150.676
10.2886 150.641
10.3298 150.626
10.3682 150.56
10.4852 150.399
10.5248 150.357
10.5658 150.341
10.6043 150.279
10.6424 150.211
10.6833 150.193
10.8808 149.988
10.9222 149.98
10.9616 149.937
10.9998 149.875
11.0394 149.837
11.0796 149.81
11.1209 149.802
11.1621 149.792
11.202 149.76
11.2427 149.742
11.2804 149.675
11.32 149.637
11.3608 149.622
11.4006 149.59
11.4405 149.56
11.4815 149.547
11.5212 149.515
11.5623 149.505
11.6003 149.445
11.6406 149.423
11.6819 149.415
11.7222 149.393
11.7634 149.385
11.8036 149.363
11.844 149.343
11.8815 149.276
11.9216 149.251
11.9629 149.246
12.0039 149.236
12.0449 149.226
12.0838 149.183
12.1234 149.151
12.1637 149.131
12.2042 149.114
12.2447 149.096
12.2863 149.096
12.3264 149.074
12.3667 149.054
12.407 149.034
12.4465 149.002
12.4877 148.997
12.5291 148.994
12.5703 148.989
12.6114 148.982
12.6508 148.949
12.6917 148.939
12.7321 148.922
12.772 148.897
12.813 148.89
12.8545 148.89
12.8959 148.887
12.9361 148.867
12.9751 148.83
13.0154 148.813
13.0562 148.803
13.0972 148.795
13.1386 148.793
13.1789 148.775
13.2195 148.763
13.2598 148.746
13.3008 148.738
13.3414 148.726
13.3806 148.693
13.4177 148.632
13.4551 148.575
13.4964 148.572
13.5364 148.553
13.5802 148.585
13.6236 148.612
13.6669 148.636
13.7058 148.601
13.7464 148.589
13.7898 148.616
13.8356 148.675
13.8743 148.638
13.9189 148.68
13.9596 148.67
14.0028 148.692
14.0439 148.687
14.0851 148.684
14.1264 148.682
14.1668 148.667
14.2057 148.632
14.2492 148.659
14.2927 148.686
14.3364 148.716
14.3788 148.728
14.4203 148.728
14.4606 148.713
14.5011 148.701
14.5428 148.703
14.5848 148.71
14.6265 148.713
14.6681 148.715
14.7098 148.717
14.7507 148.71
14.7922 148.71
14.835 148.727
14.8768 148.732
14.9218 148.776
14.9647 148.793
15.0063 148.796
15.0476 148.793
15.0887 148.788
15.129 148.773
15.1707 148.775
15.2129 148.785
15.255 148.792
15.2973 148.802
15.3394 148.809
15.3823 148.827
15.4231 148.819
15.4648 148.821
15.5091 148.856
15.5521 148.873
15.5942 148.88
15.6381 148.91
15.6813 148.929
15.7188 148.882
15.7607 148.887
15.8068 148.941
15.8516 148.981
15.8938 148.988
15.9359 148.995
15.9799 149.025
16.0214 149.025
16.063 149.025
16.1072 149.057
16.1496 149.067
16.192 149.076
16.2393 149.143
16.2836 149.175
16.3253 149.178
16.3669 149.177
16.4097 149.192
16.4537 149.219
16.4959 149.227
16.5376 149.229
16.5822 149.263
16.6266 149.296
16.6684 149.298
16.7129 149.33
16.7564 149.352
16.8015 149.392
16.8458 149.421
16.8903 149.454
16.9328 149.463
16.977 149.493
17.0193 149.5
17.0652 149.548
17.1106 149.59
17.1554 149.624
17.1978 149.632
17.2448 149.691
17.2904 149.734
17.3332 149.746
17.3757 149.756
17.4229 149.815
