-23.5874 154.287
-23.5441 154.274
-23.4999 154.254
-23.4595 154.265
-23.2922 153.919
-23.2459 153.881
-23.2037 153.876
-23.1575 153.839
-23.014 153.685
-22.9675 153.644
-22.9247 153.634
-22.8777 153.589
-22.8273 153.516
-22.7809 153.476
-22.7309 153.405
-22.6876 153.39
-22.6386 153.327
-22.5956 153.315
-22.5496 153.277
-22.4994 153.204
-22.4537 153.169
-22.4114 153.162
-22.3687 153.152
-22.3225 153.112
-22.2799 153.102
-22.234 153.065
-22.1854 153.005
-22.1428 152.995
-22.1002 152.985
-22.0515 152.922
-22.0054 152.882
-21.9628 152.872
-21.9211 152.87
-21.879 152.865
-21.8336 152.83
-21.7881 152.796
-21.7453 152.783
-21.6984 152.736
-21.6561 152.728
-21.6142 152.724
-21.5716 152.714
-21.5268 152.684
-21.4848 152.679
-21.4423 152.669
-21.3972 152.637
-21.353 152.612
-21.3116 152.612
-21.2697 152.608
-21.2269 152.595
-21.1827 152.571
-21.1396 152.556
-21.0941 152.518
-21.0496 152.491
-21.0086 152.494
-20.9666 152.489
-20.9236 152.474
-20.8795 152.449
-20.837 152.44
-20.7943 152.427
-20.7526 152.425
-20.7116 152.428
-20.6699 152.426
-20.6245 152.388
-20.5818 152.376
-20.539 152.364
-20.4977 152.364
-20.4566 152.367
-20.4147 152.362
-20.3723 152.352
-20.3296 152.34
-20.2869 152.327
-20.2455 152.328
-20.2034 152.32
-20.1607 152.308
-20.118 152.296
-20.0753 152.284
-20.0353 152.296
-19.9945 152.302
-19.9539 152.309
-19.9133 152.317
-19.8714 152.312
-19.8288 152.3
-19.785 152.278
-19.7406 152.248
-19.6995 152.251
-19.6586 152.256
-19.6173 152.256
-19.5769 152.266
-19.5361 152.271
-19.4958 152.282
-19.4572 152.309
-19.4161 152.312
-19.3745 152.31
-19.3308 152.287
-19.2889 152.283
-19.2508 152.315
-19.2097 152.318
-19.1698 152.333
-19.1277 152.326
-19.0863 152.326
-19.0424 152.301
-19.0043 152.334
-18.9669 152.374
-18.9237 152.357
-18.8813 152.347
-18.8382 152.33
-18.7993 152.355
-18.7561 152.338
-18.7145 152.336
-18.6738 152.343
-18.6334 152.354
-18.5927 152.361
-18.5511 152.359
-18.5104 152.367
-18.4722 152.399
-18.431 152.402
-18.3893 152.4
-18.3486 152.408
-18.3077 152.413
-18.2684 152.435
-18.2279 152.446
-18.1875 152.456
-18.1479 152.476
-18.1074 152.486
-18.0669 152.497
-18.0276 152.519
-17.9874 152.532
-17.9473 152.547
-17.9063 152.553
-17.8653 152.558
-17.8241 152.56
-17.7836 152.571
-17.7437 152.588
-17.7039 152.606
-17.6645 152.629
-17.6251 152.652
-17.5848 152.664
-17.5449 152.682
-17.5048 152.697
-17.4658 152.725
-17.4259 152.743
-17.3853 152.753
-17.344 152.756
-17.3034 152.766
-17.2637 152.787
-17.2253 152.822
-17.1865 152.852
-17.1477 152.883
-17.1077 152.9
-17.0686 152.928
-17.0282 152.941
-16.9877 152.954
-16.948 152.974
-16.9071 152.982
-16.8686 153.017
-16.8297 153.048
-16.789 153.058
-16.7511 153.101
-16.7124 153.134
-16.6721 153.149
-16.6331 153.18
-16.5944 153.213
-16.554 153.228
-16.5159 153.269
-16.4773 153.304
-16.4365 153.315
-16.3977 153.348
-16.3592 153.386
-16.3228 153.447
-16.2826 153.465
-16.2419 153.477
-16.2026 153.506
-16.1637 153.539
-16.1235 153.557
-16.0869 153.618
-16.0485 153.658
-16.0106 153.704
-15.9695 153.712
-15.9313 153.755
-15.8932 153.799
-15.8546 153.837
-15.8159 153.875
-15.7775 153.916
-15.7394 153.962
-15.6987 153.975
-15.6625 154.044
-15.5852 154.123
-15.5494 154.197
-15.5088 154.213
-15.3959 154.372
-15.3595 154.441
-15.2478 154.618
-15.2146 154.728
-15.176 154.772
-15.1358 154.796
-15.0991 154.862
-15.0627 154.935
-15.0245 154.984
-14.9887 155.064
-14.9552 155.175
-14.8798 155.288
-14.8435 155.363
-14.7773 155.599
-14.7385 155.643
-14.5165 158.331
