-18.9041 134.3
-18.8649 134.284
-18.8229 134.243
-18.2953 133.178
-18.2539 133.14
-18.1634 132.991
-18.1197 132.93
-18.0813 132.918
-17.9061 132.669
-17.8647 132.629
-17.8214 132.571
-17.7816 132.545
-17.7416 132.517
-17.7037 132.509
-17.6622 132.467
-17.5729 132.323
-17.5327 132.293
-17.4928 132.265
-17.4548 132.255
-17.4134 132.213
-17.3718 132.169
-17.3342 132.163
-17.2964 132.155
-17.2539 132.101
-17.213 132.063
-17.1748 132.051
-17.1327 132.002
-17.0943 131.988
-17.0543 131.958
-17.0141 131.926
-16.9717 131.872
-16.9314 131.839
-16.891 131.805
-16.8507 131.771
-16.8112 131.745
-16.7735 131.737
-16.7342 131.713
-16.5801 131.648
-16.5404 131.62
-16.5028 131.612
-16.4631 131.585
-16.4235 131.557
-16.3859 131.549
-16.3445 131.503
-16.3069 131.496
-16.2693 131.488
-16.2299 131.462
-16.1925 131.456
-16.1524 131.422
-16.1134 131.401
-16.0766 131.401
-16.0394 131.397
-16.0002 131.373
-15.9623 131.361
-15.9245 131.351
-15.8863 131.338
-15.8461 131.302
-15.8078 131.286
-15.7695 131.27
-15.7321 131.264
-15.6953 131.264
-15.6587 131.266
-15.6204 131.251
-15.5821 131.235
-15.5443 131.225
-15.5057 131.205
-15.467 131.186
-15.4301 131.184
-15.3938 131.19
-15.3559 131.178
-15.3182 131.168
-15.2805 131.158
-15.2421 131.14
-15.2051 131.138
-15.1665 131.119
-15.1288 131.109
-15.0915 131.103
-15.054 131.095
-15.0167 131.089
-14.9802 131.093
-14.9433 131.091
-14.906 131.085
-14.8688 131.081
-14.8315 131.075
-14.7938 131.066
-14.7562 131.056
-14.7192 131.054
-14.6832 131.062
-14.6462 131.06
-14.6082 131.046
-14.5714 131.046
-14.5341 131.04
-14.4972 131.038
-14.4604 131.038
-14.4234 131.036
-14.3865 131.034
-14.3501 131.038
-14.3129 131.034
-14.2758 131.03
-14.2394 131.034
-14.2026 131.034
-14.1651 131.026
-14.1294 131.038
-14.0929 131.042
-14.0563 131.044
-14.0202 131.052
-13.9832 131.05
-13.9456 131.04
-13.909 131.042
-13.871 131.029
-13.8331 131.015
-13.797 131.023
-13.7597 131.017
-13.7262 131.056
-13.6927 131.096
-13.6557 131.094
-13.6186 131.09
-13.5824 131.098
-13.5437 131.074
-13.5072 131.078
-13.4712 131.088
-13.4349 131.094
-13.3974 131.086
-13.3603 131.082
-13.3241 131.09
-13.29 131.123
-13.2546 131.141
-13.2184 131.149
-13.1807 131.137
-13.1435 131.133
-13.1076 131.145
-13.0729 131.171
-13.0368 131.181
-13.0006 131.189
-12.9638 131.189
-12.9263 131.181
-12.8893 131.179
-12.8536 131.193
-12.8178 131.206
-12.7822 131.222
-12.7469 131.242
-12.7102 131.244
-12.6728 131.238
-12.6372 131.254
-12.6014 131.268
-12.5662 131.289
-12.5302 131.301
-12.495 131.323
-12.459 131.335
-12.4237 131.355
-12.3868 131.355
-12.3495 131.349
-12.3129 131.353
-12.277 131.367
-12.242 131.392
-12.2066 131.412
-12.1707 131.426
-12.1357 131.452
-12.0994 131.46
-12.0641 131.482
-12.028 131.493
-11.9927 131.515
-11.9562 131.521
-11.9199 131.529
-11.8861 131.573
-11.8497 131.581
-11.8135 131.591
-11.7784 131.617
-11.743 131.638
-11.7069 131.65
-11.672 131.68
-11.637 131.708
-11.6009 131.72
-11.5664 131.756
-11.5311 131.779
-11.4944 131.783
-11.4578 131.789
-11.4224 131.813
-11.3872 131.839
-11.3508 131.847
-11.3159 131.879
-11.2824 131.931
-11.2458 131.937
-11.2092 131.943
-11.1759 131.999
-11.1409 132.029
-11.1056 132.054
-11.0691 132.062
-10.7542 132.35
-10.06 133.155
-10.0235 133.17
-9.98971 133.228
-9.95563 133.283
-9.92152 133.338
-9.88667 133.38
-9.85276 133.439
-9.81633 133.455
-9.78095 133.49
-9.74876 133.579
-9.717 133.677
-9.6832 133.74
-9.6482 133.783
-9.614 133.84
-9.58025 133.905
-9.54844 134.005
-9.51451 134.068
-9.48078 134.136
