6.66636 138.783
6.70316 138.72
6.74179 138.704
6.73425 136.478
6.77155 136.442
6.9367 135.732
6.97235 135.66
7.00685 135.561
7.04166 135.469
7.07824 135.423
7.11429 135.364
7.15083 135.317
7.29077 134.988
7.32727 134.944
7.36322 134.888
7.39879 134.822
7.43405 134.751
7.46965 134.688
7.50614 134.646
7.54224 134.596
7.5786 134.552
7.61429 134.494
7.65153 134.471
7.68699 134.408
7.72233 134.343
7.75803 134.287
7.79568 134.274
7.83238 134.241
7.86782 134.18
7.9041 134.139
7.94055 134.101
7.97631 134.049
8.01361 134.031
8.05031 133.999
8.08778 133.985
8.12179 133.898
8.15884 133.875
8.19528 133.84
8.2321 133.813
8.26861 133.779
8.3044 133.732
8.34149 133.711
8.37826 133.684
8.41472 133.651
8.45095 133.614
8.48737 133.581
8.52389 133.55
8.56059 133.523
8.59771 133.504
8.63334 133.457
8.67064 133.442
8.70614 133.393
8.74331 133.376
8.78016 133.354
8.8171 133.333
8.85404 133.312
8.89064 133.286
8.92712 133.257
8.96413 133.238
9.0007 133.212
9.03747 133.189
9.07412 133.164
9.11121 133.148
9.14762 133.119
9.18435 133.096
9.22152 133.082
9.25812 133.057
9.29483 133.035
9.3322 133.025
9.36968 133.016
9.40624 132.992
9.44268 132.965
9.47957 132.947
9.51576 132.916
9.5532 132.908
9.59065 132.9
9.62774 132.885
9.66447 132.865
9.70119 132.844
9.73837 132.832
9.77567 132.822
9.81225 132.799
9.84894 132.779
9.88645 132.773
9.92373 132.762
9.96039 132.742
9.99766 132.732
10.035 132.724
10.0716 132.701
10.1082 132.681
10.1453 132.669
10.1828 132.662
10.2204 132.658
10.258 132.654
10.2955 132.648
10.3317 132.622
10.3684 132.603
10.4056 132.593
10.4429 132.585
10.4796 132.567
10.517 132.56
10.5551 132.565
10.5935 132.573
10.6309 132.567
10.6677 132.55
10.7052 132.546
10.7428 132.542
10.7802 132.536
10.8174 132.526
10.8536 132.502
10.8901 132.481
10.9276 132.477
10.9653 132.475
11.003 132.473
11.0394 132.453
11.0766 132.443
11.1144 132.443
11.1532 132.459
11.1906 132.453
11.226 132.416
11.2647 132.431
11.3024 132.429
11.3393 132.416
11.3764 132.406
11.4153 132.423
11.4541 132.437
11.4916 132.433
11.5287 132.423
11.5669 132.429
11.6052 132.437
11.6429 132.435
11.6805 132.433
11.7176 132.423
11.7554 132.423
11.7947 132.445
11.8332 132.456
11.8712 132.458
11.9092 132.462
11.9473 132.466
11.9851 132.466
12.0228 132.464
12.0604 132.462
12.0983 132.464
12.1363 132.466
12.1744 132.47
12.2121 132.47
12.2502 132.475
12.2882 132.477
12.326 132.477
12.3634 132.473
12.4012 132.473
12.4396 132.481
12.4791 132.503
12.5179 132.518
12.5562 132.524
12.5946 132.532
12.6324 132.532
12.6708 132.54
12.7102 132.561
12.7489 132.573
12.7873 132.582
12.8253 132.584
12.8633 132.586
12.9017 132.594
12.9404 132.606
12.9795 132.623
13.0183 132.635
13.0566 132.641
13.095 132.649
13.1356 132.684
13.1739 132.69
13.2122 132.697
13.2505 132.703
13.2887 132.707
13.3266 132.709
13.3664 132.734
13.4072 132.771
13.4469 132.793
13.4849 132.795
13.5229 132.797
13.5625 132.82
13.6014 132.832
13.6401 132.843
13.6798 132.865
13.7186 132.878
13.7578 132.894
13.7959 132.896
13.8363 132.927
13.8755 132.943
13.9169 132.987
13.9555 132.995
13.9942 133.005
14.0343 133.032
14.0741 133.055
14.113 133.067
14.1532 133.094
14.1937 133.125
14.2326 133.137
14.2746 133.185
14.3132 133.193
14.3516 133.199
14.3924 133.232
14.4328 133.261
14.4734 133.292
14.5136 133.319
14.5542 133.35
14.5936 133.366
14.6344 133.4
14.6753 133.433
14.7175 133.482
14.7564 133.493
14.7975 133.528
14.8389 133.567
14.8815 133.619
14.9222 133.65
14.9606 133.654
14.9993 133.663
15.0399 133.692
15.0831 133.75
15.1226 133.766
15.1657 133.822
15.2515 133.931
15.2946 133.987
15.3357 134.02
15.3764 134.049
15.416 134.066
15.4594 134.124
15.5027 134.181
15.5433 134.208
16.2615 135.35
16.3057 135.412
16.6029 136.512
16.6428 136.525
16.6837 136.549
