-20.3343 141.184
-20.2905 141.142
-20.2463 141.095
-20.1986 141.018
-20.1491 140.925
-20.1057 140.886
-20.0594 140.82
-20.0128 140.752
-19.9697 140.714
-19.9237 140.65
-19.8797 140.604
-19.8342 140.545
-19.788 140.479
-19.7443 140.435
-19.7028 140.411
-19.6533 140.315
-19.6106 140.28
-19.5695 140.258
-19.5298 140.249
-19.4852 140.197
-19.4422 140.158
-19.3967 140.096
-19.3561 140.079
-19.313 140.04
-19.2273 139.963
-19.1819 139.902
-19.139 139.863
-19.0973 139.835
-19.0556 139.807
-19.0155 139.794
-18.9743 139.77
-18.9345 139.759
-18.8897 139.702
-18.8471 139.666
-18.8046 139.629
-18.765 139.62
-18.7206 139.566
-18.6809 139.555
-18.6414 139.546
-18.6002 139.523
-18.5582 139.49
-18.5159 139.455
-18.4758 139.44
-18.4351 139.421
-18.3936 139.393
-18.3535 139.378
-18.3124 139.354
-18.2725 139.341
-18.231 139.313
-18.1898 139.287
-18.1481 139.257
-18.1084 139.246
-18.0683 139.231
-18.0278 139.211
-17.9888 139.207
-17.9483 139.188
-17.9078 139.168
-17.8671 139.147
-17.8283 139.145
-17.7872 139.119
-17.7476 139.108
-17.7089 139.106
-17.6699 139.102
-17.6303 139.091
-17.5896 139.069
-17.549 139.048
-17.5094 139.037
-17.4702 139.031
-17.4309 139.022
-17.3898 138.996
-17.3498 138.981
-17.3109 138.977
-17.2718 138.971
-17.2327 138.964
-17.1921 138.943
-17.1529 138.936
-17.1138 138.93
-17.0747 138.924
-17.0339 138.9
-16.9942 138.887
-16.9551 138.881
-16.9168 138.883
-16.879 138.889
-16.8403 138.887
-16.801 138.879
-16.7611 138.864
-16.7224 138.862
-16.6841 138.864
-16.6446 138.853
-16.6066 138.858
-16.5667 138.843
-16.5278 138.838
-16.4891 138.836
-16.4503 138.832
-16.4116 138.83
-16.3729 138.828
-16.3351 138.834
-16.2956 138.824
-16.2571 138.824
-16.2183 138.82
-16.1798 138.82
-16.1411 138.818
-16.1026 138.818
-16.0642 138.818
-16.0263 138.824
-15.9868 138.814
-15.9482 138.812
-15.9105 138.82
-15.8736 138.838
-15.8361 138.848
-15.7988 138.861
-15.7607 138.866
-15.7226 138.87
-15.6847 138.877
-15.6466 138.881
-15.6081 138.881
-15.5686 138.871
-15.5278 138.845
-15.4897 138.849
-15.4537 138.877
-15.4166 138.892
-15.3775 138.886
-15.3373 138.867
-15.2973 138.849
-15.2591 138.854
-15.2225 138.876
-15.1844 138.88
-15.1457 138.878
-15.1076 138.882
-15.0721 138.917
-15.0347 138.93
-14.9958 138.926
-14.9565 138.917
-14.9167 138.902
-14.8775 138.893
-14.8395 138.9
-14.8036 138.93
-14.7671 138.954
-14.7296 138.967
-14.6927 138.987
-14.6553 139
-14.6184 139.019
-14.5824 139.05
-14.5451 139.065
-14.5074 139.076
-14.4701 139.091
-14.4332 139.111
-14.3946 139.111
-14.356 139.111
-14.3182 139.119
-14.2792 139.115
-14.2403 139.111
-14.2021 139.115
-14.1646 139.128
-14.1281 139.154
-14.0918 139.183
-14.0553 139.209
-14.0177 139.222
-13.981 139.246
-13.9429 139.252
-13.9052 139.263
-13.8688 139.292
-13.8324 139.32
-13.7945 139.329
-13.7577 139.353
-13.7201 139.366
-13.6835 139.392
-13.6466 139.414
-13.6086 139.422
-13.5715 139.442
-13.5363 139.488
-13.4985 139.499
-13.4607 139.51
-13.4245 139.542
-13.3878 139.568
-13.35 139.579
-13.3137 139.612
-13.2772 139.641
-13.2405 139.667
-13.2026 139.678
-13.1645 139.686
-13.1297 139.739
-13.0915 139.745
-13.0552 139.778
-13.0172 139.789
-12.9827 139.846
-12.9464 139.879
-12.9084 139.89
-12.872 139.923
-12.7994 139.991
-12.7269 140.061
-12.3997 140.375
-12.3638 140.417
-12.327 140.448
-12.1851 140.646
-12.1471 140.659
-12.1123 140.719
-12.0769 140.772
-12.0408 140.814
-12.0032 140.834
-11.9657 140.856
-11.9292 140.894
-11.8945 140.958
-11.859 141.009
-11.8214 141.031
-11.7843 141.06
-11.7514 141.153
-11.7166 141.218
-11.6804 141.26
-11.511 141.661
-11.4734 141.685
-11.4353 141.703
