-17.3602 141.042
-17.3184 141.014
-17.2784 141.003
-17.2414 141.023
-16.4006 139.122
-16.3606 139.107
-16.3168 139.051
-16.2775 139.042
-16.2334 138.982
-16.1858 138.884
-16.1461 138.872
-16.0176 138.729
-15.9732 138.665
-15.9312 138.626
-15.8892 138.587
-15.8459 138.534
-15.8045 138.501
-15.7651 138.491
-15.7238 138.459
-15.6827 138.429
-15.6408 138.39
-15.5991 138.354
-15.5582 138.326
-15.5164 138.287
-15.4748 138.251
-15.434 138.223
-15.395 138.217
-15.3536 138.182
-15.31 138.122
-15.2707 138.112
-15.2294 138.078
-15.1882 138.046
-15.1493 138.039
-15.1086 138.011
-15.0675 137.979
-15.0264 137.947
-14.9877 137.943
-14.947 137.915
-14.908 137.907
-14.8671 137.877
-14.8263 137.847
-14.7847 137.809
-14.7439 137.779
-14.7045 137.766
-14.6644 137.745
-14.6238 137.717
-14.5847 137.707
-14.5461 137.703
-14.5071 137.694
-14.4651 137.649
-14.4265 137.645
-14.3879 137.641
-14.3484 137.626
-14.3066 137.584
-14.2677 137.575
-14.2275 137.552
-14.1886 137.543
-14.1498 137.537
-14.1097 137.514
-14.0703 137.499
-14.0296 137.469
-13.9911 137.465
-13.9527 137.463
-13.9145 137.463
-13.8756 137.454
-13.8361 137.44
-13.7971 137.429
-13.7582 137.421
-13.7195 137.414
-13.6803 137.402
-13.6412 137.391
-13.6017 137.374
-13.5624 137.361
-13.5236 137.353
-13.4852 137.351
-13.4469 137.349
-13.4083 137.344
-13.3695 137.336
-13.3296 137.315
-13.2911 137.311
-13.2522 137.302
-13.2132 137.292
-13.1747 137.287
-13.1359 137.279
-13.0967 137.266
-13.0587 137.268
-13.0203 137.266
-12.982 137.264
-12.9446 137.275
-12.9072 137.286
-12.869 137.286
-12.8305 137.281
-12.7917 137.273
-12.753 137.267
-12.7143 137.26
-12.6755 137.252
-12.6365 137.241
-12.5985 137.243
-12.5605 137.246
-12.5221 137.243
-12.4845 137.252
-12.4473 137.265
-12.4088 137.261
-12.3704 137.258
-12.3325 137.263
-12.2942 137.261
-12.256 137.261
-12.2176 137.259
-12.179 137.252
-12.1405 137.248
-12.1021 137.246
-12.0649 137.261
-12.0266 137.259
-11.9896 137.276
-11.9518 137.282
-11.9137 137.284
-11.8755 137.284
-11.8379 137.293
-11.8 137.297
-11.762 137.301
-11.7237 137.299
-11.685 137.293
-11.6469 137.295
-11.6096 137.308
-11.5718 137.314
-11.5333 137.31
-11.4952 137.312
-11.4592 137.346
-11.4224 137.367
-11.3844 137.372
-11.3456 137.363
-11.3071 137.359
-11.2696 137.37
-11.2326 137.389
-11.1949 137.397
-11.1572 137.406
-11.1192 137.41
-11.082 137.427
-11.0446 137.44
-11.007 137.451
-10.9689 137.453
-10.9313 137.463
-10.8942 137.483
-10.8576 137.508
-10.8197 137.515
-10.7822 137.527
-10.7445 137.536
-10.7066 137.542
-10.6688 137.551
-10.6317 137.57
-10.5948 137.593
-10.5575 137.608
-10.5199 137.621
-10.4824 137.634
-10.4442 137.636
-10.4073 137.66
-10.3699 137.674
-10.3322 137.685
-10.2953 137.709
-10.2585 137.734
-10.222 137.766
-10.1846 137.781
-10.1469 137.792
-10.1099 137.815
-10.072 137.824
-10.035 137.848
-9.99703 137.854
-9.9599 137.875
-9.92226 137.888
-9.88535 137.914
-9.84868 137.944
-9.812 137.974
-9.77457 137.991
-9.7375 138.014
-9.70102 138.049
-9.66332 138.062
-9.6261 138.083
-9.58958 138.117
-9.55198 138.132
-9.51567 138.171
-9.47805 138.186
-9.44137 138.218
-9.40338 138.227
-9.36655 138.257
-9.33006 138.293
-9.29344 138.328
-9.2553 138.334
-9.21992 138.392
-9.18211 138.405
-9.14623 138.455
-9.07328 138.532
-9.03644 138.564
-8.99824 138.571
-8.96127 138.601
-8.81731 138.802
-8.59608 139.009
-8.55937 139.048
-8.52254 139.085
-8.48548 139.118
-8.44914 139.166
-8.41384 139.235
-8.37778 139.289
-8.34096 139.328
-8.30558 139.398
-8.26996 139.463
-8.23205 139.481
-8.19495 139.516
-8.15723 139.537
-8.12296 139.633
-8.08753 139.705
-8.01639 139.845
-7.97987 139.895
-7.94513 139.985
-7.90956 140.057
-7.87376 140.125
-7.83784 140.191
-7.8008 140.233
-7.5262 141.087
-7.489 141.131
