-5.23552 144.143
-5.19395 144.108
-5.15225 144.068
-5.10956 143.993
-4.98341 143.83
-4.94124 143.769
-4.9005 143.76
-4.23686 143.094
-4.19565 143.057
-4.15396 142.999
-4.11327 142.983
-4.07211 142.946
-3.99051 142.902
-3.94955 142.872
-3.90865 142.845
-3.86806 142.831
-3.82648 142.771
-3.78592 142.757
-3.74497 142.725
-3.70418 142.7
-3.66369 142.689
-3.62282 142.659
-3.58192 142.626
-3.54155 142.62
-3.50072 142.59
-3.46018 142.574
-3.41888 142.519
-3.37849 142.51
-3.33814 142.503
-3.29772 142.491
-3.25661 142.443
-3.21608 142.425
-3.17585 142.423
-3.13561 142.421
-3.09506 142.4
-3.05467 142.389
-3.01405 142.364
-2.97363 142.35
-2.93291 142.318
-2.89225 142.288
-2.85197 142.281
-2.81144 142.258
-2.77092 142.236
-2.73037 142.211
-2.69015 142.206
-2.64983 142.195
-2.60924 142.165
-2.56906 142.163
-2.52893 142.163
-2.48875 142.161
-2.44839 142.145
-2.40806 142.131
-2.36768 142.113
-2.3274 142.102
-2.287 142.081
-2.24682 142.077
-2.2067 142.077
-2.16658 142.077
-2.1264 142.073
-2.08612 142.059
-2.04592 142.053
-2.00572 142.046
-1.96561 142.046
-1.92554 142.051
-1.88522 142.033
-1.84491 142.014
-1.80464 141.998
-1.76444 141.989
-1.72427 141.983
-1.68405 141.971
-1.64395 141.972
-1.60376 141.963
-1.56358 141.954
-1.52344 141.949
-1.48329 141.942
-1.44314 141.936
-1.40308 141.94
-1.36299 141.941
-1.32275 141.922
-1.28259 141.913
-1.2422 141.872
-1.20207 141.866
-1.16199 141.866
-1.12199 141.877
-1.08198 141.889
-1.04202 141.91
-1.00175 141.88
-0.961539 141.857
-0.921551 141.874
-0.881482 141.876
-0.841377 141.872
-0.801374 141.888
-0.761483 141.929
-0.721481 141.95
-0.681411 141.957
-0.641328 141.962
-0.601218 141.96
-0.561141 141.967
-0.52106 141.974
-0.480962 141.976
-0.44085 141.974
-0.400726 141.967
-0.360667 141.986
-0.320605 142.007
-0.280511 142.016
-0.240404 142.021
-0.200309 142.035
-0.160205 142.046
-0.120106 142.067
-0.0799788 142.067
-0.0398454 142.058
0.000273525 142.072
0.0403998 142.081
0.0805303 142.088
0.120663 142.091
0.160796 142.091
0.20093 142.094
0.241082 142.114
0.281236 142.128
0.321386 142.135
0.361533 142.138
0.401754 142.182
0.441926 142.191
0.482087 142.193
0.522271 142.205
0.562546 142.249
0.602755 142.263
0.642984 142.281
0.683229 142.302
0.723467 142.319
0.763591 142.303
0.803799 142.31
0.844001 142.314
0.884379 142.358
0.924648 142.375
0.964867 142.379
1.00535 142.435
1.04566 142.453
1.0859 142.458
1.12614 142.463
1.16651 142.488
1.20677 142.495
1.24725 142.535
1.28788 142.595
1.32818 142.602
1.36844 142.605
1.40893 142.637
1.44925 142.646
1.48992 142.7
1.53027 142.709
1.57061 142.719
1.61114 142.749
1.65172 142.784
1.69211 142.795
1.73268 142.826
1.77328 142.858
1.81393 142.895
1.85436 142.907
1.89525 142.965
1.93568 142.975
1.9763 143.003
2.01668 143.007
2.05745 143.047
2.09821 143.084
2.13861 143.089
2.1794 143.126
2.22053 143.192
2.26138 143.231
2.30219 143.266
2.34261 143.269
2.38336 143.297
2.54771 143.5
2.79468 143.791
2.83529 143.798
