-24.8702 83.9027
-24.8434 83.8995
2.73294 138.714
2.77163 138.705
2.81035 138.699
2.8869 138.633
2.92513 138.598
2.963 138.543
3.0016 138.533
3.04015 138.519
3.07843 138.491
3.11666 138.461
3.1548 138.426
3.19292 138.391
3.23143 138.378
3.2692 138.325
3.30789 138.323
3.34651 138.317
3.38512 138.31
3.42321 138.278
3.46081 138.221
3.49926 138.208
3.5377 138.195
3.57556 138.154
3.61385 138.134
3.65186 138.101
3.68995 138.073
3.72793 138.041
3.76642 138.032
3.80466 138.012
3.84309 138.001
3.88117 137.975
3.91924 137.949
3.95774 137.943
3.99619 137.934
4.03464 137.926
4.07278 137.904
4.11116 137.893
4.14954 137.882
4.18776 137.865
4.22581 137.841
4.26407 137.826
4.30194 137.796
4.34012 137.778
4.37857 137.772
4.41679 137.757
4.45512 137.746
4.49367 137.744
4.53222 137.741
4.57042 137.726
4.60873 137.715
4.64716 137.709
4.68552 137.7
4.72376 137.687
4.76181 137.668
4.80004 137.655
4.83826 137.642
4.87623 137.62
4.91456 137.612
4.95313 137.612
4.99158 137.607
5.0299 137.599
5.06847 137.599
5.10704 137.598
5.14535 137.59
5.18359 137.579
5.18982 136.501
5.25987 137.551
5.29829 137.547
5.33691 137.549
5.37547 137.549
5.41375 137.54
5.4519 137.527
5.49059 137.531
5.52934 137.538
5.56782 137.536
5.60603 137.525
5.64415 137.512
5.68249 137.505
5.72117 137.51
5.75965 137.508
5.79797 137.501
5.83717 137.52
5.87615 137.533
5.91492 137.54
5.95288 137.523
5.99164 137.529
6.02907 137.497
6.06715 137.484
6.10569 137.484
6.14445 137.49
6.18307 137.492
6.2216 137.492
6.26029 137.496
6.29899 137.501
6.33776 137.507
6.37622 137.505
6.4146 137.501
6.45314 137.501
6.49183 137.505
6.53061 137.511
6.56915 137.511
6.60777 137.514
6.64664 137.522
6.68543 137.529
6.72405 137.531
6.76259 137.531
6.80147 137.539
6.84052 137.552
6.8795 137.563
6.91813 137.565
6.95685 137.569
6.99566 137.576
7.03464 137.587
7.07355 137.595
7.11183 137.589
7.15127 137.61
7.1909 137.636
7.22982 137.645
7.26829 137.643
7.30704 137.647
7.34569 137.649
7.38435 137.651
7.42365 137.668
7.46231 137.671
7.50087 137.671
7.53972 137.677
7.57904 137.694
7.61875 137.72
7.65761 137.727
7.69696 137.744
7.73612 137.757
7.77576 137.781
7.81445 137.783
7.85265 137.774
7.89232 137.798
7.932 137.822
7.97208 137.854
8.01118 137.865
8.05029 137.876
8.09001 137.899
8.13004 137.93
8.16927 137.943
8.20902 137.967
8.24806 137.975
8.28782 137.999
8.32749 138.021
8.36645 138.027
8.40561 138.038
8.44604 138.075
8.48617 138.105
8.52547 138.118
8.5652 138.14
8.60526 138.168
8.64576 138.205
8.68606 138.237
8.72529 138.248
8.7654 138.277
8.80552 138.305
8.84489 138.318
8.88481 138.342
8.9243 138.357
8.96446 138.385
9.00487 138.418
9.04585 138.461
9.08629 138.494
9.12605 138.514
9.1664 138.544
9.20722 138.583
9.24783 138.618
9.28741 138.633
9.32793 138.666
9.36847 138.699
9.40937 138.738
9.45005 138.773
9.49087 138.81
9.53278 138.867
9.57256 138.885
9.615 138.95
9.65601 138.99
9.69607 139.012
9.73627 139.036
9.7777 139.082
9.82026 139.148
9.86037 139.17
9.90261 139.229
9.94513 139.293
9.98767 139.356
10.0276 139.374
10.0698 139.431
10.1128 139.502
10.1546 139.55
10.1974 139.616
10.2396 139.672
10.2796 139.689
10.323 139.764
10.3674 139.855
10.4088 139.895
10.7208 140.533
