-21.0679 153.564
-21.0251 153.559
-20.7757 153.213
-20.7298 153.18
-20.1247 152.654
-20.0791 152.621
-20.0365 152.617
-19.9936 152.609
-19.9439 152.538
-19.8975 152.498
-19.8547 152.491
-19.7625 152.415
-19.7194 152.405
-19.671 152.344
-19.3581 152.166
-19.3127 152.134
-19.2702 152.129
-19.2282 152.13
-19.1828 152.097
-19.1364 152.054
-19.0903 152.014
-19.0471 152.002
-19.0015 151.966
-18.9585 151.957
-18.9132 151.924
-18.871 151.922
-18.8288 151.92
-18.784 151.893
-18.7395 151.868
-18.6971 151.863
-18.6541 151.853
-18.6106 151.839
-18.5659 151.811
-18.5202 151.773
-18.4778 151.769
-18.4353 151.764
-18.3924 151.755
-18.3497 151.748
-18.3053 151.723
-18.2587 151.675
-18.2167 151.675
-18.1792 151.722
-18.1383 151.732
-18.0956 151.725
-18.0502 151.69
-18.0073 151.68
-17.9654 151.681
-17.922 151.666
-17.8788 151.654
-17.8347 151.632
-17.7911 151.614
-17.7478 151.6
-17.7042 151.582
-17.6591 151.55
-17.6177 151.555
-17.5786 151.586
-17.5364 151.584
-17.4931 151.57
-17.4493 151.55
-17.4081 151.558
-17.3659 151.556
-17.3235 151.551
-17.2818 151.554
-17.2392 151.547
-17.1961 151.535
-17.1539 151.533
-17.109 151.5
-17.0655 151.483
-17.0242 151.491
-16.9825 151.494
-16.939 151.477
-16.8964 151.47
-16.8556 151.483
-16.8134 151.481
-16.772 151.487
-16.7321 151.51
-16.6877 151.482
-16.6446 151.47
-16.602 151.463
-16.5594 151.456
-16.5181 151.464
-16.4788 151.495
-16.4396 151.526
-16.3936 151.481
-16.3455 151.41
-16.2999 151.368
-16.261 151.404
-16.2174 151.384
-16.1752 151.382
-16.1331 151.38
-16.0903 151.37
-16.0477 151.363
-16.0047 151.351
-15.9819 151.577
-15.939 151.567
-15.8998 151.601
-15.8604 151.632
-15.8216 151.67
-15.7785 151.658
-15.7384 151.682
-15.6981 151.702
-15.6563 151.705
-15.6147 151.711
-15.5742 151.729
-15.5328 151.737
-15.4905 151.735
-15.4489 151.741
-15.4098 151.777
-15.3694 151.798
-15.3284 151.811
-15.2896 151.852
-15.2488 151.868
-15.2082 151.886
-15.1667 151.894
-15.1249 151.897
-15.083 151.9
-15.0413 151.906
-15.0011 151.929
-14.96 151.943
-14.9201 151.971
-14.8794 151.99
-14.8385 152.005
-14.7982 152.029
-14.7585 152.06
-14.7181 152.083
-14.6768 152.094
-14.6366 152.12
-14.5953 152.131
-14.5547 152.152
-14.5165 152.203
-14.4747 152.209
-14.4333 152.22
-14.3941 152.258
-14.3529 152.272
-14.3134 152.308
-14.2739 152.344
-14.2338 152.373
-14.1924 152.384
-14.153 152.423
-14.1117 152.436
-14.072 152.47
-14.0324 152.506
-13.9911 152.519
-13.9511 152.551
-13.9096 152.561
-13.8704 152.603
-13.8311 152.644
-13.7896 152.655
-13.7497 152.689
-13.71 152.726
-13.6705 152.765
-13.6333 152.837
-13.5947 152.889
-13.5534 152.905
-13.5113 152.908
-13.4711 152.939
-13.4337 153.01
-13.3946 153.056
-13.3547 153.093
-13.315 153.132
-13.2759 153.179
-13.2362 153.218
-13.1946 153.232
-13.1533 153.248
-13.1176 153.347
-13.0778 153.386
-13.0387 153.436
-12.9996 153.485
-12.8832 153.65
-12.8461 153.731
-12.8065 153.776
-12.7645 153.784
-12.4615 154.364
-12.4244 154.451
-12.3861 154.52
-12.3446 154.538
-12.0583 155.427
-11.7666 155.576
-11.7197 155.513
-11.6758 155.497
