16.182 130.971
16.2425 131.208
16.2242 130.638
16.2586 130.608
16.0902 128.513
16.1181 128.421
16.1461 128.332
16.1737 128.238
16.2031 128.165
16.2284 128.048
16.2566 127.963
16.2868 127.897
16.3161 127.824
16.3443 127.739
16.3746 127.675
16.405 127.614
16.4353 127.55
16.4637 127.469
16.4937 127.404
16.524 127.343
16.554 127.277
16.5866 127.239
16.6179 127.187
16.6485 127.13
16.6785 127.067
16.7087 127.005
16.7409 126.963
16.7719 126.91
16.804 126.868
16.8327 126.794
16.8672 126.775
16.8994 126.735
16.9317 126.695
16.9643 126.658
16.9949 126.603
17.0251 126.544
17.0581 126.512
17.0908 126.478
17.1224 126.432
17.1569 126.415
17.1876 126.362
17.2183 126.309
17.2485 126.252
17.2812 126.218
17.3157 126.201
17.3481 126.165
17.3819 126.143
17.4127 126.092
17.4453 126.058
17.4779 126.024
17.5092 125.978
17.5432 125.958
17.5765 125.931
17.6097 125.903
17.6411 125.86
17.6751 125.839
17.7069 125.799
17.7412 125.782
17.7747 125.758
17.8084 125.735
17.8408 125.702
17.8728 125.664
17.9052 125.63
17.9389 125.608
17.9729 125.589
18.0071 125.572
18.038 125.525
18.0722 125.508
18.1041 125.471
18.1381 125.452
18.171 125.424
18.205 125.405
18.2392 125.389
18.2727 125.366
18.3077 125.357
18.3402 125.325
18.3737 125.303
18.408 125.288
18.44 125.252
18.4743 125.237
18.5078 125.215
18.5414 125.194
18.576 125.181
18.6092 125.157
18.6426 125.135
18.6771 125.122
18.7103 125.097
18.7434 125.073
18.7786 125.066
18.8135 125.056
18.847 125.036
18.8819 125.027
18.9162 125.012
18.9497 124.991
18.9839 124.976
19.0173 124.954
19.0506 124.932
19.0856 124.924
19.1207 124.917
19.1547 124.9
19.1891 124.887
19.2237 124.876
19.2578 124.861
19.2915 124.843
19.3234 124.809
19.3582 124.8
19.3942 124.8
19.4296 124.796
19.4642 124.785
19.4976 124.765
19.5308 124.743
19.5656 124.733
19.5999 124.72
19.6338 124.704
19.6685 124.695
19.7044 124.695
19.7382 124.678
19.7716 124.658
19.807 124.654
19.8425 124.65
19.8763 124.633
19.9096 124.613
19.9445 124.606
19.9804 124.606
20.0186 124.624
20.0562 124.637
20.0932 124.647
20.1282 124.639
20.164 124.639
20.1999 124.639
20.2332 124.619
20.2658 124.593
20.2995 124.576
20.3325 124.554
20.3681 124.552
20.4052 124.562
20.441 124.562
20.4762 124.556
20.512 124.556
20.5484 124.56
20.5828 124.549
20.6177 124.542
20.653 124.538
20.6884 124.534
20.723 124.525
20.7586 124.523
20.7935 124.516
20.8288 124.512
20.8652 124.516
20.9015 124.52
20.9371 124.518
20.9722 124.512
21.0068 124.503
21.0424 124.501
21.078 124.499
21.114 124.501
21.1486 124.492
21.1842 124.49
21.22 124.49
21.2554 124.487
21.2902 124.479
21.3252 124.474
21.3633 124.491
21.4004 124.5
21.4372 124.507
21.473 124.507
21.5088 124.507
21.5452 124.511
21.581 124.511
21.6165 124.509
21.6534 124.517
21.6894 124.519
21.725 124.517
21.7629 124.532
21.8017 124.554
21.8376 124.554
21.8734 124.554
21.9097 124.558
21.9466 124.565
21.9821 124.563
22.0185 124.567
22.0556 124.576
22.0922 124.582
22.1282 124.584
22.1685 124.615
22.2051 124.621
22.2412 124.623
22.2775 124.627
22.3133 124.627
22.351 124.64
22.3871 124.641
22.4234 124.645
22.4616 124.662
22.5009 124.686
22.5375 124.692
22.5739 124.695
22.6124 124.714
22.649 124.72
22.6854 124.723
22.7247 124.748
22.7642 124.774
22.8001 124.774
22.9135 124.815
22.9526 124.837
22.9895 124.844
23.0316 124.887
23.0683 124.893
23.1047 124.896
23.1408 124.898
23.1805 124.924
23.2207 124.954
23.2574 124.96
23.2936 124.962
24.1268 125.491
24.2896 125.615
24.3267 125.622
