-24.8698 83.9006
-24.8434 83.8995
10.613 157.225
10.6563 157.233
10.6997 157.243
10.7438 157.265
10.7828 157.195
11.6539 155.295
11.6938 155.253
11.7332 155.203
11.7677 155.072
11.8086 155.049
12.0045 154.792
12.0421 154.717
12.0821 154.68
12.1221 154.644
12.1618 154.602
12.2031 154.586
12.243 154.55
12.2801 154.469
12.3212 154.451
12.3596 154.391
12.4012 154.381
12.4429 154.373
12.4827 154.336
12.6012 154.211
12.6413 154.18
12.6832 154.175
12.725 154.17
12.8807 153.975
12.9243 153.998
12.964 153.962
13.0035 153.923
13.0419 153.869
13.0821 153.84
13.1231 153.825
13.1636 153.801
13.2054 153.796
13.2478 153.801
13.2883 153.778
13.3291 153.759
13.3701 153.744
13.4082 153.687
13.4488 153.666
13.4883 153.63
13.5283 153.602
13.5698 153.594
13.6109 153.581
13.6509 153.552
13.6907 153.521
13.7307 153.493
13.7705 153.462
13.8114 153.446
13.8517 153.423
13.8931 153.415
13.9345 153.407
13.9769 153.412
14.0183 153.404
14.0586 153.381
14.0987 153.355
14.1393 153.337
14.1803 153.324
14.2213 153.311
14.262 153.293
14.1013 150.586
14.3441 153.27
14.3845 153.249
14.4255 153.236
14.4676 153.238
14.508 153.218
14.5472 153.182
14.5876 153.161
14.6328 153.204
14.6765 153.227
14.719 153.234
14.76 153.221
14.7997 153.193
14.8383 153.149
14.8786 153.129
14.9189 153.108
14.9592 153.088
14.9987 153.057
15.0395 153.044
14.9668 151.594
15.0683 152.349
15.111 152.361
15.1578 152.424
15.2192 152.671
15.273 152.821
15.3368 153.093
15.4074 153.449
15.4703 153.708
15.6045 154.846
15.6609 155.02
15.7179 155.2
15.7763 155.396
15.8395 155.65
16.0513 157.712
16.0973 157.75
15.7523 153.05
16.2686 158.781
15.8363 153.052
15.8783 153.055
15.9206 153.06
15.9621 153.054
16.0029 153.041
16.0441 153.033
16.0862 153.036
16.1287 153.043
16.1714 153.053
16.2142 153.063
16.2565 153.068
16.2986 153.07
16.3404 153.07
16.3827 153.075
16.4253 153.082
16.4671 153.082
16.5099 153.092
16.5533 153.11
16.5954 153.112
16.6371 153.109
16.6803 153.124
16.7237 153.142
16.766 153.147
16.807 153.137
16.8485 153.131
16.8906 153.134
16.9345 153.156
16.9793 153.189
17.0228 153.207
17.0651 153.212
17.1075 153.217
17.1505 153.229
17.1942 153.249
17.2373 153.262
17.281 153.282
17.3234 153.287
17.3653 153.287
17.4088 153.305
17.4524 153.322
17.4952 153.332
17.5381 153.342
17.5837 153.383
17.6285 153.413
17.6716 153.426
17.7154 153.446
17.7576 153.449
17.7993 153.446
17.8434 153.469
17.8867 153.484
17.9299 153.496
17.9749 153.529
18.0191 153.552
18.0622 153.565
18.1056 153.58
18.1532 153.639
18.1971 153.659
18.24 153.669
18.2842 153.692
18.3291 153.722
18.3726 153.738
18.4158 153.75
18.4623 153.796
18.5057 153.811
18.5487 153.821
18.5937 153.852
18.6422 153.919
18.6855 153.931
18.7288 153.944
18.7718 153.954
18.8199 154.015
18.8642 154.038
18.9126 154.103
18.9562 154.118
19.0018 154.154
19.0508 154.223
19.0939 154.233
19.1399 154.272
19.1863 154.315
19.2346 154.377
19.2778 154.387
19.3212 154.4
19.3706 154.472
19.4174 154.518
19.4648 154.57
19.5141 154.64
19.5599 154.676
19.6058 154.712
19.6522 154.753
19.6986 154.794
19.7493 154.877
19.7969 154.929
19.8434 154.97
19.8907 155.02
