-26.6549 124.451
-25.574 122.765
-25.5376 122.754
-25.4943 122.701
-25.4062 122.586
-25.3676 122.561
-25.3312 122.55
-25.2062 122.419
-25.1667 122.389
-25.1279 122.363
-25.089 122.336
-25.0496 122.306
-25.0105 122.278
-24.9714 122.25
-24.9317 122.218
-24.8926 122.19
-24.8148 122.135
-24.7719 122.082
-24.7331 122.056
-24.6977 122.05
-24.6593 122.026
-24.6206 121.999
-24.5844 121.989
-24.5435 121.948
-24.5081 121.943
-24.4697 121.918
-24.4338 121.91
-24.3952 121.883
-24.3563 121.855
-24.3206 121.848
-24.2831 121.829
-24.2437 121.797
-24.2026 121.755
-24.1673 121.75
-24.1317 121.743
-24.0926 121.713
-24.0544 121.688
-24.0191 121.683
-23.9832 121.674
-23.9428 121.636
-23.9067 121.625
-23.8693 121.606
-23.8343 121.602
-23.7985 121.593
-23.7605 121.571
-23.7234 121.553
-23.6884 121.55
-23.6526 121.541
-23.6152 121.521
-23.5794 121.513
-23.5423 121.495
-23.5073 121.492
-23.472 121.486
-23.4365 121.479
-23.3992 121.46
-23.3621 121.443
-23.3266 121.436
-23.2911 121.429
-23.2564 121.427
-23.2188 121.406
-23.1812 121.385
-23.1452 121.374
-23.11 121.369
-23.0755 121.369
-23.039 121.355
-23.0015 121.334
-22.9663 121.329
-22.9318 121.329
-22.8979 121.332
-22.8635 121.332
-22.8283 121.327
-22.7933 121.323
-22.7578 121.316
-22.7208 121.299
-22.6846 121.286
-22.6499 121.285
-22.6155 121.285
-22.5811 121.285
-22.5456 121.278
-22.5084 121.258
-22.4734 121.255
-22.4388 121.253
-22.4041 121.251
-22.3706 121.258
-22.3372 121.265
-22.3025 121.263
-22.2686 121.267
-22.2361 121.281
-22.2017 121.281
-22.166 121.272
-22.1301 121.261
-22.0934 121.246
-22.0589 121.246
-22.0252 121.251
-21.9913 121.254
-21.9571 121.256
-21.9219 121.251
-21.8872 121.249
-21.8532 121.252
-21.8193 121.256
-21.7858 121.263
-21.7511 121.261
-21.7159 121.256
-21.6839 121.273
-21.6502 121.278
-21.6167 121.285
-21.5822 121.285
-21.547 121.28
-21.5128 121.281
-21.4786 121.283
-21.4441 121.283
-21.4097 121.283
-21.3759 121.288
-21.3419 121.292
-21.3084 121.299
-21.2754 121.309
-21.2426 121.321
-21.2083 121.323
-21.1743 121.326
-21.1408 121.333
-21.107 121.338
-21.0749 121.356
-21.0407 121.358
-21.0088 121.377
-20.9769 121.396
-20.9436 121.405
-20.9065 121.385
-20.8715 121.382
-20.8391 121.397
-20.8065 121.411
-20.7717 121.41
-20.7377 121.413
-20.7041 121.42
-20.6701 121.423
-20.636 121.427
-20.6024 121.434
-20.5688 121.441
-20.5357 121.451
-20.5023 121.46
-20.4694 121.472
-20.4374 121.491
-20.405 121.507
-20.3709 121.51
-20.337 121.516
-20.3034 121.523
-20.2709 121.538
-20.2391 121.559
-20.2059 121.57
-20.175 121.598
-20.1416 121.606
-20.107 121.606
-20.0745 121.622
-20.0415 121.634
-20.0085 121.646
-19.9762 121.664
-19.9432 121.676
-19.909 121.68
-19.8747 121.681
-19.8425 121.701
-19.8113 121.727
-19.7776 121.734
-19.7434 121.737
-19.7102 121.748
-19.6796 121.779
-19.6474 121.799
-19.6155 121.82
-19.5839 121.844
-19.5511 121.858
-19.5189 121.877
-19.4871 121.9
-19.4551 121.921
-19.4211 121.927
-19.388 121.939
-19.3575 121.972
-19.3248 121.988
-19.2917 122
-19.2616 122.037
-19.2286 122.051
-19.1964 122.071
-19.1623 122.076
-19.1307 122.1
-19.0977 122.115
-19.0678 122.153
-19.0367 122.183
-19.0052 122.21
-18.9714 122.217
-18.9364 122.215
-18.9028 122.224
-18.8741 122.273
-18.843 122.303
-18.8134 122.345
-18.7803 122.36
-18.7487 122.386
-18.7167 122.409
-18.6849 122.434
-18.6516 122.446
-18.6196 122.469
-18.588 122.496
-18.557 122.528
-18.5281 122.577
-18.495 122.591
-18.4658 122.639
-18.4365 122.685
-18.4031 122.698
-18.3718 122.728
-18.3403 122.756
-18.3084 122.781
-18.2752 122.795
-18.2447 122.833
-18.2133 122.863
-18.1824 122.897
-18.1514 122.93
-18.1242 122.996
-18.0936 123.034
-18.0622 123.064
-18.0308 123.094
-17.9995 123.127
-17.9675 123.151
-17.9385 123.203
-17.9072 123.235
-17.8763 123.271
-17.8464 123.316
-17.8153 123.35
-17.7846 123.388
-17.7557 123.441
-17.7267 123.495
-17.6978 123.549
-17.6682 123.597
-17.635 123.614
-17.6058 123.666
-17.5765 123.718
-17.5455 123.754
-17.5164 123.808
-17.4877 123.865
-17.4564 123.9
-17.4273 123.954
-17.3411 124.129
-17.3125 124.189
-17.2825 124.236
-17.2518 124.277
-17.2239 124.344
-17.2021 124.468
-17.1734 124.528
-17.1431 124.573
-17.118 124.668
-17.0874 124.712
-17.0572 124.759
-17.0233 124.772
-16.9895 124.786
-16.9547 125.123
-16.9813 127.393
-16.9461 127.401
-16.8068 126.413
-16.7721 126.423
