-24.87 83.9017
-24.8437 83.9005
-8.30773 158.265
-8.26228 158.209
-8.21618 158.136
-8.16999 158.061
-7.9855 157.759
-7.94069 157.714
-7.89579 157.666
-7.85103 157.62
-7.80628 157.575
-7.76134 157.525
-7.71568 157.455
-7.67079 157.405
-7.62498 157.33
-7.58128 157.309
-7.53594 157.245
-7.49248 157.23
-7.4481 157.19
-7.40375 157.15
-7.3592 157.105
-7.31488 157.065
-7.27048 157.023
-7.22599 156.978
-7.18064 156.909
-7.13601 156.859
-7.09256 156.841
-7.04932 156.827
-7.00521 156.791
-6.96169 156.77
-6.91781 156.738
-6.87459 156.725
-6.83054 156.688
-6.78623 156.643
-6.74221 156.606
-6.69831 156.572
-6.65496 156.554
-6.60999 156.488
-6.56658 156.467
-6.52273 156.433
-6.4796 156.42
-6.43666 156.412
-6.39258 156.37
-6.34939 156.354
-6.30638 156.344
-6.26328 156.331
-6.21977 156.305
-6.17618 156.276
-6.13302 156.26
-6.08987 156.245
-6.04598 156.205
-6.00293 156.192
-5.95997 156.182
-5.91637 156.15
-5.87325 156.135
-5.82975 156.106
-5.78681 156.096
-5.74412 156.093
-5.70142 156.091
-5.65864 156.086
-5.61434 156.028
-5.57135 156.015
-5.52799 155.989
-5.48524 155.984
-5.44234 155.973
-5.39953 155.966
-5.35678 155.961
-5.31332 155.929
-5.27051 155.922
-5.22742 155.903
-5.1847 155.898
-5.1419 155.891
-5.09862 155.864
-5.05591 155.859
-5.0134 155.862
-4.97123 155.878
-4.92898 155.891
-4.88579 155.868
-4.84275 155.85
-4.79991 155.839
-4.75681 155.819
-4.71405 155.811
-4.6711 155.795
-4.62834 155.788
-4.58583 155.79
-4.54333 155.793
-4.50064 155.788
-4.45782 155.778
-4.4149 155.762
-4.37233 155.762
-4.32983 155.765
-4.28738 155.771
-4.2451 155.784
-4.20242 155.779
-4.15945 155.761
-4.11666 155.75
-4.07387 155.74
-4.03158 155.753
-3.98951 155.777
-3.94629 155.746
-3.9033 155.725
-3.86074 155.725
-3.8187 155.751
-3.77659 155.775
-3.73402 155.775
-3.6914 155.773
-3.64842 155.752
-3.60576 155.747
-3.56289 155.731
-3.52033 155.731
-3.47795 155.742
-3.43576 155.763
-3.39384 155.8
-3.35121 155.798
-3.3084 155.785
-3.26559 155.772
-3.22333 155.79
-3.18083 155.796
-3.13816 155.791
-3.09549 155.785
-3.05312 155.799
-3.01082 155.817
-2.96819 155.815
-2.9258 155.828
-2.88349 155.847
-2.84112 155.863
-2.79856 155.865
-2.75622 155.884
-2.71384 155.9
-2.67148 155.918
-2.62894 155.924
-2.58639 155.929
-2.54395 155.942
-2.50153 155.958
-2.45894 155.961
-2.41612 155.945
-2.37336 155.935
-2.33109 155.964
-2.28913 156.02
-2.24661 156.03
-2.20403 156.036
-2.16168 156.062
-2.11903 156.062
-2.07641 156.065
-2.03384 156.073
-1.99137 156.092
-1.94928 156.147
-1.90679 156.166
-1.8644 156.195
-1.82202 156.227
-1.77943 156.237
-1.73683 156.248
-1.6942 156.256
-1.65194 156.306
-1.60925 156.309
-1.56659 156.315
-1.52396 156.325
-1.48137 156.341
-1.43907 156.397
-1.39646 156.413
-1.35384 156.429
-1.31114 156.434
-1.26873 156.485
-1.22607 156.498
-1.18356 156.538
-1.14088 156.551
-1.09834 156.591
-1.0559 156.652
-1.01318 156.665
-0.970462 156.679
-0.927835 156.713
-0.885107 156.729
-0.842618 156.801
-0.799953 156.839
-0.757271 156.876
-0.714562 156.911
-0.671754 156.921
-0.629029 156.959
-0.586221 156.975
-0.543567 157.047
-0.500719 157.057
-0.457995 157.121
-0.415131 157.135
-0.37233 157.183
-0.329545 157.252
-0.286639 157.263
-0.243809 157.335
-0.200883 157.349
-0.115057 157.442
-0.0721266 157.52
-0.0291559 157.571
0.0138374 157.641
0.0568567 157.689
0.402031 158.203
0.445336 158.281
0.837416 159.173
