-23.238 133.333
-23.1964 133.305
-22.1283 132.35
-22.09 132.344
-22.0491 132.318
-22.0119 132.32
-21.9712 132.296
-21.7214 132.104
-21.6829 132.096
-21.6452 132.094
-21.6081 132.097
-21.4875 132.032
-21.4493 132.026
-21.3667 131.966
-21.3285 131.96
-21.288 131.936
-21.1709 131.898
-21.1299 131.87
-21.092 131.866
-21.0541 131.862
-21.0137 131.838
-20.975 131.828
-20.9369 131.823
-20.8972 131.805
-20.8573 131.785
-20.8189 131.777
-20.7808 131.771
-20.7437 131.773
-20.7031 131.747
-20.6647 131.739
-20.6268 131.735
-20.5872 131.717
-20.5491 131.712
-20.5117 131.712
-20.4734 131.704
-20.4343 131.69
-20.3947 131.672
-20.3608 131.701
-20.3251 131.715
-20.2873 131.712
-20.2464 131.684
-20.2054 131.653
-20.1665 131.641
-20.1282 131.634
-20.0909 131.634
-20.052 131.622
-20.013 131.608
-19.9744 131.598
-19.9385 131.611
-19.8989 131.593
-19.8609 131.587
-19.8242 131.593
-19.7873 131.598
-19.7488 131.588
-19.7117 131.59
-19.675 131.596
-19.6364 131.587
-19.5976 131.575
-19.56 131.573
-19.5227 131.573
-19.4848 131.569
-19.4475 131.57
-19.4099 131.568
-19.3723 131.566
-19.3349 131.567
-19.2973 131.565
-19.2606 131.571
-19.2237 131.575
-19.1861 131.574
-19.1504 131.588
-19.1153 131.609
-19.0779 131.609
-19.0396 131.601
-19.0008 131.589
-18.9616 131.573
-18.9226 131.559
-18.8863 131.57
-18.8519 131.597
-18.8166 131.615
-18.7776 131.601
-18.7432 131.628
-18.7065 131.634
-18.6695 131.638
-18.6307 131.627
-18.5951 131.643
-18.5564 131.631
-18.5208 131.648
-18.4822 131.638
-18.4455 131.644
-18.4067 131.632
-18.3686 131.626
-18.3314 131.629
-18.2947 131.635
-18.2588 131.65
-18.2238 131.672
-18.1891 131.697
-18.1534 131.713
-18.1193 131.744
-18.0831 131.757
-18.0446 131.747
-18.0082 131.757
-17.9736 131.784
-17.9381 131.803
-17.9029 131.823
-17.8665 131.834
-17.8299 131.842
-17.7939 131.857
-17.7579 131.871
-17.7235 131.9
-17.6853 131.894
-17.6493 131.909
-17.6125 131.915
-17.5758 131.923
-17.5398 131.938
-17.5051 131.965
-17.4701 131.989
-17.4339 132.002
-17.3983 132.021
-17.3616 132.029
-17.3264 132.052
-17.2901 132.064
-17.2547 132.085
-17.2182 132.095
-17.1817 132.106
-17.1462 132.127
-17.111 132.149
-17.0746 132.162
-17.0417 132.207
-17.0059 132.226
-16.9696 132.238
-16.9341 132.259
-16.899 132.284
-16.8618 132.288
-16.8248 132.295
-16.7884 132.307
-16.7551 132.351
-16.7191 132.367
-16.6853 132.406
-16.6497 132.427
-16.6129 132.436
-16.5791 132.475
-16.5437 132.498
-16.5087 132.525
-16.473 132.546
-16.4365 132.558
-16.4015 132.585
-16.3648 132.596
-16.3301 132.627
-16.2954 132.658
-16.2607 132.689
-16.2266 132.726
-16.1914 132.753
-16.1565 132.783
-16.1201 132.797
-16.0869 132.845
-16.0505 132.86
-16.0179 132.914
-15.9813 132.926
-15.9488 132.982
-15.9144 133.018
-15.8793 133.047
-15.8427 133.059
-15.8086 133.099
-15.7758 133.153
-15.7414 133.191
-15.7084 133.243
-15.6739 133.278
-15.6381 133.301
-15.6043 133.345
-15.5685 133.368
-15.5333 133.397
-15.4996 133.443
-15.4652 133.481
-15.4307 133.519
-15.4004 133.602
-15.3639 133.619
-15.3292 133.655
-15.2971 133.72
-15.2618 133.749
-15.227 133.785
-15.1933 133.833
-15.1609 133.896
-15.1281 133.955
-15.0952 134.011
-15.061 134.056
-15.0291 134.125
-14.997 134.192
-14.9647 134.258
-14.9319 134.319
-14.8955 134.338
-14.8653 134.429
-14.8332 134.498
-14.8005 134.562
-14.2384 135.151
-14.2034 135.192
-14.1672 135.217
-14.129 135.22
