-6.56874 123.018
-6.4883 122.775
-6.44915 122.677
-6.40863 122.546
-6.36995 122.457
-6.33234 122.393
-6.29505 122.336
-6.25476 122.205
-6.2179 122.158
-6.1775 122.021
-6.1405 121.969
-6.10409 121.93
-6.02583 121.713
-5.98792 121.634
-5.95189 121.602
-5.91602 121.574
-5.87928 121.523
-5.84143 121.443
-5.80375 121.366
-5.69412 121.22
-5.65839 121.192
-5.62247 121.159
-5.5858 121.105
-5.54934 121.056
-5.51342 121.021
-5.47763 120.99
-5.4418 120.957
-5.40537 120.906
-5.36963 120.875
-5.33342 120.829
-5.29705 120.779
-5.26185 120.762
-5.22582 120.72
-5.19058 120.701
-5.15464 120.661
-5.1189 120.626
-5.08323 120.593
-5.04775 120.565
-5.01188 120.525
-4.97666 120.505
-4.94071 120.461
-4.90523 120.432
-4.8697 120.401
-4.83387 120.359
-4.79887 120.344
-4.76349 120.316
-4.72776 120.276
-4.69284 120.262
-4.65762 120.238
-4.62192 120.198
-4.58693 120.181
-4.55169 120.155
-4.51651 120.131
-4.48174 120.121
-4.44673 120.102
-4.41158 120.077
-4.37659 120.058
-4.34106 120.021
-4.3059 119.995
-4.27084 119.972
-4.23599 119.957
-4.2009 119.933
-4.16592 119.912
-4.13133 119.905
-4.09622 119.879
-4.06122 119.857
-4.02641 119.841
-3.99175 119.831
-3.95704 119.819
-3.92203 119.795
-3.88748 119.788
-3.85274 119.774
-3.81772 119.748
-3.78274 119.724
-3.74808 119.712
-3.71329 119.695
-3.67835 119.671
-3.64387 119.666
-3.60939 119.661
-3.57467 119.645
-3.53984 119.625
-3.50514 119.609
-3.47068 119.604
-3.43614 119.595
-3.40157 119.585
-3.36674 119.563
-3.33206 119.547
-3.29751 119.537
-3.26307 119.532
-3.2286 119.525
-3.19388 119.506
-3.15931 119.494
-3.12478 119.484
-3.09029 119.475
-3.05559 119.456
-3.02111 119.448
-2.98663 119.439
-2.95223 119.434
-2.91786 119.43
-2.88336 119.42
-2.84863 119.398
-2.81421 119.391
-2.77978 119.384
-2.7454 119.379
-2.7111 119.379
-2.67678 119.377
-2.6424 119.372
-2.60805 119.368
-2.57364 119.361
-2.53911 119.348
-2.50463 119.336
-2.47026 119.33
-2.43589 119.325
-2.4015 119.318
-2.36705 119.308
-2.33264 119.3
-2.29842 119.303
-2.26424 119.31
-2.22994 119.308
-2.19553 119.299
-2.16118 119.294
-2.1269 119.294
-2.09263 119.294
-2.0583 119.291
-2.02396 119.285
-1.98957 119.277
-1.9552 119.27
-1.92093 119.27
-1.88666 119.27
-1.85251 119.28
-1.81828 119.283
-1.78396 119.28
-1.74964 119.276
-1.71537 119.276
-1.68107 119.274
-1.64684 119.278
-1.61264 119.285
-1.5781 119.261
-1.54397 119.274
-1.50965 119.269
-1.47544 119.276
-1.44123 119.282
-1.40699 119.286
-1.37268 119.282
-1.33841 119.284
-1.30421 119.292
-1.26996 119.296
-1.23568 119.296
-1.20147 119.304
-1.16721 119.307
-1.13293 119.307
-1.09868 119.312
-1.06445 119.319
-1.03015 119.317
-0.99585 119.316
-0.961598 119.321
-0.927366 119.329
-0.893119 119.336
-0.858849 119.339
-0.824606 119.348
-0.790341 119.353
-0.756111 119.365
-0.721848 119.371
-0.687591 119.38
-0.653322 119.387
-0.619043 119.392
-0.584739 119.392
-0.550449 119.395
-0.516171 119.402
-0.481871 119.403
-0.447611 119.417
-0.413334 119.427
-0.379027 119.429
-0.344724 119.432
-0.31042 119.435
-0.276114 119.439
-0.241811 119.444
-0.207527 119.461
-0.173221 119.469
-0.138917 119.481
-0.104622 119.505
-0.0703174 119.53
-0.0359868 119.536
-0.00165402 119.541
0.0326776 119.558
0.0670165 119.578
0.101363 119.59
0.135715 119.604
0.170075 119.619
0.204438 119.631
0.238816 119.651
0.2732 119.67
0.307605 119.697
0.342002 119.713
0.376382 119.716
0.410782 119.728
0.445183 119.738
0.479585 119.747
0.514062 119.781
0.548544 119.812
0.583006 119.832
0.617464 119.849
0.651918 119.863
0.686364 119.873
0.720843 119.89
0.755292 119.899
0.78972 119.902
0.824241 119.924
0.858798 119.952
0.893357 119.977
0.927918 120.001
0.962422 120.013
0.996971 120.032
1.0315 120.046
1.06618 120.084
1.10069 120.092
1.13526 120.109
1.16987 120.132
1.2046 120.168
1.23931 120.2
1.274 120.228
1.30869 120.254
1.34323 120.26
1.37795 120.288
1.41286 120.336
1.44776 120.381
1.48233 120.388
1.51691 120.395
1.55171 120.424
1.58651 120.453
1.62132 120.481
1.65631 120.526
1.69114 120.553
1.72596 120.579
1.76078 120.603
1.79553 120.621
1.83066 120.671
1.86585 120.725
2.07598 120.929
2.11119 120.974
