-24.87 83.9017
-24.8432 83.8985
-15.3407 129.664
-15.303 129.653
-15.2657 129.645
-15.2287 129.641
-15.1905 129.624
-15.1525 129.608
-14.6793 128.823
-14.6425 128.82
-14.6063 128.822
-14.569 128.812
-14.5298 128.781
-14.4903 128.747
-14.0528 128.321
-14.0162 128.317
-13.9775 128.29
-13.9364 128.234
-13.8995 128.227
-13.8622 128.215
-13.8218 128.167
-13.7834 128.142
-13.6688 128.075
-13.6301 128.047
-13.5913 128.016
-13.5524 127.985
-13.5157 127.98
-13.4774 127.955
-13.4386 127.924
-13.4001 127.898
-13.3636 127.894
-13.3254 127.871
-13.2886 127.863
-13.2515 127.854
-13.213 127.825
-13.1763 127.82
-13.1383 127.799
-13.1016 127.793
-13.0629 127.763
-13.0229 127.715
-12.9842 127.684
-12.9489 127.696
-12.911 127.675
-12.8744 127.669
-12.837 127.654
-12.8006 127.652
-12.7638 127.645
-12.7261 127.626
-12.6896 127.622
-12.6513 127.596
-12.6141 127.582
-12.5761 127.559
-12.5382 127.537
-12.5018 127.535
-12.4652 127.529
-12.4285 127.522
-12.3905 127.499
-12.3542 127.497
-12.3179 127.495
-12.2814 127.492
-12.2445 127.482
-12.2068 127.461
-12.1702 127.456
-12.1323 127.433
-12.0954 127.424
-12.0584 127.412
-12.0211 127.397
-11.9849 127.397
-11.9492 127.403
-11.9133 127.407
-11.8777 127.415
-11.8405 127.4
-11.8029 127.381
-11.766 127.371
-11.7296 127.368
-11.693 127.362
-11.6565 127.356
-11.6206 127.36
-11.5847 127.364
-11.5477 127.353
-11.511 127.346
-11.4743 127.338
-11.4374 127.327
-11.4012 127.327
-11.3647 127.321
-11.3285 127.321
-11.2925 127.323
-11.2565 127.326
-11.2205 127.328
-11.184 127.324
-11.1478 127.322
-11.1111 127.315
-11.0743 127.305
-11.0388 127.315
-11.0034 127.326
-10.9667 127.319
-10.9298 127.308
-10.8936 127.308
-10.8584 127.321
-10.8225 127.325
-10.7865 127.329
-10.7519 127.352
-10.7169 127.369
-10.681 127.373
-10.6457 127.387
-10.61 127.395
-10.5732 127.385
-10.5368 127.382
-10.5003 127.378
-10.4638 127.372
-10.4281 127.38
-10.3922 127.384
-10.3554 127.375
-10.3189 127.371
-10.283 127.375
-10.2467 127.373
-10.2103 127.369
-10.1743 127.373
-10.1381 127.373
-10.1016 127.368
-10.0658 127.374
-10.0309 127.395
-9.99528 127.404
-9.95932 127.408
-9.92336 127.412
-9.88763 127.42
-9.85178 127.426
-9.81616 127.436
-9.78065 127.447
-9.74525 127.461
-9.70985 127.474
-9.6742 127.484
-9.63844 127.492
-9.60245 127.496
-9.56657 127.502
-9.53125 127.517
-9.49581 127.531
-9.46014 127.54
-9.42435 127.548
-9.38934 127.569
-9.35399 127.585
-9.31907 127.608
-9.28348 127.619
-9.24733 127.621
-9.21107 127.621
-9.17547 127.633
-9.13986 127.645
-9.10425 127.656
-9.06938 127.681
-9.03386 127.695
-8.9993 127.726
-8.9644 127.751
-8.92811 127.751
-8.89203 127.755
-8.85668 127.772
-8.8207 127.778
-8.78502 127.79
-8.75102 127.832
-8.71553 127.848
-8.68056 127.873
-8.64465 127.881
-8.61109 127.933
-8.57547 127.946
-8.53903 127.945
-8.50258 127.943
-8.46755 127.968
-8.4318 127.979
-8.39755 128.02
-8.36169 128.03
-8.32801 128.082
-8.29252 128.099
-8.25643 128.105
-8.22113 128.127
-8.18611 128.154
-8.15049 128.169
-8.11622 128.212
-8.08049 128.226
-8.04523 128.249
-8.01014 128.276
-7.97515 128.305
-7.93947 128.321
-7.90445 128.35
-7.86941 128.379
-7.83455 128.412
-7.79959 128.443
-7.76423 128.466
-7.72813 128.474
-7.69312 128.505
-7.65911 128.558
-7.62398 128.587
-7.58829 128.605
-7.55396 128.651
-7.5187 128.679
-7.48324 128.702
-7.4484 128.739
-7.41302 128.765
-7.37806 128.8
-7.34335 128.841
-7.3095 128.901
-7.27536 128.956
-7.23929 128.968
-7.20424 129.003
-7.1691 129.036
-7.13496 129.093
-7.09996 129.13
-7.06544 129.179
-7.03022 129.212
-6.99516 129.25
-6.96075 129.303
-6.92491 129.322
-6.89153 129.401
-6.8573 129.46
-6.82206 129.495
-6.78786 129.556
-6.75315 129.605
-6.71867 129.66
-6.68399 129.712
-6.64897 129.755
-6.61457 129.814
-6.58015 129.873
-6.54578 129.935
-6.51169 130.004
-6.47827 130.091
-6.44397 130.156
-6.40964 130.222
-6.37627 130.313
-6.34195 130.38
-6.30753 130.446
-6.27308 130.512
-5.96121 132.132
-5.92547 132.177
-5.88827 132.181
