4.43114 128.949
4.46803 128.94
4.50418 128.902
4.56834 128.535
4.60361 128.47
4.6389 128.407
4.9486 127.625
4.98281 127.537
5.01786 127.479
5.0542 127.464
5.19325 127.205
5.22883 127.169
5.36936 126.972
5.40428 126.919
5.44052 126.905
5.50928 126.769
5.54463 126.731
5.58003 126.694
5.61488 126.643
5.64958 126.587
5.68586 126.578
5.72153 126.551
5.75698 126.519
5.79167 126.465
5.82709 126.433
5.86256 126.402
5.89698 126.343
5.93221 126.307
5.96771 126.278
6.00241 126.229
6.03852 126.217
6.07362 126.179
6.10827 126.13
6.14434 126.119
6.17969 126.088
6.21516 126.062
6.25048 126.031
6.286 126.007
6.32204 125.995
6.35747 125.969
6.39266 125.937
6.42784 125.904
6.4624 125.857
6.49831 125.844
6.53344 125.812
6.56949 125.802
6.60453 125.768
6.64048 125.757
6.67588 125.732
6.71127 125.708
6.74721 125.696
6.78154 125.647
6.81706 125.627
6.85256 125.606
6.88903 125.608
6.92436 125.583
6.95992 125.564
6.99523 125.54
7.03085 125.523
7.06722 125.523
7.1025 125.499
7.1381 125.482
7.17337 125.457
7.20845 125.429
7.24386 125.408
7.27849 125.371
7.31405 125.354
7.35028 125.352
7.38678 125.356
7.4231 125.356
7.45837 125.333
7.49338 125.305
7.52863 125.283
7.56423 125.268
7.60053 125.268
7.63656 125.262
7.67215 125.247
7.70637 125.204
7.74148 125.18
7.77649 125.153
7.81322 125.163
7.84931 125.159
7.88485 125.144
7.92028 125.127
7.95599 125.116
7.99226 125.116
8.02908 125.128
8.06544 125.13
8.10123 125.12
8.13626 125.096
8.17128 125.071
8.20714 125.064
8.24282 125.053
8.27897 125.051
8.31502 125.047
8.35116 125.046
8.38721 125.042
8.42247 125.023
8.45772 125.004
8.49306 124.988
8.52889 124.98
8.56462 124.971
8.60034 124.962
8.63646 124.96
8.67268 124.96
8.7087 124.956
8.74431 124.945
8.78063 124.947
8.81674 124.945
8.85193 124.927
8.88803 124.925
8.92456 124.93
8.96066 124.929
8.99645 124.921
9.03329 124.933
9.06961 124.935
9.10582 124.935
9.1415 124.925
9.17781 124.927
9.21413 124.929
9.24947 124.914
9.28513 124.905
9.32188 124.914
9.35895 124.929
9.39483 124.924
9.43071 124.918
9.46724 124.924
9.50355 124.926
9.53965 124.924
9.57574 124.922
9.61171 124.919
9.64803 124.921
9.68445 124.925
9.72054 124.923
9.75674 124.923
9.79385 124.938
9.83143 124.96
9.86799 124.966
9.90338 124.953
9.93889 124.942
9.97521 124.944
10.0121 124.955
10.0484 124.957
10.0849 124.961
10.1219 124.974
10.1582 124.976
10.194 124.969
10.2299 124.965
10.2665 124.971
10.3038 124.988
10.3409 125.003
10.3773 125.005
10.4137 125.009
10.4504 125.016
10.4872 125.026
10.5238 125.031
10.5613 125.05
10.5987 125.069
10.6353 125.075
10.671 125.067
10.7068 125.06
10.7439 125.073
10.7825 125.109
10.8201 125.13
10.8567 125.135
10.8945 125.158
10.9312 125.166
10.9677 125.169
11.0051 125.186
11.0419 125.194
11.0777 125.188
11.1134 125.181
11.149 125.172
11.1864 125.189
11.2259 125.236
11.2635 125.255
11.302 125.287
11.3406 125.321
11.3777 125.332
11.4153 125.351
11.4513 125.347
11.4877 125.349
11.5247 125.359
11.563 125.387
11.6021 125.427
11.6393 125.44
11.6759 125.444
11.7127 125.451
11.7508 125.476
11.7905 125.523
11.8275 125.533
11.8648 125.546
11.9046 125.593
11.9426 125.616
11.9795 125.624
12.0178 125.65
12.0548 125.66
12.0933 125.688
12.1317 125.717
12.1702 125.745
12.2087 125.774
12.2465 125.793
12.2837 125.804
12.3228 125.84
12.3631 125.891
12.4811 126.007
12.5184 126.019
12.5567 126.044
12.5939 126.053
12.6307 126.059
13.2256 126.661
13.2662 126.711
13.304 126.726
