-5.50022 139.649
-5.37515 139.41
-5.33447 139.362
-5.29415 139.324
-5.25285 139.254
-5.21172 139.188
-5.17133 139.146
-5.13031 139.083
-5.08945 139.023
-5.0502 139.019
-5.01001 138.982
-4.96796 138.879
-4.92794 138.846
-4.88855 138.835
-4.84764 138.769
-4.8067 138.702
-4.76651 138.66
-4.7264 138.621
-4.68577 138.562
-4.64581 138.527
-4.60523 138.468
-4.56571 138.449
-4.52648 138.44
-4.48613 138.388
-4.44608 138.346
-4.40621 138.312
-4.36636 138.277
-4.32712 138.266
-4.28665 138.205
-4.24737 138.192
-4.20715 138.14
-4.16748 138.11
-4.12823 138.097
-4.08807 138.045
-4.04889 138.034
-4.00962 138.019
-3.96961 137.971
-3.93035 137.956
-3.89033 137.906
-3.85071 137.874
-3.81163 137.865
-3.77241 137.85
-3.73301 137.827
-3.69353 137.799
-3.65406 137.771
-3.61442 137.734
-3.57533 137.723
-3.53638 137.719
-3.49734 137.71
-3.45792 137.682
-3.41808 137.633
-3.3789 137.616
-3.33989 137.607
-3.30055 137.581
-3.26135 137.562
-3.22223 137.547
-3.18297 137.523
-3.14394 137.513
-3.105 137.506
-3.06561 137.474
-3.02652 137.459
-2.98741 137.442
-2.94842 137.431
-2.90932 137.414
-2.87022 137.397
-2.83128 137.388
-2.79226 137.376
-2.75329 137.365
-2.71422 137.348
-2.67516 137.331
-2.63623 137.322
-2.59734 137.316
-2.55852 137.314
-2.51957 137.303
-2.48047 137.282
-2.44147 137.267
-2.40248 137.252
-2.36346 137.235
-2.32451 137.222
-2.2857 137.22
-2.24687 137.216
-2.20804 137.212
-2.16921 137.207
-2.13032 137.199
-2.09137 137.184
-2.05247 137.173
-2.01367 137.171
-1.97485 137.167
-1.93601 137.161
-1.89714 137.152
-1.85826 137.142
-1.8194 137.133
-1.78056 137.127
-1.74173 137.121
-1.7029 137.114
-1.66418 137.119
-1.62541 137.119
-1.58665 137.119
-1.54778 137.108
-1.50892 137.098
-1.47014 137.096
-1.43132 137.089
-1.39249 137.081
-1.35369 137.077
-1.31491 137.075
-1.27618 137.079
-1.23742 137.079
-1.19861 137.073
-1.15968 137.05
-1.12095 137.054
-1.08234 137.078
-1.00212 130.534
-1.00486 137.089
-0.965958 137.065
-0.927075 137.044
-0.888179 137.018
-0.849379 137.01
-0.810643 137.014
-0.771981 137.036
-0.733273 137.049
-0.694541 137.058
-0.655779 137.06
-0.617016 137.062
-0.578259 137.067
-0.539505 137.073
-0.500768 137.087
-0.462047 137.108
-0.423273 137.113
-0.384502 137.119
-0.345731 137.128
-0.30696 137.139
-0.268184 137.15
-0.229396 137.157
-0.190613 137.17
-0.151816 137.176
-0.113015 137.181
-0.0742116 137.185
-0.0354072 137.196
0.00340255 137.207
0.0422166 137.211
0.0810356 137.222
0.119861 137.235
0.158686 137.24
0.197511 137.242
0.236349 137.253
0.27524 137.297
0.3141 137.31
0.35294 137.31
0.391776 137.308
0.430643 137.319
0.469532 137.336
0.508441 137.358
0.547308 137.362
0.586227 137.382
0.625101 137.386
0.663971 137.389
0.70285 137.393
0.741759 137.404
0.780882 137.463
0.819891 137.491
0.858789 137.493
0.897687 137.496
0.936576 137.496
0.975513 137.505
1.0147 137.557
1.05373 137.579
1.0928 137.605
1.13175 137.609
1.17078 137.627
1.20976 137.635
1.24891 137.668
1.28805 137.696
1.32703 137.703
1.36604 137.712
1.40505 137.721
1.44442 137.773
1.4837 137.812
1.52272 137.819
1.5619 137.843
1.60115 137.874
1.64041 137.904
1.6795 137.915
1.71883 137.95
1.75818 137.985
1.79749 138.016
1.8366 138.025
1.87594 138.055
1.91529 138.086
1.95473 138.123
1.99389 138.134
2.03328 138.165
2.07272 138.198
2.23079 138.345
2.2703 138.378
2.30977 138.406
2.35013 138.501
2.3897 138.534
2.42889 138.538
2.46812 138.545
2.50787 138.589
2.54791 138.65
2.58755 138.683
2.62672 138.684
2.7072 138.824
2.74698 138.862
2.78716 138.924
2.82698 138.961
2.86643 138.975
2.90668 139.036
3.14931 139.439
3.18937 139.479
3.22932 139.513
3.43481 139.965
3.4751 140.007
3.51558 140.058
3.558 140.206
3.59968 140.313
3.64077 140.389
3.68291 140.515
3.90325 143.411
3.94353 143.413
3.98387 143.418
