-14.6095 146.604
-14.5657 146.559
-14.5177 146.46
-14.4709 146.378
-14.4271 146.331
-14.3839 146.294
-14.2431 146.034
-14.2005 146.001
-14.1573 145.962
-14.1116 145.889
-14.0683 145.847
-13.8456 145.554
-13.8029 145.519
-13.762 145.508
-13.7178 145.452
-13.6743 145.405
-13.6312 145.364
-13.5886 145.329
-13.5457 145.29
-13.503 145.253
-13.4583 145.188
-13.4159 145.155
-13.375 145.141
-13.3306 145.081
-13.2897 145.068
-13.2476 145.037
-13.2048 144.998
-13.1641 144.987
-13.1198 144.927
-13.0776 144.894
-13.0369 144.883
-12.9949 144.853
-12.9533 144.83
-12.9105 144.788
-12.87 144.779
-12.8293 144.768
-12.7878 144.745
-12.747 144.731
-12.7026 144.666
-12.6605 144.634
-12.6196 144.618
-12.5786 144.602
-12.5377 144.586
-12.4977 144.584
-12.4557 144.552
-12.4138 144.522
-12.3726 144.501
-12.3311 144.476
-12.2908 144.469
-12.2488 144.437
-12.2086 144.43
-12.1672 144.407
-12.1261 144.387
-12.0835 144.345
-12.043 144.334
-12.0027 144.327
-11.9627 144.322
-11.9215 144.302
-11.8815 144.297
-11.8413 144.29
-11.8001 144.27
-11.761 144.279
-11.7197 144.256
-11.6788 144.238
-11.6368 144.203
-11.5962 144.19
-11.556 144.183
-11.516 144.178
-11.4756 144.169
-11.4343 144.144
-11.3933 144.124
-11.3532 144.119
-11.3134 144.117
-11.2728 144.103
-11.2323 144.092
-11.192 144.083
-11.1516 144.071
-11.1116 144.067
-11.0716 144.062
-11.0317 144.06
-10.992 144.06
-10.9516 144.048
-10.9113 144.039
-10.8705 144.021
-10.8305 144.017
-10.7908 144.017
-10.7512 144.019
-10.7116 144.021
-10.6722 144.026
-10.6315 144.01
-10.591 143.996
-10.5514 143.999
-10.5121 144.005
-10.4721 144.001
-10.4323 143.999
-10.3928 144.003
-10.3534 144.008
-10.3127 143.992
-10.2726 143.985
-10.2332 143.99
-10.1944 144.006
-10.1557 144.024
-10.1161 144.027
-10.0762 144.024
-10.0359 144.013
-9.99602 144.011
-9.95578 144.001
-9.91695 144.018
-9.87811 144.034
-9.83926 144.05
-9.7994 144.047
-9.75929 144.041
-9.71981 144.045
-9.6797 144.038
-9.63948 144.029
-9.60011 144.036
-9.56136 144.055
-9.52248 144.071
-9.48176 144.052
-9.44166 144.045
-9.40277 144.062
-9.36314 144.064
-9.32352 144.066
-9.28437 144.078
-9.24522 144.089
-9.20641 144.108
-9.16713 144.117
-9.12784 144.126
-9.08831 144.131
-9.0489 144.137
-9.00983 144.151
-8.97087 144.167
-8.93121 144.17
-8.89144 144.17
-8.85224 144.181
-8.8128 144.188
-8.77404 144.209
-8.73537 144.232
-8.69637 144.248
-8.65624 144.241
-8.61634 144.239
-8.5771 144.25
-8.53786 144.262
-8.4985 144.271
-8.45968 144.292
-8.42095 144.315
-8.38233 144.34
-8.34305 144.351
-8.30344 144.356
-8.26405 144.365
-8.22539 144.391
-8.18608 144.402
-8.14678 144.414
-8.10809 144.439
-8.06939 144.464
-8.03006 144.476
-7.99093 144.492
-7.9524 144.522
-7.91346 144.543
-7.8739 144.55
-7.83453 144.561
-7.79567 144.584
-7.75709 144.614
-7.718 144.633
-7.6793 144.66
-7.63999 144.674
-7.60068 144.688
-7.56263 144.732
-7.52311 144.741
-7.48368 144.753
-7.44577 144.801
-7.40661 144.82
-7.36829 144.859
-7.32948 144.887
-7.28991 144.896
-7.25034 144.905
-7.21252 144.958
-7.17339 144.979
-7.13507 145.021
-7.09555 145.033
-7.0563 145.051
-7.01839 145.104
-6.97885 145.116
-6.94019 145.151
-6.90196 145.197
-6.86415 145.255
-6.82447 145.264
-6.78575 145.299
-6.74719 145.339
-6.70852 145.376
-6.6689 145.388
-6.62995 145.418
-6.59234 145.485
-6.55361 145.523
-6.51487 145.56
-6.47619 145.599
-6.43733 145.634
-6.3977 145.648
-6.35996 145.716
-6.3222 145.784
-6.2831 145.814
-6.24335 145.826
-6.20543 145.891
-6.16797 145.971
-6.13016 146.041
-6.09105 146.074
-6.05131 146.088
-6.01342 146.158
-5.97567 146.233
-5.93849 146.327
-5.89891 146.348
-5.86076 146.414
-5.82281 146.487
-5.78483 146.56
-5.746 146.607
-5.70707 146.652
-5.67019 146.762
-5.63224 146.84
-5.59301 146.878
-5.55486 146.951
-5.51776 147.06
