0.565033 143.182
0.60549 143.21
0.645922 143.226
0.686347 143.238
0.887132 142.978
1.3241 142.01
1.36372 141.939
1.40345 141.889
1.44278 141.788
1.48235 141.724
1.52227 141.708
1.56185 141.651
1.6015 141.605
1.64113 141.56
1.6806 141.498
1.72029 141.464
1.75991 141.423
1.79922 141.352
1.83857 141.289
1.87839 141.275
1.91799 141.241
1.95722 141.173
1.99677 141.137
2.03592 141.066
2.0751 141
2.11489 140.991
2.15439 140.958
2.19387 140.924
2.27265 140.844
2.31239 140.835
2.35179 140.799
2.39073 140.729
2.42967 140.661
2.4694 140.655
2.50884 140.628
2.54847 140.614
2.58754 140.562
2.62721 140.553
2.66654 140.522
2.70586 140.49
2.74537 140.472
2.78463 140.439
2.82388 140.405
2.86322 140.378
2.90247 140.347
2.94196 140.331
2.98108 140.293
3.02037 140.266
3.05998 140.259
3.0986 140.194
3.13777 140.162
3.17751 140.165
3.21714 140.16
3.25632 140.131
3.29577 140.118
3.33497 140.091
3.37403 140.057
3.41321 140.031
3.45267 140.019
3.49216 140.01
3.53131 139.984
3.57027 139.948
3.60916 139.91
3.64881 139.91
3.68873 139.923
3.72745 139.879
3.767 139.874
3.80659 139.872
3.84608 139.865
3.88523 139.843
3.92462 139.832
3.964 139.821
4.00337 139.81
4.04249 139.787
4.08176 139.772
4.12157 139.781
4.16129 139.785
4.20038 139.763
4.2391 139.725
4.27801 139.696
4.31712 139.676
4.35596 139.645
4.39559 139.647
4.43501 139.641
4.47442 139.634
4.51377 139.625
4.55312 139.616
4.5927 139.616
4.63244 139.623
4.67208 139.625
4.71142 139.617
4.75016 139.585
4.7886 139.543
4.82792 139.534
4.86765 139.541
4.90788 139.565
4.94725 139.559
4.986 139.53
5.02512 139.514
5.06467 139.514
5.10415 139.512
5.14312 139.492
5.18176 139.461
5.22071 139.441
5.26031 139.443
5.29951 139.432
5.33943 139.446
5.37929 139.457
5.41856 139.448
5.45917 139.484
5.49973 139.517
5.53989 139.538
5.57778 139.484
5.61676 139.466
5.65657 139.475
5.69667 139.493
5.73621 139.493
5.77567 139.491
5.81499 139.484
5.8554 139.511
5.8953 139.522
5.93469 139.518
5.97416 139.516
6.01415 139.529
6.05384 139.534
6.09323 139.529
6.13209 139.509
6.1717 139.512
6.21193 139.532
6.25155 139.534
6.29038 139.514
6.33031 139.525
6.37057 139.545
6.41035 139.552
6.44973 139.548
6.48935 139.55
6.52938 139.564
6.56991 139.59
6.60962 139.595
6.64909 139.593
6.68872 139.595
6.72852 139.602
6.7685 139.613
6.80881 139.633
6.84923 139.656
6.88913 139.665
6.92878 139.667
6.968 139.658
7.00756 139.658
7.04738 139.665
7.08738 139.676
7.12721 139.683
7.16731 139.696
7.20769 139.716
7.24853 139.748
7.28874 139.763
7.32869 139.772
7.36873 139.784
7.41026 139.831
7.45032 139.842
7.49001 139.844
7.52989 139.851
7.57176 139.905
7.61184 139.916
7.65155 139.918
7.69116 139.918
7.73106 139.925
7.77184 139.952
7.81263 139.979
7.85255 139.986
7.89257 139.995
7.93348 140.024
7.97441 140.053
8.01585 140.094
8.05691 140.125
8.09666 140.127
8.13672 140.136
8.17812 140.175
8.21922 140.206
8.26055 140.242
8.30147 140.269
8.34042 140.254
8.38146 140.283
8.42379 140.339
8.46391 140.348
8.5052 140.382
8.54662 140.418
8.58666 140.425
8.66945 140.495
8.7106 140.524
8.75209 140.56
8.7936 140.597
8.83334 140.597
8.87487 140.633
9.29317 141.036
