-21.3891 156.308
-20.8448 155.571
-20.8017 155.561
-20.7588 155.553
-20.7109 155.499
-20.6608 155.425
-20.5163 155.253
-20.4699 155.212
-20.4225 155.16
-20.3767 155.124
-20.3325 155.104
-20.2892 155.092
-20.2429 155.051
-20.1996 155.038
-20.1536 155
-20.1071 154.956
-20.0614 154.92
-20.0154 154.882
-19.9692 154.841
-19.8766 154.757
-19.831 154.721
-19.7883 154.714
-19.7435 154.686
-19.7011 154.681
-19.6579 154.669
-19.5665 154.595
-19.5238 154.587
-19.4786 154.554
-19.4362 154.549
-19.3907 154.514
-19.3457 154.483
-19.3028 154.473
-19.2574 154.438
-19.2114 154.397
-19.1688 154.39
-19.1265 154.385
-19.0826 154.364
-19.0402 154.36
-18.9953 154.329
-18.9517 154.312
-18.9084 154.296
-18.8635 154.266
-18.8187 154.236
-18.7759 154.226
-18.7343 154.228
-18.693 154.234
-18.6507 154.229
-18.6078 154.219
-18.5635 154.194
-18.5207 154.184
-18.4777 154.171
-18.4344 154.156
-18.3923 154.154
-18.3503 154.151
-18.3075 154.141
-18.2645 154.129
-18.22 154.101
-18.1755 154.073
-18.134 154.076
-18.0926 154.081
-18.0503 154.076
-18.0081 154.071
-17.966 154.069
-17.9223 154.049
-17.8793 154.036
-17.8368 154.029
-17.7945 154.024
-17.753 154.027
-17.7116 154.032
-17.6696 154.03
-17.6271 154.022
-17.5843 154.012
-17.5402 153.987
-17.4975 153.977
-17.4557 153.977
-17.4141 153.98
-17.3723 153.98
-17.3291 153.965
-17.2873 153.965
-17.2462 153.973
-17.2072 154.004
-17.167 154.022
-17.1258 154.03
-17.0836 154.025
-17.0413 154.02
-16.9981 154.005
-16.9559 154
-16.9143 154.003
-16.8698 153.972
-16.8271 153.962
-16.787 153.983
-16.7464 153.996
-16.7065 154.019
-16.6654 154.027
-16.6256 154.05
-16.5866 154.083
-16.545 154.086
-16.5034 154.089
-16.4613 154.086
-16.4179 154.069
-16.3755 154.061
-16.3345 154.072
-16.2942 154.09
-16.2515 154.08
-16.2092 154.075
-16.1693 154.098
-16.1298 154.126
-16.088 154.126
-16.044 154.101
-16.0038 154.121
-15.963 154.134
-15.9225 154.15
-15.8806 154.15
-15.8389 154.153
-15.799 154.176
-15.7586 154.194
-15.7167 154.194
-15.6746 154.192
-15.6338 154.205
-15.5944 154.235
-15.5536 154.248
-15.5127 154.261
-15.4716 154.272
-15.4312 154.29
-15.3911 154.313
-15.3496 154.318
-15.3094 154.339
-15.2687 154.354
-15.2282 154.372
-15.1861 154.37
-15.1466 154.401
-15.1055 154.411
-15.0658 154.439
-15.0244 154.447
-14.9837 154.463
-14.9459 154.517
-14.9048 154.527
-14.8642 154.545
-14.8246 154.576
-14.7848 154.604
-14.7435 154.612
-14.7021 154.62
-14.6646 154.679
-14.624 154.697
-14.5853 154.741
-14.546 154.777
-14.5042 154.78
-14.4624 154.783
-14.4209 154.791
-14.3816 154.827
-14.3419 154.858
-14.3004 154.866
-14.2612 154.904
-14.2203 154.92
-14.1827 154.979
-14.1415 154.992
-14.1023 155.031
-14.0608 155.039
-13.0815 156.117
-13.0416 156.153
-13.0021 156.195
-12.9628 156.24
-12.9256 156.318
-12.8864 156.365
-12.849 156.441
-12.8077 156.457
-12.7682 156.501
-12.7329 156.609
-12.6961 156.695
-12.6583 156.766
-12.6189 156.813
-12.5822 156.903
-12.5453 156.989
-12.5077 157.066
