10.7551 150.729
10.7968 150.724
10.8384 150.716
11.1186 149.762
11.1596 149.75
11.199 149.71
11.9435 148.28
11.9844 148.273
12.0233 148.233
12.0969 148.088
12.1374 148.076
12.1748 148.015
12.3298 147.855
12.3681 147.809
12.4066 147.767
12.4457 147.733
12.4863 147.723
12.5251 147.686
12.5618 147.618
12.5998 147.569
12.6388 147.535
12.6793 147.525
12.7187 147.498
12.7575 147.462
12.7959 147.42
12.8344 147.381
12.8729 147.342
12.9121 147.313
12.953 147.308
12.9935 147.298
13.0301 147.233
13.0682 147.189
13.1086 147.179
13.1483 147.157
13.1885 147.145
13.2288 147.133
13.2656 147.072
13.3061 147.062
13.3456 147.04
13.3826 146.982
13.4218 146.955
13.4622 146.946
13.5013 146.919
13.5419 146.912
13.5819 146.897
13.6207 146.865
13.6601 146.844
13.6994 146.819
13.7373 146.776
13.7778 146.768
13.8186 146.766
13.8583 146.746
13.8986 146.737
13.9392 146.732
13.979 146.715
14.0182 146.691
14.059 146.688
14.1004 146.693
14.1409 146.685
14.1795 146.654
14.2194 146.639
14.2595 146.627
14.2983 146.598
14.3367 146.564
14.3769 146.555
14.4166 146.538
14.457 146.53
14.4986 146.537
14.5388 146.528
14.5767 146.489
14.6158 146.465
14.6568 146.465
14.6975 146.462
14.7372 146.445
14.7764 146.424
14.8147 146.39
14.8571 146.409
14.8979 146.406
14.9355 146.365
14.9726 146.317
15.0108 146.283
15.048 146.238
15.0875 146.221
15.1282 146.218
15.1695 146.223
15.2122 146.245
15.2549 146.266
15.2964 146.273
15.3365 146.263
15.3764 146.251
15.4187 146.268
15.4604 146.278
15.5015 146.28
15.5396 146.246
15.5813 146.256
15.6236 146.272
15.6655 146.284
15.7074 146.296
15.7479 146.291
15.788 146.281
15.8281 146.272
15.8696 146.279
15.9136 146.315
15.9566 146.339
15.9977 146.341
16.0367 146.319
16.076 146.3
16.1173 146.305
16.1588 146.312
16.1997 146.312
16.2404 146.309
16.2807 146.302
16.3209 146.294
16.3624 146.302
16.4046 146.316
16.4472 146.335
16.489 146.344
16.5318 146.366
16.5746 146.388
16.614 146.371
16.6549 146.37
16.6958 146.37
16.7374 146.377
16.7803 146.399
16.8216 146.404
16.8634 146.413
16.9065 146.437
16.9478 146.442
16.9892 146.446
17.0299 146.444
17.0706 146.441
17.1144 146.473
17.154 146.458
17.1973 146.484
17.24 146.503
17.2789 146.482
17.3203 146.486
17.3644 146.52
17.408 146.549
17.4494 146.553
17.4908 146.558
17.5347 146.589
17.5783 146.618
17.62 146.625
17.6628 146.644
17.706 146.668
17.7479 146.678
17.7897 146.687
17.8312 146.692
17.8744 146.716
17.9184 146.747
17.9608 146.762
18.0048 146.793
18.0465 146.8
18.0903 146.829
18.1317 146.833
18.1753 146.86
18.2175 146.872
18.2615 146.903
18.3037 146.915
18.3483 146.951
18.3895 146.953
18.4363 147.011
18.4783 147.021
18.5224 147.052
18.5646 147.064
18.6088 147.096
18.6508 147.105
18.6918 147.105
19.006 147.368
19.0481 147.378
19.0956 147.441
19.4162 147.756
19.4591 147.773
19.5039 147.807
19.5489 147.844
19.6891 148.002
