-24.8724 83.9128
-24.8434 83.8995
5.05792 124.966
5.09379 124.97
5.12966 124.974
5.97852 122.85
6.27984 122.448
6.41348 122.276
6.48049 122.197
6.51419 122.163
6.549 122.156
6.58396 122.152
6.61846 122.138
6.65196 122.1
6.68393 122.027
6.71648 121.968
6.75023 121.938
6.78428 121.914
6.81894 121.905
6.85258 121.873
6.88629 121.843
6.9199 121.811
6.9539 121.788
6.9878 121.763
7.02138 121.731
7.12243 121.643
7.15635 121.62
7.19027 121.597
7.22377 121.565
7.2575 121.539
7.29197 121.528
7.32568 121.501
7.35937 121.475
7.39231 121.432
7.42682 121.423
7.46133 121.414
7.49524 121.393
7.52889 121.366
7.56304 121.35
7.59692 121.329
7.63088 121.31
7.66466 121.287
7.69895 121.274
7.73245 121.246
7.7662 121.223
7.80046 121.211
7.83375 121.179
7.86782 121.163
7.90135 121.136
7.93496 121.112
7.96974 121.11
8.0046 121.11
8.03937 121.108
8.07295 121.083
8.10642 121.057
8.14053 121.043
8.17445 121.025
8.20911 121.022
8.2433 121.009
8.27738 120.995
8.31137 120.979
8.34459 120.949
8.37885 120.939
8.41329 120.932
8.44734 120.917
8.48158 120.907
8.51552 120.891
8.55014 120.888
8.58456 120.881
8.61888 120.872
8.6529 120.858
8.6875 120.854
8.7222 120.852
8.75611 120.837
8.78981 120.817
8.8233 120.794
8.85749 120.784
8.89207 120.78
8.92624 120.77
8.96052 120.761
8.99468 120.75
9.02915 120.745
9.06382 120.743
9.09818 120.736
9.13233 120.726
9.16669 120.719
9.20124 120.715
9.23601 120.715
9.27109 120.721
9.30564 120.717
9.33978 120.706
9.37401 120.698
9.40845 120.692
9.44278 120.685
9.47711 120.678
9.51165 120.675
9.54629 120.673
9.58061 120.666
9.61526 120.664
9.65033 120.67
9.68509 120.67
9.71874 120.652
9.75282 120.642
9.78868 120.659
9.82253 120.645
9.85918 120.675
9.89236 120.65
9.92643 120.64
9.96072 120.633
9.99546 120.633
10.0302 120.633
10.0646 120.628
10.0992 120.626
10.1343 120.631
10.1693 120.635
10.2039 120.633
10.2388 120.635
10.2736 120.636
10.3082 120.635
10.3429 120.633
10.3772 120.628
10.4117 120.624
10.4471 120.633
10.4825 120.644
10.5173 120.644
10.5522 120.647
10.5872 120.651
10.6222 120.654
10.6569 120.654
10.692 120.659
10.7269 120.661
10.7615 120.659
10.7964 120.661
10.8326 120.682
10.8682 120.695
10.9027 120.691
10.9368 120.682
10.9717 120.684
11.0069 120.691
11.0417 120.691
11.0782 120.716
11.1137 120.726
11.1482 120.723
11.1833 120.728
11.2187 120.737
11.254 120.744
11.289 120.747
11.3244 120.756
11.3596 120.763
11.395 120.772
11.431 120.788
11.467 120.806
11.5022 120.811
11.5367 120.807
11.5717 120.811
11.6077 120.827
11.6439 120.846
11.6793 120.855
11.7153 120.871
11.7509 120.881
11.7863 120.89
11.8216 120.897
11.8576 120.913
11.8928 120.918
11.929 120.936
11.9647 120.948
12.0013 120.971
12.0377 120.992
12.0732 121.001
12.1085 121.008
12.1451 121.031
12.1801 121.033
12.2159 121.045
12.2529 121.074
12.29 121.102
12.3258 121.114
12.3619 121.13
12.3974 121.139
12.4332 121.151
12.469 121.164
12.5061 121.192
12.5434 121.222
12.579 121.231
12.6154 121.25
12.6524 121.277
12.6894 121.304
12.7256 121.32
12.7635 121.357
12.7996 121.371
12.8365 121.396
12.8727 121.412
12.908 121.417
12.9455 121.449
12.9825 121.474
13.018 121.481
13.0568 121.527
13.0945 121.561
13.1312 121.582
13.1669 121.591
13.2059 121.639
13.2438 121.675
13.2807 121.698
13.3167 121.71
13.3561 121.762
13.3933 121.789
13.4292 121.799
13.467 121.831
13.5064 121.883
13.5457 121.933
13.5835 121.965
13.6213 121.997
13.6604 122.044
13.6966 122.058
13.7349 122.096
13.7726 122.126
13.8127 122.183
13.8516 122.226
13.8905 122.269
13.9287 122.305
13.9691 122.365
14.0067 122.393
14.0445 122.424
14.0846 122.479
14.1249 122.537
14.1669 122.613
14.2056 122.652
14.2451 122.701
14.2852 122.755
14.3266 122.823
14.3672 122.883
14.4059 122.921
14.5317 123.14
