-15.8805 133.132
-15.8393 133.094
-15.7985 133.059
-15.575 132.673
-15.5345 132.641
-15.4958 132.627
-15.4506 132.543
-15.4067 132.472
-15.3638 132.414
-15.3235 132.381
-15.2852 132.371
-15.2426 132.314
-15.2012 132.27
-15.1583 132.209
-15.116 132.154
-15.0776 132.142
-15.0349 132.084
-14.9541 132.015
-14.9114 131.955
-14.8708 131.918
-14.8308 131.888
-14.7925 131.876
-14.7529 131.85
-14.7126 131.816
-14.6701 131.757
-14.63 131.725
-14.5885 131.677
-14.5503 131.665
-14.5123 131.657
-14.4702 131.601
-14.4301 131.569
-14.3922 131.561
-14.3529 131.537
-14.3128 131.503
-14.2712 131.452
-14.2332 131.442
-14.1936 131.414
-14.1553 131.402
-14.1154 131.37
-14.076 131.344
-14.0363 131.314
-13.9979 131.3
-13.9574 131.26
-13.9194 131.25
-13.8814 131.241
-13.842 131.215
-13.8029 131.191
-13.7649 131.181
-13.7269 131.171
-13.6866 131.133
-13.6485 131.121
-13.6092 131.095
-13.5713 131.085
-13.532 131.059
-13.4928 131.033
-13.455 131.025
-13.4175 131.021
-13.3796 131.011
-13.3391 130.97
-13.301 130.958
-13.2638 130.956
-13.2262 130.95
-13.1871 130.926
-13.1478 130.898
-13.1098 130.886
-13.0722 130.88
-13.034 130.866
-12.9956 130.85
-12.9581 130.845
-12.921 130.845
-12.8839 130.845
-12.8462 130.837
-12.8083 130.827
-12.7692 130.801
-12.7304 130.779
-12.6932 130.777
-12.6563 130.779
-12.6192 130.779
-12.5813 130.77
-12.543 130.754
-12.5047 130.738
-12.4663 130.72
-12.4288 130.714
-12.3919 130.716
-12.3546 130.714
-12.3173 130.71
-12.2794 130.7
-12.2412 130.685
-12.2032 130.673
-12.1657 130.667
-12.1288 130.669
-12.0923 130.677
-12.0549 130.673
-12.0173 130.665
-11.9802 130.665
-11.9436 130.671
-11.9065 130.671
-11.8684 130.658
-11.8306 130.648
-11.7938 130.652
-11.7567 130.652
-11.7191 130.644
-11.6815 130.636
-11.6444 130.636
-11.6069 130.63
-11.5695 130.626
-11.5327 130.63
-11.4958 130.632
-11.4593 130.64
-11.4225 130.645
-11.3854 130.645
-11.3483 130.645
-11.3111 130.643
-11.2743 130.647
-11.2376 130.653
-11.201 130.661
-11.1645 130.669
-11.1279 130.677
-11.0901 130.667
-11.0528 130.663
-11.0154 130.659
-10.977 130.64
-10.7023 127.084
-10.9029 130.642
-10.8665 130.652
-10.8301 130.662
-10.7933 130.668
-10.7565 130.672
-10.7191 130.668
-10.682 130.668
-10.6457 130.68
-10.6094 130.692
-10.5733 130.708
-10.5374 130.728
-10.5009 130.738
-10.4639 130.74
-10.4267 130.738
-10.3898 130.742
-10.3533 130.753
-10.3165 130.759
-10.2799 130.767
-10.2435 130.779
-10.2072 130.793
-10.1709 130.807
-10.1345 130.819
-10.0985 130.837
-10.0619 130.847
-10.025 130.851
-9.98845 130.861
-9.95213 130.875
-9.91544 130.883
-9.87934 130.901
-9.84264 130.909
-9.80594 130.918
-9.76934 130.928
-9.73298 130.942
-9.69744 130.97
-9.66177 130.996
-9.6248 131
-9.58735 130.996
-9.55061 131.004
-9.51502 131.032
-9.47849 131.044
-9.44334 131.081
-9.40714 131.099
-9.37104 131.119
-9.33437 131.129
-9.29735 131.133
-9.26145 131.157
-9.22577 131.185
-9.1893 131.199
-9.1546 131.246
-9.11754 131.25
-9.08071 131.258
-9.04497 131.286
-9.00834 131.298
-8.97236 131.322
-8.93703 131.359
-8.90048 131.373
-8.86371 131.383
-8.82672 131.389
-8.79069 131.413
-8.75422 131.43
-8.71891 131.468
-8.68253 131.486
-8.64677 131.516
-8.61131 131.553
-8.57573 131.587
-8.53962 131.612
-8.50266 131.62
-8.46652 131.644
-8.39524 131.713
-8.32349 131.774
-8.25199 131.841
-8.21626 131.875
-8.18042 131.907
-8.14397 131.928
-8.10662 131.93
-8.07064 131.96
-8.03504 131.999
-7.99923 132.034
-7.96351 132.07
-7.92747 132.101
-7.8209 132.227
-7.64251 132.429
-7.53558 132.558
-7.46347 132.627
-7.4284 132.685
-7.07692 133.276
-7.03931 133.281
-7.00204 133.293
-6.51548 136.4
-6.4761 136.377
