-24.5315 155.147
-24.4884 155.137
-24.2012 154.853
-24.1588 154.849
-24.1086 154.782
-24.0646 154.765
-24.018 154.726
-23.9717 154.691
-23.9287 154.681
-23.8827 154.648
-23.8362 154.61
-23.7865 154.546
-23.7435 154.536
-23.7008 154.529
-23.6509 154.463
-23.6069 154.445
-23.5642 154.438
-23.5156 154.382
-23.4723 154.369
-23.4259 154.331
-23.3827 154.319
-23.3375 154.291
-23.2949 154.283
-23.2489 154.248
-23.2038 154.22
-23.1612 154.213
-23.1189 154.208
-23.0756 154.196
-23.03 154.163
-22.9843 154.13
-22.9417 154.122
-22.8964 154.092
-22.8538 154.085
-22.8109 154.075
-22.7686 154.07
-22.7252 154.055
-22.6823 154.045
-22.6364 154.01
-22.5938 154.002
-22.5513 153.995
-22.509 153.99
-22.4638 153.96
-22.4215 153.955
-22.3796 153.953
-22.3376 153.951
-22.2942 153.936
-22.2502 153.915
-22.2044 153.88
-22.1607 153.863
-22.1144 153.822
-22.0716 153.812
-22.0302 153.815
-21.9895 153.823
-21.9499 153.841
-21.9077 153.836
-21.864 153.819
-21.8212 153.809
-21.7793 153.806
-21.7368 153.799
-21.6946 153.794
-21.6523 153.789
-21.6084 153.769
-21.5653 153.757
-21.5234 153.755
-21.4826 153.763
-21.4416 153.768
-21.3994 153.763
-21.3575 153.761
-21.315 153.753
-21.2728 153.749
-21.2309 153.746
-21.1872 153.729
-21.1448 153.721
-21.1028 153.719
-21.0598 153.707
-21.0196 153.719
-20.9785 153.725
-20.9382 153.738
-20.8958 153.73
-20.8533 153.723
-20.8125 153.731
-20.7747 153.767
-20.7377 153.81
-20.6952 153.803
-20.6549 153.816
-20.61 153.785
-20.5653 153.758
-20.5242 153.763
-20.4855 153.791
-20.4458 153.809
-20.4022 153.792
-20.36 153.787
-20.3215 153.817
-20.2823 153.841
-20.2387 153.823
-20.1978 153.831
-20.1567 153.836
-20.1136 153.824
-20.0706 153.811
-20.0287 153.809
-19.9872 153.812
-19.9479 153.835
-19.907 153.843
-19.8653 153.843
-19.8239 153.846
-19.7853 153.876
-19.7452 153.892
-19.7045 153.902
-19.6649 153.923
-19.6245 153.936
-19.5835 153.944
-19.5418 153.944
-19.5006 153.949
-19.4609 153.97
-19.4202 153.98
-19.3808 154.003
-19.3408 154.021
-19.2996 154.027
-19.2594 154.042
-19.2186 154.052
-19.1781 154.065
-19.1389 154.091
-19.0997 154.117
-19.0589 154.127
-19.0181 154.138
-18.9776 154.151
-18.9371 154.164
-18.8973 154.184
-18.8585 154.215
-18.8207 154.256
-18.7801 154.269
-18.7393 154.279
-18.6977 154.282
-18.6564 154.288
-18.6175 154.318
-18.5809 154.372
-18.5408 154.39
-18.5006 154.408
-18.462 154.442
-18.4228 154.47
-18.3819 154.481
-18.3417 154.499
-18.3043 154.545
-18.2638 154.561
-18.2236 154.579
-18.1856 154.62
-18.1461 154.646
-18.1076 154.682
-18.0683 154.71
-18.0275 154.723
-17.989 154.759
-17.9489 154.78
-17.9122 154.837
-17.8722 154.858
-17.8333 154.891
-17.7923 154.902
-17.7541 154.943
-17.7142 154.966
-17.6751 154.997
-17.6371 155.041
-17.5967 155.06
-17.5582 155.098
-17.5199 155.14
-17.4825 155.192
-17.4463 155.256
-17.4082 155.3
-17.3678 155.319
-17.3278 155.342
-17.2868 155.355
-17.2501 155.415
-17.2123 155.464
-17.1746 155.513
-17.1366 155.56
-17.0974 155.594
-17.0596 155.643
-17.0214 155.688
-16.9824 155.724
-16.9461 155.792
-16.9082 155.841
-16.8703 155.891
-16.8322 155.938
-16.7965 156.013
-16.7581 156.058
-16.7219 156.128
-16.6869 156.211
-16.6491 156.264
-16.6106 156.308
-16.5723 156.355
-16.5386 156.457
-16.5007 156.51
-16.4655 156.594
-16.4305 156.68
-16.3951 156.764
-16.3591 156.84
