10.8911 153.913
10.9297 153.84
11.3783 152.761
11.4196 152.743
11.5691 152.406
11.6067 152.327
11.6465 152.286
11.6881 152.273
11.7299 152.265
11.7694 152.219
11.8065 152.134
11.8444 152.062
11.8856 152.044
11.9251 152.001
11.9631 151.932
12.0026 151.888
12.0423 151.848
12.0816 151.802
12.1204 151.748
12.1586 151.684
12.2001 151.674
12.2402 151.641
12.2789 151.587
12.3204 151.577
12.3586 151.516
12.3981 151.475
12.4386 151.45
12.4806 151.447
12.5218 151.434
12.5613 151.393
12.5987 151.322
12.6378 151.276
12.6757 151.213
12.7173 151.205
12.7588 151.198
12.7987 151.165
12.8375 151.116
12.8788 151.106
12.92 151.093
12.9574 151.025
12.9993 151.022
13.0408 151.015
13.0798 150.972
13.1208 150.956
13.1621 150.946
13.2032 150.933
13.2427 150.898
13.2814 150.85
13.3216 150.825
13.3629 150.814
13.4015 150.766
13.4439 150.774
13.4864 150.781
13.5248 150.731
13.5664 150.726
13.6063 150.698
13.6467 150.675
13.6871 150.655
13.7253 150.602
13.7662 150.589
13.8063 150.564
13.8479 150.559
13.889 150.548
13.9304 150.541
13.9719 150.536
14.0123 150.515
14.0521 150.488
14.0929 150.472
14.134 150.462
14.1748 150.447
14.2165 150.444
14.2578 150.437
14.299 150.429
14.3405 150.424
14.3794 150.384
14.4195 150.361
14.461 150.356
14.5034 150.363
14.5439 150.346
14.5853 150.34
14.627 150.338
14.6667 150.31
14.7069 150.29
14.7466 150.262
14.7892 150.272
14.8299 150.257
14.8666 150.192
14.9064 150.166
14.9472 150.154
14.9857 150.111
15.028 150.118
15.0704 150.126
15.1096 150.093
15.1522 150.103
15.1943 150.108
15.2361 150.108
15.2799 150.133
15.3205 150.118
15.3598 150.087
15.401 150.08
15.4452 150.11
15.4868 150.107
15.5293 150.117
15.5732 150.142
15.6182 150.182
15.6606 150.189
15.7004 150.164
15.7399 150.136
15.7816 150.136
15.8263 150.171
15.8696 150.188
15.912 150.196
15.9548 150.208
15.9968 150.211
16.0369 150.19
16.0785 150.188
16.1228 150.218
16.1657 150.23
16.2073 150.227
16.2497 150.235
16.2923 150.245
16.3343 150.247
16.3755 150.239
16.4168 150.234
16.4593 150.242
16.5041 150.277
16.5466 150.284
16.5866 150.264
16.6271 150.249
16.668 150.238
16.7126 150.271
16.7593 150.326
16.802 150.336
16.8442 150.341
16.8867 150.348
16.9285 150.348
16.9705 150.35
17.0125 150.352
17.0546 150.355
17.0984 150.377
17.1423 150.4
17.185 150.41
17.2295 150.44
17.272 150.447
17.3148 150.457
17.3573 150.464
17.4009 150.484
17.4437 150.494
17.4871 150.511
17.5331 150.557
17.5771 150.579
17.6201 150.591
17.6619 150.591
17.7035 150.589
17.7461 150.596
17.7919 150.639
17.8354 150.656
17.8778 150.661
17.9218 150.683
17.9651 150.698
18.0131 150.764
18.0562 150.776
18.0995 150.791
18.1438 150.816
18.1869 150.828
18.229 150.831
18.277 150.894
18.3198 150.904
18.3647 150.934
18.4083 150.951
18.4561 151.012
18.4992 151.024
18.5449 151.062
18.5907 151.102
18.6339 151.114
18.6786 151.142
18.724 151.177
18.7677 151.195
18.8154 151.253
18.8592 151.27
18.9047 151.306
18.9497 151.336
18.9954 151.374
19.039 151.389
19.0878 151.457
19.1349 151.508
19.2269 151.586
19.3195 151.669
19.3659 151.712
19.4145 151.776
19.4586 151.796
19.5048 151.837
19.5548 151.913
19.6047 151.989
19.6508 152.027
19.6971 152.068
