-24.8719 83.9108
-24.8432 83.8985
8.89824 125.259
8.93403 125.258
9.41561 123.73
9.44636 123.652
9.47817 123.592
9.51116 123.552
9.54293 123.491
9.57312 123.406
9.60362 123.326
9.63564 123.271
9.66741 123.213
9.69938 123.159
9.73257 123.124
9.7654 123.084
9.79708 123.026
9.82909 122.974
9.8622 122.939
9.89428 122.889
9.92736 122.854
9.95963 122.807
9.99383 122.791
10.0255 122.735
10.0574 122.683
10.0919 122.672
10.1235 122.616
10.1554 122.566
10.2531 122.447
10.2851 122.399
10.3197 122.39
10.4172 122.271
10.4505 122.244
10.4822 122.194
10.5148 122.156
10.5483 122.133
10.582 122.113
10.6148 122.079
10.6462 122.026
10.6793 121.997
10.714 121.992
10.7484 121.983
10.78 121.933
10.8129 121.903
10.846 121.874
10.8781 121.833
10.9124 121.822
10.9456 121.797
10.9796 121.783
11.013 121.76
11.0471 121.747
11.0786 121.699
11.1113 121.667
11.1431 121.623
11.1763 121.598
11.2107 121.591
11.2451 121.584
11.2784 121.561
11.3096 121.509
11.3425 121.481
11.377 121.475
11.4114 121.468
11.443 121.424
11.4771 121.413
11.5102 121.388
11.5448 121.385
11.5797 121.385
11.6133 121.367
11.6463 121.342
11.6803 121.33
11.7124 121.293
11.7458 121.273
11.7797 121.261
11.8128 121.238
11.8467 121.226
11.8803 121.21
11.9134 121.187
11.9472 121.173
11.9815 121.165
12.0147 121.144
12.0488 121.135
12.0841 121.141
12.1192 121.144
12.153 121.132
12.1861 121.109
12.218 121.072
12.2515 121.056
12.2862 121.054
12.3203 121.045
12.3538 121.03
12.3869 121.008
12.4196 120.982
12.453 120.964
12.4875 120.961
12.5216 120.952
12.5566 120.956
12.5928 120.973
12.6275 120.971
12.6587 120.927
12.6905 120.892
12.7239 120.874
12.7589 120.878
12.7938 120.88
12.8292 120.887
12.8645 120.894
12.8979 120.878
12.9314 120.862
12.9658 120.859
13.0003 120.855
13.0341 120.845
13.0683 120.838
13.1026 120.832
13.1364 120.822
13.1707 120.817
13.2056 120.818
13.2407 120.822
13.2755 120.824
13.3106 120.827
13.3449 120.822
13.3775 120.797
13.4099 120.771
13.4413 120.732
13.4743 120.713
13.5158 120.79
13.5542 120.832
13.5874 120.815
13.6173 120.76
13.6516 120.755
13.6864 120.757
13.7221 120.767
13.7581 120.781
13.7912 120.764
13.8248 120.752
13.8583 120.738
13.8925 120.732
13.9282 120.743
13.9642 120.757
13.9987 120.755
14.0325 120.745
14.0665 120.738
14.1014 120.739
14.1358 120.736
14.1698 120.729
14.2044 120.727
14.2399 120.736
14.2756 120.746
14.3103 120.746
14.345 120.746
14.3797 120.746
14.4142 120.745
14.4491 120.746
14.4851 120.761
14.5209 120.773
14.5571 120.789
14.5922 120.792
14.6269 120.792
14.6599 120.775
14.6943 120.771
14.7288 120.769
14.7649 120.783
14.8001 120.789
14.8349 120.79
14.8707 120.801
14.9076 120.824
14.9428 120.829
14.9778 120.833
15.0143 120.85
15.0495 120.856
15.0844 120.857
15.1201 120.868
15.1552 120.871
15.1906 120.879
15.2258 120.884
15.2626 120.905
15.2979 120.91
15.3345 120.93
15.3692 120.93
15.4036 120.926
15.4385 120.928
15.4743 120.938
15.5117 120.965
15.5471 120.972
15.5831 120.984
15.6187 120.993
15.6547 121.005
15.6918 121.028
15.7267 121.03
15.7614 121.03
15.7985 121.053
15.8356 121.076
15.8703 121.076
15.9053 121.078
15.9424 121.101
15.9801 121.129
16.0159 121.14
16.0516 121.148
16.0884 121.168
16.1252 121.187
16.1609 121.196
16.1984 121.223
16.2339 121.23
16.2735 121.276
16.309 121.283
16.3446 121.29
16.3837 121.331
16.4192 121.338
16.4565 121.361
16.4939 121.385
16.53 121.398
16.5677 121.424
16.6072 121.469
16.6426 121.474
16.678 121.479
16.7155 121.504
16.754 121.538
16.7896 121.545
16.8252 121.552
16.8639 121.588
16.9018 121.616
16.94 121.646
16.9764 121.66
17.0146 121.691
17.0549 121.74
17.0939 121.778
17.134 121.826
17.1717 121.851
17.2095 121.878
17.2472 121.903
17.2847 121.926
17.3232 121.958
17.3647 122.017
17.4028 122.045
17.4387 122.054
17.4763 122.077
17.561 122.21
17.595 122.201
17.6326 122.224
17.6704 122.249
17.8381 122.493
17.8771 122.527
18.9085 124.718
18.944 124.718
18.9799 124.722
