5.49862 150.446
5.53812 150.39
5.57869 150.37
5.62049 150.392
6.24509 148.157
6.28299 148.076
6.32053 147.984
6.35991 147.948
6.39895 147.903
6.43689 147.826
6.47464 147.745
6.51461 147.728
6.55406 147.697
6.74596 147.398
6.78478 147.352
6.82306 147.293
6.86307 147.281
6.90096 147.212
6.93988 147.171
6.97968 147.154
7.01803 147.1
7.05789 147.085
7.09694 147.049
7.13487 146.985
7.17369 146.945
7.21387 146.94
7.25294 146.906
7.29172 146.866
7.33067 146.83
7.37072 146.823
7.40993 146.794
7.4495 146.775
7.48735 146.714
7.52498 146.648
7.5645 146.628
7.60344 146.595
7.6413 146.536
7.68039 146.508
7.71968 146.484
7.75915 146.465
7.799 146.455
7.83875 146.443
7.8781 146.422
7.91683 146.386
7.95676 146.379
7.99608 146.357
8.03386 146.301
8.07284 146.272
8.11274 146.265
8.15212 146.246
8.19045 146.204
8.22938 146.175
8.26946 146.173
8.30975 146.175
8.34908 146.156
8.38841 146.137
8.42708 146.104
8.46574 146.07
8.50558 146.063
8.54552 146.058
8.58512 146.046
8.62407 146.02
8.66333 146.001
8.7027 145.985
8.74162 145.959
8.77985 145.919
8.81986 145.916
8.85975 145.911
8.89931 145.899
8.93874 145.885
8.97805 145.868
9.01793 145.863
9.05803 145.863
9.09733 145.846
9.13673 145.832
9.17613 145.818
9.2154 145.801
9.25513 145.794
9.29498 145.789
9.33471 145.782
9.3742 145.77
9.4132 145.749
9.45255 145.734
9.49226 145.727
9.53184 145.717
9.57166 145.712
9.6116 145.71
9.65154 145.707
9.69123 145.7
9.73079 145.69
9.76986 145.671
9.80941 145.662
9.84871 145.648
9.88787 145.631
9.92867 145.645
9.96782 145.628
10.0079 145.628
10.0487 145.641
10.0891 145.648
10.1283 145.634
10.168 145.627
10.2078 145.622
10.2496 145.654
10.2885 145.633
10.3289 145.64
10.3689 145.639
10.4078 145.618
10.4479 145.62
10.4873 145.608
10.5272 145.605
10.5672 145.605
10.6074 145.607
10.6477 145.612
10.6878 145.614
10.7285 145.625
10.7687 145.627
10.8088 145.629
10.8493 145.636
10.8891 145.633
10.9285 145.621
10.9689 145.628
11.0088 145.625
11.0484 145.618
11.0892 145.632
11.1298 145.641
11.1693 145.631
11.209 145.626
11.2494 145.633
11.2897 145.637
11.3299 145.639
11.3702 145.644
11.4108 145.653
11.4514 145.662
11.4921 145.673
11.5327 145.682
11.5735 145.693
11.6141 145.702
11.6544 145.707
11.6946 145.709
11.7349 145.713
11.7757 145.725
11.8172 145.748
11.8583 145.764
11.8992 145.777
11.9399 145.786
11.9802 145.791
12.0205 145.795
12.0609 145.799
12.1018 145.813
12.1428 145.827
12.1833 145.833
12.2247 145.854
12.2665 145.88
12.3073 145.891
12.348 145.9
12.3898 145.925
12.4308 145.939
12.4726 145.964
12.5126 145.964
12.5529 145.966
12.5947 145.992
12.6352 145.998
12.6763 146.012
12.7202 146.068
12.7614 146.084
12.802 146.091
12.8436 146.111
12.8863 146.149
12.9283 146.176
12.9686 146.178
13.0094 146.187
13.0511 146.21
13.0921 146.222
13.1345 146.254
13.1758 146.27
13.2201 146.329
13.2609 146.338
13.3034 146.37
13.3465 146.41
13.3895 146.45
13.4308 146.466
13.4717 146.475
13.513 146.491
13.5561 146.531
13.5984 146.558
13.6406 146.586
13.6817 146.598
13.725 146.64
13.7699 146.703
13.8108 146.712
13.8535 146.745
13.8992 146.818
13.9423 146.855
14.2032 147.108
14.2442 147.117
14.2878 147.159
14.3314 147.202
14.3746 147.239
14.4203 147.308
14.4639 147.35
14.5094 147.416
14.692 147.683
14.7358 147.726
14.7808 147.783
14.8252 147.832
14.8717 147.908
14.9178 147.979
14.9625 148.032
