-5.87611 160.189
-5.83085 160.14
-5.78458 160.055
-5.73754 159.943
-5.69325 159.924
-5.6481 159.875
-5.60211 159.796
-5.55709 159.75
-5.51132 159.676
-5.46718 159.66
-5.42229 159.617
-5.37652 159.541
-5.33072 159.462
-5.28657 159.443
-5.24096 159.37
-5.19604 159.321
-5.15122 159.275
-5.10676 159.243
-5.06211 159.203
-5.01817 159.189
-4.97272 159.116
-4.92786 159.065
-4.88247 158.992
-4.83859 158.979
-4.79477 158.968
-4.75051 158.939
-4.70645 158.917
-4.6613 158.85
-4.61631 158.788
-4.57236 158.769
-4.52861 158.759
-4.48442 158.729
-4.44019 158.697
-4.39633 158.681
-4.35194 158.641
-4.30811 158.625
-4.2638 158.588
-4.21958 158.553
-4.17571 158.534
-4.13151 158.499
-4.08715 158.456
-4.04343 158.443
-3.99944 158.417
-3.95485 158.36
-3.91121 158.35
-3.86752 158.337
-3.82394 158.329
-3.78026 158.316
-3.73607 158.276
-3.69246 158.265
-3.64875 158.249
-3.60514 158.239
-3.56125 158.212
-3.51765 158.202
-3.47378 158.175
-3.42982 158.143
-3.3861 158.125
-3.34254 158.114
-3.29906 158.109
-3.25537 158.091
-3.21186 158.083
-3.16813 158.062
-3.12455 158.049
-3.08101 158.038
-3.03743 158.025
-2.99365 157.999
-2.94996 157.978
-2.90648 157.97
-2.86313 157.97
-2.81973 157.968
-2.77615 157.952
-2.73249 157.931
-2.68877 157.904
-2.64524 157.891
-2.60165 157.873
-2.55817 157.862
-2.51487 157.865
-2.4716 157.871
-2.42826 157.871
-2.38492 157.872
-2.34145 157.861
-2.29782 157.837
-2.25439 157.83
-2.21096 157.822
-2.16748 157.809
-2.12427 157.82
-2.08096 157.823
-2.03749 157.81
-1.99402 157.797
-1.95068 157.797
-1.90738 157.8
-1.86402 157.798
-1.82046 157.774
-1.77706 157.766
-1.73388 157.783
-1.69055 157.783
-1.64712 157.773
-1.60382 157.776
-1.56031 157.755
-1.51703 157.76
-1.47347 157.731
-1.43009 157.723
-1.38678 157.726
-1.34363 157.751
-1.30036 157.759
-1.25706 157.765
-1.21378 157.773
-1.17049 157.782
-1.12719 157.787
-1.08386 157.79
-1.04056 157.799
-0.997292 157.813
-0.953999 157.824
-0.9107 157.835
-0.867397 157.846
-0.824147 157.87
-0.780863 157.889
-0.737528 157.898
-0.694179 157.904
-0.650818 157.907
-0.607436 157.904
-0.564056 157.902
-0.52073 157.918
-0.477346 157.916
-0.43395 157.908
-0.39064 157.938
-0.347295 157.957
-0.303898 157.952
-0.260545 157.974
-0.217188 158.001
-0.173796 158.007
-0.130398 158.01
-0.0870056 158.024
-0.0436149 158.056
-0.00019993 158.046
0.0432109 158.046
0.0866317 158.09
0.130061 158.109
0.1735 158.128
0.216955 158.155
0.260398 158.161
0.303887 158.199
0.34738 158.229
0.390845 158.235
0.434302 158.235
0.477771 158.241
0.521322 158.279
0.564826 158.293
0.608336 158.306
0.651969 158.358
0.695491 158.369
0.739 158.375
0.782552 158.391
0.826262 158.446
0.869826 158.46
0.913374 158.468
0.957013 158.495
1.00061 158.512
1.04446 158.577
1.08806 158.588
1.13177 158.618
1.17522 158.602
1.21895 158.633
1.26257 158.644
1.30661 158.72
1.35068 158.796
1.3944 158.815
1.43827 158.854
1.48195 158.865
1.5258 158.898
1.56969 158.933
1.6134 158.945
1.65735 158.986
1.70133 159.027
1.74533 159.068
2.90237 160.606
2.94697 160.648
