-24.8702 83.9027
-24.8443 83.9036
-20.7868 131.438
-20.7488 131.429
-20.7052 131.375
-20.0906 130.864
-20.0525 130.852
-20.0093 130.799
-19.9721 130.795
-19.9328 130.773
-19.8951 130.766
-19.8556 130.742
-19.8167 130.724
-19.7748 130.681
-19.7393 130.691
-19.6994 130.663
-19.6558 130.606
-19.6152 130.573
-19.5776 130.565
-19.5407 130.563
-19.5012 130.54
-19.4618 130.516
-19.4246 130.512
-19.3868 130.503
-19.3449 130.457
-19.3071 130.448
-19.2672 130.42
-19.2278 130.397
-19.1905 130.391
-19.1529 130.383
-19.1133 130.358
-19.0758 130.35
-19.0368 130.331
-18.9995 130.325
-18.9622 130.319
-18.9229 130.296
-18.8836 130.272
-18.844 130.247
-18.8067 130.241
-18.7694 130.235
-18.7319 130.228
-18.6926 130.204
-18.6553 130.199
-18.6161 130.175
-18.5786 130.167
-18.5415 130.164
-18.5032 130.148
-18.4641 130.127
-18.4288 130.139
-18.3925 130.141
-18.3539 130.123
-18.3164 130.116
-18.2787 130.106
-18.2393 130.081
-18.2014 130.069
-18.1637 130.06
-18.1277 130.066
-18.0924 130.078
-18.0565 130.084
-18.0188 130.074
-17.9811 130.065
-17.9441 130.061
-17.906 130.047
-17.8685 130.04
-17.83 130.022
-17.7926 130.014
-17.7562 130.017
-17.7202 130.023
-17.6834 130.021
-17.6458 130.011
-17.6083 130.004
-17.5719 130.006
-17.5355 130.008
-17.4985 130.004
-17.4602 129.989
-17.4234 129.987
-17.3866 129.985
-17.3494 129.98
-17.313 129.982
-17.277 129.988
-17.241 129.994
-17.2048 129.998
-17.1684 130
-17.1316 129.999
-17.0948 129.997
-17.0596 130.011
-17.0242 130.023
-16.988 130.027
-16.9514 130.027
-16.9145 130.025
-16.8781 130.028
-16.8425 130.038
-16.8052 130.032
-16.769 130.036
-16.734 130.052
-16.6995 130.074
-16.6641 130.086
-16.6262 130.075
-16.5888 130.067
-16.5543 130.089
-16.5179 130.091
-16.4822 130.101
-16.445 130.095
-16.4085 130.097
-16.3711 130.09
-16.334 130.086
-16.2977 130.09
-16.2621 130.1
-16.227 130.116
-16.1905 130.118
-16.154 130.121
-16.1175 130.123
-16.0807 130.121
-16.044 130.121
-16.0071 130.119
-15.9714 130.13
-15.9355 130.138
-15.8992 130.142
-15.8635 130.152
-15.8281 130.166
-15.7937 130.19
-15.7594 130.216
-15.7233 130.222
-15.6872 130.228
-15.6525 130.25
-15.6175 130.268
-15.5828 130.29
-15.5465 130.294
-15.5098 130.294
-15.474 130.304
-15.4387 130.32
-15.404 130.342
-15.3693 130.364
-15.3337 130.376
-15.2976 130.384
-15.262 130.397
-15.2258 130.403
-15.1898 130.411
-15.155 130.433
-15.1208 130.461
-15.0851 130.473
-15.0492 130.483
-15.0142 130.503
-14.9801 130.533
-14.9441 130.541
-14.9084 130.553
-14.8732 130.571
-14.8387 130.597
-14.8026 130.605
-14.7677 130.627
-14.7334 130.655
-14.6982 130.674
-14.6636 130.7
-14.6289 130.724
-14.5936 130.742
-14.5594 130.772
-14.5234 130.782
-14.4876 130.794
-14.453 130.82
-14.4181 130.842
-14.3826 130.858
-14.3483 130.889
-14.3136 130.915
-14.2776 130.925
-14.2419 130.939
-14.209 130.985
-14.1753 131.023
-14.1394 131.035
-14.1059 131.075
-14.0703 131.092
-14.0374 131.14
-14.0023 131.162
-13.9686 131.2
-13.9328 131.214
-13.8985 131.247
-13.8639 131.275
-13.8281 131.289
-13.7946 131.331
-13.7591 131.35
-13.7246 131.38
-13.6919 131.432
-13.6578 131.469
-13.6238 131.505
-13.5902 131.547
-13.5572 131.598
-13.521 131.608
-13.4864 131.638
-13.4518 131.669
-13.4173 131.701
-13.3847 131.758
-13.3526 131.82
-13.3184 131.857
-13.2856 131.911
-13.2503 131.934
-13.2167 131.979
-13.1811 131.999
-13.1484 132.056
-13.1166 132.125
-13.0817 132.153
-13.047 132.186
-13.0127 132.222
-12.9778 132.253
-12.9459 132.322
-12.9153 132.408
-12.8827 132.469
-12.8504 132.534
-12.8183 132.601
-12.7841 132.642
-12.7511 132.699
-12.7191 132.769
-12.6884 132.857
-12.6541 132.898
-12.2367 135.422
-12.2018 135.465
-12.1626 135.448
