2.52333 120.958
2.5585 120.947
2.66183 120.784
3.14327 120.135
3.17744 120.086
3.21194 120.054
3.24689 120.045
3.28115 120.003
3.31572 119.977
3.35102 119.986
3.38509 119.936
3.41853 119.859
3.453 119.831
3.48796 119.826
3.52253 119.803
3.55698 119.775
3.59097 119.728
3.62578 119.718
3.66067 119.711
3.69515 119.686
3.7299 119.674
3.76394 119.632
3.79868 119.62
3.83264 119.576
3.86646 119.527
3.90077 119.499
3.9356 119.492
3.97042 119.485
4.00488 119.465
4.03973 119.459
4.07418 119.439
4.10843 119.411
4.14221 119.365
4.17676 119.35
4.21107 119.325
4.24589 119.32
4.28041 119.305
4.31498 119.291
4.3492 119.265
4.38341 119.239
4.41771 119.216
4.45234 119.206
4.48612 119.166
4.52013 119.135
4.55479 119.126
4.58929 119.112
4.62342 119.086
4.65801 119.076
4.69275 119.071
4.72701 119.05
4.76163 119.041
4.79582 119.019
4.83 118.996
4.86482 118.995
4.89954 118.99
4.93403 118.978
4.96823 118.957
5.00242 118.936
5.0365 118.912
5.07095 118.9
5.10535 118.886
5.14008 118.883
5.17447 118.869
5.20873 118.852
5.2431 118.838
5.278 118.84
5.31283 118.84
5.34731 118.829
5.3813 118.805
5.41552 118.788
5.45028 118.786
5.48492 118.781
5.51949 118.774
5.55419 118.771
5.58895 118.769
5.62364 118.766
5.65807 118.756
5.69231 118.74
5.72648 118.723
5.76141 118.727
5.79602 118.722
5.83044 118.711
5.86484 118.701
5.89944 118.696
5.93411 118.693
5.9687 118.687
6.00323 118.681
6.03782 118.676
6.07213 118.664
6.10671 118.658
6.1415 118.659
6.17656 118.666
6.21107 118.659
6.24565 118.654
6.28043 118.654
6.31479 118.644
6.34928 118.637
6.38385 118.632
6.41819 118.621
6.45326 118.628
6.48833 118.635
6.52347 118.644
6.55862 118.653
6.59318 118.648
6.62781 118.644
6.66236 118.639
6.69676 118.631
6.73123 118.624
6.76631 118.631
6.801 118.629
6.83578 118.629
6.87047 118.628
6.90501 118.623
6.9397 118.621
6.97447 118.621
7.0094 118.625
7.0444 118.63
7.07933 118.634
7.11427 118.637
7.14936 118.644
7.1843 118.648
7.21907 118.648
7.25384 118.648
7.28869 118.65
7.32405 118.662
7.3589 118.664
7.39384 118.667
7.42887 118.673
7.46398 118.68
7.49919 118.688
7.53405 118.69
7.56917 118.697
7.60472 118.713
7.63933 118.71
7.67403 118.708
7.70924 118.717
7.74429 118.722
7.77925 118.726
7.81421 118.729
7.84926 118.734
7.88512 118.755
7.92089 118.774
7.95569 118.775
7.99048 118.775
8.02563 118.782
8.06079 118.789
8.09669 118.81
8.13167 118.813
8.16703 118.824
8.20229 118.832
8.23738 118.838
8.27227 118.84
8.30821 118.86
8.34339 118.867
8.37839 118.871
8.41358 118.878
8.45031 118.913
8.48542 118.918
8.5216 118.943
8.5569 118.951
8.593 118.974
8.62822 118.981
8.66305 118.981
8.69828 118.988
8.73539 119.028
8.77153 119.051
8.80698 119.061
8.84243 119.072
8.87859 119.095
8.91456 119.114
8.94942 119.114
8.98458 119.119
9.02087 119.144
9.05728 119.17
9.09246 119.175
9.12775 119.182
9.16512 119.224
9.20168 119.252
9.23793 119.275
9.34622 119.334
9.38155 119.341
9.41795 119.366
9.48961 119.396
9.7451 119.571
9.78162 119.596
9.81859 119.627
9.85524 119.654
9.93039 119.735
9.96618 119.747
10.0038 119.787
10.0404 119.812
10.077 119.837
10.2252 119.96
10.3767 120.129
10.4124 120.138
