4.75268 129.377
4.78729 129.29
4.82255 129.228
4.85766 129.161
4.89263 129.09
4.92775 129.025
4.99547 128.816
5.03143 128.783
5.0678 128.763
5.10447 128.754
5.27928 128.442
5.31592 128.434
5.35022 128.354
5.38486 128.286
5.42063 128.253
5.45626 128.217
5.49135 128.164
5.527 128.129
5.56258 128.093
5.59734 128.033
5.63241 127.982
5.66867 127.967
5.70384 127.921
5.73987 127.899
5.77466 127.843
5.80957 127.791
5.84521 127.76
5.88139 127.745
5.91631 127.695
5.95184 127.662
5.98757 127.635
6.02372 127.62
6.05842 127.566
6.09397 127.535
6.12964 127.508
6.16509 127.476
6.20133 127.464
6.2369 127.435
6.27275 127.414
6.30829 127.385
6.34308 127.338
6.3792 127.324
6.41478 127.297
6.45066 127.278
6.48675 127.265
6.52138 127.215
6.55746 127.202
6.5922 127.156
6.62818 127.14
6.66439 127.131
6.70004 127.108
6.73536 127.077
6.77075 127.049
6.80637 127.026
6.8419 127.001
6.87782 126.986
6.91357 126.967
6.94964 126.955
6.98513 126.93
7.02061 126.906
7.05657 126.892
7.09211 126.87
7.12806 126.856
7.16367 126.835
7.19936 126.816
7.23537 126.805
7.2713 126.792
7.30644 126.761
7.34244 126.75
7.37869 126.744
7.41476 126.735
7.44978 126.702
7.48558 126.687
7.52128 126.67
7.55724 126.659
7.59328 126.649
7.62905 126.634
7.66509 126.624
7.70121 126.617
7.73732 126.609
7.77298 126.592
7.80863 126.575
7.84455 126.564
7.88064 126.556
7.91618 126.537
7.9519 126.522
7.98788 126.513
8.02396 126.505
8.05957 126.488
8.09573 126.482
8.13218 126.482
8.16806 126.471
8.20354 126.452
8.23979 126.448
8.27575 126.439
8.3116 126.428
8.34774 126.422
8.38418 126.422
8.42042 126.418
8.45626 126.407
8.49209 126.396
8.52792 126.384
8.56424 126.382
8.60057 126.381
8.637 126.381
8.67342 126.381
8.71005 126.385
8.74638 126.383
8.78177 126.364
8.81747 126.351
8.85357 126.345
8.88926 126.332
8.92515 126.322
8.96156 126.322
8.99829 126.328
9.03609 126.353
9.07314 126.364
9.10957 126.364
9.14523 126.351
9.18133 126.345
9.21633 126.321
9.25307 126.327
9.28894 126.317
9.32535 126.317
9.36176 126.317
9.39817 126.317
9.43469 126.319
9.47132 126.323
9.50773 126.323
9.54414 126.323
9.57999 126.314
9.61639 126.314
9.65337 126.323
9.69012 126.329
9.72653 126.329
9.76306 126.331
9.80004 126.341
9.8368 126.346
9.87322 126.346
9.90951 126.345
9.94604 126.347
9.98281 126.352
10.0199 126.364
10.0573 126.379
10.0942 126.387
10.1307 126.389
10.1674 126.392
10.2041 126.396
10.2404 126.394
10.2765 126.391
10.3136 126.4
10.3512 126.419
10.3879 126.423
10.4246 126.427
10.4615 126.435
10.499 126.452
10.5356 126.454
10.5719 126.452
10.6083 126.452
10.6459 126.469
10.683 126.479
10.7198 126.484
10.7576 126.505
10.7944 126.511
10.8321 126.53
10.8691 126.538
10.9071 126.561
10.9437 126.563
10.9803 126.564
11.0169 126.566
11.0537 126.572
11.0915 126.591
11.129 126.607
11.1672 126.631
11.2043 126.641
11.2435 126.681
11.2794 126.671
11.3173 126.692
11.3543 126.7
11.3932 126.735
11.4313 126.757
11.4692 126.777
11.5058 126.779
11.5426 126.782
11.5812 126.811
11.6197 126.84
11.6566 126.845
11.6936 126.851
11.7317 126.874
11.7704 126.903
11.8073 126.909
11.8473 126.957
11.8846 126.966
11.9252 127.022
11.9623 127.029
11.9993 127.035
12.0378 127.062
12.075 127.07
12.115 127.116
12.154 127.148
12.193 127.181
12.2319 127.212
12.2701 127.233
12.3076 127.244
12.3485 127.302
12.3859 127.312
12.4244 127.337
12.4618 127.346
12.4988 127.352
12.5371 127.373
12.5798 127.452
12.6193 127.489
12.6567 127.498
12.6958 127.529
12.8144 127.639
12.8543 127.68
12.8955 127.738
12.9349 127.771
12.9737 127.798
13.0128 127.827
13.052 127.858
13.6326 128.657
13.6726 128.694
13.7129 128.735
13.7551 128.797
13.7978 128.866
13.8425 128.958
13.8874 129.052
13.9319 129.141
13.9759 129.223
14.0172 129.272
