-24.3104 134.749
-24.2683 134.716
-24.2301 134.71
-23.9641 134.415
-23.9242 134.397
-23.8751 134.313
-23.8335 134.283
-23.7924 134.256
-23.7494 134.215
-23.7073 134.181
-23.6666 134.156
-23.6285 134.15
-23.5864 134.116
-23.5409 134.057
-23.4991 134.024
-23.454 133.967
-23.4159 133.961
-23.3778 133.955
-23.3364 133.925
-23.2947 133.892
-23.2488 133.829
-23.2071 133.797
-23.1652 133.762
-23.1263 133.75
-23.0861 133.728
-23.0489 133.728
-23.0078 133.7
-22.9657 133.663
-22.9244 133.633
-22.8866 133.629
-22.8462 133.605
-22.8049 133.574
-22.7666 133.566
-22.7257 133.538
-22.6871 133.528
-22.6432 133.477
-22.605 133.469
-22.5673 133.465
-22.5242 133.421
-22.4857 133.411
-22.4451 133.384
-22.4063 133.372
-22.3649 133.34
-22.3248 133.318
-22.2872 133.314
-22.249 133.306
-22.2108 133.298
-22.17 133.27
-22.1294 133.243
-22.0918 133.239
-22.0555 133.246
-22.0186 133.248
-21.9797 133.234
-21.9373 133.193
-21.8992 133.185
-21.8613 133.179
-21.8229 133.169
-21.7847 133.161
-21.7479 133.163
-21.7098 133.155
-21.6708 133.141
-21.6322 133.129
-21.592 133.105
-21.5521 133.083
-21.5147 133.081
-21.4787 133.089
-21.4423 133.095
-21.4022 133.071
-21.3633 133.057
-21.3257 133.053
-21.2886 133.053
-21.2503 133.043
-21.2117 133.031
-21.1736 133.023
-21.1352 133.013
-21.0974 133.007
-21.0598 133.003
-21.0227 133.003
-20.9859 133.005
-20.9478 132.997
-20.91 132.991
-20.8726 132.989
-20.8353 132.987
-20.7975 132.981
-20.7599 132.977
-20.7228 132.977
-20.6865 132.983
-20.6502 132.99
-20.6131 132.99
-20.5752 132.984
-20.5377 132.98
-20.5011 132.984
-20.464 132.984
-20.4267 132.982
-20.3898 132.984
-20.353 132.986
-20.3156 132.984
-20.2785 132.984
-20.2439 133.004
-20.2087 133.02
-20.1707 133.012
-20.1321 133
-20.0957 133.007
-20.0589 133.009
-20.0191 132.986
-19.9801 132.97
-19.9454 132.991
-19.9097 133.003
-19.876 133.031
-19.8403 133.043
-19.8013 133.027
-19.7665 133.047
-19.7299 133.051
-19.693 133.053
-19.6554 133.049
-19.6174 133.041
-19.5816 133.054
-19.5448 133.056
-19.5086 133.064
-19.4724 133.072
-19.435 133.07
-19.3974 133.066
-19.3617 133.078
-19.3266 133.096
-19.2907 133.106
-19.2531 133.102
-19.2166 133.109
-19.1804 133.117
-19.1442 133.125
-19.1082 133.135
-19.0715 133.139
-19.0362 133.155
-19.0013 133.176
-18.9648 133.182
-18.9279 133.184
-18.8916 133.192
-18.8569 133.214
-18.8211 133.226
-18.7853 133.238
-18.7497 133.253
-18.7132 133.259
-18.6758 133.257
-18.6404 133.273
-18.6059 133.297
-18.5709 133.318
-18.5364 133.342
-18.4999 133.348
-18.4629 133.35
-18.4274 133.366
-18.392 133.383
-18.3568 133.401
-18.3211 133.415
-18.2861 133.436
-18.2502 133.448
-18.2149 133.466
-18.1794 133.482
-18.1446 133.505
-18.1099 133.529
-18.0742 133.543
-18.0387 133.56
-18.0019 133.564
-17.9668 133.584
-17.9323 133.61
-17.9 133.657
-17.864 133.669
-17.8271 133.674
-17.7907 133.682
-17.7577 133.723
-17.7223 133.741
-17.6895 133.784
-17.6535 133.796
-17.617 133.804
-17.5826 133.833
-17.5487 133.865
-17.5128 133.88
-17.4797 133.92
-17.444 133.937
-17.412 133.988
-17.3767 134.008
-17.3401 134.016
-17.3065 134.053
-17.2708 134.07
-17.2361 134.096
-17.2015 134.123
-17.1661 134.143
-17.1302 134.158
-17.0946 134.176
-17.0632 134.236
-17.0313 134.291
-16.9949 134.301
-16.9579 134.305
-16.9233 134.334
-16.8918 134.394
-16.8578 134.428
-16.8248 134.474
-16.7892 134.492
-16.7568 134.544
-16.7233 134.585
-16.6872 134.599
-16.6554 134.657
-16.6231 134.71
-16.5863 134.719
-16.5522 134.754
-16.5185 134.793
-16.4847 134.832
-16.4517 134.879
-16.4176 134.915
-16.3848 134.964
-16.3523 135.018
-16.3177 135.049
-16.2836 135.086
-16.2498 135.126
-16.218 135.188
-16.1865 135.252
-16.1522 135.287
-16.1194 135.339
-16.0878 135.403
-16.0566 135.472
-16.0212 135.497
-15.9889 135.555
-15.9566 135.613
-15.6459 136.345
