-11.6487 139.488
-11.4284 139.134
-11.3865 139.094
-11.3449 139.059
-11.174 138.847
-10.7113 138.351
-10.6682 138.287
-10.6272 138.257
-10.5872 138.242
-10.546 138.209
-10.5064 138.2
-10.4655 138.172
-10.4231 138.117
-10.3817 138.08
-10.3404 138.043
-10.3009 138.037
-10.2613 138.028
-10.2198 137.987
-10.1777 137.937
-10.1381 137.928
-10.0974 137.9
-10.0564 137.867
-10.0167 137.857
-9.97515 137.813
-9.93585 137.809
-9.89493 137.776
-9.85514 137.764
-9.81398 137.727
-9.77434 137.716
-9.7337 137.688
-9.69432 137.681
-9.65382 137.655
-9.6131 137.625
-9.57239 137.595
-9.5329 137.586
-9.49366 137.582
-9.4543 137.576
-9.41399 137.552
-9.37344 137.524
-9.33232 137.485
-9.29156 137.452
-9.25177 137.437
-9.21197 137.422
-9.173 137.423
-9.1338 137.419
-9.09333 137.39
-9.05379 137.38
-9.01448 137.373
-8.97529 137.369
-8.93519 137.348
-8.89499 137.324
-8.85559 137.316
-8.81619 137.307
-8.77601 137.283
-8.73639 137.271
-8.69535 137.23
-8.65586 137.219
-8.61682 137.217
-8.57766 137.213
-8.53851 137.209
-8.49882 137.194
-8.45989 137.194
-8.42096 137.194
-8.3816 137.186
-8.34203 137.173
-8.30215 137.154
-8.26364 137.162
-8.22492 137.167
-8.18495 137.145
-8.14488 137.122
-8.10627 137.129
-8.06858 137.155
-8.02975 137.157
-7.99021 137.144
-7.95006 137.119
-7.91073 137.11
-7.87181 137.11
-7.83259 137.104
-7.79347 137.1
-7.75464 137.102
-7.71572 137.103
-7.6764 137.094
-7.63699 137.083
-7.59845 137.092
-7.55963 137.095
-7.51955 137.069
-7.48025 137.06
-7.44171 137.069
-7.40269 137.067
-7.36367 137.065
-7.32391 137.046
-7.28462 137.038
-7.2457 137.038
-7.20632 137.027
-7.16804 137.043
-7.12949 137.051
-7.08939 137.023
-7.04966 137.004
-7.01164 137.026
-6.9729 137.031
-6.93442 137.042
-6.89523 137.035
-6.85753 137.066
-6.81851 137.064
-6.7801 137.077
-6.74245 137.11
-6.70377 137.117
-6.66465 137.113
-6.62588 137.117
-6.58727 137.126
-6.5489 137.141
-6.51003 137.144
-6.47132 137.151
-6.43319 137.172
-6.39456 137.181
-6.35567 137.184
-6.31679 137.186
-6.27806 137.193
-6.23949 137.204
-6.20075 137.211
-6.16178 137.211
-6.12335 137.226
-6.08515 137.248
-6.04663 137.261
-6.00772 137.264
-5.96888 137.268
-5.93058 137.288
-5.89218 137.306
-5.85341 137.313
-5.81396 137.3
-5.77488 137.298
-5.73684 137.326
-5.69929 137.37
-5.66115 137.396
-5.62292 137.42
-5.58431 137.434
-5.54556 137.443
-5.50695 137.456
-5.46896 137.489
-5.43006 137.493
-5.39128 137.502
-5.35312 137.531
-5.31434 137.54
-5.27541 137.544
-5.23688 137.562
-5.19795 137.567
-5.15994 137.602
-5.12192 137.637
-5.08322 137.65
-5.04426 137.655
-5.00588 137.679
-4.96703 137.688
-4.92793 137.688
-4.88934 137.706
-4.85085 137.728
-4.81323 137.781
-4.77503 137.814
-4.73614 137.823
-4.69713 137.827
-4.6589 137.86
-4.62065 137.893
-4.58226 137.922
-4.54346 137.935
-4.50505 137.964
-4.46594 137.966
-4.42803 138.015
-4.38924 138.03
-4.35045 138.046
-4.31248 138.094
-4.27361 138.108
-4.23452 138.112
-4.19683 138.174
-4.15917 138.238
-4.12079 138.273
-4.08255 138.316
-4.04351 138.325
-3.8896 138.462
-3.85171 138.524
-3.81265 138.535
-3.69761 138.668
-3.65899 138.702
-3.62025 138.731
-3.58132 138.751
-3.54376 138.837
-3.5052 138.877
-3.46717 138.944
-3.42816 138.964
-3.39008 139.031
-3.04411 139.529
-3.00508 139.558
-2.96627 139.601
