-24.8698 83.9006
-24.8437 83.9005
-2.73275 145.867
-2.69179 145.829
-1.99617 145.008
-1.95585 144.998
-1.91525 144.961
-1.87471 144.928
-1.83439 144.917
-1.79362 144.858
-1.75337 144.851
-1.71283 144.814
-1.67232 144.776
-1.63207 144.767
-1.59137 144.706
-1.5509 144.669
-1.5107 144.662
-1.47052 144.658
-1.42994 144.602
-1.3895 144.562
-1.34914 144.529
-1.30897 144.522
-1.26881 144.515
-1.22829 144.455
-1.18811 144.443
-1.14798 144.439
-1.10756 144.385
-1.06743 144.378
-1.02732 144.374
-0.98706 144.341
-0.946934 144.332
-0.906696 144.299
-0.866605 144.295
-0.826399 144.265
-0.786207 144.234
-0.746104 144.223
-0.706014 144.214
-0.665852 144.183
-0.625767 144.172
-0.585567 144.123
-0.545479 144.105
-0.505424 144.095
-0.465385 144.091
-0.425262 144.049
-0.385205 144.03
-0.345174 144.021
-0.305147 144.012
-0.265141 144.014
-0.225142 144.024
-0.185098 143.994
-0.14507 143.966
-0.105067 143.961
-0.0650675 143.961
-0.0250675 143.959
0.014931 143.95
0.0549228 143.931
0.0949078 143.915
0.134881 143.892
0.174859 143.885
0.214815 143.862
0.254775 143.848
0.294747 143.846
0.334722 143.846
0.374692 143.844
0.414667 143.844
0.454631 143.839
0.494536 143.814
0.534477 143.804
0.574466 143.811
0.614457 143.818
0.654377 143.805
0.694308 143.795
0.734273 143.795
0.774247 143.798
0.814182 143.791
0.854102 143.782
0.894075 143.784
0.933978 143.772
0.973949 143.775
1.01395 143.782
1.05384 143.77
1.09373 143.759
1.13382 143.78
1.17385 143.791
1.21382 143.791
1.2538 143.794
1.2936 143.77
1.33345 143.757
1.3729 143.69
1.41239 143.632
1.45273 143.683
1.49284 143.704
1.53294 143.722
1.57292 143.727
1.61295 143.736
1.65294 143.741
1.69292 143.743
1.73287 143.743
1.77289 143.75
1.81295 143.762
1.85281 143.752
1.89279 143.755
1.93289 143.769
1.97292 143.776
2.01301 143.787
2.05291 143.783
2.09295 143.79
2.13294 143.792
2.1729 143.792
2.21291 143.797
2.25307 143.813
2.2933 143.834
2.33333 143.838
2.37326 143.836
2.41329 143.841
2.45348 143.857
2.49361 143.869
2.53342 143.857
2.57363 143.873
2.6138 143.887
2.65405 143.906
2.6941 143.91
2.73418 143.917
2.77445 143.936
2.81483 143.962
2.85482 143.962
2.89489 143.966
2.93507 143.978
2.97522 143.987
3.01556 144.008
3.05611 144.04
3.09651 144.064
3.13656 144.066
3.17682 144.08
3.21733 144.108
3.25743 144.113
3.29758 144.12
3.33795 144.138
3.3781 144.145
3.41822 144.15
3.45834 144.154
3.49877 144.175
3.53917 144.194
3.57976 144.222
3.6204 144.252
3.66083 144.271
3.70145 144.299
3.74203 144.324
3.78297 144.366
3.82387 144.406
3.86406 144.411
3.90429 144.418
3.94458 144.427
3.98558 144.469
4.02589 144.478
4.06625 144.49
4.10698 144.518
4.1473 144.527
4.18821 144.562
4.22989 144.63
4.27089 144.667
4.31131 144.679
4.35223 144.712
4.39311 144.742
4.43411 144.777
4.47502 144.808
4.51565 144.826
4.55728 144.885
4.59788 144.901
4.63895 144.936
4.67999 144.969
4.72122 145.009
4.80355 145.082
4.84483 145.122
4.88613 145.162
4.92682 145.178
4.9684 145.228
5.00905 145.242
5.05028 145.277
5.0927 145.355
5.1347 145.416
5.1754 145.43
5.21764 145.498
5.25992 145.567
5.30148 145.609
5.34305 145.652
5.38465 145.694
5.4271 145.765
5.46867 145.805
5.51132 145.881
5.55394 145.954
5.59615 146.014
5.63803 146.061
5.80952 146.37
5.85251 146.449
5.8954 146.523
