7.30946 142.07
7.34728 142.018
7.38293 141.913
7.42003 141.845
7.45862 141.813
7.49568 141.745
7.5309 141.634
7.56666 141.537
7.60457 141.491
7.64286 141.455
7.68103 141.417
7.71889 141.372
7.75566 141.302
7.79231 141.229
7.82843 141.146
7.86748 141.13
7.90643 141.112
7.94328 141.047
7.97969 140.972
8.01648 140.907
8.05507 140.882
8.09404 140.867
8.13118 140.811
8.16901 140.77
8.20661 140.725
8.24347 140.665
8.28249 140.651
8.31931 140.591
8.35716 140.553
8.39509 140.517
8.43312 140.483
8.47208 140.47
8.50912 140.416
8.547 140.381
8.5855 140.358
8.62194 140.293
8.66031 140.269
8.69932 140.258
8.73756 140.231
8.77502 140.189
8.8128 140.153
8.85066 140.12
8.88885 140.093
8.9268 140.062
8.96463 140.028
9.00335 140.013
9.04194 139.995
9.07928 139.953
9.11717 139.922
9.15493 139.888
9.19371 139.875
9.23249 139.862
9.26998 139.824
9.30874 139.811
9.34726 139.793
9.38472 139.755
9.42322 139.737
9.46195 139.724
9.50031 139.704
9.53915 139.693
9.57678 139.66
9.61464 139.631
9.65285 139.609
9.69165 139.598
9.73057 139.589
9.76924 139.576
9.80717 139.549
9.84559 139.532
9.88387 139.512
9.92226 139.494
9.96028 139.47
9.99903 139.459
10.0379 139.45
10.0763 139.432
10.1149 139.419
10.1531 139.399
10.192 139.39
10.2308 139.381
10.2694 139.368
10.3078 139.353
10.3465 139.342
10.3847 139.322
10.4233 139.309
10.4615 139.289
10.5 139.276
10.5388 139.267
10.5776 139.258
10.6161 139.245
10.6545 139.229
10.6932 139.218
10.7321 139.212
10.771 139.205
10.8101 139.201
10.8488 139.192
10.8876 139.183
10.9264 139.174
10.9653 139.168
11.0032 139.146
11.0418 139.135
11.0806 139.126
11.1193 139.117
11.1575 139.1
11.1966 139.098
11.2352 139.087
11.2739 139.078
11.3138 139.087
11.3523 139.076
11.3916 139.076
11.431 139.078
11.4706 139.082
11.5107 139.096
11.55 139.096
11.5897 139.102
11.6279 139.085
11.6657 139.063
11.7044 139.054
11.7442 139.063
11.7835 139.063
11.8228 139.063
11.8624 139.067
11.9012 139.061
11.9403 139.059
11.98 139.065
12.0195 139.068
12.0586 139.065
12.098 139.068
12.1376 139.072
12.1767 139.07
12.2154 139.061
12.2545 139.059
12.2943 139.068
12.3345 139.081
12.3746 139.092
12.4149 139.108
12.4551 139.121
12.495 139.13
12.5346 139.134
12.5741 139.137
12.6136 139.141
12.6534 139.148
12.6925 139.145
12.7315 139.141
12.7711 139.146
12.8108 139.152
12.8508 139.161
12.8907 139.17
12.9309 139.183
12.9707 139.19
13.0123 139.221
13.0519 139.225
13.0917 139.232
13.1328 139.256
13.1734 139.274
13.2123 139.27
13.2512 139.263
13.2916 139.279
13.3314 139.285
13.371 139.29
13.4123 139.316
13.4538 139.345
13.4937 139.352
13.5331 139.354
13.5728 139.358
13.614 139.383
13.6553 139.409
13.6952 139.416
13.7364 139.44
13.7762 139.447
13.8161 139.454
13.8559 139.46
13.8996 139.516
13.9396 139.525
13.9799 139.536
14.0213 139.563
14.061 139.567
14.1005 139.569
14.142 139.596
14.1821 139.605
14.2257 139.658
14.2658 139.667
14.3059 139.676
14.3493 139.727
14.3896 139.738
14.4315 139.769
14.4717 139.778
14.5156 139.834
14.5568 139.856
14.5968 139.863
14.6396 139.905
14.6803 139.921
14.7218 139.945
14.7621 139.956
14.8066 140.017
14.8475 140.034
14.8916 140.09
14.9316 140.097
14.9714 140.101
15.0128 140.124
15.0556 140.164
15.1004 140.226
15.1408 140.238
15.1856 140.3
15.2264 140.316
15.2686 140.347
15.3116 140.388
15.3545 140.428
15.3973 140.466
15.4423 140.529
15.4869 140.587
15.5278 140.603
15.5709 140.643
15.6616 140.776
15.7045 140.814
15.7449 140.823
15.7877 140.859
15.8382 140.983
15.881 141.019
15.9219 141.032
