-30.3008 141.672
-30.2549 141.634
-30.2088 141.594
-30.158 141.526
-29.398 140.739
-29.3582 140.735
-29.309 140.674
-29.2194 140.606
-29.1777 140.59
-29.1279 140.526
-29.0834 140.492
-29.044 140.491
-29.0005 140.464
-28.8264 140.356
-28.7819 140.323
-28.5622 140.173
-28.5228 140.171
-28.4788 140.141
-28.4344 140.108
-28.3943 140.101
-28.355 140.1
-28.3153 140.096
-28.2699 140.056
-28.227 140.032
-28.1866 140.023
-28.1437 139.999
-28.1044 139.997
-28.0615 139.973
-28.0201 139.958
-27.9761 139.927
-27.9326 139.899
-27.8915 139.886
-27.8483 139.86
-27.8083 139.853
-27.7652 139.827
-27.7262 139.828
-27.6873 139.828
-27.6477 139.824
-27.6035 139.791
-27.5593 139.758
-27.52 139.756
-27.4766 139.728
-27.4366 139.722
-27.4008 139.742
-27.3622 139.745
-27.3191 139.719
-27.2754 139.688
-27.2354 139.682
-27.1961 139.68
-27.1569 139.678
-27.1152 139.661
-27.077 139.666
-27.038 139.666
-26.9974 139.655
-26.9571 139.647
-26.9168 139.639
-26.8772 139.635
-26.8393 139.642
-26.7987 139.631
-26.7591 139.627
-26.7198 139.625
-26.6795 139.617
-26.6376 139.597
-26.596 139.58
-26.5557 139.571
-26.5168 139.572
-26.4751 139.555
-26.4369 139.559
-26.4003 139.575
-26.3624 139.583
-26.3235 139.583
-26.2869 139.599
-26.2483 139.602
-26.2067 139.584
-26.1654 139.569
-26.1261 139.568
-26.0879 139.572
-26.0536 139.604
-26.0159 139.613
-25.9757 139.605
-25.9334 139.583
-25.8951 139.588
-25.8591 139.608
-25.8198 139.607
-25.7789 139.594
-25.74 139.594
-25.701 139.595
-25.663 139.602
-25.6241 139.602
-25.5828 139.587
-25.5419 139.574
-25.5027 139.572
-25.4637 139.573
-25.4247 139.573
-25.3929 139.623
-25.3548 139.63
-25.3127 139.608
-25.2673 139.564
-25.2344 139.607
-25.2024 139.656
-25.1679 139.688
-25.1299 139.695
-25.0941 139.718
-25.0567 139.729
-25.0164 139.721
-24.977 139.719
-24.9365 139.708
-24.8914 139.666
-24.8496 139.647
-24.8081 139.629
-24.7688 139.628
-24.7477 139.755
-24.7137 139.791
-24.6774 139.812
-24.644 139.852
-24.6062 139.862
-24.5675 139.864
-24.5294 139.872
-24.4916 139.881
-24.4528 139.884
-24.4112 139.866
-24.3728 139.871
-24.3368 139.894
-24.3012 139.919
-24.2673 139.957
-24.2304 139.973
-24.1925 139.983
-24.1553 139.997
-24.1217 140.037
-24.0847 140.053
-24.049 140.078
-24.0077 140.063
-23.9738 140.102
-23.9368 140.118
-23.9019 140.15
-23.8649 140.166
-23.8287 140.189
-23.7908 140.198
-23.7556 140.228
-23.7194 140.251
-23.6821 140.264
-23.6447 140.278
-23.6094 140.308
-23.5732 140.331
-23.537 140.354
-23.499 140.363
-23.4649 140.402
-23.4277 140.418
-23.3924 140.448
-23.3567 140.475
-23.319 140.487
-23.2848 140.525
-23.2535 140.587
-23.2155 140.596
-23.18 140.626
-23.1416 140.633
-23.1056 140.658
-23.0707 140.693
-23.0361 140.729
-22.998 140.739
-22.9628 140.771
-22.9281 140.807
-22.8906 140.821
-22.8591 140.883
-22.8238 140.915
-22.7854 140.922
-22.7498 140.952
-22.6841 141.054
-22.6467 141.071
-22.6117 141.105
-22.58 141.167
-22.5426 141.183
-22.5041 141.19
-21.7636 142.245
-21.7289 142.287
-21.6979 142.359
-21.6665 142.428
-21.6315 142.468
-21.5973 142.514
-21.5656 142.581
-20.894 142.63
-20.8684 142.753
-20.8415 142.864
-20.8353 143.501
