-24.8726 83.9138
0.0146539 164.489
0.0591524 164.475
0.103611 164.406
0.148083 164.389
0.192513 164.34
0.236867 164.249
0.281186 164.16
0.325485 164.083
0.369873 164.069
0.635333 163.758
0.679648 163.75
0.723833 163.707
0.85619 163.559
0.900362 163.531
0.944589 163.517
0.988839 163.508
1.03279 163.443
1.07697 163.426
1.12099 163.381
1.165 163.338
1.20901 163.299
1.25321 163.29
1.29717 163.248
1.34104 163.194
1.38479 163.126
1.42898 163.123
1.47317 163.12
1.5171 163.084
1.56114 163.064
1.60506 163.03
1.64864 162.957
1.69258 162.928
1.73664 162.917
1.78081 162.917
1.82482 162.9
1.86888 162.889
1.9129 162.875
1.9567 162.838
2.00053 162.807
2.04456 162.796
2.08832 162.759
2.13239 162.754
2.1764 162.742
2.22018 162.711
2.26421 162.703
2.30787 162.663
2.35179 162.647
2.39566 162.627
2.43977 162.627
2.48384 162.624
2.52776 162.61
2.57143 162.576
2.61538 162.565
2.65944 162.562
2.70345 162.557
2.74735 162.543
2.79081 162.498
2.83469 162.484
2.87857 162.469
2.92243 162.455
2.9663 162.441
3.01045 162.447
3.05447 162.444
3.09837 162.433
3.14213 162.413
3.18614 162.41
3.23034 162.419
3.27436 162.416
3.3181 162.396
3.36201 162.388
3.40621 162.396
3.45023 162.394
3.49365 162.357
3.5373 162.335
3.58125 162.329
3.62534 162.332
3.66939 162.332
3.71354 162.337
3.75764 162.34
3.80174 162.343
3.84595 162.351
3.89 162.351
3.93405 162.351
3.97765 162.329
4.02187 162.337
4.06563 162.323
4.10416 162.054
4.15331 162.303
4.1977 162.32
4.24204 162.334
4.28585 162.323
4.32996 162.326
4.374 162.326
4.41804 162.326
4.46209 162.326
4.50607 162.323
4.55005 162.32
4.59409 162.32
4.63827 162.326
4.68225 162.323
4.72609 162.314
4.77027 162.32
4.81438 162.323
4.85849 162.326
4.90295 162.342
4.94782 162.376
4.99237 162.396
5.03636 162.393
5.08034 162.39
5.12469 162.401
5.16889 162.407
5.21317 162.415
5.25753 162.426
5.30189 162.437
5.34611 162.443
5.39063 162.46
5.43471 162.46
5.47908 162.471
5.52339 162.479
5.56762 162.485
5.61225 162.505
5.65776 162.555
5.70249 162.578
5.74683 162.586
5.79093 162.586
5.83478 162.577
5.87896 162.58
5.92405 162.614
5.96916 162.648
6.01369 162.662
6.05823 162.676
6.1032 162.704
6.1475 162.709
6.19179 162.715
6.23609 162.721
6.28189 162.774
6.32621 162.78
6.37061 162.788
6.41493 162.794
6.46043 162.836
6.50613 162.884
6.55075 162.898
6.59593 162.929
6.64038 162.937
6.68587 162.977
6.73156 163.022
6.77698 163.058
6.82137 163.064
6.86586 163.072
6.91132 163.109
6.95591 163.12
7.00111 163.149
7.04562 163.157
7.09133 163.199
7.13867 163.287
7.18463 163.335
7.23031 163.375
7.27518 163.392
7.32079 163.429
7.36516 163.431
7.41069 163.465
7.45665 163.511
7.50273 163.559
7.54746 163.57
7.59326 163.61
7.82517 163.877
7.9177 163.974
7.96388 164.019
8.01009 164.065
8.0562 164.107
8.10279 164.162
8.29139 164.427
8.338 164.479
8.38605 164.565
8.43271 164.616
8.47951 164.671
8.52803 164.766
8.57733 164.878
8.62447 164.938
8.67288 165.027
