-13.358 114.049
-13.3241 114.039
-13.0331 113.736
-12.9995 113.728
-12.9255 113.636
-12.8899 113.606
-12.8549 113.583
-12.8215 113.576
-12.7863 113.551
-12.7493 113.504
-12.7126 113.459
-12.679 113.451
-12.6459 113.448
-12.5703 113.335
-12.5369 113.328
-12.5025 113.31
-12.4684 113.295
-12.4322 113.256
-12.397 113.228
-12.362 113.202
-12.3262 113.168
-12.293 113.163
-12.2592 113.15
-12.2232 113.113
-12.1892 113.099
-12.1538 113.067
-12.1207 113.064
-12.0871 113.055
-12.0537 113.047
-12.0203 113.04
-11.9848 113.007
-11.9482 112.96
-11.9132 112.934
-11.8802 112.93
-11.846 112.913
-11.8122 112.901
-11.7786 112.89
-11.7448 112.877
-11.7102 112.854
-11.6754 112.828
-11.6421 112.822
-11.6079 112.803
-11.5744 112.794
-11.5411 112.788
-11.5062 112.759
-11.4719 112.741
-11.438 112.725
-11.4046 112.717
-11.3706 112.7
-11.3366 112.684
-11.3032 112.675
-11.2699 112.668
-11.2364 112.657
-11.2037 112.657
-11.1702 112.648
-11.1359 112.628
-11.1035 112.631
-11.0705 112.627
-11.0375 112.624
-11.0049 112.626
-10.9721 112.624
-10.938 112.605
-10.9036 112.583
-10.8701 112.572
-10.835 112.54
-10.8016 112.53
-10.7684 112.524
-10.7353 112.519
-10.7023 112.515
-10.6693 112.51
-10.6349 112.486
-10.6015 112.477
-10.5684 112.472
-10.535 112.461
-10.5005 112.436
-10.4677 112.435
-10.4348 112.432
-10.4012 112.419
-10.3677 112.408
-10.3355 112.414
-10.3032 112.419
-10.2706 112.42
-10.238 112.422
-10.205 112.417
-10.1712 112.401
-10.1378 112.39
-10.105 112.389
-10.0727 112.393
-10.0403 112.398
-10.0076 112.398
-9.97472 112.395
-9.94183 112.392
-9.90883 112.387
-9.87552 112.377
-9.84252 112.373
-9.80921 112.363
-9.77633 112.36
-9.74376 112.362
-9.7115 112.368
-9.67934 112.375
-9.64687 112.378
-9.6143 112.38
-9.5813 112.375
-9.54821 112.369
-9.51574 112.372
-9.48275 112.367
-9.44987 112.364
-9.41719 112.364
-9.38471 112.367
-9.35113 112.353
-9.31855 112.354
-9.28647 112.364
-9.25498 112.382
-9.22299 112.393
-9.19011 112.39
-9.15781 112.396
-9.12542 112.4
-9.09233 112.394
-9.05964 112.394
-9.02783 112.408
-8.99572 112.417
-8.96312 112.419
-8.93052 112.42
-8.89772 112.419
-8.8655 112.426
-8.8328 112.426
-8.8001 112.426
-8.76806 112.437
-8.73573 112.443
-8.70312 112.444
-8.6707 112.449
-8.63818 112.452
-8.60584 112.458
-8.57368 112.467
-8.54116 112.47
-8.50918 112.483
-8.47728 112.497
-8.44575 112.517
-8.41348 112.525
-8.38075 112.525
-8.34838 112.531
-8.31601 112.537
-8.28364 112.543
-8.25144 112.552
-8.2196 112.568
-8.1873 112.575
-8.155 112.583
-8.12252 112.588
-8.09057 112.602
-8.05826 112.609
-8.02594 112.617
-7.99379 112.628
-7.9619 112.643
-7.92957 112.651
-7.89758 112.665
-7.86559 112.679
-7.8335 112.691
-7.80115 112.699
-7.76855 112.702
-7.73577 112.702
-7.7035 112.711
-7.67189 112.733
-7.64077 112.764
-7.60872 112.778
-7.57626 112.784
-7.54363 112.787
-7.5119 112.808
-7.47951 112.815
-7.44719 112.825
-7.4156 112.848
-7.38471 112.885
-7.35269 112.901
-7.32083 112.92
-7.2888 112.935
-7.25628 112.941
-7.22392 112.951
-7.19133 112.955
-7.16005 112.986
-7.12783 112.999
-7.09676 113.035
-7.06453 113.047
-7.03198 113.053
-6.99988 113.069
-6.96809 113.091
-6.93575 113.102
-6.90439 113.133
-6.87204 113.144
-6.8402 113.166
-6.80851 113.191
-6.77665 113.213
-6.74413 113.221
-6.71226 113.242
-6.68052 113.268
-6.64863 113.289
-6.61688 113.315
-6.58511 113.34
-6.55333 113.365
-6.52154 113.39
-6.4896 113.412
-6.458 113.442
-6.42625 113.468
-6.39449 113.495
-6.3625 113.517
-6.33127 113.556
-6.29885 113.569
-6.26752 113.607
-6.23529 113.624
-6.20332 113.648
-6.17127 113.67
-6.13949 113.698
-6.10815 113.737
-6.07561 113.748
-6.04537 113.815
-6.01294 113.829
-5.98095 113.854
-5.94967 113.897
-5.9174 113.916
-5.88467 113.924
-5.85438 113.992
-5.82329 114.041
-5.79065 114.052
-5.75927 114.095
-5.72737 114.125
-5.69615 114.172
-5.5697 114.328
-5.53911 114.395
-5.50703 114.424
-5.47501 114.454
-5.44369 114.503
-5.41169 114.535
-5.38004 114.577
-5.34807 114.61
-5.2555 114.806
-5.22276 114.82
-5.19127 114.87
-5.16045 114.939
-5.12903 114.992
-5.09843 115.069
-5.06696 115.122
-5.03535 115.172
-4.91132 115.449
