-24.8702 83.9027
-24.8437 83.9005
-13.6085 129.976
-13.5672 129.921
-13.5257 129.862
-13.4858 129.823
-13.4464 129.79
-13.3607 129.639
-13.3216 129.608
-13.28 129.547
-13.2404 129.51
-13.2014 129.481
-13.1622 129.448
-13.0788 129.321
-13.0401 129.294
-13.0028 129.284
-12.9185 129.144
-12.8791 129.107
-12.8413 129.091
-12.8013 129.047
-12.7625 129.017
-12.7253 129.008
-12.57 128.888
-12.531 128.855
-12.4903 128.801
-12.453 128.789
-12.4144 128.762
-12.3753 128.727
-12.3368 128.7
-12.3 128.695
-12.2613 128.666
-12.2213 128.617
-12.1843 128.61
-12.1473 128.602
-12.109 128.577
-12.0705 128.55
-12.0334 128.54
-11.9937 128.496
-11.9562 128.481
-11.9176 128.452
-11.8794 128.427
-11.804 128.39
-11.7654 128.36
-11.7272 128.335
-11.6905 128.331
-11.6536 128.323
-11.6156 128.3
-11.5774 128.275
-11.539 128.246
-11.5015 128.231
-11.4651 128.229
-11.4279 128.218
-11.391 128.21
-11.3529 128.185
-11.316 128.178
-11.2777 128.149
-11.2405 128.138
-11.2023 128.111
-11.1645 128.09
-11.1278 128.084
-11.0911 128.078
-11.0533 128.057
-11.0156 128.036
-10.9787 128.029
-10.9403 127.998
-10.9031 127.985
-10.8665 127.981
-10.8295 127.969
-10.792 127.952
-10.7556 127.951
-10.7198 127.958
-10.6846 127.976
-10.6484 127.978
-10.6102 127.949
-10.5732 127.938
-10.5362 127.928
-10.4989 127.913
-10.4613 127.892
-10.4237 127.873
-10.3873 127.871
-10.3519 127.885
-10.3159 127.891
-10.2796 127.891
-10.2429 127.883
-10.2062 127.877
-10.1698 127.876
-10.1323 127.857
-10.0955 127.849
-10.0588 127.843
-10.0212 127.822
-9.98507 127.824
-9.94878 127.824
-9.91179 127.813
-9.87526 127.809
-9.83921 127.813
-9.80268 127.81
-9.76593 127.802
-9.72987 127.806
-9.69277 127.793
-9.65602 127.785
-9.61985 127.787
-9.58402 127.795
-9.54852 127.809
-9.51279 127.818
-9.47672 127.822
-9.44009 127.817
-9.40379 127.817
-9.36771 127.821
-9.33174 127.827
-9.29555 127.829
-9.2598 127.838
-9.22602 127.883
-9.19036 127.894
-9.15371 127.889
-9.11739 127.889
-9.08172 127.9
-9.04529 127.899
-9.0094 127.906
-8.97221 127.891
-8.93546 127.884
-8.89818 127.866
-8.86165 127.863
-8.82491 127.855
-8.78859 127.855
-8.7529 127.867
-8.71647 127.865
-8.68015 127.865
-8.64382 127.865
-8.6075 127.865
-8.57097 127.862
-8.53495 127.868
-8.49953 127.885
-8.4635 127.891
-8.42727 127.893
-8.39124 127.899
-8.3554 127.908
-8.32005 127.928
-8.28411 127.936
-8.24796 127.94
-8.21249 127.957
-8.17692 127.973
-8.14105 127.982
-8.10536 127.996
-8.06948 128.006
-8.03331 128.01
-7.9978 128.027
-7.962 128.039
-7.92591 128.045
-7.88991 128.052
-7.85437 128.07
-7.81845 128.08
-7.78197 128.078
-7.74697 128.107
-7.71095 128.115
-7.67492 128.122
-7.63888 128.13
-7.60439 128.171
-7.56888 128.19
-7.53247 128.19
-7.49596 128.189
-7.46061 128.212
-7.42481 128.226
-7.38944 128.249
-7.35407 128.272
-7.31789 128.278
-7.28189 128.288
-7.24587 128.298
-7.2109 128.331
-7.17487 128.34
-7.13875 128.348
-7.10323 128.37
-7.06803 128.399
-7.03198 128.409
-6.99651 128.432
-6.96037 128.44
-6.92513 128.469
-6.88987 128.498
-6.85477 128.531
-6.81868 128.541
-6.7829 128.558
-6.74679 128.568
-6.71132 128.594
-6.67616 128.627
-6.64066 128.652
-6.60531 128.681
-6.56924 128.693
-6.53379 128.72
-6.49841 128.75
-6.46285 128.775
-6.42706 128.795
-6.39125 128.814
-6.35582 128.843
-6.3203 128.871
-6.28491 128.902
-6.24959 128.935
-6.21425 128.968
-6.17889 129.002
-6.1436 129.037
-6.10865 129.082
-6.07252 129.096
-6.03697 129.125
-6.00132 129.153
-5.96574 129.182
-5.93028 129.215
-5.89495 129.253
-5.86024 129.308
-5.82481 129.343
-5.79005 129.398
-5.75382 129.412
-5.71902 129.467
-5.68352 129.502
-5.64793 129.536
-5.61206 129.561
-5.57584 129.577
-5.54101 129.634
-5.50609 129.689
-5.47029 129.719
-4.98009 130.545
-4.94424 130.583
-4.9082 130.615
-4.80606 130.92
-4.77112 130.994
-4.73558 131.048
-4.69882 131.06
-4.56428 131.566
-4.43776 132.41
-4.40067 132.423
