-8.03473 152.222
-7.99124 152.187
-7.72442 151.825
-7.59229 151.667
-7.5487 151.624
-7.50633 151.612
-7.46287 151.572
-7.41813 151.499
-7.37353 151.429
-7.33121 151.417
-7.28792 151.379
-7.24465 151.342
-7.20265 151.337
-7.1594 151.3
-7.11503 151.232
-7.07267 151.218
-7.02825 151.148
-6.98517 151.113
-6.94313 151.106
-6.72844 150.945
-6.68528 150.905
-6.64328 150.898
-6.60032 150.863
-6.55764 150.836
-6.51549 150.824
-6.47334 150.811
-6.42992 150.762
-6.38796 150.755
-6.34482 150.712
-6.30178 150.673
-6.2591 150.643
-6.21709 150.633
-6.17491 150.619
-6.13144 150.564
-6.08961 150.56
-6.04771 150.552
-6.00492 150.518
-5.96295 150.508
-5.92113 150.503
-5.8787 150.479
-5.83642 150.459
-5.79462 150.455
-5.75259 150.442
-5.71041 150.425
-5.66802 150.401
-5.6254 150.369
-5.58318 150.349
-5.54125 150.339
-5.49948 150.335
-5.45698 150.305
-5.41565 150.315
-5.37388 150.311
-5.33162 150.289
-5.28951 150.272
-5.24768 150.264
-5.20558 150.247
-5.16349 150.23
-5.12147 150.216
-5.07966 150.209
-5.03846 150.224
-4.99651 150.212
-4.95457 150.2
-4.91251 150.182
-4.87058 150.17
-4.82872 150.161
-4.78706 150.159
-4.74539 150.156
-4.70367 150.152
-4.66188 150.145
-4.62004 150.135
-4.57813 150.123
-4.53629 150.113
-4.49458 150.109
-4.45275 150.099
-4.41104 150.094
-4.36944 150.095
-4.32774 150.09
-4.28597 150.083
-4.24427 150.078
-4.20267 150.078
-4.16114 150.081
-4.11932 150.071
-4.07746 150.059
-4.03571 150.052
-3.99406 150.05
-3.95252 150.053
-3.91104 150.058
-3.86908 150.041
-3.82739 150.036
-3.78585 150.039
-3.74426 150.039
-3.70316 150.065
-3.66117 150.045
-3.6189 150.011
-3.57751 150.021
-3.53634 150.043
-3.49475 150.044
-3.45333 150.054
-3.41205 150.072
-3.3704 150.069
-3.3288 150.07
-3.28737 150.08
-3.24594 150.09
-3.20454 150.103
-3.16305 150.111
-3.12156 150.118
-3.08036 150.143
-3.03893 150.156
-2.99755 150.171
-2.95607 150.182
-2.91452 150.187
-2.87307 150.2
-2.83177 150.222
-2.79024 150.23
-2.74881 150.245
-2.70727 150.253
-2.66568 150.258
-2.62403 150.258
-2.58258 150.274
-2.54102 150.281
-2.49949 150.292
-2.45792 150.299
-2.41642 150.312
-2.37484 150.32
-2.33329 150.33
-2.29171 150.338
-2.25054 150.381
-2.20906 150.398
-2.1674 150.401
-2.1257 150.401
-2.08423 150.422
-2.04292 150.457
-2.0015 150.484
-1.95989 150.495
-1.9183 150.507
-1.87686 150.535
-1.83521 150.543
-1.7935 150.546
-1.75203 150.573
-1.71045 150.591
-1.66898 150.621
-1.62729 150.629
-1.58586 150.667
-1.54423 150.682
-1.50267 150.708
-1.46111 150.735
-1.41943 150.748
-1.37793 150.786
-1.33621 150.796
-1.29486 150.859
-1.25331 150.897
-1.21154 150.905
-1.16977 150.913
-1.12813 150.943
-1.08656 150.986
-1.04479 150.999
-1.00312 151.029
-0.961304 151.037
-0.91963 151.072
-0.877953 151.11
-0.836258 151.148
-0.794535 151.183
-0.7527 151.196
-0.710969 151.237
-0.669202 151.272
-0.627427 151.31
-0.585668 151.358
-0.543935 151.422
-0.502027 151.434
-0.292778 151.711
-0.250846 151.762
-0.208884 151.807
-0.166884 151.838
-0.124849 151.846
-0.0828317 151.884
-0.0408126 151.955
0.00124631 151.996
0.043325 152.006
0.0854124 152.037
0.338631 152.486
0.380893 152.527
