3.75285 130.2
3.78985 130.18
3.8278 130.202
4.43892 129.242
4.6504 128.818
4.68653 128.783
5.07855 128.254
5.11373 128.195
5.22072 128.071
5.25655 128.036
5.29256 128.007
5.32855 127.977
5.36504 127.964
5.40011 127.907
5.43613 127.88
5.5794 127.752
5.61535 127.725
5.65195 127.717
5.68633 127.646
5.75813 127.592
5.79326 127.543
5.82981 127.535
5.86483 127.485
5.9013 127.476
5.93804 127.474
5.97465 127.468
6.00989 127.426
6.04548 127.393
6.08112 127.362
6.1166 127.327
6.15193 127.289
6.18774 127.264
6.22414 127.254
6.25957 127.219
6.29535 127.194
6.33083 127.162
6.36651 127.135
6.40325 127.135
6.4399 127.133
6.47664 127.133
6.51244 127.11
6.54816 127.085
6.58426 127.07
6.61894 127.02
6.6551 127.006
6.69069 126.979
6.72691 126.968
6.76273 126.947
6.79853 126.926
6.83473 126.914
6.87124 126.91
6.90711 126.891
6.94345 126.884
6.97914 126.861
7.01456 126.832
7.0508 126.822
7.08738 126.821
7.12403 126.821
7.16043 126.815
7.19607 126.792
7.23161 126.767
7.26808 126.763
7.30308 126.727
7.3392 126.716
7.376 126.719
7.41298 126.727
7.44865 126.706
7.48404 126.679
7.51995 126.664
7.55621 126.657
7.59265 126.653
7.62944 126.657
7.66615 126.659
7.70231 126.649
7.7381 126.632
7.77342 126.605
7.80965 126.598
7.84625 126.598
7.88267 126.594
7.9187 126.583
7.95436 126.564
7.9901 126.546
8.02556 126.524
8.06195 126.52
8.09853 126.52
8.13501 126.518
8.17111 126.509
8.20739 126.503
8.24338 126.491
8.27956 126.484
8.31584 126.478
8.35172 126.465
8.38868 126.473
8.42465 126.461
8.46121 126.461
8.49767 126.459
8.53665 126.505
8.57453 126.53
8.55715 125.513
8.65166 126.605
8.68262 126.5
8.71827 126.483
8.7537 126.462
8.79026 126.462
8.82692 126.464
8.86296 126.454
8.90004 126.464
8.93733 126.478
8.97347 126.47
9.00992 126.468
9.04712 126.48
9.08422 126.489
9.12099 126.493
9.15745 126.491
9.19347 126.482
9.23003 126.482
9.26669 126.484
9.30347 126.488
9.34069 126.499
9.37802 126.513
9.41514 126.522
9.45204 126.528
9.48883 126.532
9.52506 126.526
9.56151 126.525
9.59841 126.53
9.63532 126.536
9.67223 126.542
9.70925 126.55
9.74662 126.563
9.78354 126.569
9.81988 126.565
9.85587 126.556
9.89407 126.583
9.93134 126.594
9.96791 126.594
10.0046 126.596
10.0417 126.604
10.08 126.633
10.1173 126.644
10.1545 126.654
10.1924 126.675
10.2297 126.687
10.2673 126.702
10.303 126.689
10.3397 126.691
10.3775 126.71
10.4145 126.716
10.4522 126.733
10.4892 126.739
10.5261 126.745
10.5631 126.751
10.6023 126.791
10.6401 126.808
10.6769 126.812
10.7141 126.82
10.7533 126.86
10.79 126.86
10.8258 126.849
10.8627 126.853
10.9008 126.876
10.9394 126.905
10.9777 126.93
11.0149 126.938
11.0522 126.947
11.0919 126.993
11.1296 127.009
11.1689 127.047
11.206 127.053
11.243 127.059
11.281 127.078
11.3186 127.092
11.3569 127.115
11.3945 127.129
11.4337 127.165
11.4715 127.181
11.5104 127.212
11.5492 127.243
11.5877 127.268
11.626 127.291
11.6636 127.303
11.7024 127.332
11.7413 127.363
11.779 127.376
11.8193 127.427
11.8584 127.46
11.8972 127.487
11.9347 127.498
11.9732 127.522
12.0118 127.547
12.0491 127.555
12.0896 127.605
12.1275 127.621
12.1686 127.679
12.2075 127.708
12.2481 127.758
12.2863 127.778
12.3271 127.83
12.3679 127.883
12.4061 127.902
12.4467 127.951
12.4862 127.986
12.5257 128.021
12.5649 128.053
12.6055 128.101
12.6433 128.113
12.6844 128.168
12.7243 128.207
12.7655 128.263
13.1372 128.762
13.8817 130.594
13.9196 130.6
