-1.74708 150.215
-1.7059 150.21
-1.66477 150.21
-1.57961 149.884
-1.5384 149.867
-1.4973 149.862
-1.33079 149.56
-1.28947 149.516
-1.24822 149.477
-1.20714 149.462
-1.04171 149.202
-1.00058 149.166
-0.959625 149.156
-0.918581 149.129
-0.877487 149.09
-0.795146 148.969
-0.754124 148.933
-0.71322 148.92
-0.672118 148.858
-0.631126 148.816
-0.590136 148.77
-0.549173 148.727
-0.508253 148.691
-0.467377 148.664
-0.426533 148.645
-0.385589 148.582
-0.344793 148.572
-0.303962 148.543
-0.26313 148.507
-0.222338 148.485
-0.181512 148.432
-0.140757 148.42
-0.0999894 148.389
-0.059232 148.353
-0.0185041 148.343
0.0222259 148.311
0.0629422 148.278
0.103647 148.266
0.144347 148.256
0.185027 148.22
0.225686 148.177
0.266362 148.169
0.307029 148.157
0.347656 148.121
0.388307 148.109
0.428871 148.054
0.469502 148.042
0.510139 148.034
0.550766 148.025
0.591356 148.003
0.631901 147.969
0.6725 147.957
0.71311 147.95
0.753585 147.907
0.794199 147.904
0.834773 147.892
0.875228 147.854
0.915775 147.839
0.956372 147.837
0.996896 147.82
1.03744 147.808
1.07797 147.796
1.11853 147.789
1.159 147.767
1.19954 147.757
1.24007 147.748
1.28061 147.74
1.32108 147.723
1.36148 147.697
1.40202 147.692
1.44256 147.687
1.48303 147.673
1.52349 147.658
1.56394 147.644
1.60446 147.639
1.64504 147.641
1.68561 147.641
1.72606 147.629
1.76647 147.612
1.80703 147.612
1.84767 147.621
1.88809 147.607
1.92846 147.588
1.96891 147.578
2.00943 147.576
2.04998 147.575
2.09055 147.578
2.13108 147.575
2.17154 147.568
2.212 147.56
2.25252 147.558
2.29315 147.565
2.33375 147.569
2.37439 147.576
2.41478 147.564
2.4552 147.555
2.49565 147.547
2.5361 147.54
2.57663 147.54
2.61714 147.537
2.65824 147.578
2.6992 147.606
2.73958 147.594
2.77985 147.575
2.82032 147.57
2.86068 147.558
2.90115 147.553
2.94143 147.536
2.98171 147.519
3.02235 147.526
3.06308 147.538
3.10377 147.547
3.14431 147.547
3.18493 147.552
3.22563 147.561
3.26633 147.57
3.30691 147.573
3.3475 147.575
3.38804 147.575
3.42867 147.579
3.46961 147.6
3.51047 147.617
3.55097 147.614
3.59148 147.612
3.63216 147.619
3.6729 147.628
3.71369 147.64
3.75448 147.652
3.79542 147.67
3.83593 147.668
3.87644 147.665
3.91715 147.672
3.95786 147.679
3.99853 147.684
4.03924 147.691
4.08053 147.724
4.12136 147.736
4.16167 147.724
4.20224 147.723
4.24324 147.742
4.28398 147.749
4.32478 147.759
4.36563 147.77
4.40683 147.796
4.44809 147.825
4.48897 147.837
4.53031 147.867
4.57126 147.882
4.61186 147.881
4.65312 147.907
4.69438 147.933
4.73518 147.94
4.77664 147.974
4.81757 147.985
4.85851 147.997
4.89976 148.021
4.94051 148.025
4.98191 148.054
5.02274 148.061
5.06428 148.094
5.10512 148.101
5.14656 148.13
5.18748 148.139
5.22913 148.175
5.27074 148.208
5.3125 148.246
5.35352 148.258
5.39516 148.291
5.43683 148.325
5.4785 148.358
5.51948 148.368
5.5604 148.375
5.60196 148.403
5.64369 148.437
5.68469 148.446
5.72725 148.506
5.7685 148.522
5.81027 148.556
5.85229 148.597
5.8941 148.63
5.93585 148.661
5.97769 148.695
6.01892 148.709
6.06086 148.745
6.10289 148.783
6.14495 148.822
6.18797 148.889
6.2295 148.91
6.27161 148.949
6.31357 148.982
6.35653 149.045
6.39902 149.093
6.44228 149.163
6.48474 149.209
6.52696 149.247
6.65502 149.399
6.69749 149.443
6.7399 149.484
6.78346 149.557
6.82803 149.656
6.86953 149.67
