-24.8702 83.9027
-24.8432 83.8985
-13.9016 145.263
-13.8626 145.278
-13.8202 145.247
-13.6381 144.96
-13.5975 144.953
-13.2493 144.575
-13.1159 144.389
-13.0738 144.359
-13.0315 144.327
-12.9913 144.322
-12.9031 144.207
-12.8609 144.175
-12.8205 144.168
-12.78 144.159
-12.7367 144.11
-12.696 144.099
-12.3164 143.798
-12.2759 143.789
-12.2342 143.762
-12.1922 143.73
-12.1521 143.725
-12.1106 143.7
-12.0686 143.668
-12.0279 143.654
-11.9878 143.65
-11.9461 143.62
-11.9046 143.595
-11.8659 143.612
-11.8241 143.582
-11.7827 143.557
-11.742 143.543
-11.7002 143.511
-11.6582 143.477
-11.6166 143.449
-11.5761 143.438
-11.5355 143.425
-11.4938 143.395
-11.4526 143.372
-11.4126 143.368
-11.3723 143.359
-11.3308 143.331
-11.2905 143.322
-11.2505 143.318
-11.21 143.307
-11.168 143.27
-11.128 143.266
-11.088 143.262
-11.0479 143.255
-11.0079 143.251
-10.9672 143.235
-10.9259 143.21
-10.8853 143.196
-10.8456 143.196
-10.8063 143.204
-10.7657 143.188
-10.7254 143.179
-10.6843 143.156
-10.6445 143.154
-10.6043 143.145
-10.5643 143.141
-10.5247 143.143
-10.4851 143.146
-10.4449 143.137
-10.4044 143.123
-10.3652 143.133
-10.3254 143.131
-10.2849 143.117
-10.2444 143.104
-10.2045 143.099
-10.1646 143.097
-10.1248 143.095
-10.0847 143.088
-10.0442 143.075
-10.0044 143.073
-9.96485 143.075
-9.92566 143.085
-9.88621 143.09
-9.84639 143.088
-9.80656 143.085
-9.76635 143.077
-9.72603 143.065
-9.6867 143.072
-9.64849 143.1
-9.60927 143.11
-9.56981 143.114
-9.53046 143.122
-9.49123 143.131
-9.45054 143.113
-9.41023 143.102
-9.37196 143.129
-9.33236 143.132
-9.29299 143.139
-9.2541 143.155
-9.21308 143.13
-9.17312 143.126
-9.13316 143.121
-9.09344 143.122
-9.05361 143.12
-9.0133 143.108
-8.97289 143.095
-8.93295 143.09
-8.89323 143.091
-8.85329 143.086
-8.81357 143.086
-8.77543 143.119
-8.73649 143.135
-8.69821 143.165
-8.65891 143.175
-8.61929 143.177
-8.57976 143.182
-8.54013 143.184
-8.50104 143.198
-8.46238 143.222
-8.42306 143.231
-8.38406 143.247
-8.34516 143.266
-8.30614 143.282
-8.2669 143.294
-8.22681 143.287
-8.18725 143.292
-8.14832 143.311
-8.10917 143.325
-8.06991 143.336
-8.03084 143.353
-7.99167 143.367
-7.95249 143.381
-7.913 143.388
-7.87361 143.397
-7.83512 143.428
-7.79532 143.428
-7.75521 143.421
-7.71531 143.419
-7.67629 143.438
-7.63726 143.456
-7.59901 143.493
-7.56162 143.551
-7.52265 143.572
-7.4831 143.579
-7.4444 143.607
-7.40588 143.64
-7.36621 143.645
-7.32645 143.647
-7.28762 143.673
-7.24831 143.687
-7.20937 143.71
-7.16977 143.717
-7.13118 143.75
-7.09275 143.787
-7.05422 143.822
-7.01459 143.829
-6.97612 143.866
-6.93772 143.906
-6.8994 143.948
-6.85982 143.957
-6.82068 143.978
-6.781 143.985
-6.74227 144.018
-6.70362 144.053
-6.66495 144.088
-6.62541 144.1
-6.58655 144.13
-6.54775 144.163
-6.50819 144.175
-6.46995 144.224
-6.43079 144.247
-6.39202 144.282
-6.35397 144.339
-6.31468 144.36
-6.27692 144.425
-6.238 144.458
-6.19811 144.463
-6.15838 144.472
-6.11951 144.507
-6.08164 144.573
-6.0439 144.643
-6.00427 144.657
-5.96533 144.693
-5.92752 144.763
-5.88815 144.787
-5.84969 144.838
-5.8109 144.881
-5.77202 144.921
-5.73378 144.982
-5.69552 145.043
-5.656 145.064
-5.61718 145.109
-5.57929 145.184
-5.54036 145.227
-5.5012 145.262
-5.46301 145.331
-5.425 145.406
-5.38773 145.508
-5.34785 145.522
-5.30975 145.598
-5.27155 145.671
-5.23258 145.719
-5.19425 145.79
-5.15603 145.866
-5.11851 145.968
-5.07963 146.023
-5.04131 146.099
-5.00302 146.177
