6.55322 154.004
6.86053 153.062
6.90098 153.009
6.94159 152.96
7.01805 152.733
7.05839 152.679
7.09918 152.639
7.13995 152.598
7.17919 152.516
7.21878 152.445
7.26034 152.428
7.29969 152.351
7.33776 152.242
7.37742 152.176
7.41881 152.156
7.45853 152.093
7.4997 152.067
7.53908 151.997
7.57962 151.956
7.62124 151.944
7.66085 151.88
7.70103 151.832
7.7411 151.782
7.78155 151.742
7.82127 151.684
7.8624 151.661
7.90187 151.598
7.94318 151.58
7.98251 151.515
8.02275 151.472
8.06318 151.434
8.10222 151.364
8.14357 151.349
8.18427 151.319
8.2256 151.304
8.26585 151.264
8.30608 151.224
8.34651 151.189
8.38682 151.151
8.42722 151.116
8.46772 151.083
8.50909 151.071
8.55057 151.061
8.59058 151.018
8.63103 150.986
8.67056 150.933
8.71177 150.918
8.75366 150.918
8.79497 150.906
8.83548 150.876
8.8762 150.851
8.91738 150.836
8.95819 150.814
8.99783 150.766
9.03874 150.746
9.07917 150.716
9.12018 150.699
9.16083 150.674
9.20135 150.647
9.24245 150.632
9.28379 150.622
9.32464 150.602
9.365 150.572
9.4057 150.55
9.4464 150.527
9.48746 150.512
9.52814 150.49
9.56956 150.483
9.61123 150.48
9.65239 150.468
9.69279 150.441
9.73305 150.411
9.77444 150.403
9.81608 150.401
9.85709 150.386
9.89795 150.369
9.93855 150.346
9.97992 150.339
10.0213 150.332
10.0624 150.319
10.1031 150.299
10.1435 150.274
10.1846 150.262
10.2263 150.262
10.2677 150.255
10.309 150.247
10.3503 150.24
10.3914 150.228
10.433 150.225
10.4745 150.22
10.5151 150.2
10.5559 150.183
10.5962 150.158
10.6372 150.146
10.6784 150.136
10.7184 150.106
10.7596 150.096
10.801 150.092
10.8431 150.099
10.8844 150.092
10.9258 150.087
10.9656 150.055
11.0066 150.042
11.0473 150.025
11.0891 150.027
11.1312 150.035
11.1728 150.033
11.2164 150.065
11.2591 150.082
11.3012 150.09
11.3437 150.102
11.3846 150.09
11.4259 150.083
11.4674 150.08
11.5099 150.093
11.5526 150.11
11.5945 150.113
11.6359 150.108
11.6776 150.108
11.7193 150.108
11.7614 150.115
11.8042 150.133
11.8464 150.14
11.8882 150.143
11.9296 150.138
11.9713 150.138
12.0137 150.148
12.0559 150.156
12.0977 150.158
12.1399 150.166
12.1821 150.173
12.2235 150.168
12.265 150.166
12.3077 150.181
12.3502 150.193
12.3916 150.188
12.4335 150.191
12.4772 150.221
12.5197 150.233
12.5624 150.248
12.605 150.261
12.647 150.266
12.6893 150.273
12.7317 150.283
12.7749 150.306
12.8171 150.313
12.8597 150.326
12.9019 150.333
12.9456 150.361
12.9888 150.383
13.0308 150.386
13.0734 150.398
13.1158 150.408
13.1579 150.413
13.2029 150.461
13.2451 150.466
13.2875 150.476
13.3316 150.508
13.3739 150.516
13.4158 150.518
13.4595 150.546
13.5018 150.553
13.544 150.558
13.5865 150.568
13.6311 150.608
13.6769 150.663
13.7194 150.673
13.7619 150.683
13.8063 150.718
13.8503 150.748
13.891 150.733
13.9367 150.786
13.98 150.806
14.026 150.864
14.0688 150.876
14.1121 150.896
14.1581 150.952
14.2001 150.954
14.245 150.994
14.29 151.037
14.3327 151.047
14.3768 151.077
14.4189 151.08
14.4618 151.092
14.5086 151.158
14.5532 151.193
14.5961 151.205
14.6403 151.236
14.6851 151.273
14.7288 151.296
14.8234 151.434
14.8685 151.475
14.9116 151.49
14.9595 151.566
15.144 151.775
15.1861 151.775
15.3243 151.927
