-11.2506 129.139
-10.7423 128.191
-10.7013 128.128
-10.661 128.076
-10.6217 128.039
-10.5794 127.955
-10.4978 127.835
-10.4604 127.826
-10.3792 127.707
-10.3403 127.675
-10.3014 127.642
-10.1424 127.453
-10.1037 127.422
-10.0637 127.37
-10.0247 127.333
-9.98753 127.326
-9.9476 127.274
-9.90901 127.243
-9.8715 127.23
-9.83008 127.153
-9.79142 127.12
-9.75312 127.093
-9.71484 127.066
-9.67774 127.059
-9.6382 127.011
-9.60088 127
-9.56242 126.969
-9.48529 126.904
-9.444 126.825
-9.40685 126.816
-9.37016 126.814
-9.33245 126.795
-9.29509 126.782
-9.25673 126.751
-9.21838 126.721
-9.18048 126.698
-9.14227 126.669
-9.10494 126.656
-9.06675 126.627
-9.0289 126.604
-8.99203 126.599
-8.95398 126.572
-8.91691 126.563
-8.87995 126.555
-8.84213 126.532
-8.80443 126.512
-8.7676 126.506
-8.72865 126.462
-8.69098 126.441
-8.65311 126.417
-8.61546 126.396
-8.57844 126.386
-8.5405 126.36
-8.5038 126.356
-8.46731 126.356
-8.4298 126.337
-8.39281 126.328
-8.35511 126.305
-8.31822 126.298
-8.28114 126.286
-8.24366 126.267
-8.20689 126.262
-8.17022 126.258
-8.13355 126.254
-8.09521 126.218
-8.05806 126.205
-8.02014 126.177
-7.9833 126.169
-7.94607 126.154
-7.90942 126.15
-7.87373 126.166
-7.83718 126.164
-7.79968 126.143
-7.76201 126.119
-7.72425 126.092
-7.68762 126.088
-7.65118 126.089
-7.61455 126.085
-7.57728 126.068
-7.54056 126.062
-7.50394 126.059
-7.46759 126.061
-7.43115 126.061
-7.39471 126.061
-7.35836 126.063
-7.32156 126.056
-7.2845 126.042
-7.24727 126.025
-7.21014 126.01
-7.17319 125.999
-7.1365 125.993
-7.10024 125.997
-7.06355 125.992
-7.02644 125.977
-6.99001 125.977
-6.95358 125.977
-6.91699 125.973
-6.88064 125.975
-6.84446 125.981
-6.80787 125.978
-6.77102 125.968
-6.73419 125.959
-6.69768 125.957
-6.66101 125.951
-6.62426 125.944
-6.58816 125.952
-6.55197 125.958
-6.51498 125.944
-6.47856 125.944
-6.44307 125.967
-6.40703 125.977
-6.3702 125.968
-6.33261 125.939
-6.29588 125.932
-6.25999 125.945
-6.22424 125.962
-6.18818 125.972
-6.15174 125.972
-6.11553 125.978
-6.07946 125.988
-6.04265 125.978
-6.00606 125.975
-5.96941 125.969
-5.93311 125.973
-5.89725 125.988
-5.86166 126.011
-5.82578 126.027
-5.78946 126.031
-5.75273 126.023
-5.71621 126.021
-5.67989 126.025
-5.64344 126.025
-5.6078 126.048
-5.57195 126.066
-5.53549 126.066
-5.49882 126.06
-5.46216 126.055
-5.42576 126.057
-5.38956 126.064
-5.35368 126.082
-5.31773 126.097
-5.28209 126.122
-5.24606 126.135
-5.21028 126.156
-5.17436 126.174
-5.13805 126.179
-5.10175 126.185
-5.06544 126.191
-5.02931 126.203
-4.99342 126.222
-4.95715 126.23
-4.92113 126.245
-4.88474 126.249
-4.8487 126.264
-4.81248 126.274
-4.77625 126.284
-4.73996 126.291
-4.70407 126.312
-4.66823 126.335
-4.63204 126.347
-4.59657 126.383
-4.56014 126.387
-4.52387 126.397
-4.48748 126.403
-4.45104 126.407
-4.41482 126.418
-4.37858 126.43
-4.34272 126.455
-4.3069 126.482
-4.27059 126.492
-4.2348 126.52
-4.1991 126.553
-4.16334 126.584
-4.1269 126.59
-4.09091 126.613
-4.0545 126.621
-4.0184 126.64
-3.98258 126.671
-3.94679 126.703
-3.91046 126.715
-3.87431 126.734
-3.83782 126.74
-3.80194 126.771
-3.76544 126.777
-3.73001 126.827
-3.69353 126.835
-3.65756 126.864
-3.62157 126.893
-3.58553 126.92
-3.54952 126.949
-3.51358 126.982
-3.44157 127.043
-3.40606 127.097
-3.36951 127.105
-3.3335 127.138
-3.29694 127.146
-3.26086 127.177
-3.18859 127.235
-3.11626 127.293
-2.06884 128.68
