3.47532 140.018
3.72815 138.903
3.76578 138.828
3.80334 138.751
3.83977 138.624
3.87668 138.521
3.91422 138.449
3.95232 138.403
3.98985 138.333
4.02731 138.261
4.06484 138.193
4.10239 138.128
4.13986 138.06
4.17719 137.989
4.21518 137.945
4.25267 137.882
4.29009 137.817
4.32747 137.752
4.36473 137.682
4.40189 137.611
4.43985 137.572
4.47802 137.542
4.516 137.505
4.55335 137.445
4.59175 137.425
4.62906 137.365
4.66629 137.302
4.7043 137.27
4.74206 137.229
4.77998 137.194
4.81789 137.16
4.855 137.097
4.89282 137.061
4.93079 137.031
4.96839 136.988
5.00591 136.943
5.04335 136.895
5.0817 136.88
5.1198 136.857
5.15751 136.82
5.19507 136.78
5.23287 136.747
5.27099 136.726
5.30883 136.696
5.34692 136.675
5.38461 136.64
5.42241 136.611
5.46021 136.581
5.49806 136.553
5.53576 136.521
5.57331 136.484
5.61139 136.465
5.64947 136.446
5.68768 136.431
5.72532 136.399
5.76301 136.369
5.80063 136.337
5.8383 136.307
5.87617 136.284
5.91433 136.269
5.95218 136.246
5.98988 136.218
6.02816 136.207
6.06651 136.199
6.10478 136.188
6.14185 136.144
6.17987 136.127
6.2169 136.082
6.25522 136.073
6.29306 136.052
6.33137 136.044
6.36975 136.037
6.40781 136.023
6.44547 135.997
6.48383 135.991
6.52203 135.98
6.55991 135.961
6.59754 135.936
6.63548 135.919
6.67349 135.904
6.71158 135.891
6.74975 135.881
6.78766 135.864
6.82574 135.851
6.8638 135.838
6.90195 135.828
6.94035 135.824
6.9784 135.811
7.01637 135.796
7.05415 135.777
7.09227 135.767
7.13048 135.758
7.16833 135.741
7.20644 135.731
7.24463 135.722
7.28246 135.705
7.32047 135.693
7.35883 135.688
7.39709 135.682
7.43517 135.672
7.47307 135.657
7.51151 135.655
7.55004 135.655
7.58801 135.642
7.62617 135.634
7.66432 135.625
7.70219 135.611
7.74042 135.604
7.77913 135.609
7.81842 135.626
7.85656 135.617
7.89393 135.592
7.93128 135.566
7.9694 135.558
8.00811 135.562
8.04642 135.558
8.08484 135.556
8.12364 135.562
8.16186 135.556
8.20087 135.567
8.23827 135.544
8.27597 135.527
8.31437 135.525
8.35359 135.54
8.3921 135.54
8.4303 135.533
8.46922 135.542
8.50887 135.565
8.5478 135.574
8.58621 135.572
8.62462 135.57
8.66313 135.57
8.70186 135.574
8.74048 135.576
8.779 135.576
8.81762 135.578
8.85614 135.579
8.89487 135.583
8.93371 135.589
8.97234 135.591
9.01108 135.596
9.05005 135.604
9.08879 135.609
9.12765 135.615
9.16651 135.621
9.20548 135.63
9.24446 135.638
9.28333 135.645
9.32198 135.647
9.36051 135.647
9.39927 135.651
9.43861 135.666
9.47807 135.683
9.51708 135.692
9.55585 135.696
9.59475 135.703
9.63352 135.707
9.67219 135.709
9.71168 135.726
9.75107 135.741
9.78986 135.745
9.82901 135.756
9.86817 135.767
9.90709 135.773
9.94687 135.795
9.98592 135.803
10.0247 135.807
10.0638 135.816
10.1047 135.856
10.1438 135.865
10.1827 135.871
10.2216 135.876
10.2605 135.882
10.3005 135.906
10.3406 135.931
10.3798 135.942
10.4188 135.948
10.4588 135.972
10.4992 136.002
10.5386 136.015
10.5786 136.038
10.6176 136.044
10.6578 136.07
10.6976 136.089
10.7389 136.132
10.778 136.141
10.8172 136.149
10.8561 136.154
10.8965 136.181
10.9376 136.22
10.9782 136.252
11.0181 136.271
11.0572 136.278
11.0979 136.31
11.1372 136.321
11.178 136.353
11.2189 136.387
11.2598 136.421
11.299 136.43
11.3402 136.468
11.3796 136.479
11.4197 136.501
11.462 136.554
11.5011 136.561
11.5437 136.619
11.5845 136.651
11.6241 136.664
11.6646 136.69
11.7055 136.722
11.7466 136.756
11.7883 136.8
11.831 136.858
11.8709 136.875
11.9128 136.92
11.9528 136.937
11.9959 137
12.0375 137.041
12.079 137.08
12.1219 137.138
12.1637 137.181
12.2047 137.212
12.2459 137.246
12.2887 137.303
12.3304 137.342
12.3741 137.411
12.4158 137.45
12.4578 137.493
12.5008 137.552
12.544 137.61
12.7189 137.876
12.7625 137.939
