-8.09895 142.923
-7.62942 142.299
-7.58903 142.293
-7.54756 142.261
-7.33774 142.037
-7.13185 141.898
-7.00633 141.761
-6.9658 141.748
-6.92455 141.716
-6.88341 141.686
-6.84308 141.677
-6.80266 141.666
-6.76076 141.616
-6.71949 141.582
-6.67919 141.573
-6.6388 141.562
-6.5968 141.507
-6.55643 141.496
-6.51607 141.485
-6.4742 141.433
-6.43394 141.424
-6.39294 141.394
-6.35194 141.365
-6.31162 141.354
-6.27106 141.336
-6.22905 141.277
-6.18835 141.254
-6.14846 141.255
-6.10802 141.239
-6.06695 141.205
-6.02628 141.182
-5.98641 141.183
-5.94653 141.183
-5.90635 141.174
-5.86594 141.158
-5.82515 141.131
-5.78431 141.102
-5.74407 141.091
-5.70392 141.082
-5.66347 141.064
-5.62347 141.06
-5.58361 141.06
-5.54376 141.06
-5.50312 141.035
-5.46206 140.997
-5.42193 140.988
-5.38195 140.984
-5.34141 140.961
-5.30151 140.959
-5.26099 140.937
-5.22061 140.919
-5.18058 140.912
-5.14075 140.912
-5.10085 140.91
-5.06043 140.89
-5.02002 140.87
-4.97988 140.859
-4.93986 140.852
-4.90004 140.852
-4.86016 140.85
-4.81997 140.837
-4.78009 140.835
-4.74015 140.83
-4.70009 140.822
-4.66003 140.813
-4.61974 140.795
-4.57975 140.788
-4.54024 140.8
-4.5006 140.807
-4.46026 140.787
-4.41976 140.76
-4.38001 140.762
-4.34061 140.778
-4.30074 140.776
-4.26104 140.781
-4.22096 140.77
-4.18049 140.743
-4.14064 140.741
-4.10062 140.732
-4.06076 140.73
-4.02075 140.721
-3.98085 140.716
-3.94043 140.689
-3.90109 140.71
-3.86205 140.744
-3.82174 140.722
-3.78174 140.713
-3.74175 140.704
-3.70195 140.704
-3.66282 140.736
-3.62306 140.738
-3.58381 140.766
-3.54423 140.777
-3.5045 140.782
-3.46464 140.78
-3.42495 140.787
-3.38562 140.812
-3.34597 140.821
-3.30579 140.803
-3.26579 140.794
-3.22622 140.808
-3.18693 140.838
-3.14731 140.849
-3.10743 140.847
-3.06767 140.852
-3.02807 140.866
-2.98834 140.873
-2.94865 140.882
-2.90903 140.896
-2.86922 140.898
-2.82956 140.91
-2.79007 140.933
-2.75028 140.937
-2.71038 140.935
-2.67059 140.94
-2.63115 140.967
-2.59162 140.99
-2.55181 140.995
-2.512 141
-2.47232 141.014
-2.43286 141.043
-2.39297 141.043
-2.35321 141.053
-2.31362 141.076
-2.27385 141.085
-2.23404 141.092
-2.19417 141.094
-2.15429 141.097
-2.1147 141.122
-2.07496 141.136
-2.03562 141.184
-1.9958 141.193
-1.95595 141.2
-1.91611 141.207
-1.87675 141.259
-1.83713 141.289
-1.7975 141.319
-1.75761 141.326
-1.718 141.36
-1.67811 141.367
-1.63821 141.374
-1.59854 141.406
-1.55861 141.411
-1.5189 141.441
-1.47904 141.455
-1.4395 141.508
-1.39956 141.515
-1.35963 141.524
-1.3199 141.558
-1.28017 141.595
-1.2402 141.602
-1.2004 141.632
-1.16059 141.664
-1.12077 141.696
-1.08098 141.735
-1.04101 141.747
-1.00102 141.759
-0.961246 141.807
-0.921219 141.814
-0.881359 141.853
-0.841518 141.899
-0.8016 141.934
-0.761623 141.959
-0.721563 141.968
-0.681713 142.028
-0.64166 142.044
-0.601793 142.111
-0.56178 142.146
-0.521668 142.155
-0.481738 142.224
-0.441683 142.261
-0.401606 142.296
-0.361519 142.333
-0.321426 142.375
0.0402366 142.815
0.0805304 142.848
0.120833 142.855
0.811812 144.316
0.852627 144.361
0.89343 144.399
