-16.1825 138.436
-16.1431 138.426
-16.1031 138.408
-15.9145 137.611
-15.8755 137.602
-15.5397 136.848
-15.4988 136.817
-15.4576 136.781
-15.1455 136.264
-15.1059 136.245
-15.0626 136.185
-15.0174 136.101
-14.9789 136.095
-14.9405 136.088
-14.8995 136.053
-14.853 135.955
-14.8117 135.915
-14.771 135.882
-14.6842 135.753
-14.6451 135.738
-14.6053 135.715
-14.5646 135.682
-14.5222 135.628
-14.4809 135.586
-14.4403 135.553
-14.4 135.524
-14.3614 135.514
-14.3192 135.462
-14.2804 135.449
-14.2383 135.397
-14.1995 135.385
-14.1592 135.354
-14.12 135.337
-14.0783 135.29
-14.0396 135.277
-14.0013 135.271
-13.9595 135.221
-13.9172 135.165
-13.8785 135.153
-13.8396 135.139
-13.798 135.091
-13.7598 135.085
-13.7216 135.079
-13.6815 135.048
-13.6414 135.019
-13.6016 134.992
-13.5624 134.973
-13.5216 134.934
-13.4828 134.92
-13.4439 134.903
-13.4047 134.885
-13.3656 134.866
-13.3273 134.858
-13.2889 134.848
-13.2494 134.825
-13.2097 134.798
-13.1711 134.786
-13.1325 134.774
-13.0942 134.765
-13.0555 134.751
-13.0164 134.733
-12.9775 134.716
-12.939 134.704
-12.8993 134.677
-12.8611 134.669
-12.8228 134.661
-12.7843 134.648
-12.7456 134.634
-12.7069 134.62
-12.6685 134.609
-12.6298 134.595
-12.5919 134.591
-12.5535 134.581
-12.5141 134.556
-12.4753 134.539
-12.4373 134.533
-12.3994 134.529
-12.3612 134.521
-12.3231 134.515
-12.2845 134.501
-12.2466 134.496
-12.2084 134.488
-12.1704 134.482
-12.1325 134.478
-12.0943 134.47
-12.0557 134.455
-12.0177 134.449
-11.9793 134.437
-11.9411 134.429
-11.9032 134.425
-11.8658 134.427
-11.8284 134.429
-11.7905 134.425
-11.7523 134.417
-11.7145 134.412
-11.6773 134.419
-11.64 134.423
-11.602 134.417
-11.5633 134.4
-11.5249 134.388
-11.4871 134.384
-11.4499 134.39
-11.4122 134.388
-11.3742 134.382
-11.3372 134.39
-11.3 134.396
-11.2626 134.398
-11.2247 134.394
-11.187 134.392
-11.1497 134.396
-11.1121 134.396
-11.0749 134.402
-11.0375 134.404
-11 134.406
-10.9612 134.388
-10.9244 134.4
-10.8876 134.413
-10.8498 134.409
-10.811 134.39
-10.7733 134.388
-10.7371 134.411
-10.7002 134.421
-10.6623 134.417
-10.6259 134.435
-10.5884 134.437
-10.5508 134.437
-10.513 134.433
-10.4755 134.435
-10.4382 134.439
-10.4008 134.443
-10.3633 134.446
-10.3255 134.441
-10.2877 134.439
-10.2509 134.452
-10.2138 134.46
-10.1768 134.47
-10.14 134.485
-10.1024 134.485
-10.0652 134.491
-10.0295 134.524
-9.9926 134.536
-9.95557 134.546
-9.91842 134.554
-9.88127 134.563
-9.84399 134.569
-9.80742 134.587
-9.77013 134.593
-9.7332 134.606
-9.69578 134.61
-9.6586 134.618
-9.62188 134.635
-9.58434 134.637
-9.54714 134.645
-9.51029 134.659
-9.4732 134.67
-9.43761 134.707
-9.40027 134.713
-9.36259 134.713
-9.32548 134.723
-9.28859 134.738
-9.25113 134.742
-9.21412 134.754
-9.17777 134.779
-9.14096 134.795
-9.10526 134.832
-9.06811 134.843
-9.03105 134.855
-8.99389 134.865
-8.95726 134.886
-8.92008 134.896
-8.88464 134.94
-8.84733 134.948
-8.81002 134.956
-8.77271 134.964
-8.73646 134.993
-8.70169 135.051
-8.66531 135.078
-8.62669 135.062
-8.58924 135.068
-8.55388 135.115
-8.51662 135.126
-8.48029 135.155
-8.44395 135.184
-8.4077 135.215
-8.37041 135.225
-8.33383 135.25
-8.29663 135.262
-8.26124 135.312
-8.22412 135.327
-8.1889 135.381
-8.15166 135.393
-8.11561 135.43
-8.07994 135.476
-8.04227 135.48
-8.00509 135.495
-7.96996 135.553
-7.93354 135.584
-7.89585 135.588
-7.85835 135.597
-7.82305 135.653
-7.78677 135.688
-7.57046 135.939
-7.53407 135.974
-7.49646 135.983
-7.45996 136.016
-7.42371 136.056
-7.38772 136.102
-7.35143 136.142
-7.31405 136.156
-7.27882 136.221
-7.24221 136.255
-7.20551 136.286
-7.16879 136.318
-7.13488 136.417
-7.09838 136.454
-7.06187 136.492
-7.02638 136.555
-6.98983 136.593
-6.9531 136.627
-6.88461 136.819
-6.84772 136.851
-6.81014 136.865
