-24.87 83.9017
-24.8432 83.8985
0.333979 143.441
0.452817 143.112
0.492525 143.073
0.53225 143.046
0.808684 142.563
1.20224 142.06
1.24157 142.023
1.28088 141.987
1.32038 141.978
1.39848 141.846
1.71187 141.548
1.75129 141.543
1.7901 141.478
1.82943 141.467
1.86852 141.433
1.9076 141.399
1.94671 141.37
1.98603 141.361
2.02505 141.325
2.06388 141.275
2.10318 141.266
2.14244 141.255
2.18146 141.224
2.22042 141.19
2.25963 141.176
2.29866 141.149
2.33765 141.12
2.37681 141.104
2.41568 141.069
2.45466 141.042
2.49388 141.033
2.53285 141.006
2.5717 140.972
2.61053 140.938
2.64976 140.932
2.68898 140.925
2.72819 140.918
2.76716 140.896
2.80605 140.869
2.84507 140.851
2.88423 140.842
2.92327 140.826
2.96219 140.804
3.0011 140.782
3.03997 140.757
3.0789 140.737
3.11794 140.723
3.15705 140.714
3.19584 140.688
3.23473 140.668
3.2737 140.652
3.31288 140.647
3.35205 140.643
3.39109 140.632
3.43021 140.625
3.46919 140.612
3.50826 140.603
3.54737 140.596
3.58648 140.589
3.62549 140.578
3.66445 140.565
3.70336 140.549
3.74259 140.549
3.78182 140.549
3.82091 140.542
3.85979 140.527
3.89867 140.511
3.93769 140.502
3.97656 140.487
4.01537 140.469
4.05433 140.458
4.09328 140.446
4.13259 140.451
4.17179 140.451
4.21079 140.442
4.24956 140.424
4.28854 140.415
4.32752 140.406
4.36672 140.406
4.40597 140.408
4.44511 140.406
4.48436 140.408
4.5239 140.422
4.56316 140.424
4.60218 140.417
4.64079 140.395
4.67992 140.393
4.71971 140.415
4.75957 140.44
4.79852 140.431
4.83809 140.444
4.8768 140.426
4.91494 140.388
4.95343 140.364
4.99249 140.359
5.03231 140.382
5.07143 140.379
5.11074 140.384
5.15019 140.393
5.18951 140.397
5.22876 140.399
5.26802 140.401
5.30741 140.408
5.34666 140.41
5.38585 140.41
5.42525 140.417
5.46486 140.43
5.50433 140.439
5.54324 140.43
5.58243 140.43
5.62177 140.435
5.66103 140.437
5.70023 140.437
5.73949 140.439
5.77891 140.446
5.81869 140.464
5.85833 140.477
5.89806 140.493
5.93749 140.499
5.97677 140.501
6.01605 140.504
6.05572 140.517
6.09523 140.526
6.13483 140.537
6.17428 140.544
6.21365 140.548
6.25318 140.557
6.29295 140.573
6.33241 140.579
6.37187 140.586
6.41175 140.604
6.45179 140.626
6.4911 140.628
6.53025 140.626
6.56973 140.633
6.60971 140.653
6.65054 140.695
6.69038 140.711
6.72997 140.72
6.76947 140.727
6.80959 140.749
6.8491 140.756
6.88914 140.776
6.92902 140.791
6.96952 140.823
7.00968 140.845
7.04922 140.852
7.08885 140.861
7.12903 140.883
7.16877 140.894
7.20915 140.921
7.24917 140.939
7.28948 140.964
7.32934 140.977
7.36976 141.004
7.41039 141.035
7.45093 141.064
7.49091 141.08
7.53071 141.091
7.57215 141.141
7.61275 141.17
7.65238 141.177
7.69192 141.181
7.73185 141.194
7.77347 141.246
7.81352 141.262
7.85487 141.307
7.89464 141.316
7.93472 141.332
7.97552 141.363
8.01673 141.404
8.05817 141.449
8.09911 141.482
8.14111 141.539
8.18115 141.552
8.22089 141.559
8.26283 141.613
8.30417 141.654
8.34531 141.69
8.3869 141.735
8.42904 141.792
8.47024 141.828
8.51178 141.871
8.55301 141.907
8.59393 141.936
8.63497 141.968
8.67659 142.011
8.71877 142.065
8.76132 142.127
8.80277 142.165
8.84548 142.229
8.8872 142.272
8.93008 142.338
9.18659 142.707
9.22827 142.746
9.27138 142.813
9.31357 142.861
