-9.1888 166.133
-9.1373 165.995
-9.08716 165.887
-9.03618 165.759
-8.98795 165.692
-8.93873 165.601
-8.88764 165.467
-8.83663 165.333
-8.7878 165.249
-8.74039 165.197
-8.0241 164.223
-7.93044 164.129
-7.88246 164.051
-7.83698 164.037
-7.46423 163.681
-7.42002 163.698
-7.37253 163.627
-7.3258 163.576
-7.28045 163.562
-7.23428 163.525
-7.18782 163.479
-7.14147 163.437
-7.09413 163.365
-7.04783 163.323
-7.00325 163.329
-6.95937 163.355
-6.91359 163.327
-6.86812 163.307
-6.82197 163.267
-6.77565 163.222
-6.7306 163.214
-6.68546 163.203
-6.63975 163.175
-6.59396 163.143
-6.54874 163.13
-6.50353 163.116
-6.45749 163.076
-6.41267 163.073
-6.36693 163.042
-6.32202 163.037
-6.27702 163.029
-6.23113 162.992
-6.18517 162.952
-6.13888 162.901
-6.09304 162.865
-6.04948 162.902
-6.00521 162.917
-5.96016 162.906
-5.91419 162.863
-5.86941 162.861
-5.82455 162.855
-5.77869 162.816
-5.73351 162.799
-5.68777 162.762
-5.64269 162.749
-5.59753 162.732
-5.55262 162.724
-5.50772 162.715
-5.46187 162.673
-5.41698 162.665
-5.37264 162.676
-5.32829 162.688
-5.28348 162.683
-5.23836 162.666
-5.19341 162.655
-5.14905 162.667
-5.10373 162.641
-5.05864 162.625
-5.01391 162.622
-4.96912 162.617
-4.92426 162.609
-4.87961 162.609
-4.83503 162.612
-4.79025 162.607
-4.74519 162.59
-4.69973 162.556
-4.65468 162.539
-4.60998 162.537
-4.56542 162.54
-4.52026 162.517
-4.47459 162.472
-4.429 162.43
-4.38465 162.442
-4.33978 162.431
-4.29554 162.448
-4.25068 162.437
-4.20472 162.375
-4.15927 162.335
-4.11611 162.404
-4.07133 162.395
-4.02801 162.458
-3.98507 162.541
-3.94078 162.558
-3.89648 162.576
-3.85155 162.562
-3.8069 162.562
-3.76242 162.571
-3.71838 162.602
-3.6741 162.622
-3.6297 162.637
-3.58504 162.637
-3.54038 162.638
-3.49592 162.649
-3.45166 162.672
-3.40734 162.692
-3.36276 162.698
-3.31799 162.693
-3.27317 162.685
-3.22863 162.693
-3.18424 162.711
-3.13983 162.728
-3.09551 162.751
-3.05087 162.754
-3.00644 162.772
-2.96192 162.783
-2.91727 162.786
-2.87299 162.815
-2.82841 162.824
-2.78379 162.83
-2.73928 162.844
-2.69477 162.859
-2.65061 162.899
-2.60631 162.931
-2.56161 162.934
-2.51699 162.943
-2.4724 162.954
-2.42781 162.966
-2.38303 162.963
-2.33889 163.012
-2.29424 163.021
-2.25026 163.087
-2.20563 163.099
-2.16089 163.102
-2.11631 163.119
-2.07197 163.159
-2.02755 163.194
-1.98309 163.226
-1.93808 163.206
-1.89331 163.209
-1.84885 163.243
-1.80449 163.289
-1.76005 163.33
-1.71538 163.347
-1.67089 163.385
-1.62645 163.431
-1.5819 163.465
-1.53714 163.477
-1.49232 163.483
-1.44773 163.518
-1.4032 163.561
-1.35842 163.576
-1.31385 163.619
-1.26926 163.662
-1.22465 163.706
-1.18002 163.749
-1.13519 163.763
-1.0905 163.801
-1.04585 163.85
-1.00094 163.856
-0.956212 163.897
-0.597959 164.279
-0.193484 164.829
-0.148384 164.876
-0.103267 164.925
