3.47802 117.159
3.51011 117.061
3.54307 117.004
3.57601 116.947
3.86874 116.333
3.90106 116.263
3.93471 116.246
3.9681 116.219
4.001 116.175
4.03374 116.125
4.09833 115.994
4.1315 115.962
4.1647 115.932
4.19733 115.882
4.23 115.834
4.2631 115.803
4.2961 115.768
4.32865 115.719
4.36081 115.656
4.39428 115.639
4.42744 115.613
4.46021 115.574
4.49311 115.539
4.52614 115.509
4.55856 115.46
4.59097 115.41
4.6243 115.392
4.65712 115.358
4.68977 115.318
4.72297 115.297
4.7559 115.267
4.78819 115.218
4.82114 115.19
4.85419 115.166
4.88675 115.126
4.92019 115.115
4.95315 115.089
4.98577 115.053
5.01903 115.036
5.05196 115.01
5.08503 114.989
5.11788 114.961
5.15066 114.932
5.18354 114.906
5.2164 114.879
5.2492 114.852
5.2821 114.827
5.31557 114.819
5.34839 114.793
5.38155 114.777
5.41389 114.737
5.44709 114.723
5.48011 114.703
5.51294 114.679
5.54588 114.658
5.57833 114.623
5.61149 114.609
5.64458 114.593
5.67773 114.578
5.71106 114.568
5.74401 114.549
5.77683 114.526
5.80963 114.503
5.84281 114.49
5.8756 114.467
5.90831 114.443
5.94166 114.435
5.97533 114.435
6.0088 114.43
6.04122 114.399
6.07429 114.385
6.10775 114.38
6.14067 114.362
6.17339 114.339
6.2063 114.322
6.23954 114.312
6.27229 114.291
6.30538 114.278
6.33826 114.26
6.37127 114.245
6.40441 114.234
6.43748 114.221
6.47054 114.208
6.50345 114.192
6.53657 114.181
6.57004 114.178
6.60351 114.174
6.63647 114.16
6.66943 114.145
6.70274 114.139
6.73606 114.132
6.76929 114.124
6.8023 114.111
6.83531 114.099
6.86823 114.084
6.90145 114.076
6.93459 114.066
6.96757 114.053
7.00092 114.049
7.03435 114.045
7.06794 114.045
7.1009 114.032
7.13379 114.018
7.16713 114.013
7.2007 114.013
7.23428 114.013
7.2673 114.002
7.30016 113.987
7.33357 113.984
7.36706 113.983
7.40039 113.978
7.43371 113.973
7.4672 113.971
7.50068 113.97
7.53384 113.962
7.56707 113.955
7.60063 113.955
7.63444 113.96
7.66801 113.96
7.70107 113.951
7.73463 113.951
7.76785 113.944
7.80225 113.96
7.83599 113.964
7.86929 113.959
7.90251 113.952
7.93633 113.957
7.97015 113.962
8.00345 113.957
8.03693 113.956
8.07058 113.957
8.10387 113.952
8.13682 113.941
8.17037 113.941
8.20375 113.938
8.23704 113.933
8.27015 113.925
8.30334 113.919
8.33671 113.916
8.37062 113.922
8.40409 113.92
8.43745 113.917
8.47119 113.921
8.50502 113.925
8.53885 113.93
8.57268 113.935
8.60642 113.938
8.64035 113.945
8.6741 113.948
8.70746 113.945
8.7415 113.953
8.77543 113.96
8.8088 113.956
8.84236 113.956
8.87611 113.96
8.90967 113.96
8.94323 113.96
8.97679 113.96
9.01084 113.968
9.04508 113.979
9.07983 113.999
9.11449 114.016
9.14816 114.018
9.18173 114.018
9.2155 114.021
9.24938 114.026
9.28335 114.033
9.31703 114.034
9.35111 114.042
9.3853 114.052
9.41959 114.064
9.45369 114.072
9.48727 114.072
9.52148 114.081
9.55621 114.099
9.59032 114.107
9.62412 114.111
9.65865 114.125
9.69383 114.149
9.72807 114.159
9.7622 114.167
9.79709 114.187
9.83134 114.197
9.86484 114.195
9.89867 114.198
9.93303 114.21
9.96752 114.223
10.0027 114.245
10.0386 114.279
10.0713 114.266
10.1063 114.286
10.1404 114.292
10.1754 114.314
10.2106 114.336
10.2449 114.346
10.28 114.367
10.3139 114.37
10.3505 114.413
10.3845 114.418
10.4184 114.421
10.4538 114.445
10.4892 114.47
10.5246 114.494
10.5588 114.502
10.5942 114.527
10.6307 114.566
10.6649 114.572
10.6989 114.577
10.7331 114.584
10.7682 114.603
10.8395 114.657
10.8764 114.701
10.9109 114.711
10.9821 114.762
11.0188 114.803
11.0532 114.811
11.0885 114.832
11.1241 114.857
11.1604 114.891
11.1975 114.935
11.2317 114.94
11.2676 114.968
11.3046 115.011
11.3391 115.02
11.3733 115.025
11.409 115.05
11.4844 115.152
11.5217 115.196
11.5576 115.222
11.5922 115.232
11.6278 115.255
11.6639 115.283
11.777 115.43
11.8131 115.458
11.8494 115.487
11.8856 115.517
11.9222 115.55
12.0747 115.759
