-12.6906 145.633
-12.6049 145.552
-12.5602 145.484
-12.4295 145.329
-12.3852 145.266
-12.3445 145.255
-12.1695 145.03
-12.1272 144.995
-12.087 144.991
-12.0449 144.959
-12.0006 144.892
-11.9599 144.88
-11.9179 144.848
-11.8741 144.788
-11.8331 144.772
-11.7893 144.712
-11.7486 144.698
-11.7047 144.636
-11.6641 144.624
-11.622 144.59
-11.58 144.555
-11.5379 144.521
-11.4961 144.489
-11.4558 144.482
-11.4137 144.445
-11.3715 144.408
-11.3313 144.401
-11.2895 144.369
-11.2479 144.339
-11.2074 144.328
-11.1656 144.296
-11.1254 144.289
-11.0838 144.259
-11.0419 144.225
-11 144.191
-10.9585 144.161
-10.9184 144.156
-10.8783 144.149
-10.8367 144.12
-10.796 144.104
-10.7549 144.081
-10.7134 144.051
-10.6726 144.033
-10.6326 144.028
-10.5921 144.015
-10.5502 143.978
-10.5098 143.967
-10.4694 143.955
-10.4293 143.948
-10.3894 143.944
-10.3479 143.914
-10.3078 143.907
-10.2676 143.898
-10.2271 143.885
-10.1858 143.855
-10.1457 143.848
-10.1051 143.832
-10.0649 143.823
-10.0247 143.814
-9.98477 143.809
-9.94459 143.8
-9.90276 143.761
-9.86258 143.752
-9.82254 143.746
-9.78275 143.743
-9.74246 143.732
-9.70217 143.721
-9.66214 143.714
-9.62199 143.705
-9.58171 143.693
-9.54169 143.686
-9.50033 143.654
-9.45984 143.639
-9.42055 143.645
-9.38114 143.65
-9.34125 143.646
-9.30148 143.643
-9.26219 143.65
-9.22254 143.65
-9.18242 143.641
-9.14265 143.639
-9.10288 143.637
-9.06311 143.634
-9.02323 143.63
-8.98347 143.628
-8.9437 143.625
-8.90337 143.612
-8.86316 143.6
-8.82329 143.596
-8.78465 143.616
-8.74668 143.65
-8.70735 143.657
-8.66758 143.655
-8.62792 143.655
-8.58728 143.635
-8.54696 143.621
-8.50655 143.605
-8.46723 143.612
-8.4279 143.619
-8.38867 143.628
-8.35136 143.678
-8.31212 143.687
-8.27224 143.683
-8.23162 143.662
-8.19049 143.63
-8.15031 143.619
-8.11045 143.614
-8.0711 143.621
-8.03165 143.626
-7.99209 143.628
-7.95233 143.626
-7.91287 143.63
-7.87412 143.651
-7.83565 143.678
-7.79688 143.699
-7.7578 143.712
-7.71851 143.722
-7.67902 143.726
-7.63914 143.722
-7.59985 143.731
-7.56103 143.751
-7.52173 143.76
-7.48261 143.774
-7.44319 143.781
-7.4035 143.781
-7.3638 143.781
-7.32419 143.783
-7.28468 143.788
-7.24535 143.797
-7.20629 143.813
-7.16676 143.818
-7.12751 143.829
-7.08861 143.85
-7.04944 143.863
-7.01044 143.882
-6.97107 143.891
-6.9317 143.9
-6.89232 143.909
-6.85312 143.923
-6.81382 143.934
-6.77486 143.955
-6.73555 143.966
-6.69666 143.989
-6.6581 144.021
-6.61894 144.037
-6.57968 144.051
-6.54051 144.067
-6.50115 144.078
-6.46204 144.097
-6.42334 144.127
-6.38396 144.138
-6.34491 144.159
-6.30585 144.179
-6.26621 144.184
-6.22697 144.2
-6.18836 144.234
-6.1495 144.262
-6.11086 144.296
-6.07143 144.308
-6.03222 144.326
-5.99262 144.333
-5.95401 144.37
-5.91539 144.407
-5.87584 144.416
-5.83622 144.423
-5.79823 144.48
-5.75866 144.489
-5.71982 144.522
-5.68104 144.556
-5.64159 144.57
-5.6035 144.628
-5.56411 144.644
-5.52577 144.694
-5.4862 144.706
-5.44741 144.743
-5.4086 144.78
-5.3697 144.814
-5.33072 144.847
-5.29111 144.858
-5.25231 144.897
-5.21322 144.928
-5.17425 144.962
-5.13527 144.997
-5.09568 145.011
-5.05674 145.048
-4.66907 145.521
-4.62986 145.556
-4.55171 145.638
-4.51339 145.71
-4.4751 145.785
-4.43673 145.857
-4.39758 145.899
-4.35898 145.964
-4.32051 146.037
-4.28141 146.084
-4.24229 146.131
-4.20358 146.196
-4.1643 146.238
-3.97273 146.681
-3.93273 146.697
