-4.95924 141.375
-4.91753 141.301
-4.8766 141.253
-4.83526 141.19
-4.62687 140.795
-4.58555 140.726
-4.54437 140.661
-4.50447 140.646
-4.46333 140.581
-4.42223 140.516
-4.38176 140.476
-4.34142 140.44
-4.30099 140.4
-4.25993 140.333
-4.21948 140.291
-4.17905 140.249
-4.13802 140.18
-4.0979 140.149
-4.05768 140.114
-4.01688 140.051
-3.9771 140.034
-3.93639 139.974
-3.89614 139.934
-3.85553 139.876
-3.81595 139.865
-3.77632 139.852
-3.73591 139.801
-3.69575 139.762
-3.65565 139.724
-3.61565 139.691
-3.57572 139.66
-3.53607 139.642
-3.49585 139.596
-3.45631 139.583
-3.41664 139.563
-3.37638 139.512
-3.33644 139.477
-3.2966 139.446
-3.25706 139.431
-3.217 139.387
-3.17752 139.374
-3.13804 139.361
-3.0983 139.332
-3.05857 139.304
-3.01911 139.291
-2.97947 139.267
-2.9397 139.234
-2.90009 139.21
-2.8607 139.199
-2.82103 139.17
-2.78137 139.142
-2.74207 139.135
-2.70271 139.124
-2.66298 139.089
-2.62333 139.059
-2.58393 139.043
-2.54449 139.026
-2.5051 139.011
-2.46574 138.998
-2.42639 138.985
-2.38704 138.972
-2.34737 138.934
-2.30804 138.921
-2.26874 138.91
-2.22928 138.886
-2.19005 138.88
-2.15063 138.858
-2.11133 138.845
-2.07206 138.834
-2.03271 138.817
-1.99347 138.808
-1.95419 138.795
-1.91491 138.782
-1.87571 138.776
-1.83642 138.761
-1.79718 138.75
-1.75801 138.746
-1.71879 138.737
-1.6795 138.72
-1.64025 138.707
-1.60107 138.7
-1.56188 138.691
-1.5227 138.685
-1.48351 138.676
-1.44432 138.668
-1.40517 138.664
-1.36597 138.653
-1.32681 138.646
-1.28765 138.64
-1.24851 138.636
-1.20933 138.627
-1.17015 138.616
-1.13096 138.603
-1.09181 138.597
-1.05265 138.588
-1.0135 138.58
-0.974398 138.58
-0.935319 138.584
-0.896203 138.582
-0.857012 138.565
-0.81788 138.559
-0.77877 138.557
-0.73965 138.552
-0.700532 138.548
-0.661424 138.546
-0.622339 138.551
-0.583274 138.562
-0.544162 138.56
-0.505013 138.545
-0.465928 138.551
-0.426813 138.547
-0.38769 138.538
-0.34857 138.53
-0.309437 138.512
-0.270353 138.521
-0.231261 138.528
-0.192146 138.517
-0.153028 138.498
-0.113943 138.515
-0.0748506 138.535
-0.0357515 138.566
0.00336234 138.553
0.0424723 138.547
0.0815799 138.54
0.120692 138.545
0.159828 138.573
0.198956 138.582
0.238085 138.589
0.277221 138.598
0.316361 138.607
0.355488 138.607
0.394631 138.614
0.433771 138.618
0.472926 138.627
0.512116 138.647
0.551282 138.656
0.590438 138.661
0.62962 138.672
0.668806 138.683
0.70799 138.692
0.747205 138.707
0.78637 138.71
0.825516 138.708
0.864683 138.71
0.903895 138.721
0.943207 138.75
0.982422 138.759
1.02164 138.768
1.06094 138.79
1.10024 138.81
1.13954 138.828
1.17887 138.85
1.21806 138.85
1.25727 138.852
1.2964 138.844
1.33589 138.883
1.37519 138.897
1.41445 138.903
1.45374 138.915
1.49327 138.952
1.53254 138.959
1.57184 138.968
1.61114 138.977
1.65061 139.003
1.69011 139.032
1.72946 139.043
1.76894 139.068
1.8083 139.079
1.84762 139.086
1.88715 139.112
1.92672 139.141
1.96608 139.15
2.00597 139.205
2.04537 139.217
2.08476 139.226
2.12441 139.257
2.16403 139.283
2.20368 139.312
2.24307 139.319
2.28249 139.328
2.32223 139.361
2.36199 139.395
2.40176 139.428
2.44115 139.432
2.48095 139.466
2.52079 139.501
2.56104 139.564
2.60082 139.593
2.64029 139.599
2.67977 139.606
2.71968 139.642
2.75958 139.675
2.7995 139.709
2.83904 139.718
2.87901 139.753
2.91944 139.816
2.99971 139.901
3.04018 139.961
3.07979 139.97
3.11976 139.999
3.15946 140.013
3.20005 140.075
3.24058 140.133
3.2802 140.14
3.32041 140.178
3.36109 140.241
3.44152 140.313
3.48241 140.382
3.52333 140.452
3.56321 140.468
3.6041 140.533
3.64519 140.607
3.68618 140.674
3.72613 140.69
3.89074 140.972
4.0147 141.191
4.14032 141.47
4.18127 141.52
4.22247 141.579
4.6153 144.531
4.65584 144.533
