0.359939 141.097
0.39978 141.057
0.439603 141.016
0.479285 140.918
0.756471 140.403
0.953847 140.111
0.99321 140.046
1.03256 139.983
1.1114 139.898
1.15067 139.836
1.18992 139.773
1.22949 139.767
1.26897 139.746
1.30817 139.686
1.34753 139.653
1.38667 139.59
1.42574 139.523
1.46512 139.499
1.50421 139.441
1.54363 139.425
1.58266 139.365
1.62171 139.31
1.66114 139.301
1.70033 139.265
1.73975 139.257
1.81811 139.19
1.89633 139.117
1.93578 139.115
1.97487 139.079
2.01364 139.015
2.05242 138.955
2.09175 138.946
2.13113 138.942
2.1702 138.911
2.20917 138.874
2.24816 138.838
2.28748 138.832
2.32678 138.823
2.36578 138.792
2.40471 138.757
2.44381 138.735
2.48304 138.724
2.52172 138.673
2.56094 138.662
2.60018 138.653
2.63907 138.62
2.67797 138.589
2.71693 138.563
2.7561 138.552
2.79524 138.539
2.83379 138.488
2.8727 138.462
2.91192 138.455
2.95117 138.451
2.99038 138.444
3.02955 138.436
3.06853 138.416
3.10776 138.412
3.14696 138.405
3.18568 138.372
3.22451 138.346
3.26361 138.335
3.30234 138.304
3.3413 138.287
3.37963 138.236
3.41856 138.218
3.45808 138.232
3.49778 138.254
3.53683 138.243
3.57571 138.223
3.61476 138.212
3.65371 138.197
3.69215 138.158
3.73145 138.16
3.77098 138.173
3.8099 138.158
3.84873 138.138
3.88764 138.123
3.92655 138.107
3.96515 138.079
4.0038 138.053
4.04332 138.066
4.08275 138.075
4.12198 138.075
4.161 138.066
4.19966 138.042
4.23862 138.031
4.27763 138.023
4.31648 138.007
4.35585 138.014
4.39496 138.01
4.43363 137.988
4.47278 137.986
4.5116 137.97
4.5503 137.951
4.58978 137.962
4.62927 137.973
4.66767 137.942
4.70599 137.909
4.74547 137.92
4.78414 137.901
4.82433 137.938
4.86394 137.954
4.90429 137.995
4.94307 137.98
4.98153 137.954
5.02067 137.952
5.06049 137.974
5.09969 137.974
5.13895 137.976
5.17803 137.972
5.21722 137.972
5.25681 137.985
5.29634 137.996
5.33594 138.009
5.37521 138.012
5.41435 138.009
5.45369 138.014
5.4931 138.021
5.53313 138.047
5.57234 138.047
5.61155 138.047
5.65104 138.056
5.69054 138.065
5.72975 138.065
5.76904 138.067
5.80847 138.074
5.84827 138.091
5.88749 138.091
5.92678 138.094
5.96615 138.098
6.00552 138.103
6.04481 138.105
6.08411 138.107
6.12363 138.116
6.16415 138.153
6.20369 138.162
6.243 138.165
6.28223 138.165
6.3217 138.171
6.36101 138.173
6.40048 138.18
6.44004 138.189
6.47967 138.2
6.52037 138.24
6.56026 138.257
6.59943 138.255
6.63819 138.242
6.67851 138.271
6.71826 138.284
6.75777 138.291
6.79778 138.311
6.83806 138.337
6.87784 138.35
6.91728 138.355
6.95654 138.355
6.99694 138.383
7.0377 138.421
7.07751 138.434
7.11777 138.459
7.15794 138.481
7.19751 138.487
7.2377 138.509
7.27745 138.521
7.31694 138.525
7.3566 138.534
7.39719 138.565
7.43808 138.602
7.47879 138.636
7.51942 138.667
7.55913 138.676
7.59941 138.698
7.64017 138.731
7.68095 138.764
7.72107 138.782
7.76178 138.813
7.8025 138.844
7.84246 138.857
7.8832 138.888
7.92396 138.919
7.96473 138.951
8.00442 138.957
8.04532 138.991
8.08653 139.03
8.12898 139.097
8.16932 139.117
8.20874 139.117
8.24919 139.139
8.291 139.191
8.33107 139.204
8.37364 139.271
8.41341 139.277
8.49615 139.358
8.53712 139.389
8.5781 139.42
8.8719 139.771
8.91347 139.811
