-1.08032 141.632
-1.03963 141.527
-0.999199 141.457
-0.959078 141.434
-0.636206 140.697
-0.596316 140.679
-0.556253 140.611
-0.516105 140.51
-0.476218 140.476
-0.436406 140.462
-0.396452 140.395
-0.35647 140.305
-0.316633 140.26
-0.276825 140.22
-0.236992 140.157
-0.197262 140.139
-0.157476 140.076
-0.117709 140.007
-0.0780284 139.993
-0.0383178 139.933
0.00135379 139.895
0.0410171 139.83
0.0806467 139.817
0.120265 139.763
0.159871 139.741
0.199446 139.683
0.239015 139.649
0.278572 139.618
0.318129 139.598
0.357631 139.547
0.397151 139.52
0.436681 139.505
0.476157 139.467
0.515642 139.44
0.55515 139.427
0.594595 139.394
0.633952 139.336
0.673341 139.296
0.71282 139.287
0.752205 139.254
0.791672 139.245
0.830949 139.192
0.870388 139.181
0.90974 139.152
0.94909 139.125
0.988518 139.116
1.02792 139.103
1.06712 139.054
1.10651 139.043
1.14577 139.01
1.18497 138.97
1.22435 138.962
1.26364 138.94
1.303 138.929
1.34228 138.909
1.38155 138.887
1.42087 138.874
1.46015 138.856
1.49917 138.807
1.53843 138.79
1.5776 138.763
1.6168 138.741
1.65609 138.73
1.69548 138.73
1.73482 138.726
1.77399 138.704
1.81324 138.691
1.85249 138.678
1.89143 138.636
1.93056 138.614
1.96969 138.592
2.00904 138.592
2.04839 138.592
2.08759 138.579
2.12674 138.561
2.16601 138.555
2.20543 138.562
2.24472 138.557
2.28393 138.546
2.32308 138.531
2.36202 138.5
2.40095 138.469
2.43971 138.427
2.47888 138.417
2.51828 138.423
2.55787 138.443
2.59726 138.448
2.63629 138.428
2.67538 138.413
2.71479 138.419
2.75417 138.424
2.79324 138.409
2.832 138.373
2.87089 138.347
2.9104 138.36
2.94995 138.376
2.98929 138.378
3.02848 138.372
3.06767 138.365
3.10636 138.33
3.14535 138.312
3.18444 138.302
3.22373 138.302
3.26265 138.282
3.30149 138.258
3.34064 138.251
3.37996 138.254
3.4194 138.262
3.45876 138.267
3.49872 138.302
3.53766 138.285
3.5768 138.278
3.61621 138.285
3.65549 138.285
3.69473 138.283
3.73396 138.281
3.77319 138.279
3.81256 138.283
3.8517 138.277
3.89117 138.286
3.93102 138.312
3.9706 138.325
4.01003 138.332
4.04962 138.345
4.08911 138.354
4.12871 138.368
4.16795 138.366
4.20704 138.357
4.24639 138.359
4.28557 138.355
4.32476 138.35
4.36416 138.355
4.40361 138.362
4.44328 138.377
4.48313 138.399
4.52254 138.404
4.56201 138.41
4.60154 138.419
4.64073 138.415
4.68003 138.415
4.71963 138.426
4.75905 138.431
4.79847 138.435
4.8385 138.462
4.87835 138.482
4.91718 138.464
4.95649 138.464
4.99654 138.491
5.03673 138.522
5.07631 138.531
5.11538 138.522
5.15464 138.52
5.19422 138.529
5.23496 138.577
5.27495 138.599
5.31554 138.642
5.35442 138.626
5.3933 138.611
5.43332 138.633
5.47442 138.69
5.51392 138.695
5.55341 138.699
5.59305 138.708
5.63402 138.759
5.67388 138.775
5.71439 138.81
5.75406 138.819
5.79323 138.813
5.83239 138.806
5.87185 138.808
5.91211 138.835
5.95275 138.873
5.99341 138.911
6.03319 138.922
6.07342 138.946
6.11329 138.96
6.15377 138.991
6.19488 139.04
6.23485 139.055
6.27436 139.057
6.3138 139.058
6.35434 139.089
6.39608 139.153
6.43577 139.16
6.47547 139.167
6.51687 139.22
6.55699 139.238
6.59769 139.271
6.63833 139.303
6.67931 139.343
6.72006 139.376
6.7599 139.385
6.80058 139.417
6.8424 139.477
6.88226 139.486
7.33446 139.914
