-24.8722 83.9118
-24.843 83.8975
-1.96494 135.344
-1.84815 135.106
-1.81004 135.098
-1.7717 135.067
-1.73304 135.004
-1.61768 134.859
-1.57915 134.799
-1.42546 134.576
-1.38751 134.569
-1.34934 134.536
-1.31095 134.472
-1.27296 134.457
-0.740366 133.932
-0.70258 133.926
-0.664605 133.873
-0.626819 133.862
-0.588964 133.831
-0.551122 133.8
-0.513295 133.769
-0.47548 133.738
-0.437718 133.722
-0.399903 133.681
-0.362175 133.67
-0.324401 133.635
-0.286654 133.607
-0.248919 133.578
-0.211223 133.567
-0.17351 133.539
-0.135811 133.512
-0.0981368 133.504
-0.0604661 133.496
-0.0227955 133.473
0.014865 133.465
0.0525182 133.438
0.0901588 133.409
0.127784 133.376
0.165416 133.368
0.203023 133.339
0.240649 133.335
0.278245 133.313
0.315856 133.305
0.35344 133.284
0.391046 133.278
0.428605 133.253
0.466196 133.245
0.503778 133.235
0.541306 133.208
0.578787 133.171
0.616347 133.161
0.653917 133.155
0.691452 133.141
0.728972 133.124
0.766531 133.118
0.804058 133.106
0.84159 133.096
0.879066 133.075
0.91662 133.071
0.954194 133.071
0.991734 133.065
1.02912 133.034
1.06644 132.994
1.10396 132.987
1.14161 133.002
1.17925 133.014
1.21674 133.004
1.25409 132.975
1.29156 132.963
1.32892 132.938
1.36638 132.928
1.40383 132.916
1.44137 132.916
1.47893 132.918
1.51645 132.916
1.55396 132.912
1.59158 132.92
1.62922 132.931
1.68156 134.452
1.70441 132.941
1.74181 132.926
1.77908 132.9
1.81654 132.892
1.85407 132.892
1.89159 132.89
1.92906 132.884
1.96655 132.88
2.00416 132.886
2.04189 132.902
2.07943 132.902
2.11702 132.906
2.15477 132.923
2.19195 132.894
2.22909 132.863
2.2663 132.839
2.30405 132.855
2.34183 132.874
2.37934 132.872
2.41652 132.847
2.45397 132.841
2.49141 132.835
2.52899 132.839
2.56658 132.843
2.60411 132.843
2.64177 132.851
2.67962 132.872
2.71712 132.87
2.75456 132.864
2.79213 132.866
2.82969 132.868
2.8673 132.872
2.90494 132.878
2.94255 132.882
2.98012 132.884
3.01773 132.888
3.05538 132.894
3.09288 132.892
3.1305 132.896
3.16819 132.905
3.20604 132.921
3.24397 132.941
3.28164 132.948
3.31923 132.95
3.35683 132.952
3.39434 132.95
3.43189 132.95
3.46969 132.962
3.50738 132.968
3.54519 132.98
3.58309 132.997
3.62069 132.999
3.65813 132.993
3.69578 132.997
3.73369 133.013
3.77149 133.023
3.80919 133.029
3.84704 133.042
3.88503 133.06
3.92307 133.081
3.96075 133.085
3.99847 133.091
4.03649 133.109
4.07417 133.113
4.1123 133.136
4.15059 133.165
4.18859 133.181
4.22669 133.202
4.26455 133.212
4.30226 133.216
4.34008 133.224
4.37848 133.255
4.41689 133.286
4.45467 133.292
4.49251 133.3
4.53046 133.313
4.56869 133.335
4.60649 133.341
4.64423 133.345
4.68209 133.354
4.72086 133.395
4.75885 133.407
4.79788 133.456
4.83646 133.489
4.87442 133.5
4.91221 133.504
4.95011 133.512
4.98844 133.535
5.0269 133.561
5.06537 133.588
5.10361 133.607
5.14228 133.64
5.18066 133.663
5.21855 133.669
5.25802 133.727
5.29714 133.772
5.33505 133.778
5.37381 133.811
5.41265 133.846
5.45111 133.869
5.48984 133.9
5.52872 133.935
5.56682 133.946
5.80098 134.172
5.83984 134.203
5.87872 134.234
5.91768 134.267
5.95652 134.296
5.99666 134.363
6.03568 134.396
6.07456 134.425
6.1136 134.458
6.23262 134.608
6.27363 134.694
6.31201 134.707
6.35116 134.74
6.39032 134.773
6.43059 134.836
6.47191 134.926
6.51099 134.955
6.55071 135.002
6.59221 135.094
6.63182 135.136
6.67129 135.174
6.71184 135.239
6.75382 135.34
6.79559 135.434
6.83617 135.498
6.87518 135.521
6.91521 135.569
6.95994 135.734
7.0009 135.804
