-13.5697 145.076
-13.5268 145.037
-12.978 144.068
-12.889 143.933
-12.8464 143.892
-12.8038 143.851
-12.76 143.794
-12.7183 143.765
-12.6742 143.701
-12.6324 143.671
-12.5901 143.633
-12.546 143.569
-12.5053 143.553
-12.4616 143.494
-12.4153 143.396
-12.3746 143.38
-12.3344 143.371
-12.2927 143.339
-12.2491 143.28
-12.2068 143.24
-12.1648 143.203
-12.0384 143.088
-11.9969 143.058
-11.9568 143.049
-11.9154 143.02
-11.8759 143.02
-11.8361 143.016
-11.7947 142.986
-11.7521 142.939
-11.7086 142.878
-11.6668 142.842
-11.6268 142.833
-11.5857 142.808
-11.5455 142.797
-11.5019 142.731
-11.4601 142.695
-11.4204 142.691
-11.3794 142.666
-11.3394 142.657
-11.2981 142.628
-11.2582 142.619
-11.2169 142.589
-11.1771 142.583
-11.1359 142.553
-11.0945 142.522
-11.0544 142.511
-11.0132 142.481
-10.9722 142.454
-10.9324 142.448
-10.8928 142.443
-10.8519 142.419
-10.8121 142.412
-10.7719 142.398
-10.7308 142.369
-10.6912 142.365
-10.6516 142.36
-10.6115 142.349
-10.5709 142.327
-10.5306 142.311
-10.4907 142.302
-10.4507 142.291
-10.4111 142.286
-10.3712 142.277
-10.3303 142.251
-10.2897 142.228
-10.2498 142.219
-10.2104 142.217
-10.1708 142.212
-10.1308 142.201
-10.0908 142.188
-10.0514 142.188
-10.0116 142.179
-9.97203 142.174
-9.93284 142.177
-9.89289 142.166
-9.8517 142.132
-9.81165 142.119
-9.77197 142.112
-9.73217 142.103
-9.69237 142.094
-9.65295 142.092
-9.61377 142.094
-9.57446 142.094
-9.53443 142.081
-9.49429 142.065
-9.45451 142.056
-9.41533 142.058
-9.37615 142.061
-9.33686 142.061
-9.29744 142.058
-9.25802 142.056
-9.21861 142.054
-9.17942 142.056
-9.14059 142.065
-9.1014 142.067
-9.06175 142.061
-9.02085 142.029
-8.98132 142.025
-8.94305 142.045
-8.90454 142.061
-8.864 142.036
-8.82459 142.034
-8.78496 142.027
-8.74621 142.038
-8.7078 142.056
-8.66838 142.054
-8.62853 142.043
-8.58934 142.045
-8.55025 142.05
-8.51268 142.086
-8.47379 142.095
-8.43458 142.097
-8.39505 142.092
-8.35553 142.088
-8.31579 142.079
-8.27637 142.077
-8.238 142.097
-8.19889 142.101
-8.15926 142.095
-8.11994 142.095
-8.08103 142.104
-8.04212 142.113
-8.00331 142.124
-7.96449 142.135
-7.92536 142.14
-7.88663 142.153
-7.84759 142.16
-7.80895 142.176
-7.76971 142.178
-7.73057 142.182
-7.69162 142.191
-7.65276 142.202
-7.61467 142.232
-7.57638 142.256
-7.53779 142.274
-7.49871 142.281
-7.45934 142.281
-7.41998 142.281
-7.38127 142.297
-7.34255 142.313
-7.30355 142.322
-7.26455 142.331
-7.22554 142.34
-7.1867 142.353
-7.14814 142.373
-7.10938 142.389
-7.07053 142.402
-7.03149 142.411
-6.99272 142.427
-6.95358 142.434
-6.9148 142.45
-6.87644 142.477
-6.83781 142.497
-6.799 142.513
-6.76035 142.533
-6.72152 142.549
-6.68269 142.565
-6.64401 142.585
-6.60533 142.605
-6.56631 142.616
-6.52736 142.63
-6.48882 142.655
-6.45035 142.682
-6.41187 142.709
-6.37272 142.718
-6.33374 142.731
-6.29571 142.772
-6.2575 142.808
-6.21904 142.838
-6.17994 142.849
-6.14137 142.876
-6.10288 142.905
-6.06383 142.919
-6.02531 142.948
-5.98686 142.98
-5.94839 143.012
-5.90938 143.027
-5.87186 143.089
-5.83275 143.102
-5.7943 143.136
-5.75488 143.141
-5.71728 143.202
-5.67792 143.209
-5.63956 143.247
-5.60183 143.306
-5.56272 143.322
-5.52487 143.379
-5.4856 143.39
-5.44765 143.445
-5.40856 143.463
-5.37071 143.522
-5.33146 143.536
-5.29295 143.575
-5.25524 143.641
-5.21749 143.707
-5.17812 143.718
-5.13948 143.755
-5.1016 143.819
-5.06226 143.833
-5.0235 143.867
-4.7945 144.217
-4.75591 144.263
-4.717 144.297
-4.67807 144.332
-4.63924 144.371
-4.60123 144.442
-4.56313 144.511
-4.4873 144.668
-4.3737 144.92
-4.33535 144.987
-4.2957 145.001
