-24.8704 83.9037
-24.8439 83.9015
-0.508048 145.046
-0.467723 145.011
0.413752 143.441
0.652046 143.156
0.691835 143.147
0.731611 143.135
0.771157 143.071
0.810695 143.011
0.850444 143.002
0.88993 142.94
0.929647 142.929
0.969225 142.892
1.00881 142.86
1.20659 142.709
1.24588 142.645
1.28536 142.613
1.325 142.604
1.36459 142.591
1.40381 142.529
1.44342 142.52
1.4829 142.495
1.5225 142.486
1.56191 142.456
1.60105 142.397
1.64058 142.383
1.68013 142.372
1.71925 142.317
1.75884 142.313
1.79846 142.31
1.83804 142.306
1.87737 142.276
1.91695 142.272
1.95622 142.24
1.99546 142.206
2.03494 142.194
2.07423 142.167
2.11365 142.151
2.15303 142.133
2.19226 142.103
2.23148 142.074
2.2708 142.053
2.31025 142.044
2.34983 142.044
2.38934 142.04
2.4286 142.017
2.46795 142.001
2.50709 141.972
2.54642 141.956
2.58571 141.938
2.62496 141.917
2.6644 141.911
2.70367 141.893
2.74313 141.888
2.78249 141.877
2.82188 141.868
2.86119 141.854
2.90068 141.852
2.94025 141.854
2.97974 141.852
3.01903 141.838
3.05824 141.82
3.09745 141.802
3.13684 141.795
3.17639 141.798
3.21582 141.793
3.25496 141.773
3.29434 141.766
3.33381 141.764
3.37318 141.757
3.41238 141.741
3.45179 141.736
3.49151 141.748
3.53092 141.743
3.57015 141.73
3.6096 141.727
3.64904 141.725
3.68807 141.702
3.72722 141.687
3.76671 141.687
3.80619 141.687
3.84568 141.687
3.88521 141.689
3.92474 141.691
3.96418 141.689
4.00371 141.691
4.04417 141.734
4.08413 141.755
4.12331 141.741
4.16254 141.73
4.20129 141.698
4.23975 141.655
4.27933 141.66
4.31864 141.653
4.35811 141.653
4.39764 141.655
4.43757 141.673
4.47727 141.682
4.51669 141.68
4.55605 141.675
4.59565 141.68
4.6353 141.687
4.67502 141.696
4.71462 141.7
4.75404 141.698
4.7934 141.693
4.83306 141.7
4.87285 141.711
4.91246 141.716
4.95232 141.729
4.99218 141.743
5.03173 141.745
5.0709 141.734
5.11019 141.727
5.14981 141.732
5.18956 141.741
5.22951 141.757
5.2692 141.763
5.30889 141.77
5.34866 141.779
5.38836 141.786
5.42834 141.802
5.46839 141.82
5.50838 141.836
5.54845 141.854
5.58825 141.863
5.62804 141.872
5.6677 141.876
5.70787 141.897
5.74746 141.899
5.78734 141.91
5.82716 141.919
5.86683 141.924
5.90703 141.944
5.94746 141.971
5.98738 141.983
6.0273 141.994
6.06768 142.019
6.10823 142.048
6.14825 142.062
6.18796 142.067
6.22736 142.062
6.26667 142.055
6.30718 142.082
6.34738 142.101
6.38873 142.15
6.42854 142.157
6.46943 142.194
6.51058 142.237
6.551 142.26
6.5906 142.26
6.62968 142.246
6.67139 142.303
6.71134 142.312
6.75223 142.346
6.79331 142.385
6.83398 142.412
6.87386 142.419
6.91455 142.446
6.95453 142.455
6.9955 142.489
7.03541 142.496
7.07686 142.542
7.11678 142.549
7.15671 142.555
7.19792 142.594
7.24026 142.66
7.28059 142.676
7.32064 142.685
7.36323 142.756
7.40529 142.813
7.44528 142.82
7.48643 142.855
7.52663 142.866
7.56895 142.928
7.60917 142.939
7.9837 143.32
8.02424 143.336
8.06561 143.371
8.1073 143.412
8.15048 143.486
8.19327 143.55
8.23493 143.59
8.27692 143.636
8.3199 143.703
8.36344 143.781
8.4067 143.853
8.44977 143.92
8.49168 143.962
8.89037 144.76
8.93165 144.783
