-15.4521 137.569
-14.4353 135.051
-14.3941 135.01
-14.3519 134.956
-14.3111 134.919
-14.2682 134.857
-14.2271 134.816
-14.1852 134.765
-14.1443 134.725
-14.105 134.705
-14.0669 134.699
-14.0238 134.633
-13.9425 134.559
-13.8116 134.337
-13.7716 134.307
-13.7333 134.296
-13.6957 134.296
-13.6581 134.294
-13.5733 134.174
-13.5335 134.145
-13.4955 134.139
-13.4572 134.129
-13.4153 134.074
-13.377 134.063
-13.3354 134.01
-13.2969 133.998
-13.2569 133.965
-13.2172 133.937
-13.1775 133.908
-13.1391 133.896
-13.0998 133.872
-13.0598 133.839
-13.0214 133.827
-12.9823 133.804
-12.9442 133.796
-12.9052 133.776
-12.8649 133.737
-12.8247 133.701
-12.7855 133.678
-12.7464 133.656
-12.7084 133.648
-12.67 133.634
-12.6306 133.607
-12.5925 133.597
-12.5531 133.571
-12.5142 133.55
-12.4767 133.548
-12.4387 133.54
-12.3995 133.516
-12.3613 133.504
-12.3208 133.461
-12.2831 133.457
-12.2446 133.441
-12.205 133.41
-12.1671 133.402
-12.1297 133.402
-12.0912 133.386
-12.0523 133.364
-12.0142 133.354
-11.9761 133.344
-11.9385 133.34
-11.9012 133.34
-11.8628 133.325
-11.8229 133.289
-11.785 133.281
-11.7478 133.283
-11.7104 133.281
-11.6726 133.275
-11.635 133.271
-11.597 133.261
-11.5584 133.242
-11.5205 133.234
-11.4818 133.214
-11.4438 133.204
-11.4071 133.212
-11.37 133.216
-11.3315 133.198
-11.2929 133.18
-11.2554 133.176
-11.2182 133.178
-11.1803 133.17
-11.1425 133.162
-11.1049 133.158
-11.0672 133.151
-11.0295 133.145
-10.9918 133.139
-10.954 133.131
-10.9167 133.131
-10.8795 133.133
-10.8418 133.127
-10.8045 133.127
-10.7672 133.127
-10.7294 133.119
-10.6917 133.113
-10.6544 133.113
-10.6174 133.119
-10.5803 133.121
-10.5431 133.123
-10.5062 133.129
-10.4697 133.143
-10.4329 133.151
-10.3955 133.149
-10.3588 133.16
-10.3212 133.155
-10.2837 133.151
-10.2465 133.153
-10.2101 133.17
-10.1734 133.18
-10.135 133.161
-10.0972 133.153
-10.0593 133.143
-10.0217 133.139
-9.98559 133.159
-9.94875 133.168
-9.91142 133.167
-9.87445 133.174
-9.83665 133.165
-9.79932 133.165
-9.76235 133.172
-9.72561 133.182
-9.68862 133.188
-9.65152 133.192
-9.61407 133.19
-9.57697 133.194
-9.5409 133.216
-9.50425 133.228
-9.46747 133.238
-9.43024 133.24
-9.39312 133.244
-9.35588 133.246
-9.31875 133.25
-9.28162 133.254
-9.24438 133.256
-9.20736 133.262
-9.17011 133.264
-9.1333 133.275
-9.09705 133.295
-9.06012 133.303
-9.02286 133.305
-8.98614 133.317
-8.95029 133.345
-8.91377 133.362
-8.87671 133.368
-8.83943 133.37
-8.80237 133.376
-8.76583 133.392
-8.72971 133.416
-8.69273 133.424
-8.65565 133.43
-8.61908 133.447
-8.58292 133.471
-8.54676 133.495
-8.51047 133.518
-8.47367 133.53
-8.43696 133.544
-8.40004 133.554
-8.36332 133.568
-8.32628 133.576
-8.28975 133.595
-8.25291 133.607
-8.21596 133.617
-8.17951 133.637
-8.14265 133.65
-8.10647 133.676
-8.07028 133.702
-8.03428 133.733
-7.99748 133.747
-7.96107 133.77
-7.92464 133.792
-7.88811 133.812
-7.85109 133.823
-7.81455 133.843
-7.77818 133.867
-7.74199 133.896
-7.70588 133.927
-7.66911 133.943
-7.6327 133.967
-7.59563 133.978
-7.55938 134.006
-7.52312 134.035
-7.48667 134.059
-7.44993 134.078
-7.41373 134.108
-7.37698 134.127
-7.34093 134.161
-7.30486 134.196
-7.26852 134.225
-7.23163 134.241
-7.19641 134.297
-7.16029 134.331
-7.12398 134.362
-7.08687 134.374
-7.05019 134.397
-7.01393 134.43
-6.97774 134.465
-6.94239 134.52
-6.90541 134.537
-6.87001 134.592
-6.83459 134.648
-6.79749 134.662
-6.76112 134.695
-6.7254 134.744
-6.68818 134.757
-6.65299 134.821
-6.61697 134.864
-6.58044 134.895
-6.54463 134.945
-6.50839 134.984
-6.47301 135.046
-6.43681 135.087
-6.40044 135.124
-6.36492 135.184
-6.32843 135.22
-6.29193 135.255
-6.25565 135.296
-6.22103 135.384
-6.18478 135.427
-6.14881 135.479
-6.11229 135.517
-6.07598 135.56
-6.00702 135.752
-5.97041 135.789
