4.82385 140.252
4.86254 140.221
5.26236 139.044
5.30025 138.998
5.33678 138.907
5.37462 138.861
5.41203 138.802
5.44902 138.73
5.48617 138.664
5.52323 138.596
5.56102 138.552
5.5981 138.486
5.63697 138.478
5.67253 138.366
5.71023 138.322
5.74814 138.285
5.78502 138.218
5.82259 138.172
5.86037 138.133
5.89739 138.072
5.93506 138.03
5.97292 137.996
6.0107 137.959
6.04764 137.898
6.08538 137.861
6.12326 137.828
6.16089 137.789
6.19851 137.75
6.23627 137.716
6.27393 137.679
6.31096 137.625
6.34945 137.612
6.38723 137.579
6.42428 137.527
6.46242 137.506
6.49927 137.449
6.53739 137.428
6.57461 137.382
6.61295 137.367
6.65087 137.341
6.68854 137.309
6.72619 137.277
6.76383 137.244
6.80153 137.214
6.8399 137.201
6.87835 137.191
6.91646 137.171
6.95464 137.154
6.99134 137.1
7.02959 137.085
7.06652 137.038
7.10475 137.023
7.14244 136.995
7.18029 136.971
7.21867 136.961
7.25615 136.928
7.2938 136.9
7.33215 136.89
7.36996 136.866
7.40812 136.851
7.44582 136.825
7.4836 136.802
7.52202 136.793
7.55978 136.77
7.598 136.757
7.63574 136.733
7.67367 136.714
7.71139 136.69
7.74968 136.68
7.78757 136.661
7.82566 136.646
7.86383 136.633
7.90151 136.609
7.93996 136.603
7.97832 136.594
8.01607 136.573
8.05372 136.549
8.09186 136.537
8.13019 136.528
8.16831 136.515
8.20643 136.503
8.24444 136.488
8.28296 136.483
8.32086 136.466
8.35896 136.454
8.39684 136.436
8.43493 136.424
8.47332 136.417
8.51181 136.413
8.54978 136.398
8.58785 136.385
8.62591 136.373
8.66449 136.371
8.70265 136.36
8.74048 136.343
8.77895 136.339
8.81775 136.341
8.85589 136.33
8.89348 136.309
8.93183 136.303
8.97007 136.294
9.00874 136.294
9.0472 136.29
9.08509 136.275
9.12219 136.245
9.1603 136.235
9.19884 136.232
9.23751 136.232
9.27594 136.228
9.31449 136.226
9.35315 136.226
9.39146 136.22
9.43 136.218
9.46924 136.229
9.50884 136.246
9.54691 136.235
9.58452 136.216
9.62282 136.21
9.66112 136.203
9.70084 136.222
9.7395 136.223
9.77816 136.223
9.81754 136.235
9.85645 136.24
9.89486 136.236
9.93316 136.229
9.97194 136.231
10.0113 136.244
10.0502 136.249
10.089 136.251
10.1278 136.253
10.1671 136.264
10.2058 136.264
10.2443 136.262
10.2826 136.255
10.3214 136.258
10.3608 136.27
10.3999 136.277
10.4389 136.283
10.4784 136.296
10.5173 136.301
10.5565 136.309
10.5957 136.318
10.6343 136.318
10.673 136.318
10.7121 136.324
10.751 136.329
10.79 136.333
10.8296 136.348
10.8691 136.361
10.9092 136.384
10.9491 136.404
10.9881 136.408
11.0271 136.412
11.066 136.417
11.1053 136.425
11.1441 136.428
11.1829 136.43
11.223 136.451
11.2623 136.46
11.3028 136.488
11.343 136.511
11.3821 136.518
11.4214 136.526
11.4603 136.529
11.499 136.529
11.5408 136.576
11.5801 136.585
11.6191 136.589
11.6593 136.61
11.6993 136.63
11.7391 136.645
11.7801 136.679
11.8195 136.688
11.8584 136.69
11.8972 136.692
11.9382 136.724
11.9777 136.735
12.0181 136.759
12.0588 136.787
12.0981 136.796
12.1393 136.83
12.1787 136.839
12.2196 136.869
12.2601 136.895
12.2998 136.908
12.3392 136.916
12.3809 136.957
12.4231 137.005
12.4642 137.037
12.5033 137.041
12.5442 137.07
12.5836 137.078
12.6266 137.136
12.6683 137.175
12.7079 137.186
12.7482 137.206
12.7897 137.242
12.8731 137.32
12.9143 137.351
12.9554 137.381
12.9968 137.416
13.0368 137.431
13.078 137.461
13.1198 137.5
13.1636 137.565
13.2061 137.613
13.2454 137.618
13.4983 137.87
13.542 137.931
14.0208 138.561
14.0612 138.576
14.7701 140.533
14.808 140.513
