-24.8696 83.8996
-24.8428 83.8965
2.62501 150.488
2.66546 150.419
3.02786 149.774
3.06852 149.737
3.10926 149.705
3.22985 149.52
3.27051 149.488
3.31141 149.471
3.35196 149.434
3.39191 149.365
3.43273 149.345
3.4725 149.269
3.51283 149.225
3.55296 149.171
3.59386 149.159
3.63485 149.151
3.67531 149.117
3.71561 149.075
4.07712 148.684
4.1174 148.65
4.15847 148.652
4.19943 148.65
4.24018 148.637
4.27985 148.579
4.32058 148.567
4.3601 148.503
4.40074 148.489
4.44155 148.481
4.48113 148.423
4.52187 148.413
4.5626 148.403
4.60212 148.345
4.64283 148.335
4.68299 148.303
4.72362 148.291
4.76382 148.262
4.8045 148.252
4.84461 148.221
4.88477 148.191
4.92556 148.187
4.9657 148.157
5.00635 148.148
5.04725 148.148
5.08809 148.145
5.12853 148.128
5.16816 148.082
5.20946 148.097
5.24994 148.082
5.29042 148.067
5.3302 148.029
5.37073 148.016
5.41146 148.012
5.45156 147.985
5.49193 147.968
5.532 147.941
5.57272 147.936
5.61329 147.927
5.65348 147.905
5.69396 147.893
5.73474 147.89
5.77551 147.888
5.81575 147.868
5.85629 147.859
5.8969 147.851
5.93728 147.837
5.97788 147.829
6.01856 147.824
6.05939 147.824
6.09967 147.807
6.1401 147.795
6.18076 147.79
6.22142 147.786
6.26208 147.781
6.30282 147.778
6.34315 147.764
6.38298 147.735
6.42446 147.754
6.46519 147.751
6.50583 147.747
6.54673 147.749
6.58755 147.749
6.62854 147.754
6.66926 147.751
6.70991 147.746
6.7501 147.729
6.79039 147.715
6.83128 147.717
6.87271 147.734
6.91352 147.734
6.9528 147.693
6.99151 147.637
7.03239 147.639
7.07511 147.69
7.11637 147.702
7.15727 147.704
7.19817 147.707
7.23925 147.714
7.28034 147.721
7.32124 147.724
7.36234 147.731
7.40286 147.723
7.44308 147.709
7.4832 147.692
7.52449 147.704
7.56588 147.718
7.60758 147.74
7.64879 147.75
7.6894 147.745
7.7297 147.732
7.77031 147.728
7.81162 147.74
7.85325 147.759
7.89426 147.764
7.93528 147.768
7.97651 147.778
8.01743 147.78
8.05793 147.773
8.09875 147.773
8.13998 147.782
8.18123 147.792
8.22226 147.797
8.26329 147.802
8.30519 147.826
8.34634 147.833
8.38739 147.838
8.4292 147.859
8.47036 147.866
8.51141 147.871
8.55325 147.893
8.59476 147.907
8.63673 147.931
8.67814 147.943
8.72001 147.965
8.76132 147.975
8.80286 147.989
8.84499 148.016
8.88701 148.04
8.92811 148.045
8.96932 148.052
9.01078 148.064
9.05201 148.071
9.09406 148.095
9.13661 148.129
9.1781 148.141
9.21934 148.148
9.2612 148.168
9.30355 148.197
9.34518 148.211
9.38706 148.23
9.43031 148.277
9.47159 148.284
9.51288 148.291
9.55442 148.303
9.5981 148.356
9.63966 148.368
9.68224 148.4
9.72381 148.412
9.76642 148.444
9.80775 148.451
9.8505 148.485
9.89184 148.492
9.93488 148.531
9.97781 148.567
10.0205 148.599
10.0634 148.635
10.1052 148.65
10.1498 148.716
10.1932 148.759
10.2345 148.764
10.2767 148.786
10.3184 148.798
10.4936 148.996
10.5368 149.032
10.5782 149.04
10.6217 149.081
10.7099 149.186
10.7528 149.218
10.7946 149.23
11.066 149.648
11.1079 149.66
11.151 149.692
11.1966 149.766
11.2411 149.82
11.2846 149.857
11.3301 149.929
11.3745 149.98
11.4221 150.084
11.4661 150.129
