-15.7725 145.273
-15.7309 145.261
-14.8272 144.145
-14.74 144.066
-14.5666 143.918
-14.5256 143.909
-14.4804 143.848
-14.4347 143.781
-14.3916 143.746
-14.3508 143.74
-14.31 143.733
-14.2669 143.698
-14.2241 143.666
-14.1828 143.652
-14.1394 143.613
-14.0966 143.581
-14.0538 143.549
-14.0109 143.514
-13.9701 143.507
-13.9297 143.505
-13.887 143.473
-13.8432 143.427
-13.8005 143.395
-13.7604 143.397
-13.7187 143.377
-13.6778 143.368
-13.6351 143.335
-13.5922 143.301
-13.5514 143.292
-13.5112 143.292
-13.4712 143.295
-13.4287 143.265
-13.3877 143.254
-13.3472 143.25
-13.3044 143.215
-13.2594 143.15
-13.2183 143.137
-13.1762 143.112
-13.1357 143.107
-13.0951 143.101
-13.0548 143.099
-13.0146 143.099
-12.9745 143.099
-12.9332 143.083
-12.892 143.07
-12.8495 143.038
-12.8074 143.01
-12.7663 142.997
-12.7256 142.99
-12.6839 142.967
-12.6424 142.949
-12.6023 142.949
-12.5635 142.968
-12.5233 142.969
-12.481 142.936
-12.4399 142.923
-12.3984 142.905
-12.3583 142.905
-12.3176 142.896
-12.277 142.889
-12.2365 142.885
-12.195 142.865
-12.1542 142.856
-12.114 142.854
-12.074 142.856
-12.0337 142.854
-11.9927 142.841
-11.9516 142.827
-11.912 142.835
-11.8723 142.842
-11.8324 142.844
-11.7912 142.829
-11.7503 142.817
-11.7106 142.825
-11.6704 142.823
-11.6299 142.818
-11.5897 142.816
-11.5486 142.803
-11.5079 142.794
-11.4675 142.789
-11.4277 142.794
-11.3883 142.806
-11.348 142.804
-11.3066 142.784
-11.2646 142.754
-11.2249 142.761
-11.1854 142.771
-11.1447 142.762
-11.1054 142.776
-11.0644 142.763
-11.0244 142.765
-10.9832 142.747
-10.9433 142.752
-10.9045 142.773
-10.8642 142.771
-10.824 142.769
-10.784 142.772
-10.7438 142.772
-10.7052 142.798
-10.6686 142.856
-10.6309 142.898
-10.5902 142.889
-10.5496 142.882
-10.51 142.892
-10.4705 142.904
-10.4309 142.913
-10.3918 142.932
-10.3527 142.951
-10.3126 142.954
-10.273 142.963
-10.2333 142.973
-10.1932 142.973
-10.1531 142.976
-10.1134 142.985
-10.0739 142.997
-10.0343 143.009
-9.99479 143.021
-9.95575 143.042
-9.91515 143.035
-9.87481 143.033
-9.83601 143.059
-9.79771 143.094
-9.75811 143.106
-9.71801 143.109
-9.6779 143.111
-9.63817 143.121
-9.60018 143.163
-9.56106 143.184
-9.52229 143.213
-9.48327 143.236
-9.44349 143.246
-9.40384 143.258
-9.36417 143.27
-9.32463 143.284
-9.28604 143.317
-9.24611 143.324
-9.20618 143.331
-9.16744 143.362
-9.12773 143.374
-9.09003 143.425
-9.05054 143.442
-9.0108 143.454
-8.97177 143.48
-8.93271 143.506
-8.89272 143.513
-8.854 143.546
-8.81411 143.556
-8.77512 143.584
-8.73659 143.622
-8.69576 143.612
-8.65777 143.662
-8.61919 143.7
-8.57958 143.716
-8.53941 143.721
-8.4999 143.74
-8.46126 143.778
-8.42371 143.839
-8.38405 143.856
-8.34416 143.868
-8.30622 143.922
-8.2674 143.957
-8.22758 143.972
-8.18862 144.005
-8.14986 144.043
-8.11214 144.104
-8.07228 144.118
-8.03293 144.144
-7.83922 144.348
-7.8002 144.384
-7.76014 144.396
-7.72261 144.467
-7.68484 144.533
-7.64584 144.571
-7.3745 144.89
-7.33651 144.957
-7.14244 145.198
-7.10429 145.265
-7.02846 145.413
-6.98939 145.458
-6.95159 145.537
-6.91365 145.614
-6.87523 145.679
-6.37699 146.634
-6.33547 146.622
-6.29463 146.629
-6.25337 146.625
-6.2126 146.635
