-17.496 129.522
-17.4563 129.491
-17.4177 129.469
-17.2773 129.174
-17.2353 129.12
-17.0217 128.813
-16.9843 128.802
-16.9446 128.769
-16.8999 128.687
-16.8573 128.625
-16.8201 128.616
-16.7816 128.593
-16.7391 128.532
-16.6968 128.473
-16.5754 128.347
-16.5339 128.293
-16.4939 128.255
-16.4544 128.223
-16.4156 128.196
-16.3766 128.168
-16.3371 128.133
-16.2979 128.103
-16.2589 128.074
-16.2196 128.042
-16.1805 128.012
-16.1437 128.004
-16.1 127.928
-16.0628 127.917
-16.024 127.888
-15.9847 127.856
-15.9464 127.833
-15.9098 127.828
-15.8714 127.803
-15.8325 127.775
-15.7936 127.744
-15.6785 127.672
-15.6397 127.644
-15.6013 127.62
-15.5639 127.604
-15.5241 127.565
-15.4873 127.557
-15.4508 127.551
-15.4123 127.525
-15.3738 127.499
-15.3351 127.47
-15.2981 127.459
-15.2615 127.453
-15.2238 127.434
-15.186 127.416
-15.1494 127.408
-15.1111 127.384
-15.0741 127.372
-15.0357 127.346
-14.9955 127.301
-14.9587 127.291
-14.9227 127.291
-14.887 127.293
-14.8505 127.287
-14.814 127.282
-14.7767 127.267
-14.7395 127.253
-14.7019 127.235
-14.6654 127.229
-14.6293 127.227
-14.5932 127.225
-14.5559 127.21
-14.5186 127.195
-14.4801 127.167
-14.443 127.154
-14.4054 127.135
-14.3682 127.12
-14.3319 127.116
-14.2955 127.11
-14.2589 127.103
-14.2218 127.09
-14.1856 127.086
-14.149 127.078
-14.1128 127.075
-14.0765 127.071
-14.0398 127.062
-14.0023 127.043
-13.9657 127.035
-13.9296 127.033
-13.8927 127.022
-13.8562 127.015
-13.8192 127.001
-13.7828 126.996
-13.7469 126.996
-13.7111 126.998
-13.6752 126.998
-13.6396 127.001
-13.6039 127.003
-13.5672 126.994
-13.5305 126.984
-13.4941 126.979
-13.4586 126.983
-13.4225 126.981
-13.3853 126.966
-13.3482 126.951
-13.3123 126.951
-13.2773 126.962
-13.2417 126.966
-13.2057 126.964
-13.1696 126.962
-13.1342 126.967
-13.0989 126.975
-13.0635 126.98
-13.0274 126.979
-12.9915 126.979
-12.9557 126.98
-12.9194 126.975
-12.8836 126.977
-12.8489 126.992
-12.8134 126.997
-12.7777 126.999
-12.7413 126.993
-12.7057 126.997
-12.6723 127.029
-12.6377 127.046
-12.6009 127.035
-12.5651 127.037
-12.5282 127.023
-12.492 127.02
-12.455 127.006
-12.4201 127.02
-12.3858 127.04
-12.35 127.042
-12.3136 127.036
-12.2777 127.036
-12.2423 127.044
-12.208 127.065
-12.1729 127.076
-12.1374 127.081
-12.1016 127.083
-12.0654 127.08
-12.0294 127.079
-11.9942 127.089
-11.9587 127.094
-11.923 127.098
-11.8884 127.117
-11.8526 127.119
-11.817 127.123
-11.7818 127.134
-11.7466 127.143
-11.7114 127.155
-11.6764 127.168
-11.6414 127.181
-11.6063 127.192
-11.571 127.201
-11.5353 127.205
-11.4994 127.207
-11.4648 127.226
-11.4306 127.25
-11.3952 127.26
-11.3603 127.275
-11.3247 127.28
-11.2895 127.292
-11.2548 127.31
-11.2204 127.333
-11.1852 127.344
-11.1497 127.352
-11.1146 127.365
-11.0793 127.374
-11.0439 127.384
-11.0088 127.397
-10.9734 127.406
-10.939 127.431
-10.9051 127.461
-10.8697 127.471
-10.8341 127.478
-10.8001 127.508
-10.7651 127.523
-10.731 127.554
-10.6967 127.58
-10.6611 127.586
-10.6252 127.589
-10.5902 127.605
-10.5558 127.631
-10.5211 127.652
-10.487 127.682
-10.4521 127.701
-10.4167 127.71
-10.3829 127.746
-10.3482 127.769
-10.3139 127.798
-10.2795 127.824
-10.2445 127.841
-10.2105 127.875
-10.1751 127.887
-10.1405 127.911
-10.1051 127.923
-10.0695 127.932
-10.0362 127.978
-10.0011 127.995
-9.96766 128.038
-9.93325 128.067
-9.898 128.082
-9.86484 128.132
-9.83085 128.168
-9.79662 128.2
-9.76179 128.223
-9.72614 128.232
-9.69164 128.261
-9.65724 128.292
-9.62362 128.335
-9.58862 128.356
-9.55509 128.402
-9.51961 128.416
-9.48616 128.463
-9.45055 128.475
-9.41717 128.524
-9.38299 128.561
-9.34869 128.595
-9.31426 128.628
-9.28092 128.679
-9.24821 128.743
-9.21504 128.798
-9.17945 128.812
-9.14494 128.844
-9.11182 128.902
-9.07835 128.954
-9.04411 128.992
-9.00932 129.021
-8.97462 129.052
-8.94118 129.106
-8.90825 129.169
-8.87498 129.227
-8.84168 129.285
-8.80626 129.304
-8.77261 129.356
-8.64138 129.633
-8.60802 129.693
-8.57237 129.711
-8.53897 129.771
-8.34457 130.262
