-9.57957 132.963
-9.54114 132.955
-9.37706 132.739
-9.3388 132.733
-9.29904 132.7
-9.21921 132.629
-9.1787 132.581
-9.14025 132.571
-9.10045 132.537
-9.06089 132.506
-9.02145 132.477
-8.78238 132.255
-8.74413 132.247
-8.70491 132.22
-8.66678 132.214
-8.62854 132.206
-8.58796 132.153
-8.54974 132.145
-8.51046 132.117
-8.47236 132.111
-8.4331 132.082
-8.39469 132.07
-8.35453 132.023
-8.31665 132.021
-8.27846 132.013
-8.23814 131.962
-8.19987 131.952
-8.1617 131.944
-8.12163 131.898
-8.08348 131.89
-8.04533 131.882
-8.00748 131.88
-7.96845 131.853
-7.92904 131.819
-7.88993 131.79
-7.85181 131.782
-7.81292 131.758
-7.77491 131.752
-7.73709 131.75
-7.69899 131.742
-7.65937 131.702
-7.62137 131.696
-7.58319 131.686
-7.54454 131.666
-7.50646 131.658
-7.46755 131.631
-7.42865 131.605
-7.39068 131.599
-7.35226 131.583
-7.31411 131.573
-7.27597 131.563
-7.23856 131.569
-7.20122 131.578
-7.16344 131.576
-7.12513 131.562
-7.08612 131.531
-7.04783 131.517
-7.00927 131.497
-6.97117 131.487
-6.93366 131.491
-6.8965 131.504
-6.85856 131.498
-6.82004 131.478
-6.78228 131.476
-6.74435 131.47
-6.70635 131.462
-6.66859 131.46
-6.63042 131.448
-6.59292 131.452
-6.55516 131.45
-6.51741 131.448
-6.47917 131.434
-6.44086 131.418
-6.40296 131.412
-6.36521 131.41
-6.32731 131.405
-6.28949 131.401
-6.25182 131.401
-6.21431 131.405
-6.17665 131.405
-6.13875 131.399
-6.10048 131.383
-6.06289 131.385
-6.02545 131.392
-5.98741 131.382
-5.94953 131.376
-5.91194 131.378
-5.87464 131.388
-5.83639 131.372
-5.7983 131.36
-5.76049 131.356
-5.72347 131.375
-5.68623 131.387
-5.64786 131.367
-5.61006 131.363
-5.57316 131.385
-5.53597 131.4
-5.4983 131.4
-5.46056 131.398
-5.42241 131.384
-5.38487 131.388
-5.34814 131.417
-5.31079 131.427
-5.27324 131.431
-5.23582 131.44
-5.1982 131.442
-5.16051 131.442
-5.12308 131.45
-5.08603 131.471
-5.04877 131.485
-5.01133 131.493
-4.97363 131.493
-4.93611 131.5
-4.89902 131.52
-4.86132 131.52
-4.82367 131.523
-4.78626 131.533
-4.74873 131.539
-4.71119 131.545
-4.67353 131.548
-4.63582 131.548
-4.59868 131.568
-4.56164 131.593
-4.52414 131.601
-4.48664 131.609
-4.44913 131.618
-4.41156 131.624
-4.37382 131.624
-4.33614 131.626
-4.29927 131.659
-4.26195 131.675
-4.22436 131.682
-4.18687 131.692
-4.14954 131.708
-4.1123 131.729
-4.07479 131.739
-4.03738 131.754
-4.00021 131.778
-3.96259 131.785
-3.92525 131.803
-3.88811 131.83
-3.85061 131.842
-3.8135 131.871
-3.77641 131.902
-3.73889 131.914
-3.7015 131.933
-3.66378 131.937
-3.62619 131.947
-3.58897 131.974
-3.55173 132.001
-3.51416 132.013
-3.47672 132.032
-3.4391 132.042
-3.40165 132.061
-3.36427 132.083
-3.32688 132.106
-3.28974 132.141
-3.25237 132.166
-3.21466 132.174
-3.17735 132.203
-3.13999 132.23
-3.10265 132.259
-3.06507 132.275
-3.02814 132.327
-2.99042 132.337
-2.95337 132.385
-2.91571 132.399
-2.87796 132.41
-2.84087 132.457
-2.8035 132.49
-2.76608 132.521
-2.72833 132.534
-2.69047 132.54
-2.65302 132.571
-2.61596 132.627
-2.57894 132.687
-2.54163 132.73
-2.50378 132.741
-2.46612 132.764
-2.42857 132.795
-2.39107 132.83
-2.35356 132.865
-2.31564 132.874
-2.27803 132.905
-2.24115 132.988
-0.851235 136.366
