-24.8702 83.9027
-24.8441 83.9025
-8.8849 145.354
-8.75004 145.061
-8.70616 144.984
-8.66265 144.914
-8.6203 144.867
-8.57518 144.762
-8.53145 144.685
-8.48906 144.636
-8.44703 144.594
-8.14723 144.167
-8.06241 144.058
-8.02061 144.017
-7.98016 144.005
-7.93879 143.973
-7.89602 143.908
-7.85408 143.862
-7.81116 143.793
-7.76968 143.756
-7.7292 143.742
-7.68655 143.678
-7.64522 143.643
-7.60399 143.611
-7.56268 143.577
-7.52226 143.563
-7.48117 143.533
-7.44 143.501
-7.39865 143.464
-7.356 143.395
-7.31563 143.382
-7.27481 143.356
-7.23464 143.347
-7.19346 143.313
-7.15202 143.272
-7.11078 143.235
-7.06965 143.201
-7.02863 143.169
-6.98762 143.137
-6.94778 143.135
-6.90759 143.123
-6.86678 143.096
-6.82582 143.064
-6.78469 143.027
-6.74401 143.002
-6.70378 142.989
-6.66338 142.971
-6.62188 142.923
-6.58201 142.918
-6.54205 142.911
-6.50202 142.902
-6.46198 142.893
-6.42064 142.848
-6.38046 142.834
-6.3398 142.807
-6.2998 142.798
-6.25932 142.775
-6.21948 142.771
-6.1791 142.75
-6.1388 142.732
-6.09867 142.719
-6.05846 142.703
-6.01865 142.698
-5.97853 142.685
-5.93804 142.66
-5.89801 142.649
-5.85761 142.626
-5.81722 142.603
-5.77751 142.601
-5.73779 142.599
-5.69786 142.59
-5.65794 142.581
-5.61816 142.576
-5.57816 142.565
-5.53775 142.54
-5.49763 142.524
-5.45842 142.538
-5.41831 142.522
-5.37848 142.516
-5.33845 142.502
-5.29767 142.464
-5.25819 142.468
-5.21858 142.468
-5.17896 142.469
-5.13889 142.453
-5.09908 142.446
-5.05947 142.446
-5.02005 142.453
-4.98037 142.451
-4.94057 142.444
-4.90064 142.433
-4.86097 142.431
-4.82129 142.429
-4.7812 142.411
-4.74135 142.402
-4.70174 142.402
-4.66231 142.409
-4.623 142.42
-4.58345 142.423
-4.54378 142.421
-4.50399 142.414
-4.46433 142.412
-4.42477 142.414
-4.38522 142.417
-4.34544 142.41
-4.30572 142.405
-4.26632 142.415
-4.22725 142.438
-4.18763 142.438
-4.14838 142.454
-4.10907 142.468
-4.06451 142.251
-4.02889 142.427
-3.98948 142.436
-3.94975 142.432
-3.90998 142.425
-3.86972 142.395
-3.82918 142.352
-3.78909 142.33
-3.74982 142.346
-3.71098 142.382
-3.67155 142.392
-3.63212 142.401
-3.59269 142.41
-3.5532 142.417
-3.51363 142.419
-3.47409 142.424
-3.43477 142.44
-3.39532 142.449
-3.3559 142.461
-3.31635 142.466
-3.27688 142.475
-3.23758 142.493
-3.19818 142.507
-3.15869 142.516
-3.11908 142.519
-3.07947 142.521
-3.0399 142.526
-3.00028 142.528
-2.96078 142.537
-2.92165 142.569
-2.8822 142.583
-2.84268 142.592
-2.80305 142.595
-2.76341 142.597
-2.72398 142.613
-2.68482 142.648
-2.6454 142.666
-2.60575 142.669
-2.56612 142.673
-2.52679 142.698
-2.48734 142.717
-2.44776 142.726
-2.40824 142.74
-2.36859 142.745
-2.32897 142.752
-2.28958 142.777
-2.25018 142.802
-2.21051 142.807
-2.17123 142.844
-2.1319 142.878
-2.09232 142.892
-2.05281 142.913
-2.01311 142.917
-1.97343 142.924
-1.93397 142.952
-1.89428 142.959
-1.85458 142.966
-1.81514 142.998
-1.77575 143.037
-1.73626 143.067
-1.6966 143.081
-1.6571 143.113
-1.61765 143.152
-1.5779 143.159
-1.53815 143.166
-1.49873 143.215
-1.459 143.226
-1.41946 143.263
-1.37989 143.298
-1.34032 143.335
-1.30068 143.365
-1.26088 143.374
-1.22122 143.404
-1.18161 143.444
-1.14196 143.481
-1.1023 143.518
-1.06259 143.55
-1.02273 143.557
-0.982872 143.566
-0.943289 143.629
-0.903574 143.67
-0.70474 143.884
-0.664879 143.916
-0.62494 143.93
-0.585054 143.963
0.216305 145.127
0.256665 145.202
0.297152 145.336
0.33759 145.412
0.378067 145.49
0.41855 145.556
0.459308 145.721
0.49991 145.802
