5.55221 151.751
5.59341 151.721
5.63614 151.744
5.67843 151.752
5.72088 151.765
5.76251 151.75
6.05496 147.744
6.20737 147.37
6.24824 147.363
6.48258 147.007
6.52127 146.939
6.5585 146.831
6.59797 146.788
6.63768 146.752
6.67823 146.74
6.79427 146.551
6.83266 146.482
6.87191 146.437
6.91034 146.37
6.9507 146.356
6.98962 146.303
7.03113 146.32
7.10743 146.177
7.14709 146.146
7.18738 146.132
7.22693 146.099
7.46285 145.874
7.50325 145.864
7.54258 145.829
7.5819 145.793
7.62111 145.755
7.66138 145.743
7.70085 145.713
7.74002 145.675
7.77886 145.63
7.818 145.592
7.85832 145.583
7.89661 145.526
7.9359 145.493
7.97639 145.488
8.01679 145.481
8.05625 145.453
8.09549 145.42
8.13565 145.408
8.17487 145.375
8.21439 145.349
8.25485 145.345
8.29456 145.323
8.33469 145.312
8.37482 145.3
8.41515 145.293
8.45473 145.27
8.49397 145.239
8.53395 145.225
8.57328 145.197
8.61325 145.183
8.65245 145.152
8.69174 145.124
8.7318 145.112
8.7723 145.11
8.81247 145.1
8.85229 145.084
8.89153 145.056
8.93157 145.044
8.97182 145.037
9.0115 145.018
9.05082 144.993
9.09071 144.979
9.13083 144.969
9.17095 144.96
9.21082 144.946
9.25045 144.927
9.29079 144.922
9.33088 144.913
9.37062 144.897
9.4107 144.887
9.45066 144.876
9.49025 144.857
9.53032 144.848
9.57027 144.836
9.61057 144.831
9.65088 144.827
9.69106 144.82
9.73135 144.815
9.77153 144.808
9.81132 144.794
9.85048 144.768
9.89013 144.752
9.9294 144.729
9.96866 144.705
10.0089 144.701
10.0501 144.712
10.09 144.701
10.1304 144.698
10.1693 144.67
10.2097 144.668
10.2501 144.666
10.2906 144.666
10.3312 144.668
10.3721 144.675
10.4117 144.659
10.4526 144.666
10.493 144.664
10.5346 144.683
10.5754 144.688
10.6157 144.685
10.6567 144.692
10.6977 144.702
10.7387 144.709
10.7803 144.728
10.8211 144.733
10.8616 144.733
10.9022 144.735
10.9426 144.733
10.9832 144.733
11.024 144.738
11.0648 144.742
11.1054 144.745
11.1465 144.754
11.1875 144.761
11.2281 144.764
11.2692 144.773
11.3105 144.785
11.351 144.785
11.3917 144.787
11.4335 144.809
11.4754 144.83
11.5164 144.837
11.5566 144.832
11.5974 144.837
11.6393 144.858
11.68 144.861
11.7206 144.861
11.7614 144.865
11.8024 144.873
11.8441 144.891
11.8853 144.901
11.9259 144.901
11.9673 144.915
12.0085 144.925
12.0497 144.934
12.0918 144.958
12.1329 144.967
12.1741 144.976
12.2158 144.993
12.2573 145.007
12.2988 145.021
12.341 145.045
12.3817 145.047
12.424 145.073
12.4652 145.083
12.5076 145.109
12.549 145.121
12.5918 145.154
12.6311 145.135
12.6727 145.149
12.7141 145.161
12.7555 145.173
12.7963 145.175
12.8377 145.187
12.8813 145.229
12.9265 145.296
12.9677 145.303
13.0088 145.31
13.0504 145.324
13.0936 145.36
13.1379 145.412
13.1797 145.428
13.2224 145.457
13.2634 145.461
13.3065 145.495
13.35 145.535
13.3914 145.544
13.4347 145.58
13.4776 145.611
13.8223 145.867
13.8634 145.872
14.0853 146.113
14.1287 146.146
14.1706 146.16
14.2145 146.201
14.3073 146.347
14.3516 146.392
14.3953 146.428
14.4828 146.502
