-5.77615 134.554
-5.73736 134.521
-5.65865 134.42
-5.61991 134.388
-5.58118 134.355
-5.54159 134.295
-5.50196 134.234
-5.4633 134.201
-5.42544 134.193
-5.387 134.166
-5.30865 134.065
-5.27 134.031
-5.23065 133.973
-5.19203 133.939
-5.15343 133.904
-5.11547 133.89
-5.07683 133.853
-5.03876 133.834
-4.99954 133.777
-4.96168 133.765
-4.92346 133.74
-4.88448 133.689
-4.84665 133.677
-4.80806 133.638
-4.76966 133.606
-4.73156 133.583
-4.69382 133.573
-4.65614 133.565
-4.6175 133.522
-4.57983 133.514
-4.54217 133.506
-4.5038 133.471
-4.46495 133.418
-4.42726 133.408
-4.38903 133.378
-4.3512 133.362
-4.31273 133.321
-4.27507 133.311
-4.23736 133.299
-4.19905 133.262
-4.16156 133.258
-4.12387 133.246
-4.08574 133.215
-4.04757 133.183
-4.00971 133.162
-3.97205 133.15
-3.93444 133.14
-3.89661 133.12
-3.85906 133.112
-3.82138 133.097
-3.78379 133.087
-3.74631 133.081
-3.70837 133.055
-3.67048 133.031
-3.63301 133.024
-3.59559 133.02
-3.55816 133.016
-3.52057 133.004
-3.48238 132.964
-3.4448 132.951
-3.4071 132.933
-3.36945 132.917
-3.33206 132.913
-3.29458 132.905
-3.25691 132.887
-3.21948 132.88
-3.18209 132.876
-3.14452 132.862
-3.10706 132.854
-3.06957 132.844
-3.03204 132.832
-2.99452 132.82
-2.95701 132.807
-2.91957 132.799
-2.88221 132.795
-2.84492 132.795
-2.80759 132.793
-2.7702 132.787
-2.73274 132.777
-2.69535 132.771
-2.6581 132.773
-2.62081 132.773
-2.5834 132.765
-2.54599 132.756
-2.50861 132.75
-2.47123 132.744
-2.43383 132.736
-2.39643 132.728
-2.35907 132.722
-2.32173 132.718
-2.28434 132.71
-2.24712 132.714
-2.21001 132.726
-2.17276 132.728
-2.13524 132.709
-2.09785 132.701
-2.06027 132.677
-2.02318 132.691
-1.986 132.699
-1.949 132.721
-1.91203 132.747
-1.875 132.769
-1.83748 132.749
-1.80015 132.745
-1.76282 132.741
-1.72555 132.743
-1.68822 132.739
-1.651 132.745
-1.61373 132.747
-1.57631 132.732
-1.539 132.73
-1.50172 132.73
-1.46443 132.73
-1.42717 132.732
-1.38986 132.73
-1.35258 132.73
-1.31534 132.736
-1.27812 132.744
-1.24085 132.746
-1.20359 132.75
-1.16642 132.766
-1.12915 132.77
-1.09189 132.774
-1.05458 132.772
-1.01722 132.761
-0.979935 132.763
-0.942727 132.777
-0.905501 132.789
-0.868303 132.807
-0.831054 132.817
-0.79379 132.825
-0.756471 132.823
-0.719172 132.825
-0.681928 132.839
-0.64466 132.849
-0.607404 132.863
-0.570165 132.883
-0.532873 132.891
-0.495591 132.903
-0.458271 132.905
-0.420932 132.901
-0.383657 132.919
-0.346342 132.925
-0.309063 132.947
-0.271739 132.953
-0.234443 132.975
-0.197114 132.983
-0.159778 132.989
-0.122437 132.993
-0.0851109 133.013
-0.0477786 133.038
-0.0104243 133.042
0.0269297 133.052
0.0642858 133.084
0.101655 133.106
0.139029 133.112
0.176405 133.118
0.213795 133.138
0.251202 133.166
0.288622 133.194
0.326027 133.205
0.363458 133.227
0.400875 133.237
0.438301 133.249
0.475808 133.293
0.513252 133.305
0.550695 133.315
0.588228 133.354
0.62568 133.362
0.663129 133.368
0.70058 133.374
0.738025 133.378
0.775573 133.406
0.813159 133.44
0.850807 133.485
0.888338 133.501
0.925938 133.53
0.963571 133.562
1.00122 133.594
1.03885 133.621
1.07651 133.651
1.1141 133.667
1.15175 133.692
1.18946 133.724
1.22718 133.757
1.26475 133.765
1.30249 133.795
1.3403 133.834
1.37807 133.866
1.41601 133.917
1.45382 133.95
1.49148 133.962
1.52928 133.99
1.56731 134.044
1.60497 134.054
1.64287 134.088
1.68099 134.146
1.71894 134.182
1.7569 134.219
1.79482 134.25
1.83301 134.305
1.87086 134.325
1.90906 134.379
1.94732 134.434
1.98543 134.475
2.06227 134.604
2.10037 134.639
2.1385 134.674
2.21481 134.746
2.25295 134.779
2.29135 134.83
2.83571 135.829
