-24.8726 83.9138
-24.8439 83.9015
6.54176 152.346
6.582 152.3
6.62161 152.237
6.66172 152.189
6.70181 152.14
6.74152 152.082
6.78293 152.072
7.14463 151.695
7.18468 151.652
7.22453 151.604
7.26416 151.551
7.30542 151.541
7.3457 151.506
7.38577 151.465
7.42562 151.42
7.46685 151.41
7.50717 151.377
7.54717 151.337
7.62855 151.291
7.66862 151.254
7.71 151.249
7.75044 151.221
7.79057 151.186
7.83152 151.171
7.87151 151.133
7.9117 151.1
7.95272 151.088
7.99278 151.053
8.03389 151.042
8.15547 150.972
8.19536 150.935
8.23654 150.927
8.27695 150.902
8.31757 150.882
8.35752 150.847
8.39756 150.814
8.43837 150.799
8.4785 150.769
8.51975 150.764
8.56099 150.759
8.60109 150.729
8.6413 150.701
8.68137 150.671
8.72201 150.654
8.76253 150.634
8.80362 150.626
8.84529 150.631
8.88779 150.653
8.929 150.648
8.97056 150.651
9.01045 150.618
9.05152 150.61
9.09271 150.605
9.13294 150.58
9.17278 150.548
9.21383 150.54
9.25476 150.53
9.29543 150.515
9.33623 150.503
9.37701 150.49
9.41879 150.497
9.45894 150.472
9.49996 150.465
9.54173 150.472
9.58338 150.477
9.6244 150.47
9.66605 150.474
9.70757 150.477
9.74794 150.457
9.78791 150.429
9.82903 150.424
9.86989 150.414
9.91075 150.404
9.95199 150.401
9.99416 150.416
10.0362 150.429
10.0769 150.416
10.1178 150.406
10.1599 150.421
10.2004 150.403
10.2393 150.358
10.2788 150.323
10.3436 150.751
10.364 150.368
10.4056 150.373
10.4461 150.358
10.4885 150.375
10.5298 150.375
10.5698 150.35
10.6107 150.342
10.6518 150.337
10.6931 150.337
10.7346 150.339
10.7758 150.337
10.8185 150.359
10.8613 150.384
10.9029 150.389
10.9439 150.381
10.9848 150.373
11.0257 150.366
11.0682 150.386
11.1103 150.398
11.1517 150.398
11.1932 150.4
11.2348 150.405
11.2762 150.405
11.3171 150.397
11.3589 150.405
11.4016 150.427
11.4433 150.432
11.4854 150.444
11.5271 150.449
11.5681 150.444
11.6093 150.441
11.6516 150.456
11.6939 150.471
11.7371 150.5
11.7793 150.513
11.8214 150.525
11.8631 150.53
11.9056 150.547
11.9473 150.552
11.988 150.542
12.0297 150.547
12.0738 150.589
12.116 150.601
12.1588 150.623
12.2012 150.638
12.2431 150.646
12.2846 150.648
12.3282 150.68
12.3705 150.695
12.4121 150.697
12.4543 150.71
12.4972 150.732
12.5386 150.732
12.5804 150.737
12.624 150.769
12.6662 150.781
12.7122 150.848
12.754 150.853
12.7976 150.886
12.8399 150.898
12.8829 150.92
12.9245 150.923
12.9664 150.93
13.0117 150.985
13.0566 151.035
13.1008 151.074
13.1444 151.104
13.1859 151.104
13.2275 151.107
13.2701 151.121
13.3142 151.159
13.3584 151.196
13.4027 151.236
13.4469 151.274
13.4891 151.283
13.5339 151.328
13.5785 151.371
13.6238 151.423
13.6664 151.438
13.7085 151.446
13.7523 151.476
13.7966 151.513
13.8414 151.558
13.888 151.626
13.9305 151.638
13.9749 151.676
14.0198 151.721
14.0646 151.764
14.1098 151.812
14.1563 151.877
14.2015 151.925
14.246 151.962
14.2905 152
14.3335 152.018
14.3798 152.078
14.4247 152.121
14.5203 152.28
14.5636 152.3
14.6102 152.363
14.7517 152.574
14.8497 152.759
14.8956 152.81
14.9408 152.853
14.9888 152.932
