-18.4612 148.648
-18.4136 148.585
-17.9881 148.03
-17.7529 147.724
-17.7105 147.71
-17.6631 147.645
-17.6211 147.635
-17.3021 147.3
-17.2605 147.294
-17.2161 147.258
-17.1738 147.243
-17.1299 147.212
-17.0858 147.179
-17.0417 147.145
-16.9972 147.107
-16.9549 147.093
-16.9102 147.052
-16.8662 147.019
-16.8226 146.99
-16.7808 146.981
-16.7344 146.921
-16.6924 146.909
-16.6508 146.902
-16.6067 146.866
-16.5625 146.831
-16.5212 146.826
-16.4799 146.822
-16.4362 146.791
-16.3921 146.755
-16.3478 146.717
-16.3037 146.681
-16.2626 146.679
-16.2209 146.67
-16.1798 146.668
-16.139 146.668
-16.093 146.611
-16.0509 146.597
-16.0095 146.59
-15.9663 146.564
-15.9253 146.562
-15.8815 146.529
-15.8396 146.517
-15.799 146.52
-15.7561 146.496
-15.7146 146.489
-15.6726 146.475
-15.6266 146.416
-15.5854 146.411
-15.5448 146.414
-15.5035 146.41
-15.4625 146.408
-15.4215 146.406
-15.3803 146.401
-15.3366 146.368
-15.2934 146.34
-15.2526 146.34
-15.2118 146.34
-15.171 146.341
-15.1296 146.334
-15.0864 146.306
-15.0446 146.294
-15.0024 146.278
-14.9616 146.278
-14.9204 146.274
-14.8788 146.264
-14.8382 146.267
-14.7972 146.265
-14.7554 146.254
-14.7135 146.24
-14.6721 146.233
-14.6288 146.202
-14.588 146.202
-14.5482 146.215
-14.5077 146.22
-14.4662 146.211
-14.4239 146.192
-14.3834 146.197
-14.3447 146.224
-14.3037 146.222
-14.2591 146.174
-14.2165 146.151
-14.1774 146.173
-14.1382 146.195
-14.097 146.19
-14.0555 146.181
-14.0145 146.179
-13.9735 146.177
-13.9312 146.158
-13.889 146.139
-13.8482 146.14
-13.8092 146.164
-13.7671 146.148
-13.7243 146.122
-13.6855 146.148
-13.6457 146.163
-13.604 146.152
-13.5616 146.13
-13.5212 146.136
-13.4789 146.117
-13.4362 146.091
-13.3962 146.103
-13.3617 146.19
-13.3232 146.222
-13.2848 146.256
-13.2467 146.294
-13.2052 146.285
-13.1664 146.314
-13.1271 146.336
-13.0867 146.344
-13.046 146.347
-13.0052 146.347
-12.9638 146.34
-12.9226 146.336
-12.8827 146.351
-12.843 146.368
-12.803 146.38
-12.7634 146.4
-12.7234 146.412
-12.6843 146.439
-12.6439 146.447
-12.6038 146.459
-12.5644 146.481
-12.5236 146.484
-12.4847 146.513
-12.4449 146.531
-12.4043 146.536
-12.364 146.546
-12.3232 146.548
-12.2833 146.563
-12.2451 146.605
-12.2055 146.627
-12.1644 146.625
-12.1241 146.635
-12.0855 146.671
-12.0449 146.676
-12.0058 146.706
-11.9653 146.713
-11.926 146.74
-11.8858 146.753
-11.8459 146.77
-11.8069 146.802
-11.7679 146.834
-11.727 146.836
-11.6883 146.873
-11.6494 146.907
-11.6092 146.92
-11.5686 146.927
-11.5309 146.981
-11.4906 146.994
-11.45 147.001
-11.4092 147.006
-11.3716 147.062
-11.3314 147.077
-11.2934 147.129
-11.2547 147.168
-11.214 147.175
-11.1738 147.19
-11.1352 147.232
-11.096 147.264
-11.0564 147.291
-11.0162 147.306
-10.9789 147.372
-10.9388 147.389
-10.9012 147.451
-10.8609 147.466
-10.8203 147.476
-10.7814 147.515
-10.7417 147.542
-10.7021 147.569
-10.6635 147.616
-10.5862 147.707
-10.5487 147.773
-10.5097 147.813
-10.4688 147.82
-10.4281 147.831
-10.3892 147.872
-10.3533 147.971
-10.3143 148.013
-10.2753 148.055
-10.236 148.092
-10.1968 148.131
-10.1576 148.171
-9.73755 148.845
-9.7 148.922
-9.65936 148.939
-9.61998 148.982
-9.04405 149.975
-9.00239 149.977
-8.96072 149.98
