-20.5295 126.241
-20.4868 126.185
-20.447 126.152
-20.4067 126.115
-20.3608 126.034
-20.3212 126.002
-20.2815 125.969
-20.238 125.906
-20.199 125.878
-20.156 125.819
-20.1105 125.74
-20.0687 125.69
-20.0321 125.681
-19.9927 125.649
-19.8645 125.474
-19.8224 125.421
-19.7864 125.415
-19.75 125.408
-19.7082 125.357
-19.6692 125.327
-19.6311 125.305
-19.5957 125.305
-19.5601 125.303
-19.5206 125.27
-19.4785 125.215
-19.4411 125.199
-19.3968 125.125
-19.3576 125.094
-19.3194 125.071
-19.2802 125.039
-19.2402 125.001
-19.1978 124.943
-19.1614 124.933
-19.1241 124.917
-19.0879 124.91
-19.0473 124.866
-19.0133 124.877
-18.9749 124.851
-18.9366 124.826
-18.898 124.798
-18.8599 124.774
-18.8239 124.769
-18.7852 124.74
-18.7443 124.692
-18.7082 124.685
-18.6724 124.681
-18.6365 124.676
-18.601 124.674
-18.563 124.65
-18.5245 124.623
-18.486 124.596
-18.4499 124.589
-18.4136 124.579
-18.3783 124.579
-18.3412 124.563
-18.3042 124.548
-18.2663 124.525
-18.2291 124.508
-18.1922 124.494
-18.1551 124.477
-18.1188 124.468
-18.0806 124.443
-18.0441 124.432
-18.0085 124.428
-17.9716 124.414
-17.9357 124.408
-17.8988 124.394
-17.8612 124.372
-17.8257 124.37
-17.7901 124.367
-17.7538 124.357
-17.7186 124.357
-17.683 124.354
-17.6465 124.343
-17.6097 124.328
-17.5718 124.305
-17.5338 124.279
-17.4982 124.276
-17.4629 124.276
-17.4273 124.272
-17.3903 124.256
-17.3541 124.247
-17.3179 124.238
-17.2817 124.228
-17.2457 124.221
-17.2107 124.223
-17.1762 124.23
-17.1406 124.227
-17.1064 124.236
-17.0712 124.236
-17.0338 124.216
-16.9961 124.192
-16.9603 124.187
-16.9243 124.179
-16.8891 124.179
-16.854 124.181
-16.8186 124.179
-16.783 124.176
-16.7476 124.174
-16.7126 124.176
-16.6776 124.177
-16.6422 124.176
-16.6072 124.177
-16.572 124.177
-16.5362 124.172
-16.5011 124.174
-16.4657 124.172
-16.4311 124.177
-16.396 124.179
-16.3608 124.179
-16.3264 124.186
-16.2919 124.193
-16.2568 124.195
-16.2225 124.204
-16.1877 124.208
-16.1508 124.192
-16.1139 124.175
-16.0777 124.166
-16.0416 124.157
-16.0108 124.2
-15.9763 124.208
-15.9407 124.204
-15.9074 124.224
-15.8731 124.233
-15.8386 124.24
-15.8043 124.249
-15.7701 124.26
-15.7332 124.244
-15.6965 124.229
-15.6618 124.235
-15.6285 124.255
-15.5936 124.258
-15.5586 124.26
-15.5228 124.254
-15.4875 124.254
-15.4531 124.263
-15.4209 124.294
-15.3869 124.307
-15.3523 124.314
-15.3172 124.316
-15.2819 124.316
-15.2479 124.329
-15.2133 124.336
-15.1794 124.35
-15.145 124.359
-15.1097 124.359
-15.0741 124.356
-15.0389 124.357
-15.0047 124.368
-14.9711 124.386
-14.9372 124.401
-14.9024 124.406
-14.8683 124.419
-14.8342 124.432
-14.7997 124.441
-14.7661 124.459
-14.7313 124.464
-14.6965 124.47
-14.6617 124.475
-14.6272 124.484
-14.5935 124.502
-14.5604 124.526
-14.5269 124.546
-14.4934 124.566
-14.4585 124.572
-14.4242 124.582
-14.3897 124.591
-14.3551 124.601
-14.3219 124.624
-14.2879 124.639
-14.2535 124.65
-14.2193 124.662
-14.1863 124.69
-14.1528 124.71
-14.1188 124.726
-14.0843 124.735
-14.0513 124.763
-14.0185 124.792
-13.9844 124.806
-13.9518 124.839
-13.9169 124.845
-13.8818 124.848
-13.8469 124.854
-13.8133 124.876
-13.7801 124.901
-13.7461 124.918
-13.7126 124.939
-13.6798 124.971
-13.6471 125.002
-13.614 125.029
-13.5807 125.055
-13.546 125.064
-13.514 125.104
-13.4797 125.119
-13.4464 125.144
-13.4132 125.172
-13.3799 125.198
-13.3452 125.207
-13.3121 125.236
-13.2808 125.286
-13.246 125.295
-13.2126 125.32
-13.1795 125.35
-13.1464 125.379
-13.1117 125.39
-13.08 125.436
-13.0468 125.466
-13.0123 125.479
-12.979 125.506
-12.9479 125.561
-12.915 125.595
-12.8815 125.62
-12.8481 125.648
-12.8152 125.681
-12.7821 125.713
-12.7487 125.74
-12.7166 125.785
-12.6837 125.82
-12.587 125.949
-12.5553 125.999
-12.5235 126.049
-12.4911 126.092
-12.4598 126.148
-12.4261 126.174
-12.3908 126.179
-12.3557 126.188
-12.3236 126.235
-12.2894 126.255
-12.1672 126.529
-12.1337 126.559
-12.1005 126.594
-12.0093 126.811
-11.9773 126.864
-11.9442 126.901
-11.9118 126.948
-11.8772 126.965
-11.7576 127.294
