13.2411 136.535
13.2793 136.528
13.3305 133.719
13.3609 133.622
13.3932 133.55
13.4258 133.481
13.456 133.384
13.6746 132.802
13.7091 132.761
13.7421 132.701
13.7745 132.636
13.8069 132.57
13.8415 132.531
13.8761 132.493
13.9068 132.407
13.9389 132.339
13.9731 132.297
14.0062 132.242
14.041 132.207
14.0744 132.156
14.1101 132.132
14.143 132.075
14.176 132.02
14.21 131.977
14.2426 131.918
14.2775 131.886
14.3122 131.851
14.3465 131.813
14.3799 131.764
14.414 131.724
14.4483 131.685
14.4837 131.661
14.5199 131.645
14.5536 131.6
14.5876 131.56
14.6227 131.532
14.6569 131.493
14.6892 131.435
14.7257 131.423
14.7609 131.396
14.7953 131.362
14.8285 131.314
14.8648 131.3
14.8997 131.272
14.9349 131.245
14.9687 131.205
15.0031 131.171
15.0378 131.141
15.0724 131.109
15.1069 131.077
15.143 131.063
15.1786 131.042
15.2137 131.016
15.2485 130.988
15.2826 130.952
15.3191 130.942
15.3541 130.916
15.3881 130.88
15.4224 130.846
15.4584 130.832
15.4945 130.818
15.5298 130.796
15.5647 130.77
15.6008 130.756
15.6364 130.738
15.6723 130.722
15.7077 130.702
15.7419 130.668
15.7763 130.638
15.8131 130.632
15.8495 130.622
15.8847 130.6
15.9205 130.584
15.9562 130.568
15.9912 130.544
16.0262 130.52
16.0622 130.506
16.0975 130.486
16.1331 130.468
16.169 130.455
16.2055 130.447
16.2406 130.425
16.2769 130.415
16.3134 130.407
16.3493 130.393
16.385 130.377
16.4207 130.361
16.4562 130.343
16.4922 130.331
16.5279 130.315
16.5634 130.297
16.5996 130.287
16.6358 130.277
16.6721 130.268
16.7073 130.248
16.7443 130.246
16.7808 130.238
16.8166 130.224
16.853 130.216
16.8904 130.218
16.9268 130.21
16.9616 130.186
16.9966 130.164
17.0333 130.16
17.0706 130.16
17.1076 130.158
17.1443 130.154
17.1809 130.148
17.2163 130.131
17.2518 130.115
17.2878 130.103
17.3264 130.117
17.3642 130.123
17.401 130.119
17.439 130.127
17.4775 130.139
17.5157 130.149
17.5536 130.155
17.591 130.157
17.6307 130.18
17.6696 130.196
17.6987 130.121
17.734 130.103
17.7682 130.075
17.805 130.071
17.8419 130.069
17.8778 130.057
17.9135 130.044
17.9494 130.032
17.9863 130.03
18.0241 130.036
18.0624 130.046
18.1013 130.061
18.1395 130.071
18.1769 130.073
18.2121 130.056
18.2484 130.048
18.2858 130.05
18.3236 130.056
18.3615 130.062
18.3977 130.054
18.4342 130.048
18.4732 130.064
18.5112 130.071
18.5491 130.077
18.5858 130.073
18.6225 130.07
18.659 130.064
18.6962 130.064
18.7344 130.074
18.7721 130.077
18.809 130.076
18.8462 130.076
18.8844 130.085
18.9232 130.099
18.9617 130.111
18.9987 130.109
19.0363 130.113
19.0744 130.121
19.112 130.125
19.1492 130.125
19.187 130.131
19.2263 130.149
19.2655 130.167
19.3036 130.175
19.3417 130.183
19.38 130.193
19.4195 130.213
19.4572 130.217
19.4941 130.215
19.5327 130.227
19.5711 130.237
19.6097 130.248
19.6485 130.262
19.6869 130.272
19.725 130.28
19.7636 130.292
19.8015 130.298
19.8402 130.31
19.8804 130.336
19.9181 130.34
19.9565 130.35
19.9966 130.374
20.0345 130.38
20.0746 130.404
20.1121 130.406
20.1527 130.434
20.1911 130.444
20.2315 130.47
20.2716 130.493
20.3098 130.501
20.348 130.509
20.3911 130.557
20.4288 130.561
20.4673 130.571
20.5077 130.597
20.5462 130.607
20.5864 130.631
20.6274 130.661
20.6686 130.693
20.7066 130.699
20.7471 130.725
20.7886 130.759
20.8299 130.791
20.8707 130.819
20.9122 130.853
20.9503 130.859
20.9908 130.885
21.0319 130.915
21.0707 130.927
21.1116 130.955
21.1532 130.989
21.1943 131.02
21.235 131.046
21.2764 131.078
21.3188 131.118
21.3608 131.154
21.4048 131.206
21.4429 131.212
21.4831 131.234
21.5252 131.271
21.5682 131.315
21.6134 131.375
21.6552 131.41
21.6968 131.442
21.7378 131.47
21.7794 131.502
21.8242 131.559
21.8666 131.597
21.9156 131.686
21.9549 131.7
