-24.8724 83.9128
-24.8437 83.9005
-4.17343 158.42
-4.13011 158.412
-4.08606 158.369
-3.63877 157.516
-2.809 156.584
-2.72221 156.494
-2.67936 156.486
-2.63662 156.486
-2.55002 156.402
-2.50675 156.36
-2.46363 156.328
-2.42043 156.288
-2.37721 156.246
-2.24757 156.112
-2.20463 156.088
-2.16192 156.083
-2.11914 156.073
-2.07641 156.065
-2.03336 156.028
-1.99064 156.02
-1.9477 155.992
-1.90498 155.984
-1.86191 155.939
-1.81868 155.876
-1.77627 155.897
-1.73358 155.889
-1.6907 155.861
-1.64777 155.824
-1.60504 155.808
-1.56218 155.777
-1.51955 155.772
-1.47646 155.709
-1.4338 155.698
-1.39103 155.672
-1.34843 155.667
-1.30582 155.662
-1.26316 155.649
-1.22039 155.617
-1.17775 155.604
-1.13499 155.57
-1.09236 155.557
-1.0499 155.573
-1.00735 155.573
-0.964732 155.56
-0.922053 155.534
-0.879485 155.529
-0.836931 155.526
-0.794378 155.524
-0.751793 155.513
-0.709203 155.5
-0.666628 155.49
-0.624021 155.469
-0.581415 155.445
-0.53885 155.432
-0.49632 155.43
-0.453791 155.427
-0.411238 155.414
-0.368707 155.409
-0.326139 155.383
-0.283643 155.394
-0.241131 155.396
-0.198602 155.386
-0.156067 155.365
-0.113552 155.36
-0.0710435 155.36
-0.0285342 155.36
0.0139748 155.363
0.0564853 155.365
0.0989978 155.371
0.141514 155.379
0.184019 155.366
0.226517 155.352
0.269011 155.339
0.311491 155.321
0.353993 155.321
0.396549 155.35
0.439003 155.324
0.481567 155.35
0.524168 155.387
0.566707 155.395
0.609172 155.377
0.651596 155.348
0.694061 155.335
0.736501 155.317
0.778974 155.309
0.821517 155.319
0.86411 155.34
0.906654 155.348
0.949176 155.351
0.991635 155.34
1.03416 155.343
1.07676 155.361
1.11938 155.38
1.1619 155.38
1.20435 155.369
1.24688 155.372
1.28954 155.393
1.33206 155.393
1.37458 155.393
1.41708 155.391
1.45958 155.388
1.50214 155.393
1.54472 155.401
1.58729 155.406
1.62994 155.422
1.67249 155.425
1.7152 155.446
1.75813 155.49
1.80099 155.525
1.84364 155.535
1.88622 155.538
1.92887 155.548
1.97161 155.567
2.01423 155.572
2.05684 155.577
2.09938 155.575
2.14194 155.575
2.18462 155.585
2.22748 155.611
2.2702 155.624
2.31315 155.656
2.35608 155.685
2.39885 155.701
2.44174 155.724
2.4845 155.738
2.52703 155.732
2.56984 155.748
2.61268 155.766
2.6555 155.782
2.69829 155.795
2.74127 155.822
2.78441 155.859
2.82726 155.874
2.86997 155.88
2.91283 155.895
2.95594 155.927
2.99907 155.959
3.04233 155.998
3.0854 156.025
3.12823 156.035
3.17106 156.046
3.21412 156.069
3.25697 156.08
3.30035 156.122
3.34425 156.193
3.38722 156.209
3.43067 156.252
3.47366 156.267
3.51728 156.318
3.56029 156.333
3.6036 156.365
3.64693 156.397
3.69007 156.418
3.73373 156.466
3.77735 156.511
3.82084 156.548
3.8644 156.588
3.90751 156.603
3.95158 156.667
3.99514 156.704
4.03822 156.718
4.08264 156.795
4.12636 156.837
4.17016 156.882
4.21381 156.919
4.25747 156.957
4.30121 156.997
4.34591 157.079
4.38952 157.111
4.43362 157.164
4.47696 157.183
4.52085 157.226
4.5657 157.308
4.61065 157.394
4.65531 157.466
4.69886 157.49
4.74385 157.573
4.78867 157.648
4.83353 157.723
4.87809 157.785
4.92294 157.857
5.01378 158.043
