-10.7749 122.469
-10.6934 122.3
-10.6556 122.258
-10.6151 122.176
-10.5746 122.093
-10.1849 121.472
-10.1473 121.428
-10.1127 121.43
-10.0775 121.423
-10.0395 121.372
-10.002 121.33
-9.96383 121.276
-9.92259 121.175
-9.77572 121.045
-9.62679 120.88
-9.59077 120.857
-9.55466 120.833
-9.51834 120.805
-9.48322 120.796
-9.44703 120.77
-9.40904 120.714
-9.37288 120.688
-9.33769 120.678
-9.30028 120.631
-9.2629 120.584
-9.22763 120.572
-9.19039 120.527
-9.15379 120.492
-9.11762 120.465
-9.08188 120.444
-9.04532 120.409
-9.00838 120.368
-8.97328 120.357
-8.93859 120.354
-8.90299 120.335
-8.86791 120.324
-8.83063 120.276
-8.79556 120.266
-8.7597 120.241
-8.72287 120.2
-8.68753 120.184
-8.65152 120.157
-8.6159 120.136
-8.58117 120.131
-8.54654 120.127
-8.51114 120.11
-8.47593 120.096
-8.44036 120.076
-8.40488 120.057
-8.36989 120.046
-8.3333 120.007
-8.29739 119.979
-8.2627 119.974
-8.22811 119.97
-8.19324 119.962
-8.15672 119.922
-8.12159 119.908
-8.08665 119.898
-8.0508 119.871
-8.01642 119.87
-7.98194 119.869
-7.94693 119.857
-7.9113 119.833
-7.87603 119.815
-7.84166 119.815
-7.80685 119.807
-7.77142 119.786
-7.73688 119.783
-7.70208 119.774
-7.66642 119.748
-7.63111 119.729
-7.59633 119.721
-7.5618 119.717
-7.52728 119.714
-7.49234 119.702
-7.45782 119.698
-7.42272 119.683
-7.38779 119.671
-7.35295 119.66
-7.31819 119.652
-7.28394 119.653
-7.24985 119.659
-7.21534 119.655
-7.18043 119.643
-7.14577 119.636
-7.11128 119.633
-7.07638 119.621
-7.04165 119.612
-7.00693 119.603
-6.97236 119.598
-6.9378 119.593
-6.90324 119.588
-6.86883 119.586
-6.8342 119.579
-6.79957 119.572
-6.76517 119.57
-6.73054 119.564
-6.69584 119.555
-6.66137 119.552
-6.62705 119.551
-6.59274 119.551
-6.55812 119.545
-6.52373 119.543
-6.48948 119.544
-6.45546 119.551
-6.42114 119.551
-6.38667 119.548
-6.35207 119.541
-6.31761 119.537
-6.28336 119.539
-6.24905 119.539
-6.21459 119.535
-6.17999 119.528
-6.1454 119.522
-6.11074 119.513
-6.07588 119.499
-6.04191 119.508
-6.00855 119.532
-5.97477 119.545
-5.94065 119.55
-5.90653 119.555
-5.87241 119.56
-5.83835 119.567
-5.80429 119.574
-5.76996 119.574
-5.73557 119.572
-5.70124 119.572
-5.66698 119.574
-5.63278 119.577
-5.59858 119.58
-5.56456 119.589
-5.53048 119.596
-5.49615 119.596
-5.46194 119.599
-5.4281 119.613
-5.39413 119.623
-5.3601 119.631
-5.32587 119.635
-5.29135 119.63
-5.25725 119.636
-5.22309 119.641
-5.1891 119.652
-5.15481 119.653
-5.1204 119.651
-5.08612 119.653
-5.05183 119.655
-5.01759 119.658
-4.98347 119.665
-4.94974 119.684
-4.91572 119.694
-4.88186 119.709
-4.84783 119.719
-4.81369 119.726
-4.77965 119.736
-4.74588 119.755
-4.71167 119.76
-4.67745 119.765
-4.64324 119.77
-4.60876 119.767
-4.57439 119.767
-4.54032 119.777
-4.50661 119.799
-4.47289 119.822
-4.43931 119.849
-4.40532 119.863
-4.37182 119.893
-4.33761 119.9
-4.30321 119.9
-4.269 119.907
-4.23478 119.914
-4.20057 119.921
-4.16668 119.939
-4.13278 119.958
-4.09869 119.97
-4.06519 120.005
-4.03104 120.015
-3.99675 120.02
-3.96258 120.03
-3.92895 120.061
-3.89482 120.073
-3.86091 120.094
-3.82676 120.106
-3.79291 120.13
-3.75897 120.15
-3.72468 120.157
-3.69072 120.178
-3.6565 120.188
-3.62269 120.215
-3.58932 120.262
-3.55503 120.27
-3.52086 120.284
-3.48657 120.293
-3.45278 120.324
-3.41933 120.37
-3.38536 120.394
-3.35092 120.398
-3.31651 120.403
-3.28252 120.427
-3.2487 120.46
-3.21515 120.506
-3.18083 120.517
-3.14686 120.544
-3.1128 120.569
-3.07923 120.617
-3.04487 120.627
-3.01081 120.653
-2.97678 120.681
-2.9426 120.702
-2.90824 120.714
-2.87411 120.738
-2.83994 120.76
-2.80559 120.774
-2.77146 120.8
-2.73808 120.868
-2.70363 120.878
-2.66992 120.93
-2.63616 120.981
-2.60211 121.016
-2.56795 121.045
-2.53386 121.08
-2.49945 121.095
-2.39795 121.256
-2.36373 121.287
-2.32946 121.317
-2.29513 121.343
-2.26086 121.374
-2.09071 121.632
-2.05629 121.66
-2.0216 121.668
-1.91979 121.874
-1.88538 121.909
