38.4207 157.165
38.4587 157.14
38.5181 157.225
38.5451 157.145
38.523 156.815
38.5254 156.61
38.5226 156.379
38.5402 156.252
38.5722 156.199
37.9072 152.608
37.9338 152.531
37.9699 152.503
38.0264 152.157
38.6439 150.898
38.6664 150.805
38.704 150.787
38.7421 150.772
38.7767 150.739
38.8112 150.707
38.8422 150.656
38.8726 150.604
38.8989 150.531
38.9257 150.461
38.952 150.389
38.9859 150.354
39.027 150.353
39.0655 150.341
39.1024 150.32
39.1316 150.263
39.166 150.23
39.2003 150.198
39.2357 150.17
39.2654 150.115
39.3038 150.103
39.3422 150.09
39.3713 150.033
39.402 149.983
39.4362 149.95
39.4756 149.942
39.5093 149.908
39.5424 149.87
39.5746 149.828
39.6061 149.783
39.6382 149.741
39.6775 149.733
39.7174 149.728
39.7447 149.663
39.7752 149.613
39.8082 149.576
39.8449 149.556
39.8831 149.543
39.9187 149.519
39.9595 149.518
40.0004 149.518
40.0375 149.5
40.071 149.465
40.1029 149.423
40.1395 149.403
40.1755 149.381
40.2137 149.368
40.2481 149.338
40.2831 149.311
40.3223 149.303
40.3541 149.261
40.3916 149.246
40.4303 149.236
40.4694 149.228
40.5102 149.228
40.544 149.196
40.581 149.178
40.6186 149.163
40.6508 149.124
40.6872 149.104
40.7237 149.084
40.7606 149.066
40.7923 149.024
40.8249 148.987
40.8624 148.972
40.9031 148.972
40.9432 148.969
40.9758 148.932
41.009 148.897
41.0448 148.875
41.086 148.877
41.1266 148.877
41.1571 148.83
41.1939 148.812
41.2254 148.77
41.2611 148.748
41.3088 148.78
41.3494 148.779
41.3878 148.769
41.4398 148.82
41.4837 148.834
41.5232 148.829
41.5655 148.836
41.5996 148.807
41.6397 148.804
41.6808 148.806
41.722 148.808
41.7533 148.766
41.7874 148.736
41.8274 148.734
41.8659 148.724
41.9059 148.721
41.9454 148.716
41.9871 148.72
42.0299 148.729
42.065 148.705
