-35.8706 139.007
-35.8194 138.943
-35.7691 138.883
-35.472 138.542
-35.1825 138.235
-35.143 138.226
-35.1043 138.222
-35.0596 138.188
-35.0102 138.13
-34.7917 137.984
-34.4362 137.717
-34.3981 137.715
-34.3167 137.685
-34.2769 137.675
-34.2295 137.626
-34.1918 137.626
-34.1524 137.618
-34.108 137.584
-34.0636 137.55
-34.0238 137.539
-33.9816 137.516
-33.938 137.487
-33.8983 137.476
-33.856 137.453
-33.8167 137.445
-33.7724 137.411
-33.7277 137.375
-33.6892 137.371
-33.6519 137.373
-33.6105 137.354
-33.5675 137.327
-33.5273 137.314
-33.4884 137.308
-33.4507 137.308
-33.409 137.287
-33.3652 137.255
-33.3263 137.249
-33.289 137.251
-33.2514 137.251
-33.2076 137.22
-33.1695 137.218
-33.1302 137.21
-33.0901 137.197
-33.0513 137.191
-33.0132 137.189
-32.9727 137.174
-32.9318 137.157
-32.8937 137.155
-32.8577 137.164
-32.8216 137.172
-32.7811 137.158
-32.7379 137.128
-32.6982 137.118
-32.6594 137.112
-32.6205 137.105
-32.5824 137.103
-32.5448 137.103
-32.5071 137.103
-32.469 137.101
-32.4282 137.085
-32.3901 137.083
-32.3521 137.081
-32.312 137.068
-32.27 137.045
-32.2324 137.045
-32.1951 137.047
-32.1578 137.05
-32.1198 137.048
-32.0794 137.033
-32.0433 137.041
-32.0052 137.039
-31.9667 137.035
-31.9295 137.038
-31.8922 137.04
-31.8518 137.025
-31.8133 137.021
-31.7761 137.023
-31.7392 137.028
-31.7015 137.028
-31.6638 137.028
-31.6257 137.026
-31.5888 137.03
-31.5523 137.036
-31.5154 137.041
-31.4785 137.045
-31.4416 137.049
-31.4039 137.05
-31.3666 137.052
-31.33 137.058
-31.2927 137.06
-31.2565 137.069
-31.2192 137.071
-31.1815 137.071
-31.1442 137.073
-31.1077 137.08
-31.0745 137.105
-31.0406 137.127
-31.0093 137.162
-30.9769 137.192
-30.9346 137.167
-30.8946 137.154
-30.8558 137.148
-30.8192 137.155
-30.7875 137.188
-30.7587 137.239
-30.7206 137.237
-30.6765 137.201
-30.6332 137.17
-30.6018 137.206
-30.5696 137.238
-30.5349 137.255
-30.4971 137.255
-30.4623 137.272
-30.4246 137.272
-30.3864 137.27
-30.3468 137.26
-30.3098 137.264
-30.2735 137.272
-30.2376 137.283
-30.2057 137.317
-30.172 137.34
-30.1364 137.353
-30.0954 137.334
-30.055 137.32
-30.0194 137.332
-29.9831 137.341
-29.9497 137.367
-29.9181 137.403
-29.8814 137.409
-29.844 137.411
-29.8062 137.411
-29.7666 137.401
-29.7295 137.405
-29.6797 137.336
-29.6445 137.351
-29.623 137.446
-29.5913 137.482
-29.5611 137.527
-29.5279 137.554
-29.4944 137.58
-29.4584 137.591
-29.4259 137.623
-29.3931 137.652
-29.3559 137.657
-29.3202 137.67
-29.2874 137.7
-29.2545 137.729
-29.218 137.738
-29.1852 137.768
-29.1516 137.794
-29.1158 137.806
-29.0825 137.834
-29.0485 137.858
-29.0131 137.873
-28.9812 137.909
-28.9482 137.939
-28.9149 137.967
-28.8791 137.98
-28.8457 138.008
-28.8092 138.016
-28.7769 138.051
-28.747 138.1
-28.7108 138.111
-28.6742 138.119
-28.6412 138.149
-28.6039 138.154
-28.575 138.209
-28.5419 138.239
-28.506 138.252
-28.4739 138.289
-28.4446 138.343
-28.409 138.358
-28.3751 138.383
-28.343 138.42
-28.3109 138.457
-28.2777 138.487
-28.2413 138.498
-28.2133 138.56
-28.1808 138.594
-28.1444 138.605
-28.1156 138.663
-28.0837 138.702
-28.0508 138.735
-28.0172 138.763
-27.9845 138.797
-27.9478 138.806
-27.9185 138.862
-27.8866 138.901
-27.8594 138.97
-27.8277 139.011
-27.7998 139.076
-27.7671 139.111
-27.7312 139.126
-27.6971 139.152
-27.6657 139.196
-27.6356 139.248
-27.6011 139.272
-27.5762 139.356
-27.5447 139.4
-27.5139 139.448
-27.4786 139.467
-27.4495 139.526
-27.4176 139.567
-27.3901 139.637
-27.3616 139.7
-27.3253 139.713
-27.2974 139.781
-27.2729 139.87
-27.1863 140.056
-27.163 140.155
-27.135 140.223
-27.1016 140.256
-27.0661 140.275
-27.0291 140.537
-27.0003 140.601
-26.9641 140.616
-26.9339 140.671
-26.9221 140.847
-27.1454 142.826
-27.1582 143.946
-27.1158 143.926
