-5.04578 163.873
-4.26034 162.881
-4.21532 162.867
-4.16939 162.81
-4.12283 162.722
-4.0775 162.691
-4.03071 162.589
-3.98606 162.589
-3.94107 162.572
-3.89631 162.567
-3.85138 162.553
-3.80613 162.522
-3.76045 162.468
-3.71544 162.449
-3.66975 162.392
-3.62477 162.373
-3.57948 162.336
-3.53463 162.322
-3.48952 162.294
-3.44483 162.289
-3.3995 162.247
-3.35453 162.224
-3.30923 162.182
-3.26433 162.162
-3.21958 162.151
-3.1747 162.132
-3.12941 162.087
-3.08446 162.061
-3.03956 162.039
-2.99467 162.017
-2.94984 161.997
-2.90523 161.992
-2.85999 161.944
-2.81519 161.924
-2.7706 161.919
-2.72605 161.916
-2.68138 161.905
-2.63633 161.866
-2.5918 161.864
-2.54715 161.853
-2.50229 161.825
-2.45722 161.78
-2.41256 161.766
-2.36812 161.769
-2.32343 161.752
-2.27859 161.721
-2.23383 161.696
-2.18933 161.694
-2.14487 161.694
-2.10007 161.663
-2.05534 161.638
-2.01077 161.627
-1.96618 161.613
-1.92162 161.602
-1.87726 161.611
-1.83271 161.6
-1.788 161.572
-1.74357 161.572
-1.69905 161.564
-1.65437 161.536
-1.60992 161.533
-1.56559 161.545
-1.52123 161.553
-1.47677 161.551
-1.4323 161.545
-1.38774 161.529
-1.34301 161.487
-1.29847 161.47
-1.25396 161.456
-1.20935 161.425
-1.16487 161.414
-1.12021 161.372
-1.07589 161.384
-1.03146 161.378
-0.987203 161.404
-0.942611 161.368
-0.898079 161.34
-0.853625 161.326
-0.809204 161.318
-0.764786 161.309
-0.720441 161.318
-0.676136 161.338
-0.631926 161.386
-0.587646 161.42
-0.543314 161.442
-0.498769 161.398
-0.454377 161.401
-0.410157 161.471
-0.365747 161.474
-0.321312 161.466
-0.276891 161.463
-0.2325 161.477
-0.188114 161.5
-0.143698 161.506
-0.0992818 161.515
-0.0548775 161.543
-0.0104508 161.554
0.0339831 161.56
0.0784192 161.569
0.122861 161.603
0.167312 161.614
0.211761 161.614
0.256215 161.62
0.300674 161.629
0.345141 161.64
0.389641 161.671
0.434117 161.68
0.478582 161.68
0.523041 161.677
0.567583 161.711
0.612162 161.754
0.656674 161.765
0.701158 161.765
0.745633 161.763
0.790146 161.771
0.834775 161.811
0.879433 161.854
0.923971 161.862
0.96849 161.865
1.01298 161.862
1.05748 161.86
1.10219 161.902
1.14691 161.942
1.19162 161.976
1.23623 161.99
1.28082 161.999
1.32575 162.064
1.3704 162.081
1.41498 162.084
1.45955 162.087
1.50435 162.121
1.54897 162.13
1.59362 162.141
1.63866 162.204
1.68331 162.212
1.72799 162.224
1.77291 162.264
1.81784 162.304
1.86254 162.315
1.90748 162.352
1.95246 162.392
1.99727 162.412
2.04255 162.48
2.08734 162.494
2.13213 162.509
2.17748 162.577
2.22229 162.591
2.2673 162.623
2.31238 162.66
2.35722 162.674
2.40239 162.717
2.44719 162.726
2.49273 162.797
2.53796 162.84
2.58286 162.854
2.62783 162.874
2.67336 162.937
2.71829 162.952
2.7636 162.995
2.99139 163.275
3.03645 163.293
3.08233 163.364
4.21625 166.252
4.26179 166.255
