-24.8724 83.9128
-24.8434 83.8995
20.0978 141.125
20.1375 141.129
20.1761 141.124
20.2171 141.14
20.2598 141.171
20.2268 140.538
20.2607 140.493
20.5628 141.08
20.5977 141.044
20.634 141.019
20.7291 140.493
20.7598 140.422
20.9347 139.923
21.1258 139.571
21.1601 139.533
21.1912 139.469
21.2219 139.403
21.2556 139.361
21.2904 139.328
21.3235 139.281
21.3513 139.191
21.3889 139.182
21.4196 139.116
21.4499 139.048
21.484 139.011
21.5178 138.971
21.5519 138.934
21.5846 138.885
21.6205 138.863
21.6543 138.824
21.6845 138.756
21.716 138.699
21.7525 138.681
21.7864 138.644
21.8239 138.635
21.857 138.591
21.8939 138.578
21.9294 138.554
21.9636 138.519
21.9942 138.456
22.0269 138.41
22.0569 138.342
22.0907 138.305
22.1286 138.301
22.1638 138.274
22.1984 138.244
22.236 138.237
22.2698 138.2
22.3038 138.165
22.3353 138.111
22.3718 138.095
22.403 138.039
22.44 138.028
22.4747 137.999
22.5123 137.993
22.5493 137.982
22.5843 137.956
22.6176 137.916
22.6518 137.884
22.6834 137.832
22.7192 137.812
22.7553 137.795
22.7931 137.79
22.8272 137.758
22.8644 137.749
22.8985 137.716
22.9331 137.688
22.9674 137.658
23.0034 137.64
23.0389 137.619
23.0755 137.605
23.1109 137.584
23.1472 137.568
23.1838 137.555
23.2215 137.551
23.2577 137.536
23.2925 137.51
23.3282 137.49
23.3644 137.475
23.4004 137.457
23.4357 137.436
23.4711 137.414
23.5076 137.401
23.5438 137.386
23.5805 137.375
23.6156 137.351
23.652 137.338
23.6885 137.325
23.7261 137.32
23.7635 137.314
23.7996 137.298
23.8349 137.277
23.8704 137.257
23.9071 137.246
23.9418 137.22
23.9764 137.194
24.014 137.19
24.0534 137.198
24.091 137.194
24.1259 137.17
24.1578 137.125
24.1959 137.125
24.2371 137.146
24.2734 137.133
24.3098 137.12
24.3437 137.09
24.3804 137.079
24.4131 137.04
24.447 137.01
24.4897 137.042
24.5308 137.063
24.5726 137.088
24.6239 137.18
24.6657 137.206
24.6968 137.156
24.7301 137.122
24.7661 137.107
24.8012 137.085
24.8409 137.096
24.8747 137.065
25.0608 138.094
25.111 138.176
25.156 138.222
25.0223 137.03
25.6075 140.814
25.0982 137.028
25.1338 137.01
25.1732 137.019
25.2104 137.012
25.2457 136.993
25.2838 136.993
25.3228 136.999
25.3606 136.996
25.3981 136.992
25.4362 136.992
25.474 136.989
25.5111 136.983
25.5489 136.98
25.5873 136.982
25.6257 136.984
25.6645 136.988
25.7041 136.999
25.7422 136.999
25.7778 136.981
25.8155 136.979
25.8543 136.983
25.8927 136.985
25.9308 136.985
25.9705 136.995
26.0095 137.001
26.0489 137.01
26.087 137.009
26.1244 137.005
26.1631 137.009
26.2019 137.013
26.2403 137.015
26.2784 137.015
26.3174 137.021
26.3584 137.04
26.3968 137.042
26.4375 137.059
26.4769 137.067
26.5157 137.071
26.5544 137.075
26.5935 137.081
26.6322 137.085
26.671 137.089
26.7097 137.094
26.7488 137.1
26.7899 137.119
26.8286 137.123
26.868 137.131
26.9081 137.144
26.9479 137.154
26.9893 137.175
27.0311 137.199
27.0702 137.205
27.1086 137.207
27.147 137.209
27.1868 137.219
27.2286 137.243
27.2704 137.266
27.3109 137.281
27.351 137.293
27.3925 137.315
27.4344 137.338
27.4742 137.348
27.513 137.353
27.5542 137.372
27.593 137.376
27.6332 137.388
27.6781 137.431
27.7187 137.446
27.7585 137.456
27.8001 137.478
27.8399 137.488
27.8815 137.509
27.9214 137.52
27.964 137.547
28.0053 137.567
28.0487 137.599
28.0917 137.628
28.1337 137.652
28.1739 137.665
28.2201 137.714
28.2604 137.727
28.3 137.735
28.3463 137.784
28.3883 137.808
28.4339 137.853
28.4735 137.861
28.5128 137.867
28.5595 137.919
28.6016 137.942
28.6487 137.996
28.689 138.009
28.7372 138.069
28.7808 138.101
28.8205 138.11
28.9976 138.254
29.0449 138.308
29.0889 138.342
29.3262 138.615
29.3679 138.634
29.415 138.686
