8.19901 147
8.24189 147.039
8.28352 147.048
8.32343 147.019
8.44006 147.786
8.92484 145.815
8.96368 145.772
9.00262 145.731
9.04247 145.709
9.14965 145.394
9.18835 145.351
9.22714 145.311
9.60775 144.784
9.64756 144.767
9.68439 144.694
9.72268 144.649
9.75983 144.583
9.79833 144.543
9.83693 144.505
9.87501 144.458
9.91181 144.387
9.95036 144.349
9.98952 144.324
10.0297 144.316
10.0692 144.298
10.108 144.265
10.1478 144.251
10.1867 144.222
10.2244 144.171
10.2627 144.131
10.3015 144.1
10.3414 144.088
10.3813 144.079
10.42 144.046
10.4571 143.987
10.4957 143.954
10.5354 143.94
10.573 143.891
10.6129 143.882
10.6526 143.868
10.6907 143.828
10.7277 143.769
10.7675 143.757
10.8077 143.755
10.8466 143.729
10.8864 143.718
10.9251 143.689
10.9641 143.666
11.0031 143.643
11.0412 143.605
11.0801 143.58
11.1197 143.568
11.1584 143.54
11.198 143.528
11.2355 143.481
11.2746 143.46
11.3131 143.43
11.3528 143.421
11.393 143.418
11.4322 143.4
11.4713 143.381
11.51 143.355
11.5495 143.341
11.5883 143.318
11.6267 143.288
10.9243 131.742
11.7089 143.313
11.7486 143.304
11.7874 143.28
11.8265 143.262
11.8655 143.241
11.9038 143.211
11.9434 143.201
11.983 143.19
12.0223 143.176
12.0617 143.162
12.1001 143.134
12.1397 143.124
12.1798 143.122
12.2201 143.122
12.2597 143.113
12.2991 143.101
12.3386 143.089
12.3777 143.073
12.4161 143.045
12.4554 143.031
12.4943 143.012
12.5315 142.968
12.5687 142.924
12.6066 142.892
12.6465 142.887
12.6849 142.862
12.7249 142.859
12.7654 142.864
12.8063 142.873
12.8453 142.857
12.8868 142.875
12.9285 142.896
12.9708 142.926
13.0095 142.905
13.0525 142.944
13.0946 142.97
13.1346 142.968
13.1741 142.958
13.213 142.94
13.2533 142.942
13.2927 142.93
13.3332 142.935
13.3739 142.942
13.4144 142.946
13.4546 142.946
13.4958 142.96
13.5367 142.969
13.5757 142.953
13.6162 142.958
13.6577 142.974
13.6978 142.974
13.7382 142.976
13.7786 142.978
13.8191 142.983
13.8602 142.994
13.9007 142.999
13.9406 142.994
13.9802 142.987
14.0208 142.992
14.0624 143.01
14.1028 143.012
14.1437 143.022
14.185 143.035
14.2261 143.047
14.2674 143.061
14.3081 143.068
14.3491 143.077
14.3893 143.077
14.4295 143.077
14.4702 143.084
14.5113 143.095
14.5523 143.104
14.5929 143.109
14.6329 143.107
14.6725 143.1
14.7157 143.137
14.7573 143.153
14.798 143.16
14.8383 143.16
14.8781 143.155
14.9193 143.166
14.9599 143.171
15.0012 143.185
15.0434 143.208
15.0878 143.259
15.1284 143.264
15.169 143.268
15.2099 143.275
15.253 143.31
15.294 143.319
15.3366 143.347
15.3798 143.382
15.4209 143.391
15.4635 143.419
15.504 143.421
15.5468 143.451
15.5877 143.458
15.6281 143.46
15.6692 143.47
15.7143 143.526
15.7554 143.535
15.7963 143.542
15.839 143.57
15.8827 143.609
15.9265 143.649
15.9692 143.677
16.0096 143.677
16.0503 143.681
16.0914 143.69
16.1373 143.753
16.1814 143.795
16.2223 143.802
16.2637 143.814
16.3042 143.816
16.3467 143.839
16.3922 143.898
16.4339 143.912
16.4795 143.97
16.5207 143.98
16.5672 144.047
16.6085 144.057
16.6514 144.085
16.6929 144.096
17.0033 144.394
17.0442 144.399
17.091 144.467
