-13.529 136.659
-13.4896 136.646
-13.4482 136.608
-12.9647 135.8
-12.9257 135.789
-12.8827 135.726
-12.8382 135.642
-12.7986 135.623
-12.7584 135.596
-12.7175 135.56
-12.6764 135.52
-12.3047 135.13
-12.2624 135.071
-12.2234 135.059
-12.183 135.025
-12.1428 134.996
-12.1027 134.967
-12.0639 134.957
-12.0233 134.921
-11.9832 134.892
-11.9431 134.863
-11.9026 134.827
-11.8636 134.813
-11.8219 134.761
-11.782 134.734
-11.7433 134.723
-11.7033 134.694
-11.663 134.661
-11.6231 134.634
-11.5846 134.626
-11.5447 134.599
-11.5045 134.565
-11.4645 134.536
-11.4259 134.526
-11.3861 134.499
-11.3463 134.472
-11.3077 134.462
-11.269 134.451
-11.2293 134.424
-11.1897 134.4
-11.1511 134.389
-11.1113 134.362
-11.073 134.356
-11.0345 134.348
-10.995 134.323
-10.9557 134.302
-10.9171 134.292
-10.8778 134.272
-10.8383 134.247
-10.7997 134.236
-10.7612 134.226
-10.7226 134.216
-10.6836 134.199
-10.6445 134.181
-10.6059 134.169
-10.5674 134.16
-10.529 134.152
-10.4897 134.129
-10.4515 134.125
-10.412 134.099
-10.3735 134.088
-10.3347 134.074
-10.2967 134.072
-10.2575 134.051
-10.2193 134.045
-10.1812 134.043
-10.1432 134.041
-10.1051 134.037
-10.0672 134.037
-10.0288 134.029
-9.98997 134.013
-9.95124 133.998
-9.91251 133.984
-9.87475 133.986
-9.83663 133.982
-9.79827 133.974
-9.76015 133.97
-9.7218 133.962
-9.68369 133.958
-9.64581 133.958
-9.60793 133.958
-9.56982 133.954
-9.53159 133.948
-9.4929 133.934
-9.45479 133.93
-9.4168 133.928
-9.37892 133.928
-9.34024 133.913
-9.30214 133.909
-9.26427 133.909
-9.22628 133.908
-9.18852 133.91
-9.15075 133.912
-9.11276 133.91
-9.07477 133.908
-9.03689 133.908
-8.9989 133.906
-8.96102 133.906
-8.92314 133.906
-8.8857 133.915
-8.84814 133.921
-8.81003 133.917
-8.77193 133.913
-8.73437 133.92
-8.69691 133.928
-8.65912 133.93
-8.62144 133.934
-8.58407 133.945
-8.54701 133.962
-8.50995 133.978
-8.47152 133.968
-8.43226 133.941
-8.39426 133.939
-8.35615 133.935
-8.31713 133.913
-8.27872 133.902
-8.24143 133.915
-8.20414 133.928
-8.16663 133.936
-8.12943 133.951
-8.09281 133.978
-8.05539 133.988
-8.01747 133.988
-7.97935 133.984
-7.94202 133.997
-7.90477 134.012
-7.86714 134.018
-7.82969 134.028
-7.79204 134.035
-7.75429 134.039
-7.71645 134.041
-7.67926 134.058
-7.64245 134.083
-7.60478 134.089
-7.29524 128.093
-7.25555 128.025
-7.21842 128.014
-7.45571 134.152
-7.41811 134.161
-7.38022 134.163
-7.3427 134.174
-7.30544 134.19
-7.26889 134.224
-7.23143 134.236
-7.19379 134.245
-7.15588 134.247
-7.11797 134.249
-7.08014 134.254
-7.04327 134.281
-7.00638 134.308
-6.96922 134.329
-6.93154 134.337
-6.89386 134.346
-6.85617 134.354
-6.8199 134.398
-6.7827 134.419
-6.74565 134.444
-6.70776 134.449
-6.66987 134.453
-6.63271 134.476
-6.59522 134.491
-6.55885 134.535
-6.52101 134.541
-6.48333 134.552
-6.44549 134.558
-6.40906 134.602
-6.37152 134.617
-6.33443 134.644
-6.29656 134.651
-6.26022 134.699
-6.22249 134.71
-6.18558 134.743
-6.14859 134.775
-6.11158 134.806
-6.07373 134.815
-6.0358 134.821
-5.99935 134.87
-5.96177 134.887
-5.92463 134.916
-5.88739 134.944
-5.84979 134.961
-5.81347 135.015
-5.77633 135.047
-5.73904 135.074
-5.70111 135.083
-5.66415 135.121
-5.62703 135.155
-5.59045 135.205
-5.55261 135.218
-5.51463 135.227
-5.47752 135.263
-5.44134 135.328
-5.40413 135.362
-5.36664 135.388
-5.32953 135.426
-5.29214 135.456
-5.25402 135.462
-5.21732 135.515
-5.18034 135.56
-5.14397 135.625
-5.10663 135.659
-5.06996 135.717
-5.03277 135.757
-4.99568 135.802
-4.95906 135.863
-4.92236 135.923
-4.88508 135.964
-4.84754 135.996
-4.80987 136.023
-4.77237 136.058
-4.73514 136.102
-4.58921 136.401
-4.55107 136.417
-4.51269 136.423
-4.40442 136.713
-4.36678 136.751
-4.01576 140.002
-3.9767 140.016
-3.93703 140.003
-3.89688 139.967
