-24.87 83.9017
-24.8434 83.8995
1.72744 127.924
1.76411 127.947
1.80044 127.938
1.89974 127.068
1.93557 127.033
2.49304 125.585
2.52877 125.574
2.56396 125.529
2.66785 125.3
2.70341 125.283
2.87783 125.017
2.91307 124.987
2.94829 124.957
3.22737 124.609
3.26285 124.6
3.29796 124.572
3.33263 124.524
3.36798 124.51
3.4025 124.456
3.437 124.403
3.47207 124.377
3.50717 124.353
3.54242 124.336
3.57684 124.283
3.6117 124.25
3.64704 124.239
3.68166 124.197
3.7169 124.182
3.75153 124.142
3.7864 124.112
3.8217 124.101
3.85664 124.075
3.89148 124.046
3.92581 123.997
3.96061 123.967
3.99591 123.958
4.03079 123.933
4.0657 123.909
4.10093 123.898
4.1363 123.892
4.17166 123.887
4.20606 123.845
4.24073 123.814
4.27559 123.79
4.31038 123.764
4.34566 123.757
4.38043 123.731
4.4156 123.72
4.4503 123.693
4.48509 123.669
4.52034 123.662
4.55512 123.638
4.58983 123.613
4.62485 123.598
4.65965 123.576
4.69449 123.556
4.72949 123.542
4.76436 123.523
4.79968 123.52
4.83488 123.513
4.86962 123.491
4.90442 123.471
4.93932 123.454
4.97353 123.416
5.00858 123.405
5.04363 123.394
5.0789 123.391
5.11423 123.389
5.14962 123.389
5.184 123.358
5.21908 123.349
5.25422 123.342
5.2893 123.332
5.32443 123.325
5.35925 123.309
5.39394 123.289
5.42893 123.278
5.46398 123.269
5.49878 123.253
5.53382 123.244
5.56904 123.24
5.60408 123.231
5.63859 123.207
5.67302 123.182
5.70869 123.191
5.74449 123.204
5.77931 123.189
5.81445 123.184
5.84939 123.173
5.88439 123.164
5.91972 123.164
5.95479 123.156
5.98971 123.146
6.02483 123.14
6.06009 123.138
6.09528 123.135
6.1304 123.129
6.1658 123.131
6.2012 123.133
6.23595 123.118
6.27084 123.108
6.30573 123.097
6.34061 123.086
6.37571 123.08
6.41102 123.08
6.44708 123.099
6.48314 123.117
6.51914 123.133
6.55432 123.129
6.58911 123.117
6.62413 123.109
6.65945 123.109
6.69462 123.106
6.72932 123.091
6.76417 123.08
6.79932 123.077
6.83456 123.075
6.86963 123.07
6.90494 123.07
6.94025 123.07
6.97548 123.068
7.01063 123.064
7.04594 123.064
7.08125 123.064
7.11631 123.059
7.15187 123.064
7.18759 123.073
7.22281 123.072
7.25762 123.061
7.29335 123.07
7.32925 123.082
7.36532 123.099
7.40106 123.108
7.43672 123.115
7.47213 123.117
7.50762 123.12
7.54302 123.122
7.57808 123.117
7.61322 123.113
7.64872 123.117
7.68474 123.131
7.72015 123.133
7.75538 123.131
7.79106 123.139
7.82693 123.15
7.86316 123.168
7.89903 123.179
7.93436 123.179
7.96969 123.179
8.00603 123.199
8.04239 123.219
8.07801 123.224
8.11409 123.239
8.15 123.249
8.18516 123.246
8.22021 123.24
8.25556 123.24
8.29176 123.257
8.32845 123.282
8.36457 123.297
8.40119 123.32
8.43801 123.348
8.47406 123.36
8.51031 123.377
8.54548 123.373
8.58026 123.362
8.61652 123.379
8.65249 123.389
8.68837 123.399
8.72425 123.408
8.76063 123.426
8.79744 123.451
8.83364 123.466
8.87005 123.484
8.90617 123.497
8.94218 123.508
8.97872 123.528
9.01537 123.55
9.05151 123.563
9.08776 123.577
9.12444 123.599
9.1606 123.612
9.19719 123.632
9.23432 123.661
9.27018 123.668
9.30583 123.672
9.34299 123.701
9.38006 123.729
9.41572 123.732
9.45259 123.756
9.48957 123.782
9.52514 123.783
9.56104 123.791
9.59961 123.842
9.6373 123.879
9.67435 123.904
9.71152 123.932
9.74859 123.957
9.78589 123.987
9.82298 124.012
9.86043 124.044
9.89766 124.071
9.93399 124.084
9.97239 124.13
10.009 124.146
10.0472 124.189
10.0838 124.205
10.122 124.247
10.1585 124.262
10.1971 124.31
10.2337 124.325
10.2722 124.371
10.3097 124.4
10.3478 124.439
10.3872 124.496
10.4259 124.544
10.4636 124.576
10.5008 124.6
10.5373 124.612
10.5764 124.664
10.6158 124.722
10.6536 124.753
10.6933 124.814
10.7316 124.853
10.8103 124.961
10.8498 125.016
11.0853 125.323
11.1253 125.383
11.7883 127.119
11.8257 127.136
