-17.6146 135.221
-17.3511 134.853
-17.3131 134.849
-17.2722 134.816
-17.2279 134.751
-17.0114 134.465
-16.9737 134.463
-16.9354 134.455
-16.8945 134.42
-16.8513 134.363
-16.8079 134.303
-16.7665 134.265
-16.7236 134.209
-16.6858 134.205
-16.6449 134.171
-16.6065 134.16
-16.4816 134.032
-16.444 134.03
-16.4038 134.001
-16.3658 133.995
-16.3255 133.965
-16.2827 133.91
-16.2446 133.902
-16.2046 133.875
-16.1661 133.863
-16.1233 133.806
-16.0806 133.751
-16.0423 133.741
-16.0028 133.718
-15.9661 133.725
-15.9282 133.719
-15.8881 133.69
-15.8489 133.67
-15.8083 133.635
-15.7685 133.609
-15.7283 133.579
-15.6883 133.55
-15.6506 133.546
-15.6127 133.54
-15.5741 133.526
-15.5334 133.489
-15.4956 133.483
-15.4571 133.471
-15.4183 133.455
-15.3783 133.425
-15.3404 133.419
-15.3024 133.41
-15.2625 133.382
-15.2243 133.372
-15.1835 133.334
-15.1459 133.33
-15.1083 133.326
-15.0701 133.315
-15.0301 133.285
-14.9921 133.277
-14.9546 133.275
-14.9176 133.277
-14.8792 133.265
-14.8409 133.253
-14.8027 133.243
-14.7637 133.223
-14.7255 133.213
-14.6876 133.204
-14.6503 133.204
-14.6134 133.209
-14.5742 133.186
-14.5345 133.158
-14.4964 133.148
-14.4588 133.144
-14.4212 133.14
-14.3839 133.14
-14.3462 133.134
-14.3088 133.132
-14.2703 133.118
-14.2326 133.112
-14.1943 133.1
-14.1569 133.098
-14.119 133.09
-14.0815 133.088
-14.0445 133.09
-14.0072 133.09
-13.9698 133.088
-13.9321 133.082
-13.8932 133.062
-13.8559 133.062
-13.8192 133.068
-13.7821 133.07
-13.7449 133.07
-13.707 133.062
-13.6692 133.056
-13.632 133.056
-13.5951 133.06
-13.5577 133.058
-13.5199 133.052
-13.4825 133.05
-13.4453 133.05
-13.4087 133.058
-13.3723 133.068
-13.3345 133.062
-13.2971 133.06
-13.2596 133.056
-13.2228 133.062
-13.1852 133.058
-13.1489 133.07
-13.113 133.086
-13.0763 133.094
-13.0394 133.098
-13.0012 133.086
-12.9644 133.092
-12.9284 133.109
-12.8913 133.111
-12.8526 133.092
-12.8152 133.09
-12.7784 133.096
-12.7418 133.105
-12.7045 133.105
-12.6675 133.109
-12.6309 133.117
-12.5945 133.129
-12.5577 133.135
-12.5209 133.141
-12.4837 133.143
-12.4462 133.139
-12.409 133.141
-12.3728 133.155
-12.3355 133.155
-12.2984 133.157
-12.2623 133.173
-12.2272 133.204
-12.1911 133.22
-12.1539 133.222
-12.1166 133.222
-12.0799 133.23
-12.0439 133.248
-12.0078 133.265
-11.9708 133.269
-11.9337 133.273
-11.8971 133.283
-11.8621 133.315
-11.8267 133.342
-11.7896 133.346
-11.7524 133.348
-11.7149 133.346
-11.6777 133.348
-11.6422 133.374
-11.6071 133.407
-11.5703 133.415
-11.5333 133.419
-11.4976 133.443
-11.4608 133.451
-11.4238 133.457
-11.388 133.48
-11.3523 133.504
-11.3157 133.516
-11.2802 133.545
-11.2445 133.569
-11.2078 133.579
-11.1709 133.587
-11.1349 133.608
-11.0981 133.618
-11.0639 133.667
-11.0271 133.675
-10.9903 133.685
-10.9562 133.736
-10.9194 133.746
-10.8836 133.771
-10.8466 133.779
-10.8109 133.805
-10.7738 133.811
-10.7383 133.842
-10.63 133.905
-10.0578 134.368
-9.98639 134.431
-9.9148 134.493
-9.87922 134.528
-9.84495 134.585
-9.80802 134.598
-9.77192 134.624
-9.73628 134.659
-9.70075 134.696
-9.66638 134.754
-9.56137 134.896
-9.52668 134.95
-9.49162 134.998
-9.45549 135.027
-9.41959 135.06
-9.38435 135.105
-9.34841 135.138
-9.31383 135.196
-9.27922 135.254
-9.24504 135.321
-9.20936 135.36
-9.17491 135.422
-9.13908 135.46
-9.10424 135.516
-9.07127 135.608
-9.03549 135.647
-8.9997 135.687
-8.93398 135.879
-8.86245 135.962
-8.72893 136.32
-8.69175 136.337
