4.6902 139.682
4.7292 139.666
4.76902 139.682
4.91821 136.584
4.95572 136.541
4.99326 136.5
5.02599 136.293
5.06316 136.241
5.10043 136.195
5.13649 136.107
5.1729 136.033
5.20933 135.96
5.24599 135.897
5.28269 135.835
5.31982 135.788
5.35628 135.72
5.39284 135.657
5.42924 135.589
5.46501 135.502
5.50296 135.485
5.53948 135.424
5.57605 135.365
5.61341 135.331
5.65062 135.293
5.68684 135.226
5.72304 135.158
5.76103 135.146
5.79739 135.085
5.83359 135.019
5.87068 134.981
5.90783 134.946
5.94425 134.889
5.98187 134.868
6.01824 134.811
6.05548 134.78
6.09277 134.751
6.1299 134.717
6.16671 134.675
6.20374 134.64
6.24098 134.61
6.2782 134.581
6.31449 134.527
6.35215 134.51
6.38933 134.481
6.42643 134.449
6.46319 134.41
6.50026 134.378
6.53786 134.362
6.57411 134.31
6.61201 134.301
6.64862 134.26
6.68594 134.237
6.72236 134.191
6.76023 134.183
6.79793 134.17
6.83439 134.126
6.87208 134.114
6.90967 134.1
6.946 134.054
6.98256 134.014
7.01978 133.991
7.05751 133.981
7.09515 133.969
7.13218 133.942
7.16937 133.919
7.20637 133.892
7.2438 133.875
7.28052 133.842
7.3182 133.832
7.35569 133.817
7.39256 133.788
7.43004 133.774
7.4676 133.762
7.50516 133.749
7.54272 133.737
7.57962 133.71
7.61651 133.683
7.6533 133.654
7.69101 133.646
7.72862 133.635
7.76613 133.623
7.80345 133.607
7.84057 133.586
7.87816 133.576
7.91565 133.563
7.95332 133.555
7.9906 133.539
8.02808 133.526
8.06554 133.514
8.10251 133.491
8.13957 133.47
8.17721 133.462
8.21485 133.454
8.25238 133.444
8.29002 133.436
8.32744 133.423
8.36476 133.409
8.40228 133.399
8.43979 133.388
8.4774 133.38
8.51521 133.376
8.55271 133.366
8.58958 133.343
8.62738 133.339
8.66507 133.333
8.70266 133.325
8.74045 133.321
8.77835 133.319
8.81635 133.319
8.85404 133.312
8.89075 133.288
8.92766 133.267
8.96532 133.261
9.00299 133.255
9.04021 133.241
9.07798 133.236
9.11585 133.234
9.15361 133.23
9.19081 133.216
9.22846 133.21
9.26722 133.224
9.30656 133.249
9.34432 133.245
9.38299 133.258
9.42006 133.241
9.45656 133.214
9.4943 133.21
9.53263 133.216
9.57072 133.219
9.60847 133.215
9.64633 133.213
9.68478 133.221
9.72323 133.229
9.76157 133.235
9.79967 133.238
9.83801 133.244
9.87624 133.248
9.91446 133.252
9.95257 133.254
9.99043 133.252
10.0283 133.25
10.0664 133.252
10.1044 133.252
10.1427 133.259
10.1815 133.271
10.2196 133.273
10.2578 133.277
10.2962 133.284
10.3347 133.292
10.3733 133.302
10.4117 133.309
10.4497 133.309
10.4877 133.309
10.5263 133.319
10.5643 133.319
10.6024 133.321
10.6408 133.327
10.6795 133.338
10.7186 133.356
10.7569 133.361
10.7952 133.365
10.8345 133.385
10.8733 133.398
10.9112 133.396
10.9499 133.406
10.9884 133.415
11.0267 133.419
11.0654 133.429
11.1046 133.448
11.1433 133.458
11.1819 133.467
11.2202 133.471
11.2595 133.489
11.299 133.512
11.3377 133.523
11.3763 133.531
11.4148 133.537
11.4541 133.556
11.4944 133.589
11.5333 133.601
11.5717 133.608
11.6109 133.624
11.6504 133.645
11.689 133.653
11.7285 133.674
11.7673 133.685
11.8074 133.714
11.8472 133.739
11.8859 133.747
11.9248 133.76
11.965 133.789
12.004 133.801
12.045 133.843
12.0835 133.849
12.1221 133.855
12.1609 133.866
12.2032 133.924
12.243 133.947
12.2816 133.953
12.3204 133.964
12.3623 134.016
12.4015 134.03
12.4421 134.064
12.4824 134.093
12.521 134.099
12.5627 134.147
12.6015 134.155
12.642 134.187
12.683 134.224
12.7239 134.262
12.7645 134.293
12.8042 134.314
12.8432 134.325
12.884 134.358
12.925 134.396
13.1333 134.62
13.1726 134.633
13.215 134.687
13.2562 134.725
13.3384 134.797
13.3811 134.853
13.6765 135.195
13.7159 135.208
13.9391 135.595
13.9812 135.639
14.0247 135.701
14.0694 135.778
14.1136 135.848
14.1574 135.912
14.2036 136.005
