-17.5662 134.754
-17.5249 134.717
-17.4841 134.686
-17.4405 134.627
-17.3966 134.565
-17.3521 134.498
-17.3077 134.43
-17.2669 134.397
-17.2263 134.366
-17.1847 134.326
-17.1408 134.262
-17.0971 134.201
-17.0557 134.162
-17.0169 134.148
-16.9749 134.103
-16.934 134.068
-16.8905 134.007
-16.8498 133.974
-16.8114 133.964
-16.7243 133.84
-16.6835 133.805
-16.6436 133.779
-16.6052 133.769
-16.5649 133.738
-16.5241 133.704
-16.484 133.675
-16.4459 133.667
-16.406 133.641
-16.3631 133.584
-16.2063 133.505
-16.1635 133.448
-16.1254 133.44
-16.0856 133.414
-16.0451 133.379
-16.0066 133.367
-15.9671 133.343
-15.9269 133.313
-15.8889 133.305
-15.8484 133.27
-15.81 133.258
-15.7716 133.246
-15.7317 133.218
-15.6909 133.179
-15.6514 133.155
-15.6134 133.147
-15.5758 133.143
-15.5367 133.123
-15.4972 133.099
-15.4593 133.091
-15.4211 133.081
-15.383 133.07
-15.3432 133.042
-15.305 133.032
-15.2665 133.018
-15.2271 132.994
-15.189 132.984
-15.1498 132.962
-15.1117 132.952
-15.0743 132.95
-15.0364 132.942
-14.9965 132.911
-14.9583 132.899
-14.9203 132.891
-14.8825 132.883
-14.8431 132.859
-14.8049 132.847
-14.7673 132.843
-14.73 132.841
-14.6925 132.837
-14.6546 132.829
-14.6171 132.825
-14.579 132.815
-14.5415 132.811
-14.5036 132.803
-14.4651 132.787
-14.4274 132.781
-14.3899 132.777
-14.3515 132.763
-14.3138 132.757
-14.2753 132.741
-14.2371 132.729
-14.1997 132.727
-14.1629 132.731
-14.1259 132.733
-14.0888 132.733
-14.0504 132.719
-14.0126 132.711
-13.9748 132.703
-13.9386 132.715
-13.902 132.721
-13.8646 132.719
-13.8272 132.715
-13.7895 132.709
-13.7513 132.697
-13.7145 132.701
-13.6775 132.703
-13.6402 132.701
-13.6027 132.697
-13.5659 132.701
-13.5289 132.703
-13.4914 132.699
-13.4542 132.699
-13.4167 132.695
-13.3786 132.683
-13.3414 132.683
-13.3051 132.693
-13.2682 132.697
-13.2315 132.703
-13.1929 132.685
-13.1547 132.671
-13.1184 132.683
-13.0829 132.703
-13.0476 132.727
-13.0132 132.764
-12.9771 132.778
-12.9382 132.756
-12.9007 132.752
-12.8626 132.74
-12.8257 132.744
-12.7889 132.748
-12.7515 132.746
-12.7153 132.758
-12.6785 132.764
-12.6415 132.766
-12.6048 132.772
-12.5689 132.79
-12.5314 132.786
-12.4939 132.782
-12.457 132.786
-12.4204 132.794
-12.3838 132.802
-12.3471 132.808
-12.31 132.81
-12.273 132.812
-12.2374 132.834
-12.2015 132.853
-12.1641 132.851
-12.1269 132.851
-12.0906 132.863
-12.0548 132.883
-12.0181 132.891
-11.9815 132.899
-11.945 132.909
-11.909 132.927
-11.8722 132.933
-11.8363 132.951
-11.8007 132.976
-11.7643 132.988
-11.7274 132.992
-11.6915 133.012
-11.6548 133.02
-11.6181 133.028
-11.5814 133.036
-11.5455 133.056
-11.5098 133.079
-11.4735 133.093
-11.4373 133.109
-11.4013 133.127
-11.3648 133.139
-11.3281 133.147
-11.2924 133.172
-11.2575 133.208
-11.2205 133.212
-11.1839 133.222
-11.1472 133.232
-11.1116 133.259
-11.0762 133.287
-11.0405 133.311
-11.0042 133.328
-10.9688 133.358
-10.9331 133.382
-10.8961 133.388
-10.8605 133.415
-10.8235 133.421
-10.788 133.449
-10.7525 133.48
-10.7171 133.51
-10.6805 133.522
-10.6445 133.545
-10.6074 133.549
-10.5719 133.579
-10.5364 133.61
-10.5012 133.644
-10.4305 133.711
-10.3951 133.744
-10.3579 133.748
-10.3222 133.777
-10.2512 133.842
-10.2155 133.87
-10.1801 133.905
-10.1431 133.913
-10.1075 133.944
-10.0732 133.997
-10.0365 134.011
-10.002 134.062
-9.96731 134.109
-9.93231 134.152
-9.89549 134.165
-9.85974 134.195
-9.82278 134.206
-9.78998 134.287
-9.75442 134.322
-9.71814 134.345
-9.68314 134.39
-9.6473 134.421
-9.61179 134.458
-9.57768 134.519
-9.5426 134.565
-9.50681 134.598
-9.47251 134.657
-9.43692 134.694
-9.40142 134.733
-9.36705 134.793
-9.33175 134.837
-9.29733 134.896
-9.26255 134.95
-9.22707 134.991
-9.19236 135.047
-9.15695 135.091
-9.12253 135.153
-9.08842 135.221
-9.05373 135.279
-9.01691 135.298
-8.85113 135.745
-8.81679 135.814
-8.7822 135.879
-8.74748 135.941
-8.71187 135.987
