-24.8717 83.9097
3.21745 144.115
3.41209 143.823
3.49059 143.748
3.64655 143.559
3.68579 143.527
3.7254 143.513
3.76448 143.473
3.80305 143.411
3.84204 143.37
3.88115 143.335
3.92035 143.305
4.15427 143.082
4.19321 143.045
4.23223 143.013
4.27174 143.002
4.31063 142.965
4.34962 142.933
4.38865 142.903
4.42829 142.898
4.46781 142.889
4.50607 142.83
4.54545 142.816
4.58378 142.761
4.62309 142.745
4.66268 142.74
4.70173 142.715
4.74108 142.701
4.78005 142.674
4.81895 142.644
4.85815 142.626
4.89702 142.596
4.93588 142.566
4.97486 142.541
5.01401 142.523
5.05342 142.514
5.09249 142.493
5.13182 142.482
5.17081 142.459
5.2102 142.45
5.24957 142.441
5.28908 142.436
5.32824 142.42
5.36747 142.406
5.40614 142.374
5.44521 142.356
5.48393 142.326
5.52326 142.317
5.56273 142.313
5.60213 142.306
5.64138 142.294
5.68005 142.265
5.71892 142.242
5.75836 142.237
5.79788 142.235
5.83725 142.228
5.87669 142.224
5.91598 142.215
5.95511 142.201
5.99409 142.183
6.03321 142.169
6.07255 142.162
6.11189 142.155
6.15131 142.151
6.19025 142.132
6.2295 142.123
6.26834 142.103
6.30814 142.11
6.34964 142.164
6.39052 142.201
6.43001 142.198
6.46754 142.141
6.50536 142.094
6.54417 142.073
6.58347 142.066
6.62276 142.059
6.66206 142.053
6.70152 142.05
6.74098 142.048
6.78 142.034
6.81919 142.025
6.85821 142.011
6.89748 142.005
6.93666 141.995
6.97672 142.009
7.01894 142.077
7.05947 142.102
7.09758 142.066
7.13631 142.045
7.17466 142.016
7.21401 142.011
7.25391 142.02
7.29335 142.018
7.33279 142.015
7.37251 142.02
7.41214 142.022
7.45139 142.015
7.49063 142.008
7.53093 142.026
7.57036 142.024
7.6098 142.022
7.64914 142.017
7.68867 142.017
7.72839 142.022
7.76822 142.028
7.80765 142.026
7.84708 142.024
7.88661 142.024
7.92604 142.021
7.96598 142.03
8.00591 142.039
8.04565 142.044
8.08529 142.046
8.12513 142.053
8.16477 142.055
8.20482 142.066
8.24499 142.08
8.28537 142.098
8.32555 142.112
8.36585 142.127
8.40604 142.141
8.4457 142.143
8.48514 142.141
8.52512 142.15
8.56555 142.168
8.60544 142.175
8.64521 142.179
8.6861 142.206
8.72611 142.216
8.76601 142.222
8.80602 142.231
8.84593 142.238
8.88584 142.245
8.92643 142.265
8.96669 142.279
9.00662 142.286
9.04677 142.297
9.08728 142.315
9.12908 142.358
9.16937 142.372
9.20967 142.385
9.25033 142.406
9.29029 142.413
9.33097 142.433
9.37105 142.442
9.41138 142.456
9.45244 142.483
9.49352 142.51
9.53387 142.524
9.57386 142.531
9.61459 142.551
9.65608 142.585
9.69695 142.608
9.73747 142.624
9.77849 142.649
9.81952 142.674
9.86081 142.704
9.90098 142.713
9.94128 142.724
9.9835 142.77
10.0243 142.79
10.0675 142.852
10.1076 142.859
10.1474 142.861
10.1888 142.891
10.2306 142.927
10.2724 142.964
10.3141 142.998
10.3558 143.033
10.3974 143.065
10.4385 143.087
10.481 143.136
10.5216 143.149
10.5632 143.181
10.6049 143.214
10.6455 143.227
10.6889 143.289
10.7328 143.358
10.7735 143.372
10.8163 143.423
10.8588 143.466
10.901 143.505
10.9451 143.577
10.9875 143.618
11.0288 143.641
11.0696 143.657
11.1138 143.727
11.1575 143.789
11.1987 143.81
11.2421 143.865
11.2849 143.911
11.3278 143.96
11.3721 144.029
11.4617 144.183
11.5066 144.259
11.5525 144.352
11.5951 144.392
11.636 144.406
