-9.35826 144.708
-9.10355 144.49
-9.05979 144.427
-9.01854 144.413
-8.97471 144.347
-8.89004 144.275
-8.84918 144.268
-8.80694 144.233
-8.63925 144.117
-8.55515 144.051
-8.51435 144.045
-8.47077 143.979
-8.42966 143.966
-8.38767 143.933
-8.34689 143.926
-8.30492 143.894
-8.26448 143.894
-8.22124 143.833
-8.18007 143.817
-8.13794 143.78
-8.09614 143.75
-8.05531 143.741
-8.01228 143.683
-7.97177 143.681
-7.93116 143.676
-7.89004 143.66
-7.84718 143.604
-7.80618 143.59
-7.76549 143.584
-7.7241 143.561
-7.68332 143.552
-7.64194 143.528
-7.60117 143.519
-7.56031 143.508
-7.51797 143.462
-7.47732 143.455
-7.43667 143.448
-7.39505 143.418
-7.35431 143.409
-7.313 143.386
-7.27237 143.379
-7.23174 143.372
-7.19008 143.34
-7.14908 143.324
-7.108 143.306
-7.0673 143.297
-7.02623 143.278
-6.9859 143.278
-6.94566 143.281
-6.90523 143.279
-6.86463 143.272
-6.82385 143.261
-6.7829 143.245
-6.74134 143.212
-6.70111 143.215
-6.66079 143.215
-6.62029 143.211
-6.57962 143.202
-6.53913 143.197
-6.4983 143.184
-6.45714 143.161
-6.41657 143.154
-6.37626 143.154
-6.33594 143.154
-6.29521 143.143
-6.25416 143.122
-6.21418 143.132
-6.17419 143.141
-6.13363 143.135
-6.09308 143.128
-6.0526 143.123
-6.01229 143.124
-5.97174 143.117
-5.93127 143.113
-5.89065 143.103
-5.84988 143.09
-5.80957 143.09
-5.76813 143.055
-5.7273 143.039
-5.68685 143.035
-5.64648 143.033
-5.60618 143.033
-5.56573 143.029
-5.52593 143.045
-5.48541 143.038
-5.44547 143.05
-5.40459 143.032
-5.3645 143.039
-5.3235 143.016
-5.28333 143.021
-5.24358 143.04
-5.20361 143.052
-5.16384 143.07
-5.12399 143.087
-5.08394 143.096
-5.04408 143.113
-5.00466 143.146
-4.96465 143.157
-4.92419 143.153
-4.88378 143.151
-4.84383 143.165
-4.80393 143.182
-4.7637 143.186
-4.72342 143.189
-4.68356 143.208
-4.64375 143.229
-4.60345 143.232
-4.56333 143.241
-4.52309 143.246
-4.48284 143.251
-4.44306 143.274
-4.4028 143.279
-4.3626 143.286
-4.32251 143.298
-4.28258 143.317
-4.24231 143.322
-4.20214 143.331
-4.16192 143.339
-4.12148 143.337
-4.08162 143.36
-4.04133 143.365
-4.00089 143.363
-3.9607 143.372
-3.92128 143.417
-3.88158 143.45
-3.84137 143.459
-3.8013 143.476
-3.76112 143.488
-3.72172 143.537
-3.68138 143.542
-3.64108 143.549
-3.60088 143.561
-3.56151 143.615
-3.52142 143.634
-3.48133 143.653
-3.44046 143.632
-3.39995 143.63
-3.36033 143.674
-3.32012 143.688
-3.27977 143.696
-3.23985 143.726
-3.20004 143.764
-3.16022 143.802
-3.11996 143.816
-3.07991 143.842
-3.03947 143.847
-2.99944 143.875
-2.95907 143.885
-2.91963 143.95
-2.87974 143.991
-2.83931 143.998
-2.71893 144.081
-2.67882 144.111
-2.63871 144.142
-2.59823 144.149
-2.51807 144.22
-2.47763 144.232
-2.438 144.303
-2.3979 144.341
-2.35768 144.372
-2.31745 144.403
-2.27693 144.412
-2.23671 144.445
-2.15639 144.526
-1.10854 146.014
-1.06798 146.083
-0.905882 146.45
-0.582642 147.958
