14.7435 125.692
14.7766 125.658
14.8101 125.628
15.0211 125.948
15.0463 125.829
15.0723 125.719
15.1015 125.643
15.128 125.539
15.1525 125.415
15.1816 125.34
15.2111 125.27
15.243 125.225
15.2715 125.144
15.3013 125.079
15.3313 125.015
15.362 124.959
15.3925 124.901
15.4703 124.587
15.5048 124.572
15.5384 124.548
15.5731 124.535
15.6935 124.297
15.7239 124.241
15.8802 124.01
15.9127 123.977
16.0055 123.831
16.0371 123.79
16.0697 123.759
16.1031 123.735
16.1338 123.685
16.1644 123.636
16.1989 123.623
16.2314 123.592
16.2616 123.538
16.2945 123.511
16.3295 123.503
16.3577 123.432
16.3894 123.393
16.424 123.382
16.4562 123.349
16.4874 123.307
16.5221 123.298
16.5524 123.247
16.5844 123.212
16.6171 123.185
16.6498 123.157
16.6827 123.132
16.715 123.101
16.747 123.066
16.7775 123.019
16.8119 123.008
16.8467 123.001
16.8781 122.962
16.9127 122.953
16.9448 122.921
16.9776 122.895
17.0119 122.884
17.0393 122.81
17.0729 122.791
17.1066 122.775
17.1406 122.761
17.1749 122.75
17.2072 122.721
17.2413 122.708
17.2744 122.686
17.3091 122.679
17.3395 122.634
17.3718 122.605
17.4063 122.596
17.4415 122.594
17.4754 122.579
17.5078 122.552
17.5402 122.525
17.574 122.511
17.6087 122.504
17.6435 122.498
17.6794 122.502
17.7136 122.491
17.7463 122.468
17.7791 122.444
17.8123 122.424
17.8454 122.404
17.8783 122.383
17.911 122.359
17.9418 122.319
17.9758 122.307
18.0101 122.298
18.042 122.267
18.079 122.282
18.1146 122.284
18.1471 122.258
18.1799 122.237
18.2132 122.219
18.2475 122.21
18.2826 122.208
18.3159 122.19
18.3482 122.165
18.3817 122.149
18.4136 122.12
18.4455 122.091
18.48 122.084
18.5151 122.082
18.5504 122.082
18.5843 122.07
18.6181 122.057
18.6534 122.057
18.6902 122.07
18.7258 122.072
18.7593 122.058
18.7925 122.04
18.826 122.025
18.86 122.014
18.8945 122.007
18.9291 122.002
18.9635 121.995
18.9957 121.97
19.0284 121.948
19.0621 121.936
19.0976 121.938
19.1353 121.957
19.1731 121.977
19.209 121.983
19.2439 121.979
19.2787 121.976
19.3124 121.963
19.3479 121.965
19.3825 121.96
19.4169 121.953
19.4513 121.945
19.4861 121.942
19.5211 121.94
19.5559 121.937
19.5908 121.933
19.6249 121.924
19.6597 121.921
19.6954 121.924
19.7316 121.932
19.7675 121.937
19.8021 121.932
19.8357 121.919
19.8712 121.921
19.9083 121.936
19.9438 121.937
19.9786 121.934
20.0141 121.936
20.0503 121.943
20.0836 121.929
20.1175 121.918
20.153 121.92
20.1887 121.924
20.2225 121.913
20.2571 121.907
20.2935 121.917
20.3313 121.936
20.3651 121.926
20.3989 121.915
20.4339 121.913
20.4708 121.926
20.5087 121.946
20.5439 121.946
20.5775 121.933
20.6127 121.933
20.6513 121.959
20.688 121.969
20.7239 121.975
20.7594 121.977
20.7946 121.977
20.8301 121.979
20.8651 121.977
20.9001 121.975
20.9353 121.975
20.9715 121.983
21.0104 122.01
21.0515 122.053
21.0882 122.064
21.1237 122.066
21.1585 122.062
21.1942 122.066
21.2304 122.073
21.2674 122.086
21.3054 122.106
21.3424 122.118
21.3788 122.127
21.4163 122.144
21.4518 122.146
21.4871 122.146
21.5228 122.149
21.5593 122.158
21.5981 122.184
21.6406 122.236
21.6764 122.24
21.7114 122.238
21.7497 122.26
21.7895 122.292
21.8261 122.301
21.8616 122.303
21.8972 122.305
21.934 122.316
21.9736 122.347
22.0099 122.354
22.048 122.374
22.0827 122.37
22.1191 122.378
22.1587 122.409
22.1984 122.439
22.2345 122.445
22.2734 122.47
22.3131 122.501
22.3554 122.55
22.3915 122.555
22.4276 122.561
22.4671 122.59
22.5048 122.606
22.5409 122.612
22.5799 122.637
22.6163 122.645
22.6553 122.67
22.6946 122.697
22.7347 122.73
22.7743 122.759
22.8147 122.794
22.8546 122.825
22.8971 122.874
22.9362 122.899
22.9738 122.914
23.0126 122.938
23.0515 122.961
23.1312 123.022
23.1674 123.027
