-18.5868 156.603
-18.5396 156.556
-18.4899 156.482
-18.4433 156.44
-18.3995 156.428
-18.3529 156.386
-18.3043 156.323
-18.2627 156.334
-18.1595 156.143
-18.1133 156.104
-18.0703 156.099
-18.0243 156.062
-17.9803 156.047
-17.9317 155.982
-17.8872 155.961
-17.8389 155.899
-17.7957 155.891
-17.75 155.858
-17.7032 155.811
-17.6598 155.801
-17.6144 155.77
-17.5707 155.757
-17.5225 155.695
-17.4782 155.674
-17.4324 155.638
-17.3869 155.604
-17.344 155.6
-17.3006 155.59
-17.253 155.533
-17.2089 155.515
-17.163 155.476
-17.1196 155.466
-17.0765 155.459
-17.0303 155.417
-16.9865 155.402
-16.9427 155.387
-16.8978 155.359
-16.8533 155.335
-16.81 155.325
-16.7673 155.323
-16.7242 155.316
-16.6791 155.285
-16.6338 155.252
-16.5912 155.249
-16.5487 155.25
-16.505 155.235
-16.4588 155.191
-16.4133 155.155
-16.3705 155.15
-16.3279 155.148
-16.2848 155.141
-16.2402 155.115
-16.1967 155.102
-16.1517 155.072
-16.1076 155.051
-16.0643 155.041
-16.0213 155.034
-15.9794 155.04
-15.9372 155.043
-15.8944 155.038
-15.8514 155.03
-15.8081 155.021
-15.7653 155.016
-15.7214 154.998
-15.6767 154.97
-15.6333 154.957
-15.5915 154.966
-15.5498 154.974
-15.5066 154.964
-15.4627 154.946
-15.4193 154.934
-15.3765 154.929
-15.3331 154.916
-15.2901 154.909
-15.2477 154.909
-15.2058 154.915
-15.1628 154.908
-15.1192 154.892
-15.0764 154.888
-15.0336 154.883
-14.991 154.881
-14.9494 154.892
-14.9081 154.905
-14.8659 154.908
-14.8219 154.888
-14.7783 154.873
-14.7359 154.873
-14.6941 154.881
-14.6513 154.877
-14.6099 154.89
-14.5681 154.898
-14.5249 154.888
-14.4827 154.891
-14.44 154.887
-14.0569 150.326
-14.0177 150.356
-14.3126 154.885
-13.6614 146.673
-13.6158 146.607
-14.1852 154.884
-14.1437 154.898
-14.0998 154.877
-14.0574 154.878
-14.0155 154.886
-13.9746 154.907
-13.9345 154.939
-13.8924 154.945
-13.8503 154.95
-13.8088 154.964
-13.7672 154.975
-13.7247 154.975
-13.6825 154.978
-13.6409 154.992
-13.6012 155.031
-13.5604 155.055
-13.5182 155.058
-13.4761 155.064
-13.4349 155.083
-13.3927 155.088
-13.351 155.099
-13.3092 155.11
-13.2684 155.134
-13.2271 155.153
-13.1864 155.179
-13.1446 155.19
-13.103 155.204
-13.0633 155.246
-13.0222 155.267
-12.9804 155.278
-12.9377 155.276
-12.895 155.274
-12.8531 155.285
-12.8122 155.309
-12.7698 155.312
-12.7279 155.323
-12.6876 155.357
-12.6457 155.368
-12.6037 155.376
-12.5645 155.429
-12.523 155.445
-12.4828 155.482
-12.4425 155.52
-12.4006 155.53
-12.3583 155.536
-12.3174 155.563
-12.2753 155.571
-12.2333 155.582
-12.1929 155.617
-12.1527 155.656
-12.1125 155.696
-12.0704 155.705
-12.0303 155.747
-11.9899 155.784
-11.9494 155.819
-11.9072 155.827
-11.865 155.836
-11.8244 155.87
-11.7842 155.913
-11.7441 155.955
-11.7039 155.998
-11.6621 156.014
-11.6215 156.049
-11.5808 156.084
-11.5385 156.092
-11.4979 156.129
-11.4587 156.191
-11.4169 156.207
-11.3744 156.213
-11.334 156.253
-11.2938 156.298
-11.2519 156.314
-11.2132 156.386
-11.1749 156.466
-11.1345 156.509
-10.9724 156.675
-10.1436 158.082
-10.1034 158.142
-9.99763 161.208
-9.95468 161.228
-9.91572 161.329
-9.87852 161.465
-9.84154 161.608
-9.80135 161.687
