1.91005 163.324
1.95425 163.346
1.9981 163.332
2.04182 163.303
2.08543 163.267
2.67338 161.149
2.7167 161.135
2.80045 160.897
2.84368 160.88
2.97041 160.631
3.01316 160.588
3.05639 160.576
3.09907 160.53
3.22634 160.35
3.26902 160.309
3.31177 160.273
3.35478 160.254
3.39678 160.175
3.48198 160.093
3.65246 159.946
3.69457 159.884
3.73755 159.87
3.78008 159.832
3.82315 159.823
3.86606 159.807
3.90719 159.699
3.94965 159.661
3.99267 159.652
4.03515 159.617
4.07746 159.574
4.12051 159.568
4.16284 159.527
4.20438 159.449
4.24729 159.438
4.29036 159.435
4.33332 159.427
4.37564 159.389
4.4187 159.386
4.46165 159.378
4.50333 159.313
4.54565 159.278
4.5885 159.267
4.63074 159.229
4.67351 159.215
4.71584 159.182
4.75879 159.177
4.80174 159.171
4.84397 159.136
4.88606 159.096
4.92879 159.082
4.97158 159.071
5.01416 159.052
5.05681 159.035
5.09937 159.016
5.142 159
5.18489 158.994
5.22772 158.986
5.2704 158.972
5.31229 158.929
5.35481 158.91
5.39761 158.902
5.44033 158.891
5.48297 158.877
5.5256 158.864
5.56853 158.861
5.61116 158.847
5.6534 158.82
5.69571 158.796
5.73846 158.787
5.78129 158.782
5.82411 158.776
5.86678 158.765
5.90936 158.752
5.95193 158.738
5.9945 158.724
6.03739 158.721
6.08011 158.713
6.12307 158.713
6.16603 158.712
6.2089 158.709
6.2517 158.704
6.29423 158.69
6.33693 158.682
6.37937 158.666
6.42206 158.657
6.46475 158.649
6.50769 158.649
6.55037 158.64
6.59261 158.619
6.63439 158.584
6.67616 158.549
6.71461 158.415
6.75902 158.46
6.80781 158.633
6.85202 158.67
6.89478 158.665
6.93762 158.662
6.98009 158.648
7.02284 158.642
7.06558 158.637
7.10775 158.615
7.1503 158.604
7.19331 158.606
7.23691 158.625
7.28042 158.64
7.32364 158.648
7.36676 158.653
7.40998 158.661
7.45232 158.645
7.49494 158.636
7.53796 158.639
7.5818 158.662
7.62503 158.67
7.66837 158.68
7.7113 158.68
7.75391 158.672
7.79684 158.671
7.84018 158.682
7.88321 158.684
7.92614 158.684
7.96939 158.691
8.01274 158.702
8.05642 158.72
8.10033 158.744
8.14392 158.76
8.18686 158.759
8.22958 158.754
8.27318 158.769
8.31779 158.809
8.36152 158.827
8.4048 158.835
8.4481 158.843
8.4915 158.853
8.53468 158.858
8.57752 158.855
8.62117 158.871
8.66459 158.881
8.70825 158.897
8.7525 158.926
8.79629 158.944
8.84033 158.968
8.88366 158.976
8.92711 158.986
8.97045 158.994
9.01439 159.015
9.05774 159.023
9.10231 159.057
9.14739 159.102
9.19175 159.132
9.235 159.137
9.27838 159.144
9.32176 159.152
9.36615 159.181
9.41081 159.216
9.45497 159.239
9.49915 159.263
9.54256 159.271
9.58688 159.297
9.63134 159.327
9.67581 159.356
9.71951 159.369
9.76572 159.433
9.80971 159.452
9.8545 159.486
9.89944 159.524
9.94306 159.534
9.98829 159.577
10.0336 159.619
10.0786 159.657
10.1234 159.691
10.1674 159.707
10.2135 159.766
10.2572 159.777
10.3026 159.82
10.3481 159.865
10.3935 159.908
10.4389 159.951
10.4843 159.994
10.5284 160.01
10.575 160.074
10.6207 160.123
10.6664 160.168
10.7116 160.206
10.7559 160.224
10.8016 160.27
11.414 161.153
11.4604 161.205
