-25.1835 140.59
-25.1348 140.52
-25.094 140.505
-25.0463 140.441
-24.9997 140.384
-24.9592 140.371
-24.6406 140.026
-24.4676 139.892
-24.42 139.826
-24.3758 139.785
-24.3304 139.735
-24.2868 139.698
-24.248 139.696
-24.209 139.692
-24.1687 139.679
-24.0354 139.549
-23.9961 139.543
-23.9541 139.517
-23.9133 139.5
-23.8669 139.441
-23.8249 139.415
-23.7856 139.409
-23.746 139.4
-23.7035 139.37
-23.661 139.34
-23.6211 139.329
-23.5777 139.292
-23.5361 139.269
-23.4975 139.267
-23.4576 139.256
-23.4158 139.23
-23.3765 139.224
-23.337 139.215
-23.2957 139.194
-23.2541 139.17
-23.2138 139.155
-23.1739 139.144
-23.1307 139.108
-23.0898 139.088
-23.0483 139.065
-23.0105 139.069
-22.9721 139.069
-22.932 139.056
-22.8869 139.005
-22.8477 138.998
-22.8082 138.99
-22.769 138.983
-22.7273 138.958
-22.6875 138.947
-22.6481 138.938
-22.61 138.941
-22.5714 138.939
-22.5286 138.904
-22.4891 138.896
-22.4499 138.889
-22.411 138.885
-22.3719 138.879
-22.3319 138.866
-22.2908 138.845
-22.2525 138.845
-22.2136 138.84
-22.1736 138.828
-22.1344 138.821
-22.0956 138.817
-22.0575 138.819
-22.0192 138.819
-21.98 138.813
-21.9411 138.809
-21.9014 138.798
-21.862 138.79
-21.8231 138.786
-21.7848 138.786
-21.747 138.79
-21.7084 138.788
-21.6695 138.784
-21.6309 138.782
-21.5921 138.778
-21.5529 138.771
-21.5143 138.769
-21.4754 138.765
-21.4371 138.765
-21.399 138.767
-21.3607 138.768
-21.3223 138.768
-21.2848 138.774
-21.2467 138.777
-21.2081 138.774
-21.1698 138.775
-21.1306 138.768
-21.0917 138.764
-21.0529 138.76
-21.0148 138.762
-20.9757 138.756
-20.9376 138.758
-20.9028 138.788
-20.8681 138.819
-20.8315 138.834
-20.7919 138.823
-20.7494 138.789
-20.7082 138.765
-20.6719 138.783
-20.6371 138.813
-20.601 138.832
-20.5662 138.863
-20.5278 138.863
-20.4884 138.854
-20.4496 138.85
-20.4137 138.872
-20.3758 138.876
-20.3372 138.874
-20.299 138.876
-20.2609 138.879
-20.2222 138.877
-20.1833 138.872
-20.1454 138.877
-20.1078 138.883
-20.0706 138.894
-20.0332 138.903
-19.9958 138.912
-19.9581 138.918
-19.921 138.929
-19.8835 138.938
-19.8456 138.942
-19.8101 138.968
-19.7744 138.992
-19.7375 139.005
-19.6995 139.01
-19.6618 139.016
-19.6263 139.042
-19.5888 139.051
-19.5508 139.056
-19.5138 139.069
-19.4778 139.09
-19.442 139.114
-19.4052 139.13
-19.3689 139.149
-19.3319 139.162
-19.2946 139.173
-19.2568 139.18
-19.2193 139.189
-19.1851 139.228
-19.1487 139.247
-19.1119 139.263
-19.0741 139.269
-19.0368 139.28
-19.0009 139.304
-18.9647 139.326
-18.9292 139.354
-18.8926 139.372
-18.8552 139.383
-18.8181 139.396
-18.7835 139.433
-18.7464 139.446
-18.7092 139.459
-18.6734 139.485
-18.6374 139.509
-18.6005 139.525
-18.5644 139.549
-18.5293 139.581
-18.4932 139.606
-18.4581 139.638
-18.4213 139.656
-18.3848 139.676
-18.3505 139.717
-18.3135 139.732
-18.2764 139.748
-18.2419 139.787
-18.2051 139.805
-18.1698 139.838
-18.1343 139.868
-18.1002 139.912
-18.0651 139.947
-18.0291 139.973
-17.9938 140.006
-17.9567 140.022
-17.9213 140.055
-17.8855 140.083
-17.8502 140.116
-17.815 140.151
-17.7796 140.184
-17.7422 140.198
-17.7068 140.231
-17.6711 140.261
-17.6361 140.299
-17.6033 140.358
-17.5662 140.376
-17.5334 140.435
-17.4981 140.471
-17.4625 140.504
-17.4272 140.539
-17.3925 140.581
-17.3593 140.638
-17.3239 140.674
-17.2894 140.718
-17.2546 140.76
-17.2214 140.817
-17.1848 140.842
-17.1513 140.897
-17.118 140.955
-17.0829 140.994
-17.048 141.037
-17.0157 141.105
-16.984 141.181
-16.951 141.243
-16.9156 141.281
-16.881 141.328
-16.7511 141.604
-16.7185 141.673
-16.684 141.722
-16.651 141.787
-16.6154 141.825
-16.5616 142.087
-16.3753 144.789
-16.3385 144.821
-16.2962 144.794
