-24.8722 83.9118
-24.8439 83.9015
10.1872 138.772
10.5713 138.067
11.2128 137.23
11.5022 136.954
11.537 136.901
11.575 136.894
11.6111 136.86
11.6471 136.826
11.6832 136.791
11.7195 136.761
11.7573 136.753
11.7933 136.718
11.8293 136.684
11.8653 136.65
11.9015 136.62
11.9379 136.592
11.9756 136.583
12.0119 136.553
12.0497 136.547
12.0838 136.487
12.121 136.472
12.1565 136.432
12.1931 136.408
12.23 136.389
12.2678 136.382
12.3042 136.357
12.3417 136.346
12.379 136.333
12.4151 136.303
12.4512 136.273
12.4867 136.235
12.5232 136.212
12.5611 136.207
12.5971 136.177
12.632 136.133
12.669 136.116
12.7072 136.116
12.7461 136.126
12.7829 136.107
12.8187 136.075
12.8559 136.062
12.8939 136.06
12.9307 136.041
12.9674 136.022
13.0028 135.986
13.0404 135.977
13.078 135.971
13.1162 135.97
13.154 135.966
13.1913 135.955
13.2264 135.915
13.2622 135.885
13.2998 135.879
13.3376 135.875
13.3751 135.866
13.4124 135.855
13.448 135.824
13.4844 135.802
13.5212 135.785
13.5605 135.8
13.6001 135.819
13.6385 135.823
13.6761 135.817
13.7122 135.791
13.7494 135.781
13.7874 135.778
13.8249 135.772
13.861 135.746
13.8984 135.738
13.9363 135.736
13.9737 135.727
14.0114 135.723
14.0493 135.721
14.0861 135.706
14.1233 135.695
14.1614 135.695
14.1998 135.699
14.2366 135.684
14.2717 135.648
14.289 135.4
14.3353 135.498
14.3772 135.545
14.4186 135.585
14.4587 135.61
14.5025 135.677
14.5386 135.654
14.5768 135.656
14.6192 135.707
14.6583 135.719
14.6945 135.698
14.7304 135.672
14.7677 135.664
14.8054 135.66
14.8431 135.655
14.8811 135.655
14.919 135.653
14.9563 135.644
14.993 135.63
15.0309 135.627
15.07 135.64
15.109 135.65
15.1472 135.652
15.1848 135.648
15.223 135.65
15.2614 135.654
15.2999 135.658
15.339 135.671
15.3772 135.673
15.4155 135.675
15.4535 135.675
15.4917 135.677
15.5313 135.693
15.5714 135.717
15.6094 135.717
15.6473 135.714
15.6857 135.718
15.7247 135.729
15.7633 135.735
15.8025 135.748
15.8413 135.756
15.8801 135.764
15.9186 135.768
15.9576 135.779
15.9964 135.787
16.0343 135.785
16.0733 135.795
16.1123 135.806
16.1518 135.821
16.1904 135.827
16.2289 135.831
16.2683 135.846
16.3071 135.854
16.3458 135.86
16.3861 135.883
16.4251 135.894
16.4664 135.928
16.5067 135.951
16.5448 135.951
16.5827 135.948
16.6215 135.957
16.6606 135.967
16.6991 135.971
16.7392 135.992
16.7804 136.024
16.8208 136.047
16.8609 136.068
16.9005 136.083
16.94 136.098
16.9798 136.115
17.0185 136.121
17.0578 136.133
17.0997 136.172
17.144 136.233
17.1833 136.246
17.2219 136.25
17.2604 136.254
17.3017 136.286
17.3439 136.326
17.3823 136.328
17.421 136.334
17.4602 136.345
17.5012 136.372
17.5445 136.423
17.5846 136.442
17.6262 136.476
17.6672 136.504
17.706 136.51
17.7471 136.538
17.789 136.574
17.8302 136.603
17.8726 136.644
17.9147 136.682
17.958 136.731
17.9987 136.754
18.0385 136.769
18.0787 136.788
18.122 136.837
18.1632 136.865
18.2037 136.886
18.248 136.944
18.2903 136.982
18.3349 137.042
18.3741 137.051
18.416 137.085
18.4607 137.145
18.5044 137.196
18.5485 137.25
18.5902 137.282
18.6325 137.318
18.678 137.385
18.7219 137.436
18.7658 137.488
18.806 137.505
18.8507 137.563
18.897 137.636
18.9457 137.731
18.9893 137.778
19.0343 137.839
19.0773 137.88
19.1257 137.97
