-0.988701 128.565
-0.802358 128.207
-0.765303 128.157
-0.728478 128.145
-0.654236 127.998
-0.617246 127.942
-0.469548 127.72
-0.432759 127.686
-0.395928 127.634
-0.359228 127.616
-0.322458 127.572
-0.285718 127.532
-0.248941 127.468
-0.212256 127.434
-0.175563 127.388
-0.138904 127.349
-0.102263 127.311
-0.0656288 127.265
-0.0290406 127.244
0.00755752 127.198
0.0441287 127.164
0.0806869 127.122
0.117226 127.079
0.153751 127.064
0.190255 127.015
0.22676 127.001
0.263233 126.957
0.299715 126.94
0.336154 126.896
0.372618 126.881
0.409015 126.832
0.445424 126.799
0.481826 126.771
0.518254 126.757
0.554594 126.714
0.591008 126.702
0.627382 126.679
0.663779 126.666
0.700128 126.641
0.736459 126.615
0.772786 126.59
0.809094 126.563
0.845459 126.552
0.881756 126.527
0.918014 126.497
0.954258 126.467
0.99052 126.442
1.02686 126.433
1.06311 126.41
1.09932 126.382
1.13562 126.368
1.17192 126.357
1.20815 126.336
1.24435 126.312
1.28061 126.298
1.31676 126.27
1.35303 126.259
1.38931 126.249
1.42546 126.225
1.46157 126.196
1.49776 126.179
1.534 126.168
1.57025 126.159
1.60649 126.149
1.64272 126.138
1.67894 126.127
1.71511 126.111
1.75105 126.074
1.78721 126.059
1.82344 126.051
1.85961 126.038
1.89583 126.03
1.93204 126.021
1.96826 126.013
2.00441 126
2.04055 125.987
2.07678 125.982
2.11287 125.965
2.14897 125.95
2.1851 125.936
2.22121 125.923
2.25748 125.921
2.29374 125.92
2.32985 125.906
2.36595 125.893
2.40212 125.886
2.4383 125.878
2.47447 125.871
2.51058 125.859
2.54677 125.854
2.58293 125.846
2.619 125.833
2.65516 125.826
2.69121 125.813
2.72749 125.813
2.76382 125.816
2.80006 125.815
2.83617 125.805
2.87235 125.8
2.90862 125.8
2.94482 125.796
2.98092 125.787
3.01684 125.768
3.05304 125.764
3.0893 125.764
3.1255 125.76
3.16176 125.76
3.19806 125.762
3.23433 125.762
3.27067 125.766
3.30706 125.772
3.34332 125.772
3.37928 125.757
3.41539 125.749
3.45154 125.744
3.48788 125.748
3.52411 125.746
3.56038 125.746
3.59664 125.746
3.63325 125.761
3.66952 125.761
3.7057 125.757
3.74163 125.742
3.77785 125.74
3.81407 125.739
3.85038 125.741
3.88679 125.746
3.9231 125.748
3.95937 125.748
3.99569 125.75
4.0321 125.756
4.06856 125.763
4.10517 125.777
4.14155 125.78
4.17788 125.782
4.21406 125.779
4.25034 125.779
4.28712 125.798
4.32385 125.815
4.36019 125.817
4.39664 125.822
4.43324 125.834
4.46995 125.849
4.50635 125.853
4.54276 125.856
4.57916 125.86
4.61579 125.872
4.65236 125.881
4.68889 125.889
4.72542 125.896
4.76217 125.911
4.79921 125.936
4.83559 125.938
4.87208 125.944
4.90869 125.953
4.94525 125.961
4.98163 125.963
5.01837 125.976
5.05494 125.983
5.09157 125.993
5.12844 126.01
5.1649 126.014
5.20185 126.033
5.2385 126.042
5.27509 126.05
5.31175 126.059
5.34948 126.101
5.38616 126.111
5.42265 126.114
5.45965 126.133
5.4966 126.15
5.53414 126.185
5.57084 126.194
5.60729 126.196
5.6444 126.217
5.68106 126.225
5.71772 126.232
5.75485 126.253
5.79213 126.278
5.82915 126.295
5.8668 126.329
5.90376 126.344
5.9406 126.356
5.97786 126.379
6.01464 126.388
6.05192 126.411
6.08943 126.439
6.12688 126.466
6.16434 126.493
6.20181 126.519
6.23864 126.529
6.2762 126.558
6.31312 126.569
6.35041 126.59
6.38801 126.619
6.42578 126.651
6.4628 126.664
6.50128 126.714
6.53894 126.743
6.57754 126.794
6.61445 126.804
6.65137 126.813
6.68892 126.838
6.72727 126.882
6.76541 126.921
6.80284 126.942
6.84053 126.968
6.87903 127.014
6.91732 127.055
6.95472 127.074
6.99164 127.082
7.03071 127.139
7.10794 127.231
7.14498 127.241
7.18398 127.295
7.22198 127.325
7.25931 127.341
7.61125 127.815
7.69195 127.968
7.73039 128.003
7.76856 128.032
7.80611 128.048
7.84673 128.127
7.9295 128.316
7.96835 128.357
8.00712 128.396
8.25764 128.978
8.29525 128.99
