-24.8694 83.8986
-24.843 83.8975
-6.15784 140.998
-5.7277 139.855
-5.68738 139.816
-5.64792 139.803
-5.07528 138.901
-5.0355 138.868
-4.99655 138.864
-4.95667 138.827
-4.91612 138.766
-4.79592 138.628
-4.75678 138.616
-4.71641 138.557
-4.67648 138.513
-4.63622 138.457
-4.59731 138.45
-4.55829 138.439
-4.51814 138.385
-4.47857 138.352
-4.39926 138.279
-4.28133 138.205
-4.2418 138.17
-4.20227 138.136
-4.16329 138.123
-4.12359 138.079
-4.08452 138.062
-4.0452 138.034
-4.00575 137.999
-3.96636 137.967
-3.92708 137.939
-3.88816 137.926
-3.84929 137.915
-3.81009 137.889
-3.77091 137.863
-3.73201 137.851
-3.69317 137.84
-3.65359 137.794
-3.61481 137.786
-3.57599 137.775
-3.53695 137.754
-3.49809 137.741
-3.45877 137.704
-3.41988 137.689
-3.38096 137.672
-3.34201 137.653
-3.30298 137.629
-3.26405 137.61
-3.22524 137.597
-3.18616 137.569
-3.14741 137.558
-3.10878 137.554
-3.07004 137.543
-3.0313 137.532
-2.99264 137.526
-2.95375 137.507
-2.91488 137.487
-2.87613 137.475
-2.83731 137.457
-2.79846 137.438
-2.75968 137.423
-2.72102 137.415
-2.68233 137.404
-2.64371 137.397
-2.60499 137.385
-2.56634 137.376
-2.52776 137.372
-2.48912 137.363
-2.45036 137.346
-2.4117 137.336
-2.3731 137.329
-2.33448 137.321
-2.2958 137.308
-2.25718 137.299
-2.21862 137.295
-2.18004 137.289
-2.14151 137.287
-2.10298 137.285
-2.06433 137.272
-2.02578 137.267
-1.98718 137.259
-1.94847 137.24
-1.90986 137.229
-1.87132 137.225
-1.833 137.24
-1.79457 137.246
-1.7561 137.249
-1.71759 137.247
-1.67901 137.238
-1.64043 137.23
-1.60194 137.23
-1.56351 137.236
-1.525 137.234
-1.48638 137.219
-1.44781 137.211
-1.40938 137.217
-1.37103 137.234
-1.33256 137.237
-1.29423 137.258
-1.2559 137.282
-1.21793 137.355
-1.17902 137.299
-1.14025 137.261
-1.10165 137.246
-1.06303 137.226
-1.0245 137.22
-0.985893 137.201
-0.947418 137.203
-0.909 137.216
-0.870587 137.231
-0.832231 137.259
-0.793761 137.265
-0.755229 137.259
-0.716691 137.25
-0.6782 137.253
-0.6397 137.253
-0.601169 137.244
-0.562671 137.244
-0.524199 137.253
-0.485755 137.272
-0.447274 137.281
-0.408798 137.294
-0.370298 137.298
-0.3318 137.305
-0.293294 137.309
-0.25478 137.309
-0.216272 137.314
-0.177766 137.322
-0.139261 137.335
-0.100743 137.34
-0.0622259 137.348
-0.0237061 137.363
0.0148208 137.374
0.053353 137.387
0.091893 137.404
0.130434 137.411
0.168987 137.428
0.207536 137.435
0.246088 137.441
0.284667 137.463
0.323248 137.48
0.361841 137.5
0.400419 137.508
0.439006 137.519
0.477609 137.534
0.5162 137.543
0.554809 137.556
0.593432 137.571
0.632115 137.601
0.670721 137.608
0.709339 137.617
0.748016 137.638
0.786645 137.647
0.825318 137.664
0.864031 137.688
0.902666 137.695
0.941397 137.719
0.980211 137.755
1.01892 137.771
1.05767 137.792
1.09636 137.803
1.13517 137.831
1.17388 137.842
1.21266 137.864
1.25141 137.879
1.29043 137.929
1.3292 137.944
1.36801 137.964
1.40671 137.968
1.44559 137.994
1.48442 138.014
1.52357 138.068
1.56255 138.101
1.60132 138.109
1.64031 138.14
1.67926 138.166
1.71812 138.181
1.75718 138.216
1.79624 138.249
1.83535 138.286
1.87444 138.318
1.91347 138.344
1.95263 138.382
1.99174 138.412
2.03063 138.423
2.06999 138.473
2.10906 138.497
2.14862 138.561
2.18816 138.62
2.22719 138.637
2.26614 138.648
2.30562 138.698
2.3453 138.762
2.38474 138.806
2.42411 138.843
2.4634 138.874
2.50271 138.904
2.54218 138.946
2.58171 138.99
2.62153 139.051
2.661 139.089
2.70066 139.137
2.74051 139.197
2.77997 139.23
2.81959 139.271
2.85973 139.344
2.90024 139.437
2.94026 139.499
2.9796 139.518
3.01964 139.578
3.14114 139.826
3.18154 139.899
3.22148 139.946
3.2619 140.017
3.30349 140.148
3.34471 140.257
3.38585 140.359
3.42586 140.402
3.46634 140.466
