0.652003 145.15
0.692301 145.073
0.772439 144.829
0.812747 144.782
0.932825 144.494
0.97284 144.412
1.01298 144.361
1.05301 144.293
1.09316 144.252
1.13295 144.154
1.173 144.103
1.21294 144.04
1.25314 144.019
1.29304 143.957
1.3329 143.892
1.37273 143.827
1.41269 143.783
1.45239 143.709
1.49234 143.669
1.53232 143.635
1.57222 143.593
1.6121 143.552
1.65174 143.485
1.69156 143.441
1.73123 143.383
1.77125 143.365
1.81093 143.312
1.85091 143.291
1.89047 143.231
1.93045 143.213
1.97005 143.16
2.01002 143.144
2.04951 143.084
2.08944 143.066
2.12898 143.016
2.16892 143
2.20865 142.967
2.24829 142.928
2.28776 142.878
2.32765 142.862
2.36757 142.848
2.40703 142.8
2.44661 142.764
2.48647 142.748
2.52632 142.732
2.56571 142.684
2.6056 142.673
2.64522 142.643
2.685 142.625
2.72433 142.577
2.76408 142.559
2.80397 142.549
2.84361 142.524
2.8832 142.497
2.92267 142.463
2.96246 142.449
3.00205 142.424
3.04163 142.399
3.08148 142.39
3.12104 142.365
3.16083 142.354
3.20066 142.345
3.24041 142.331
3.27998 142.309
3.31908 142.261
3.35889 142.252
3.39877 142.247
3.43857 142.238
3.47823 142.223
3.51766 142.195
3.55735 142.182
3.59699 142.166
3.63667 142.152
3.67597 142.121
3.71563 142.107
3.75524 142.091
3.79498 142.082
3.83458 142.066
3.87432 142.057
3.91405 142.049
3.95368 142.035
3.99336 142.024
4.03303 142.012
4.0727 142.001
4.11241 141.992
4.15222 141.988
4.19188 141.977
4.23142 141.961
4.27117 141.954
4.31097 141.95
4.3505 141.934
4.38996 141.916
4.4297 141.909
4.46966 141.911
4.5095 141.909
4.54901 141.894
4.58827 141.869
4.62793 141.86
4.66782 141.86
4.7076 141.855
4.74719 141.844
4.78684 141.835
4.82667 141.833
4.86674 141.84
4.90688 141.849
4.94658 141.843
4.9861 141.829
5.02573 141.82
5.06491 141.795
5.10447 141.784
5.14461 141.793
5.18443 141.791
5.22471 141.805
5.26466 141.807
5.30407 141.791
5.34382 141.787
5.38295 141.762
5.42324 141.776
5.46333 141.783
5.50335 141.787
5.54351 141.797
5.58353 141.801
5.6237 141.811
5.66359 141.811
5.70341 141.809
5.74358 141.818
5.78384 141.829
5.82388 141.834
5.86377 141.834
5.90396 141.843
5.94409 141.85
5.98391 141.848
6.02365 141.844
6.06363 141.846
6.10383 141.855
6.14412 141.867
6.18457 141.883
6.22455 141.885
6.26462 141.89
6.305 141.904
6.34564 141.924
6.38579 141.931
6.42604 141.94
6.46596 141.941
6.50604 141.945
6.54613 141.95
6.5863 141.957
6.62656 141.966
6.66749 141.993
6.70785 142.005
6.74863 142.028
6.789 142.039
6.82912 142.044
6.86915 142.046
6.90988 142.067
6.95009 142.074
6.9903 142.081
7.03079 142.095
7.07101 142.102
7.11214 142.132
7.15255 142.143
7.19343 142.166
7.23385 142.178
7.27419 142.187
7.315 142.207
7.35545 142.219
7.39571 142.226
7.43673 142.251
7.47719 142.263
7.51803 142.283
7.5587 142.299
7.60004 142.332
7.64121 142.359
7.6819 142.375
7.72417 142.428
7.76468 142.44
7.80491 142.444
7.84613 142.472
7.88877 142.532
7.92842 142.522
7.97028 142.564
8.01064 142.571
8.0508 142.573
8.09137 142.585
8.13298 142.619
8.17356 142.631
8.21603 142.684
8.25684 142.7
8.29966 142.76
8.34039 142.774
8.38187 142.804
8.42337 142.834
8.46649 142.898
8.50855 142.94
8.54923 142.951
8.58981 142.961
8.63138 142.991
8.67317 143.025
8.71532 143.067
8.75848 143.129
8.79933 143.143
8.84152 143.185
8.88442 143.24
8.92519 143.252
8.96687 143.282
9.00982 143.338
9.05338 143.405
9.09546 143.442
9.1386 143.5
9.18084 143.54
9.22427 143.602
9.26573 143.626
9.30944 143.693
9.35199 143.737
9.39564 143.802
9.43932 143.868
9.48087 143.891
9.52593 143.982
9.56897 144.033
10.0191 144.889
10.0607 144.908
