-9.98135 141.644
-9.94064 141.618
-9.65515 140.704
-9.30694 140.024
-9.26797 140.022
-9.22878 140.016
-9.18739 139.967
-9.14339 139.869
-9.1008 139.797
-9.05791 139.718
-9.0172 139.681
-8.97662 139.646
-8.8905 139.478
-8.85121 139.468
-8.81104 139.439
-8.77056 139.404
-8.72987 139.365
-8.68811 139.304
-8.64736 139.263
-8.60565 139.202
-8.56601 139.183
-8.52542 139.144
-8.48431 139.094
-8.44513 139.083
-8.4049 139.051
-8.36426 139.009
-8.32427 138.981
-8.2845 138.958
-8.24381 138.914
-8.20232 138.854
-8.16311 138.841
-8.12319 138.813
-8.08297 138.778
-8.04298 138.748
-8.00369 138.733
-7.96282 138.683
-7.92336 138.664
-7.88342 138.633
-7.84378 138.61
-7.80484 138.601
-7.7659 138.592
-7.72532 138.547
-7.68592 138.528
-7.64614 138.5
-7.60637 138.472
-7.56728 138.459
-7.52744 138.429
-7.4878 138.403
-7.44799 138.373
-7.40939 138.371
-7.37098 138.373
-7.33211 138.364
-7.29196 138.325
-7.25202 138.291
-7.21245 138.265
-7.17298 138.242
-7.13388 138.227
-7.09487 138.214
-7.05614 138.207
-7.01741 138.201
-6.97824 138.184
-6.93873 138.158
-6.89976 138.145
-6.86018 138.117
-6.82063 138.089
-6.78193 138.083
-6.7434 138.081
-6.70462 138.072
-6.66534 138.05
-6.62641 138.038
-6.58773 138.031
-6.54905 138.025
-6.51021 138.014
-6.47154 138.008
-6.43246 137.99
-6.39348 137.975
-6.35474 137.967
-6.31656 137.973
-6.27821 137.975
-6.2394 137.965
-6.19959 137.926
-6.16048 137.907
-6.12192 137.902
-6.08321 137.894
-6.04443 137.883
-6.00587 137.879
-5.96717 137.87
-5.92848 137.862
-5.88956 137.847
-5.85058 137.829
-5.81197 137.823
-5.77365 137.825
-5.73541 137.829
-5.69702 137.829
-5.65855 137.827
-5.62009 137.825
-5.58163 137.823
-5.54296 137.814
-5.50451 137.812
-5.46639 137.821
-5.42814 137.825
-5.38947 137.816
-5.35095 137.812
-5.31243 137.808
-5.27404 137.808
-5.23578 137.812
-5.19752 137.816
-5.15913 137.816
-5.12016 137.797
-5.08159 137.79
-5.04301 137.784
-5.00494 137.794
-4.96724 137.818
-4.92922 137.831
-4.89058 137.822
-4.85243 137.831
-4.8141 137.833
-4.77564 137.831
-4.73719 137.828
-4.69849 137.818
-4.65999 137.813
-4.62177 137.82
-4.58366 137.83
-4.54526 137.83
-4.50687 137.83
-4.4687 137.839
-4.43024 137.837
-4.39173 137.832
-4.35344 137.836
-4.31537 137.849
-4.27751 137.871
-4.23958 137.89
-4.20128 137.894
-4.16276 137.89
-4.12435 137.89
-4.08619 137.9
-4.04793 137.907
-4.00972 137.915
-3.97155 137.926
-3.93318 137.928
-3.8948 137.93
-3.85663 137.941
-3.8182 137.94
-3.78001 137.951
-3.74206 137.972
-3.70409 137.994
-3.66579 138
-3.62745 138.004
-3.58919 138.013
-3.55106 138.028
-3.51315 138.054
-3.475 138.068
-3.43663 138.073
-3.39822 138.075
-3.36006 138.09
-3.32206 138.113
-3.28397 138.132
-3.2457 138.143
-3.20735 138.149
-3.16924 138.169
-3.13095 138.179
-3.09267 138.19
-3.05461 138.214
-3.01635 138.226
-2.97834 138.254
-2.94022 138.276
-2.90182 138.282
-2.8635 138.293
-2.82542 138.318
-2.78712 138.331
-2.74898 138.355
-2.71084 138.378
-2.67248 138.389
-2.63414 138.402
-2.59607 138.432
-2.55795 138.46
-2.51989 138.492
-2.48168 138.516
-2.44327 138.526
-2.40483 138.535
-2.36699 138.587
-2.32862 138.602
-2.29039 138.627
-2.25194 138.638
-2.21378 138.67
-2.17587 138.724
-2.13732 138.729
-2.09911 138.761
-2.06057 138.767
-2.02234 138.8
-1.98412 138.834
-1.94586 138.866
-1.90736 138.879
-1.86943 138.944
-1.83115 138.979
-1.7928 139.009
-1.75422 139.018
-1.71614 139.076
-1.67775 139.106
-1.63918 139.119
-1.60104 139.178
-1.56269 139.217
-1.52424 139.247
-1.48564 139.262
-1.44725 139.301
-1.37078 139.425
-1.33245 139.479
-1.29378 139.494
-1.25513 139.512
-1.21667 139.557
-1.17815 139.597
-1.02441 139.836
-0.9858 139.878
-0.947296 139.941
-0.908776 140.007
-0.870075 140.044
-0.831357 140.081
-0.638321 140.465
-0.599369 140.478
