-24.8698 83.9006
-24.8437 83.9005
6.96868 136.905
8.01586 134.657
8.05112 134.601
8.08734 134.566
8.12256 134.509
8.15963 134.493
8.19471 134.434
8.22987 134.378
8.2671 134.365
8.30181 134.301
8.33791 134.266
8.37318 134.214
8.41026 134.199
8.44499 134.137
8.48133 134.108
8.51859 134.097
8.55459 134.062
8.58955 134.006
8.62677 133.996
8.66305 133.967
8.69827 133.917
8.73536 133.904
8.77138 133.871
8.8075 133.84
8.84371 133.811
8.87948 133.774
8.91652 133.762
8.95151 133.71
8.98843 133.695
9.02479 133.671
9.06093 133.642
9.09804 133.631
9.13327 133.586
9.17025 133.574
9.20611 133.541
9.24185 133.505
9.27791 133.477
9.3152 133.47
9.35078 133.433
9.38669 133.402
9.42293 133.378
9.46018 133.372
9.49732 133.363
9.53353 133.339
9.5695 133.31
9.60523 133.277
9.64222 133.266
9.67932 133.258
9.71454 133.217
9.75139 133.205
9.78824 133.192
9.82448 133.17
9.86072 133.147
9.8979 133.141
9.93496 133.133
9.97105 133.108
10.0082 133.102
10.0442 133.075
10.0802 133.051
10.1181 133.057
10.1539 133.028
10.1898 133.001
10.2266 132.989
10.2642 132.991
10.3008 132.977
10.3377 132.966
10.3742 132.95
10.4108 132.936
10.4478 132.927
10.4849 132.921
10.5215 132.907
10.5587 132.903
10.5954 132.89
10.6322 132.88
10.6691 132.87
10.7056 132.855
10.7422 132.841
10.7793 132.835
10.817 132.839
10.855 132.847
10.8919 132.839
10.928 132.818
10.9647 132.806
11.0015 132.796
11.0389 132.796
11.0762 132.794
11.1131 132.785
11.1496 132.771
11.1867 132.765
11.2238 132.761
11.2605 132.748
11.2972 132.738
11.3345 132.736
11.3722 132.74
11.4094 132.736
11.4457 132.72
11.4828 132.715
11.5209 132.726
11.5593 132.74
11.5955 132.721
11.6379 132.793
11.6822 132.893
11.7214 132.917
11.7438 132.701
11.7813 132.703
11.8183 132.697
11.8557 132.697
11.8924 132.686
11.9303 132.692
11.9688 132.709
12.0054 132.696
12.0421 132.686
12.0793 132.684
12.1163 132.678
12.1531 132.67
12.1913 132.68
12.2293 132.688
12.2667 132.688
12.3038 132.684
12.3409 132.679
12.3783 132.679
12.4166 132.692
12.4543 132.696
12.4916 132.693
12.5288 132.691
12.5667 132.697
12.605 132.71
12.6429 132.716
12.6812 132.728
12.7189 132.732
12.756 132.728
12.7934 132.728
12.8313 132.734
12.8692 132.74
12.9066 132.74
12.9445 132.746
12.9824 132.752
13.0209 132.766
13.0591 132.776
13.0968 132.78
13.1354 132.794
13.1734 132.802
13.2113 132.808
13.2497 132.821
13.2871 132.821
13.3247 132.823
13.3631 132.835
13.4017 132.849
13.4396 132.855
13.4774 132.859
13.5169 132.886
13.5562 132.908
13.5961 132.939
13.6352 132.959
13.673 132.963
13.7106 132.965
13.7487 132.973
13.7867 132.979
13.8245 132.983
13.8631 132.997
13.9014 133.007
13.9425 133.05
13.9809 133.063
14.0201 133.083
14.059 133.099
14.0977 133.114
14.1367 133.132
14.1749 133.14
14.2134 133.152
14.2542 133.191
14.292 133.195
14.3304 133.205
14.3703 133.234
14.4112 133.273
14.4512 133.302
14.489 133.306
14.528 133.322
14.5664 133.332
14.6085 133.385
14.6478 133.406
14.6879 133.435
14.7263 133.445
14.7659 133.467
14.8056 133.492
14.8455 133.519
14.8851 133.541
14.9272 133.593
14.9673 133.621
15.006 133.634
15.0461 133.662
15.0863 133.691
15.1269 133.724
15.1678 133.761
15.2084 133.794
15.2486 133.823
15.2896 133.86
15.33 133.891
15.3709 133.926
15.4111 133.955
15.4522 133.992
15.4961 134.06
15.5385 134.112
15.5773 134.124
15.6171 134.147
15.6577 134.178
15.6994 134.221
15.7414 134.267
15.7839 134.319
15.827 134.377
15.8708 134.441
15.913 134.489
15.9563 134.547
15.9983 134.593
16.0446 134.682
16.0863 134.724
16.1283 134.768
16.1677 134.784
16.2122 134.855
16.2594 134.954
16.3031 135.014
16.4411 135.268
