-22.153 143.311
-22.1092 143.275
-22.0659 143.244
-22.0225 143.21
-21.9779 143.167
-21.9309 143.104
-21.8869 143.066
-21.8432 143.03
-21.7998 142.996
-21.7589 142.982
-21.7128 142.926
-21.6692 142.89
-21.6256 142.854
-21.5828 142.825
-21.5417 142.809
-21.4984 142.776
-21.4543 142.735
-21.411 142.702
-21.3689 142.677
-21.3259 142.646
-21.2854 142.635
-21.2427 142.605
-21.2016 142.59
-21.1584 142.556
-21.1155 142.525
-21.0724 142.491
-21.0298 142.462
-20.9895 142.453
-20.9491 142.442
-20.9065 142.413
-20.8644 142.389
-20.824 142.378
-20.7822 142.355
-20.742 142.347
-20.6997 142.32
-20.6585 142.302
-20.6162 142.275
-20.5743 142.251
-20.5338 142.24
-20.4937 142.231
-20.4512 142.202
-20.4108 142.191
-20.3694 142.171
-20.329 142.16
-20.2878 142.142
-20.2482 142.138
-20.2086 142.133
-20.1677 142.118
-20.1232 142.071
-20.0834 142.064
-20.0438 142.06
-20.0039 142.053
-19.9623 142.031
-19.9225 142.025
-19.8809 142.002
-19.8408 141.994
-19.8017 141.994
-19.7628 141.996
-19.723 141.99
-19.6827 141.979
-19.6408 141.954
-19.6008 141.945
-19.5609 141.939
-19.5209 141.93
-19.4815 141.928
-19.442 141.923
-19.4019 141.915
-19.3628 141.915
-19.3237 141.915
-19.2829 141.899
-19.2424 141.886
-19.2033 141.886
-19.1645 141.889
-19.1256 141.891
-19.0858 141.884
-19.0455 141.873
-19.0057 141.867
-18.9671 141.871
-18.929 141.88
-18.8906 141.887
-18.8508 141.881
-18.8106 141.87
-18.7717 141.872
-18.7333 141.879
-18.6938 141.875
-18.653 141.859
-18.6137 141.857
-18.576 141.87
-18.5369 141.871
-18.4985 141.877
-18.4606 141.889
-18.4203 141.878
-18.3794 141.86
-18.3412 141.869
-18.3023 141.871
-18.2616 141.856
-18.2232 141.863
-18.1823 141.845
-18.1446 141.858
-18.1086 141.89
-18.0698 141.892
-18.0331 141.917
-17.9976 141.953
-17.9574 141.942
-17.9183 141.942
-17.8778 141.929
-17.8385 141.926
-17.7989 141.922
-17.76 141.924
-17.7218 141.934
-17.6846 141.954
-17.6466 141.965
-17.6077 141.967
-17.5679 141.961
-17.5281 141.954
-17.4887 141.952
-17.45 141.957
-17.412 141.968
-17.374 141.979
-17.3368 142
-17.2998 142.022
-17.2615 142.031
-17.2228 142.036
-17.1839 142.038
-17.1453 142.045
-17.1079 142.063
-17.0707 142.083
-17.0326 142.094
-16.9949 142.11
-16.957 142.124
-16.9178 142.124
-16.8786 142.124
-16.8418 142.149
-16.8045 142.169
-16.7663 142.18
-16.7293 142.203
-16.6913 142.217
-16.6538 142.235
-16.6156 142.246
-16.5781 142.264
-16.5405 142.282
-16.5036 142.307
-16.465 142.314
-16.4265 142.323
-16.3896 142.348
-16.3516 142.361
-16.3132 142.37
-16.276 142.393
-16.2394 142.422
-16.2015 142.438
-16.1647 142.465
-16.1266 142.479
-16.0924 142.535
-16.0546 142.551
-16.0161 142.56
-15.9802 142.598
-15.9421 142.612
-15.9036 142.621
-15.8665 142.646
-15.8276 142.651
-15.7902 142.673
-15.7523 142.689
-15.7177 142.743
-15.6804 142.766
-15.6442 142.802
-15.6068 142.825
-15.5682 142.834
-15.532 142.87
-15.4952 142.9
-15.4571 142.916
-15.4228 142.975
-15.3844 142.986
-15.3456 142.993
-15.3106 143.045
-15.2745 143.084
-15.2362 143.098
-15.1995 143.129
-15.1629 143.163
-15.1262 143.195
-15.0896 143.229
-15.0533 143.268
-15.0194 143.334
-14.9831 143.373
-14.9446 143.384
-14.9079 143.418
-14.8353 143.496
-14.8006 143.555
-14.7619 143.564
-14.6551 143.711
-14.6183 143.745
-14.5841 143.811
-14.548 143.855
-14.5136 143.919
-14.4791 143.983
-14.4428 144.024
-14.4066 144.068
-14.3699 144.105
-14.3337 144.148
-14.3004 144.229
-14.2683 144.325
-14.2329 144.38
-14.1946 144.399
-14.1562 144.415
-14.1207 144.47
-13.9876 144.805
-13.9554 144.904
-13.9209 144.974
-13.8825 144.992
