-0.88891 150.986
-0.846588 150.943
-0.761368 150.724
-0.719235 150.704
-0.297208 149.992
-0.255228 149.945
-0.213282 149.905
-0.129434 149.818
-0.0875463 149.781
-0.0456726 149.741
-0.00379246 149.669
0.413706 149.257
0.455358 149.217
0.497002 149.183
0.538631 149.148
0.580298 149.136
0.621836 149.077
0.663475 149.062
0.70497 149.002
0.746578 148.985
0.788108 148.948
0.829649 148.919
0.871256 148.909
0.912755 148.874
0.954217 148.835
0.995787 148.823
1.03723 148.786
1.07881 148.779
1.12015 148.727
1.16165 148.707
1.2032 148.7
1.24465 148.675
1.28599 148.634
1.32735 148.599
1.36884 148.587
1.41021 148.557
1.45174 148.553
1.49325 148.545
1.53457 148.513
1.57584 148.477
1.61731 148.467
1.65882 148.462
1.70012 148.433
1.74136 148.398
1.78263 148.369
1.82404 148.357
1.86535 148.335
1.90689 148.337
1.94836 148.332
1.98983 148.328
2.03119 148.313
2.07263 148.306
2.11377 148.271
2.15469 148.217
2.19623 148.222
2.2377 148.22
2.27913 148.215
2.32045 148.201
2.36164 148.176
2.4033 148.191
2.44473 148.186
2.48556 148.135
2.52674 148.113
2.56789 148.088
2.60912 148.071
2.64985 148.017
2.69126 148.015
2.73294 148.032
2.77467 148.052
2.81606 148.047
2.85708 148.018
2.89834 148.006
2.93982 148.008
2.98122 148.006
3.02263 148.004
3.06415 148.009
3.10536 147.994
3.14664 147.984
3.18799 147.979
3.22919 147.965
3.27058 147.963
3.31151 147.933
3.35276 147.923
3.39388 147.906
3.43522 147.902
3.47659 147.899
3.51837 147.919
3.56006 147.934
3.60213 147.968
3.64389 147.985
3.68528 147.983
3.72647 147.971
3.76772 147.961
3.80881 147.944
3.85028 147.946
3.89216 147.969
3.93394 147.986
3.97548 147.991
4.01692 147.991
4.05825 147.986
4.09974 147.989
4.14144 148.001
4.18288 148.001
4.22415 147.994
4.26586 148.006
4.30741 148.011
4.34891 148.013
4.39057 148.023
4.43219 148.031
4.47374 148.036
4.51536 148.043
4.55716 148.058
4.59861 148.058
4.6403 148.068
4.68199 148.078
4.72393 148.097
4.76594 148.12
4.80709 148.107
4.84861 148.11
4.89064 148.132
4.93261 148.152
4.97472 148.176
5.01561 148.154
5.05695 148.149
5.09862 148.157
5.14068 148.179
5.18275 148.201
5.22511 148.233
5.26707 148.25
5.30897 148.265
5.35156 148.304
5.39313 148.307
5.43428 148.295
5.47522 148.275
5.51657 148.27
5.55892 148.3
5.60157 148.339
5.64483 148.398
5.68679 148.413
5.72824 148.411
5.76991 148.416
5.81316 148.472
5.85515 148.487
5.89692 148.494
5.93876 148.504
5.98177 148.551
6.02387 148.568
6.06574 148.578
6.10738 148.581
6.15061 148.633
6.19241 148.64
6.23511 148.675
6.27718 148.69
6.31974 148.719
6.36257 148.756
6.40565 148.801
6.44751 148.808
6.49029 148.843
6.53216 148.85
6.57497 148.885
6.61762 148.915
6.65951 148.922
6.70261 148.964
6.74548 148.999
6.78871 149.043
6.8317 149.081
6.87354 149.086
6.91736 149.145
6.95958 149.16
7.00262 149.197
7.0455 149.23
7.08756 149.239
7.48121 149.71
7.5231 149.712
7.56519 149.72
7.78871 150.077
7.83099 150.087
