-4.15076 118.032
-4.11412 117.952
-4.07708 117.857
-4.04183 117.824
-4.00659 117.792
-3.97059 117.731
-3.93356 117.631
-3.89784 117.578
-3.86215 117.526
-3.82644 117.472
-3.7912 117.435
-3.75558 117.382
-3.72011 117.335
-3.68496 117.3
-3.64941 117.247
-3.61371 117.188
-3.57824 117.138
-3.54276 117.086
-3.50743 117.039
-3.4726 117.012
-3.43718 116.96
-3.4017 116.904
-3.36673 116.869
-3.33145 116.82
-3.29701 116.807
-3.26185 116.762
-3.22712 116.735
-3.1923 116.703
-3.15734 116.664
-3.12254 116.633
-3.08772 116.599
-3.0527 116.556
-3.0183 116.541
-2.98325 116.494
-2.94856 116.464
-2.91368 116.424
-2.87898 116.392
-2.84424 116.357
-2.80951 116.322
-2.77531 116.314
-2.74102 116.3
-2.70639 116.269
-2.67209 116.254
-2.63763 116.231
-2.60322 116.209
-2.56839 116.164
-2.53406 116.146
-2.49965 116.122
-2.46525 116.099
-2.43081 116.073
-2.39637 116.046
-2.362 116.023
-2.32784 116.011
-2.29352 115.99
-2.25915 115.965
-2.22487 115.945
-2.19076 115.935
-2.15624 115.898
-2.12207 115.883
-2.08795 115.872
-2.05366 115.849
-2.01963 115.842
-1.98552 115.83
-1.95124 115.806
-1.91699 115.782
-1.88286 115.767
-1.84847 115.733
-1.81438 115.72
-1.78038 115.713
-1.74618 115.69
-1.71215 115.68
-1.67808 115.667
-1.64392 115.645
-1.60978 115.625
-1.57581 115.619
-1.54184 115.612
-1.50777 115.596
-1.4737 115.579
-1.43978 115.576
-1.40579 115.566
-1.37167 115.543
-1.33769 115.533
-1.3037 115.521
-1.26959 115.496
-1.23559 115.483
-1.20176 115.487
-1.1679 115.488
-1.1339 115.473
-1.09982 115.447
-1.0659 115.44
-1.03201 115.437
-0.998103 115.43
-0.964109 115.412
-0.930134 115.396
-0.896259 115.393
-0.862363 115.386
-0.828448 115.376
-0.794547 115.368
-0.760569 115.346
-0.726668 115.336
-0.692809 115.333
-0.658915 115.323
-0.625025 115.313
-0.591164 115.308
-0.557312 115.305
-0.523455 115.3
-0.489571 115.289
-0.455732 115.287
-0.421912 115.29
-0.388072 115.289
-0.354228 115.285
-0.320385 115.282
-0.286537 115.277
-0.252701 115.275
-0.218869 115.275
-0.185026 115.27
-0.151172 115.259
-0.117331 115.252
-0.0834984 115.249
-0.0496667 115.246
-0.0158362 115.242
0.0179902 115.242
0.051817 115.242
0.0856447 115.241
0.119471 115.242
0.153299 115.244
0.187127 115.242
0.220955 115.242
0.254786 115.245
0.288618 115.249
0.322433 115.236
0.356261 115.236
0.3901 115.242
0.423939 115.247
0.457766 115.245
0.491597 115.245
0.525428 115.245
0.559273 115.25
0.593106 115.25
0.626923 115.245
0.660743 115.242
0.694581 115.244
0.728439 115.25
0.762321 115.262
0.796172 115.265
0.829971 115.257
0.863782 115.252
0.897659 115.26
0.93154 115.268
0.965388 115.27
0.999227 115.27
1.03306 115.268
1.06692 115.271
1.10079 115.276
1.13464 115.278
1.16852 115.283
1.20241 115.289
1.23633 115.299
1.27022 115.306
1.30416 115.317
1.33812 115.33
1.37204 115.339
1.40593 115.342
1.43979 115.342
1.4737 115.348
1.50764 115.357
1.54163 115.37
1.57565 115.386
1.60955 115.389
1.64339 115.386
1.67724 115.384
1.71124 115.398
1.74542 115.426
1.77935 115.43
1.81329 115.435
1.84728 115.445
1.88134 115.46
1.91532 115.468
1.94931 115.476
1.98336 115.49
2.0174 115.501
2.05149 115.516
2.08558 115.531
2.11959 115.539
2.15361 115.547
2.18772 115.562
2.22179 115.574
2.25599 115.593
2.29015 115.61
2.32419 115.618
2.35821 115.625
2.39221 115.63
2.42659 115.659
2.46073 115.673
2.49483 115.682
2.52884 115.687
2.56297 115.699
2.59732 115.724
2.63172 115.75
2.66584 115.76
2.70042 115.796
2.73447 115.801
2.76873 115.818
2.80282 115.825
2.83709 115.841
2.87177 115.879
2.906 115.892
2.94043 115.916
2.97515 115.954
3.00941 115.967
3.0438 115.987
3.07751 115.972
3.11155 115.974
3.1463 116.01
3.18126 116.057
3.21557 116.07
3.2505 116.113
3.28517 116.143
3.32032 116.194
3.35456 116.203
3.38869 116.206
3.42334 116.233
3.45845 116.279
3.49313 116.306
3.52736 116.313
3.56195 116.334
3.63193 116.411
3.66667 116.438
3.70142 116.464
3.73659 116.508
3.7715 116.539
3.80585 116.548
4.01618 116.759
4.05116 116.789
4.08665 116.838
4.1222 116.888
4.15715 116.915
4.19229 116.948
4.29879 117.085
4.4425 117.316
4.47712 117.326
4.51223 117.353
4.62089 117.542
4.65603 117.568
5.17907 118.816
5.21426 118.832
5.24981 118.858
5.28532 118.882
