-36.7031 144.408
-36.6472 144.326
-36.5793 144.184
-36.5 143.986
-36.4434 143.9
-36.3896 143.827
-35.8533 143.099
-35.8008 143.032
-35.7489 142.967
-35.6966 142.899
-35.592 142.765
-35.5509 142.753
-35.2163 142.436
-35.1757 142.427
-35.1304 142.394
-35.0775 142.322
-35.0322 142.289
-34.993 142.287
-34.9499 142.264
-34.9037 142.227
-34.8624 142.213
-34.8171 142.18
-34.7657 142.115
-34.724 142.1
-34.674 142.042
-34.6331 142.031
-34.5884 142
-34.5445 141.973
-34.5093 141.991
-34.4602 141.938
-34.4203 141.931
-34.3799 141.923
-34.33 141.865
-34.2896 141.856
-34.2497 141.85
-34.2063 141.825
-34.1625 141.799
-34.1226 141.792
-34.0784 141.763
-34.0381 141.755
-33.9977 141.746
-33.954 141.719
-33.9145 141.715
-33.8754 141.713
-33.8321 141.689
-33.7867 141.653
-33.7426 141.625
-33.7023 141.616
-33.6586 141.589
-33.6188 141.583
-33.5776 141.57
-33.5344 141.545
-33.4958 141.546
-33.4551 141.535
-33.411 141.506
-33.372 141.504
-33.333 141.502
-33.2923 141.491
-33.2504 141.473
-33.2076 141.451
-33.1665 141.438
-33.1254 141.425
-33.0868 141.425
-33.0474 141.421
-33.0072 141.412
-32.9698 141.419
-32.9312 141.419
-32.8926 141.419
-32.8519 141.408
-32.8113 141.397
-32.7727 141.398
-32.7345 141.4
-32.6947 141.393
-32.654 141.383
-32.6146 141.378
-32.5768 141.383
-32.537 141.376
-32.4931 141.348
-32.4537 141.343
-32.4163 141.35
-32.381 141.368
-32.3407 141.359
-32.3005 141.351
-32.2611 141.346
-32.2261 141.367
-32.1851 141.353
-32.1465 141.354
-32.1067 141.347
-32.0669 141.341
-32.0291 141.345
-31.9909 141.348
-31.9531 141.352
-31.914 141.35
-31.8762 141.355
-31.8388 141.361
-31.799 141.355
-31.7576 141.34
-31.7178 141.333
-31.6812 141.344
-31.6461 141.364
-31.6102 141.38
-31.5744 141.396
-31.5381 141.409
-31.4991 141.407
-31.4593 141.401
-31.4249 141.425
-31.3887 141.439
-31.3484 141.43
-31.3059 141.408
-31.2684 141.415
-31.238 141.462
-31.2013 141.473
-31.1665 141.495
-31.1271 141.491
-31.0888 141.493
-31.0462 141.471
-31.0084 141.476
-30.9759 141.511
-30.9411 141.534
-30.9047 141.547
-30.863 141.53
-30.8235 141.525
-30.7829 141.514
-30.7423 141.504
-30.7059 141.517
-30.6699 141.533
-30.6324 141.54
-30.5949 141.546
-30.5569 141.551
-30.5217 141.571
-30.4845 141.58
-30.4492 141.6
-30.4132 141.616
-30.3764 141.627
-30.3403 141.643
-30.3016 141.643
-30.2629 141.643
-30.2246 141.646
-30.1866 141.65
-30.149 141.657
-30.1174 141.7
-30.0813 141.715
-30.0456 141.733
-30.0084 141.742
-29.9734 141.765
-29.9388 141.789
-29.9004 141.792
-29.8631 141.801
-29.8299 141.834
-29.7979 141.875
-29.7643 141.906
-29.7274 141.917
-29.6912 141.933
-29.6532 141.938
-29.6162 141.949
-29.5793 141.96
-29.5464 141.996
-29.5154 142.043
-29.4773 142.048
-29.4392 142.053
-29.4018 142.062
-29.3678 142.091
-29.3348 142.127
-29.2978 142.138
-29.2634 142.165
-29.2264 142.177
-29.193 142.21
-29.1593 142.242
-29.1248 142.269
-29.087 142.276
-29.0495 142.285
-29.0198 142.341
-28.9871 142.379
-28.9496 142.388
-28.9161 142.422
-28.8823 142.454
-28.8452 142.465
-28.8146 142.517
-28.7767 142.524
-28.7403 142.54
-28.706 142.569
-28.6779 142.637
-28.645 142.675
-28.6071 142.682
-28.5696 142.691
-28.5399 142.75
-28.5056 142.779
-28.4687 142.793
-28.4387 142.849
-28.4014 142.861
-28.371 142.915
-28.3391 142.96
-28.3071 143.006
-28.2773 143.065
-28.244 143.101
-28.2059 143.108
-28.1725 143.144
-28.1437 143.21
-27.9446 143.44
-27.8772 143.51
-27.8475 143.572
-27.6643 143.912
-27.6303 143.946
-27.5959 143.979
-27.5625 144.018
-27.5385 144.118
-27.5065 144.166
-27.4783 144.24
-27.4494 144.309
-27.4152 144.343
-27.3831 144.392
-27.3586 144.49
-27.3265 144.539
-27.3016 144.635
-27.2729 144.707
-27.2473 144.799
-27.222 144.894
-27.1935 144.968
-27.1671 145.056
-27.1424 145.155
-27.1142 145.232
-27.2384 147.679
-27.2278 147.879
-27.2199 148.098
