-1.00393 164.379
-0.686109 163.812
-0.550665 163.631
-0.0561895 163.037
-0.0113914 162.995
0.0333747 162.978
0.43556 162.586
0.480202 162.572
0.524843 162.561
0.569353 162.493
0.61395 162.473
0.658402 162.402
0.70297 162.382
0.747476 162.346
0.792071 162.34
0.836571 162.309
0.881101 162.289
0.925416 162.219
0.969954 162.207
1.0144 162.176
1.05893 162.168
1.10341 162.148
1.14777 162.109
1.19212 162.069
1.23656 162.05
1.281 162.03
1.32534 161.996
1.36971 161.971
1.41422 161.968
1.4587 161.96
1.50311 161.943
1.54735 161.904
1.59161 161.87
1.63614 161.873
1.68068 161.876
1.72512 161.867
1.76939 161.839
1.81372 161.82
1.85793 161.786
1.90227 161.769
1.94667 161.761
1.99113 161.758
2.03556 161.753
2.07979 161.727
2.12407 161.708
2.16843 161.697
2.21278 161.685
2.25722 161.683
2.30135 161.652
2.34553 161.627
2.38992 161.621
2.43437 161.621
2.47859 161.602
2.5227 161.573
2.56708 161.568
2.61145 161.562
2.65575 161.551
2.70004 161.54
2.7444 161.535
2.78857 161.515
2.833 161.515
2.87743 161.515
2.92155 161.493
2.96569 161.473
3.00995 161.462
3.05404 161.44
3.09833 161.431
3.1424 161.409
3.18638 161.381
3.22999 161.33
3.27314 161.252
3.31791 161.277
3.36302 161.322
3.40885 161.409
3.4533 161.412
3.49747 161.398
3.54193 161.401
3.58658 161.415
3.63123 161.429
3.67589 161.444
3.72016 161.435
3.76452 161.432
3.80924 161.449
3.85387 161.461
3.8985 161.472
3.94325 161.489
3.98767 161.489
4.03193 161.481
4.07652 161.489
4.12106 161.495
4.16571 161.506
4.21043 161.52
4.25521 161.537
4.29964 161.537
4.34408 161.537
4.38846 161.535
4.43313 161.546
4.478 161.566
4.52256 161.571
4.56719 161.58
4.6117 161.583
4.65627 161.589
4.70117 161.608
4.74621 161.634
4.79132 161.662
4.83578 161.662
4.87971 161.639
4.92423 161.642
4.96944 161.673
5.01452 161.699
5.05913 161.704
5.10424 161.73
5.14949 161.761
5.19404 161.764
5.23853 161.764
5.28396 161.801
5.32867 161.809
5.37368 161.829
5.41967 161.885
5.46425 161.888
5.50914 161.902
5.55381 161.908
5.6001 161.973
5.64525 161.996
5.6901 162.007
5.73526 162.03
5.78005 162.038
5.82499 162.052
5.87059 162.089
5.9162 162.126
5.96101 162.135
6.00574 162.14
6.05139 162.177
6.09714 162.217
6.14198 162.225
6.18776 162.265
6.23253 162.271
6.32337 162.325
6.37027 162.398
6.4164 162.447
6.46139 162.458
6.50827 162.529
6.55338 162.543
6.59803 162.543
6.64296 162.552
6.69003 162.626
6.96607 162.862
7.01332 162.936
7.05855 162.951
7.10339 162.953
