-24.8694 83.8986
-24.8432 83.8985
11.8956 144.093
11.9351 144.086
11.9747 144.081
12.0143 144.076
12.0537 144.067
12.8452 142.297
12.8836 142.281
12.9209 142.249
12.9559 142.187
13.0939 141.912
13.1345 141.928
13.1698 141.871
13.2049 141.812
13.2397 141.751
13.2782 141.737
13.3157 141.712
13.3521 141.671
13.3891 141.64
13.4251 141.594
13.4595 141.529
13.4963 141.495
13.5333 141.463
13.5702 141.431
13.6084 141.416
13.6453 141.384
13.6801 141.325
13.7167 141.289
13.7556 141.284
13.7918 141.244
13.8281 141.205
13.8648 141.172
13.9012 141.136
13.94 141.129
13.9771 141.102
14.015 141.084
14.0493 141.021
14.0859 140.987
14.1226 140.955
14.1595 140.926
14.1975 140.91
14.2345 140.883
14.2711 140.849
14.3076 140.816
14.3462 140.809
14.3832 140.782
14.4215 140.771
14.4578 140.735
14.4944 140.703
14.5312 140.674
14.5694 140.663
14.6064 140.636
14.6446 140.625
14.6835 140.622
14.7182 140.569
14.7566 140.559
14.795 140.55
14.8319 140.523
14.8708 140.521
14.9075 140.492
14.944 140.461
14.9823 140.452
15.0212 140.449
15.0601 140.447
15.0964 140.413
15.1323 140.375
15.1694 140.353
15.2083 140.351
15.2478 140.355
15.2843 140.326
15.3215 140.303
15.3588 140.283
15.3959 140.261
15.433 140.239
15.4717 140.234
15.5105 140.232
15.5488 140.223
15.5861 140.202
15.6247 140.198
15.6631 140.191
15.701 140.178
15.738 140.155
15.7788 140.175
15.8182 140.179
15.8547 140.15
15.8923 140.135
15.9301 140.121
15.9683 140.112
16.0053 140.09
16.0445 140.092
16.0835 140.092
16.1213 140.078
16.1588 140.063
16.1962 140.045
16.2325 140.016
16.2723 140.025
16.3127 140.04
16.3535 140.06
16.3919 140.053
16.4315 140.06
16.4709 140.064
16.5076 140.039
16.5453 140.026
16.5862 140.046
16.6245 140.039
16.6633 140.037
16.7018 140.032
16.7383 140.005
16.7796 140.029
16.8192 140.036
16.8577 140.031
16.8954 140.018
16.9331 140.004
16.9706 139.989
17.0095 139.989
17.0483 139.986
17.0859 139.973
17.1253 139.977
17.1645 139.979
17.2028 139.972
17.2415 139.97
17.282 139.985
17.3229 140.005
17.3622 140.01
17.4003 140.001
17.439 139.998
17.4784 140.002
17.5189 140.018
17.5605 140.044
17.6006 140.055
17.6389 140.048
17.6769 140.039
17.7152 140.033
17.7544 140.035
17.7942 140.043
17.8339 140.05
17.873 140.052
17.9124 140.056
17.9521 140.063
17.9926 140.078
18.0324 140.087
18.073 140.102
18.1124 140.106
18.152 140.113
18.1912 140.115
18.2297 140.11
18.2689 140.112
18.3086 140.119
18.3492 140.134
18.3906 140.159
18.4319 140.181
18.4718 140.189
18.5113 140.194
18.5519 140.209
18.5918 140.218
18.6317 140.227
18.6716 140.235
18.7108 140.237
18.7522 140.259
18.7923 140.27
18.8327 140.283
18.8746 140.31
18.9152 140.325
18.9549 140.332
18.9944 140.336
19.0346 140.347
19.0767 140.376
19.1164 140.382
19.1562 140.389
19.1966 140.402
19.2393 140.435
19.2822 140.471
19.3226 140.484
19.3673 140.535
19.4075 140.546
19.4476 140.555
19.4898 140.584
19.532 140.613
19.5721 140.621
19.6136 140.643
19.6541 140.657
19.7001 140.719
19.7434 140.757
19.7847 140.777
19.8248 140.785
19.8652 140.796
19.9078 140.828
19.9511 140.865
19.9943 140.901
20.0344 140.91
20.0798 140.966
20.1238 141.008
20.1657 141.033
20.2056 141.039
20.2483 141.07
20.2928 141.117
20.3358 141.151
20.3758 141.157
20.4183 141.186
20.648 141.478
20.6909 141.509
20.7338 141.54
20.7798 141.599
20.8209 141.614
20.8657 141.661
20.9121 141.722
20.9527 141.733
21.0029 141.826
21.0542 141.927
21.1425 142.009
21.1842 142.029
21.5875 142.764
21.6325 142.81
