-27.3038 136.194
-27.2606 136.159
-27.2177 136.126
-27.1689 136.055
-27.1251 136.015
-27.0799 135.968
-27.0345 135.918
-26.9917 135.884
-26.9456 135.83
-26.9012 135.787
-26.8543 135.727
-26.8119 135.696
-26.7688 135.66
-26.5033 135.4
-26.4639 135.388
-26.4191 135.34
-26.3804 135.332
-26.3426 135.33
-26.3039 135.322
-26.2544 135.243
-26.2147 135.229
-26.1722 135.196
-26.1301 135.165
-26.0879 135.134
-26.0464 135.107
-25.9565 135.009
-25.9148 134.98
-25.8768 134.976
-25.8385 134.97
-25.7961 134.937
-25.7578 134.931
-25.7161 134.902
-25.674 134.871
-25.633 134.847
-25.5981 134.863
-25.5521 134.806
-25.5129 134.794
-25.4721 134.771
-25.4336 134.763
-25.3956 134.759
-25.3549 134.736
-25.3139 134.712
-25.2756 134.706
-25.2371 134.698
-25.1961 134.673
-25.1581 134.669
-25.1175 134.647
-25.0795 134.643
-25.0416 134.639
-25.0037 134.635
-24.9627 134.61
-24.9224 134.59
-24.8842 134.583
-24.8447 134.569
-24.8032 134.541
-24.765 134.535
-24.728 134.537
-24.6904 134.535
-24.6501 134.514
-24.6107 134.5
-24.5716 134.488
-24.5337 134.484
-24.4922 134.455
-24.4544 134.451
-24.4176 134.455
-24.3794 134.449
-24.3407 134.439
-24.3022 134.431
-24.2637 134.423
-24.2247 134.411
-24.1865 134.405
-24.1486 134.401
-24.1098 134.391
-24.0754 134.411
-24.0355 134.393
-23.9933 134.358
-23.9546 134.348
-23.9181 134.354
-23.8828 134.369
-23.8455 134.369
-23.8062 134.354
-23.7681 134.348
-23.7319 134.357
-23.696 134.367
-23.6582 134.363
-23.6186 134.347
-23.5804 134.341
-23.5428 134.339
-23.5061 134.343
-23.4696 134.349
-23.4326 134.351
-23.395 134.349
-23.3574 134.347
-23.3195 134.343
-23.2819 134.341
-23.2457 134.35
-23.2107 134.366
-23.1736 134.368
-23.1352 134.36
-23.099 134.368
-23.0628 134.377
-23.0254 134.377
-22.9878 134.375
-22.9505 134.375
-22.9137 134.379
-22.8783 134.393
-22.841 134.393
-22.807 134.418
-22.7691 134.414
-22.7334 134.426
-22.696 134.427
-22.6584 134.425
-22.6202 134.418
-22.5823 134.414
-22.5477 134.435
-22.5131 134.456
-22.4757 134.456
-22.4357 134.435
-22.398 134.433
-22.3615 134.44
-22.3257 134.452
-22.29 134.464
-22.2542 134.477
-22.2166 134.475
-22.179 134.473
-22.1421 134.477
-22.1055 134.483
-22.0682 134.483
-22.0308 134.483
-21.9947 134.494
-21.9598 134.512
-21.9245 134.529
-21.8876 134.533
-21.8516 134.543
-21.8163 134.56
-21.781 134.576
-21.7449 134.586
-21.7101 134.607
-21.6743 134.619
-21.6379 134.628
-21.6031 134.648
-21.5667 134.657
-21.5306 134.667
-21.495 134.681
-21.4607 134.706
-21.4258 134.727
-21.3889 134.731
-21.3525 134.739
-21.3168 134.754
-21.2814 134.77
-21.2455 134.783
-21.2104 134.801
-21.1752 134.82
-21.1403 134.841
-21.1051 134.859
-21.0694 134.874
-21.0342 134.892
-21.0006 134.923
-20.9656 134.944
-20.9296 134.956
-20.8941 134.973
-20.8589 134.992
-20.8239 135.012
-20.7897 135.039
-20.7539 135.054
-20.7207 135.089
-20.6849 135.104
-20.6493 135.12
-20.615 135.147
-20.5797 135.166
-20.5444 135.184
-20.5096 135.207
-20.474 135.224
-20.4379 135.236
-20.4035 135.263
-20.3677 135.278
-20.337 135.336
-20.3036 135.371
-20.2685 135.392
-20.2318 135.4
-20.1954 135.411
-20.1615 135.442
-20.1278 135.475
-20.0945 135.513
-20.061 135.548
-20.0263 135.573
-19.9899 135.584
-19.9583 135.636
-19.9247 135.671
-19.8919 135.713
-19.8602 135.765
-19.8242 135.779
-19.7899 135.809
-19.7555 135.838
-19.7195 135.853
-19.6875 135.903
-19.6515 135.917
-19.6207 135.978
-19.5889 136.03
-19.5554 136.068
-19.5193 136.083
-19.4853 136.116
-19.4534 136.169
-19.4201 136.208
-19.3861 136.242
-19.3556 136.307
-19.3242 136.364
-19.2884 136.383
-19.2541 136.414
-19.2233 136.477
-19.1899 136.517
-19.1588 136.578
-19.1256 136.62
-19.0919 136.658
-19.0605 136.717
-19.0268 136.755
-18.9653 136.886
-18.9345 136.952
-18.9037 137.017
-18.8736 137.089
-18.8416 137.144
-18.8073 137.178
-18.7743 137.225
-18.7455 137.31
-18.6273 137.627
-18.5942 137.674
-18.5659 137.765
-18.4641 140.43
-18.4264 140.442
-18.3883 140.448
