2.97235 127.329
3.21428 126.591
3.24994 126.551
3.38725 126.142
3.42278 126.102
3.45836 126.066
3.49402 126.034
3.52969 126.004
3.66901 125.738
3.70403 125.684
3.73882 125.62
3.77331 125.545
3.80923 125.532
3.8446 125.496
3.87938 125.436
4.01985 125.262
4.05517 125.229
4.09005 125.178
4.12519 125.139
4.16051 125.107
4.19528 125.055
4.23051 125.021
4.26568 124.986
4.30094 124.954
4.33588 124.912
4.37156 124.897
4.40688 124.869
4.44146 124.815
4.4766 124.781
4.51187 124.754
4.54708 124.724
4.58233 124.696
4.61735 124.661
4.65209 124.616
4.68767 124.602
4.72298 124.577
4.75811 124.548
4.79257 124.496
4.82794 124.476
4.86326 124.453
4.89862 124.433
4.93374 124.405
4.96925 124.391
5.00459 124.37
5.03968 124.343
5.07458 124.309
5.10965 124.282
5.14488 124.259
5.18034 124.245
5.21531 124.215
5.25034 124.188
5.28577 124.173
5.32138 124.164
5.35674 124.147
5.3916 124.116
5.42713 124.105
5.46253 124.09
5.49799 124.077
5.53287 124.048
5.56818 124.031
5.60316 124.005
5.63879 123.998
5.67414 123.983
5.70903 123.956
5.74418 123.936
5.77971 123.926
5.81504 123.912
5.84989 123.884
5.88527 123.871
5.92057 123.857
5.95594 123.844
5.99123 123.829
6.02645 123.813
6.06166 123.796
6.09686 123.78
6.13227 123.769
6.16789 123.763
6.20314 123.749
6.23817 123.728
6.2737 123.721
6.30923 123.714
6.34446 123.699
6.37954 123.681
6.41483 123.668
6.45041 123.663
6.48607 123.659
6.52172 123.655
6.55685 123.639
6.59219 123.628
6.62753 123.617
6.66325 123.615
6.69881 123.61
6.73421 123.601
6.76969 123.593
6.80493 123.581
6.83993 123.562
6.87523 123.551
6.91077 123.546
6.94655 123.546
6.98217 123.542
7.01771 123.537
7.05332 123.533
7.08901 123.531
7.12479 123.532
7.16056 123.532
7.19609 123.526
7.2317 123.522
7.2673 123.519
7.30282 123.513
7.33826 123.506
7.3736 123.497
7.40963 123.503
7.44539 123.503
7.48082 123.495
7.51606 123.484
7.55139 123.475
7.58716 123.475
7.62283 123.474
7.65921 123.486
7.6948 123.483
7.7303 123.477
7.76579 123.472
7.80119 123.465
7.83695 123.465
7.87262 123.463
7.90811 123.457
7.94396 123.459
7.9799 123.463
8.01557 123.461
8.05096 123.454
8.08653 123.45
8.12257 123.456
8.1587 123.463
8.19484 123.471
8.2307 123.472
8.26656 123.474
8.30251 123.478
8.33847 123.482
8.37443 123.485
8.41049 123.491
8.44645 123.495
8.48241 123.498
8.51828 123.5
8.55395 123.498
8.58991 123.502
8.62638 123.515
8.66296 123.53
8.69894 123.533
8.73501 123.539
8.771 123.543
8.80708 123.548
8.84337 123.557
8.88008 123.574
8.91628 123.581
8.95227 123.585
8.98827 123.589
9.02416 123.591
9.06079 123.605
9.09775 123.626
9.13397 123.633
9.16966 123.631
9.20567 123.635
9.24254 123.653
9.27942 123.672
9.31566 123.679
9.35158 123.681
9.38826 123.696
9.4244 123.701
9.46131 123.72
9.49768 123.729
9.53406 123.738
9.57066 123.751
9.6067 123.755
9.64376 123.775
9.67982 123.779
9.71621 123.788
9.75477 123.832
9.79118 123.841
9.82839 123.863
9.8647 123.871
9.90078 123.875
9.93802 123.897
9.97411 123.9
10.0115 123.924
10.0493 123.956
10.0858 123.965
10.1219 123.969
10.1598 124
10.1974 124.028
10.2338 124.035
10.271 124.056
10.3089 124.087
10.3463 124.109
10.3828 124.118
10.4216 124.163
10.4581 124.172
10.4956 124.196
10.5321 124.204
10.5697 124.229
10.6064 124.241
10.6452 124.283
10.6829 124.309
10.7197 124.322
10.7573 124.346
10.7949 124.37
10.833 124.402
10.8713 124.437
10.9105 124.483
10.9467 124.487
10.9827 124.487
11.0208 124.517
11.0613 124.582
11.1008 124.632
11.1377 124.645
11.1771 124.694
11.2136 124.699
11.3707 124.882
11.4087 124.908
11.4467 124.936
11.4836 124.947
11.5219 124.977
12.0404 125.633
12.2053 125.897
12.2442 125.931
