-24.8698 83.9006
-24.8426 83.8955
-12.8025 165.375
-12.5564 164.999
-12.505 164.887
-12.4594 164.868
-12.4098 164.785
-11.9324 164.227
-11.8854 164.182
-11.7913 164.088
-11.7445 164.046
-11.6974 163.998
-11.6485 163.918
-11.6018 163.876
-11.5571 163.868
-11.512 163.854
-11.462 163.752
-11.4168 163.735
-11.3705 163.699
-11.3259 163.693
-11.2813 163.685
-11.2347 163.643
-11.1878 163.595
-11.1431 163.587
-11.0968 163.548
-11.0499 163.5
-11.0034 163.458
-10.9574 163.424
-10.9129 163.419
-10.8665 163.376
-10.8213 163.357
-10.7755 163.326
-10.7298 163.298
-10.6854 163.293
-10.6409 163.288
-10.5961 163.274
-10.55 163.237
-10.5038 163.198
-10.4592 163.19
-10.4148 163.185
-10.3675 163.123
-10.3225 163.106
-10.2776 163.09
-10.232 163.062
-10.1879 163.062
-10.1453 163.091
-10.0997 163.063
-10.0557 163.063
-10.0109 163.049
-9.96437 163.002
-9.91722 162.94
-9.87301 162.938
-9.82921 162.944
-9.78459 162.933
-9.74093 162.941
-9.69754 162.956
-9.65251 162.936
-9.60695 162.906
-9.56234 162.895
-9.51733 162.875
-9.47287 162.867
-9.42761 162.842
-9.38197 162.809
-9.33766 162.803
-9.29347 162.801
-9.24929 162.798
-9.2055 162.804
-9.16132 162.802
-9.11572 162.768
-9.07078 162.749
-9.02725 162.761
-8.9837 162.772
-8.93915 162.761
-8.89435 162.745
-8.85006 162.739
-8.80613 162.743
-8.76184 162.737
-8.71669 162.712
-8.67155 162.687
-8.62775 162.693
-8.58468 162.716
-8.54076 162.719
-8.49659 162.717
-8.45266 162.72
-8.40861 162.72
-8.36456 162.72
-8.32121 162.738
-8.45739 167.103
-8.23218 162.716
-8.18813 162.716
-8.14705 162.79
-8.10572 162.858
-8.05994 162.816
-8.01372 162.762
-7.96887 162.743
-7.92402 162.723
-7.87997 162.724
-7.83558 162.716
-7.79185 162.724
-7.748 162.73
-7.70372 162.725
-7.65955 162.722
-7.61549 162.723
-7.57196 162.737
-7.52853 162.754
-7.48446 162.755
-7.44049 162.758
-7.39673 162.766
-7.35327 162.784
-7.3097 162.798
-7.26644 162.821
-7.22255 162.827
-7.17866 162.833
-7.13496 162.844
-7.09137 162.859
-7.04756 162.867
-7.00375 162.876
-6.96004 162.888
-6.91651 162.905
-6.87346 162.936
-6.8303 162.965
-6.78627 162.968
-6.74166 162.954
-6.69725 162.946
-6.65368 162.963
-6.6102 162.983
-6.56681 163.006
-6.52349 163.032
-6.48053 163.069
-6.4371 163.091
-6.3932 163.1
-6.34913 163.103
-6.30558 163.123
-6.26194 163.141
-6.21829 163.158
-6.17594 163.218
-6.13209 163.229
-6.08892 163.263
-6.04506 163.275
-6.00127 163.289
-5.95799 163.321
-5.91477 163.355
-5.87087 163.367
-5.82779 163.407
-5.78396 163.421
-5.73988 163.427
-5.6966 163.461
-5.65354 163.504
-5.60983 163.524
-5.56706 163.578
-5.52324 163.596
-5.47927 163.607
-5.43513 163.613
-5.39168 163.645
-5.34927 163.716
-5.30518 163.725
-5.26124 163.739
-5.21899 163.819
-5.17582 163.865
-5.13256 163.908
-5.08943 163.957
-4.87213 164.146
-4.82875 164.19
-4.78446 164.195
-4.74104 164.239
-4.69827 164.31
-3.49117 166.513
-3.44652 166.53
-3.4023 166.574
