26.5308 156.185
26.5863 156.277
26.6414 156.367
26.6839 156.364
26.7069 156.219
26.7244 156.033
26.7445 155.867
26.421 151.978
26.4555 151.924
26.4911 151.879
26.5203 151.787
26.5492 151.694
26.5794 151.61
26.8725 151.02
26.9128 151.009
26.9488 150.969
27.005 150.778
27.0456 150.771
27.2479 150.44
27.2884 150.432
27.3195 150.36
27.3506 150.287
27.3914 150.282
27.4311 150.27
27.4647 150.215
27.5054 150.21
27.5451 150.197
27.5801 150.152
27.6107 150.077
27.6423 150.01
27.6747 149.948
27.7143 149.935
27.7499 149.895
27.7851 149.853
27.8243 149.838
27.8577 149.783
27.8965 149.766
27.9331 149.733
27.9727 149.721
28.0085 149.684
28.044 149.644
28.0843 149.636
28.1216 149.609
28.1607 149.594
28.1928 149.532
28.2323 149.519
28.2666 149.472
28.3034 149.443
28.341 149.418
28.3816 149.413
28.421 149.4
28.4563 149.361
28.4957 149.348
28.5284 149.291
28.5641 149.254
28.6038 149.244
28.6424 149.227
28.6818 149.214
28.72 149.194
28.7564 149.162
28.7942 149.14
28.8336 149.127
28.8706 149.1
28.9103 149.09
28.9504 149.083
28.9882 149.06
29.0252 149.033
29.0656 149.028
29.1049 149.016
29.1442 149.003
29.1827 148.986
29.2178 148.946
29.2551 148.922
29.292 148.895
29.3263 148.85
29.3651 148.835
29.4067 148.838
29.4493 148.847
29.4905 148.847
29.5293 148.832
29.5662 148.805
29.6057 148.795
29.643 148.77
29.6806 148.748
29.7205 148.741
29.7582 148.719
29.7977 148.709
29.84 148.716
29.8771 148.691
29.9132 148.659
29.9484 148.622
29.9898 148.625
30.0282 148.607
30.0626 148.566
30.1012 148.551
30.1427 148.553
30.1885 148.582
30.2342 148.611
30.2773 148.623
30.3152 148.604
30.3546 148.594
30.3957 148.594
30.4363 148.591
30.4766 148.586
30.5125 148.554
30.5539 148.556
30.5957 148.561
30.634 148.544
30.6766 148.553
30.7176 148.553
30.7591 148.555
30.8009 148.56
30.8431 148.567
30.8846 148.57
30.9256 148.569
30.9678 148.577
31.008 148.571
31.0458 148.552
31.086 148.547
31.1295 148.561
31.1725 148.573
31.214 148.576
31.2533 148.566
31.2931 148.558
31.3346 148.56
31.378 148.575
31.4186 148.572
31.4609 148.579
31.5056 148.601
31.5478 148.608
31.5876 148.601
31.6224 148.564
31.663 148.561
31.7036 148.559
31.7467 148.571
31.7889 148.578
31.8333 148.597
31.8755 148.604
31.9174 148.609
31.9579 148.607
31.9994 148.609
32.0408 148.611
32.081 148.606
32.1236 148.616
32.1663 148.625
32.2077 148.628
32.2538 148.657
32.3007 148.691
32.3425 148.695
32.3831 148.693
32.4334 148.746
32.477 148.761
32.518 148.761
32.5582 148.756
32.5941 148.726
32.6351 148.726
32.6817 148.758
32.7248 148.77
32.7723 148.806
32.8137 148.808
32.8586 148.83
32.9009 148.837
32.9432 148.845
32.986 148.854
33.033 148.888
33.0788 148.915
33.125 148.944
33.2521 148.966
33.2983 148.995
33.342 149.01
33.3896 149.046
33.432 149.053
33.6632 149.197
33.7056 149.205
