-1.22907 114.679
-1.19562 114.655
-1.16232 114.647
-0.960587 114.319
-0.927286 114.298
-0.894079 114.29
-0.860732 114.26
-0.494463 113.832
-0.46134 113.811
-0.262601 113.602
-0.22955 113.575
-0.196518 113.551
-0.163504 113.532
-0.13051 113.521
-0.0974838 113.479
-0.0644952 113.455
-0.0315162 113.43
0.00144364 113.419
0.0344061 113.382
0.0673512 113.357
0.100288 113.352
0.133221 113.344
0.166129 113.302
0.199033 113.277
0.231907 113.234
0.26481 113.229
0.297703 113.22
0.330533 113.176
0.363379 113.151
0.396217 113.127
0.429052 113.107
0.461915 113.1
0.494775 113.094
0.527588 113.074
0.560372 113.047
0.593159 113.025
0.625937 113.003
0.658749 112.992
0.691516 112.971
0.724266 112.949
0.756985 112.923
0.789638 112.885
0.822402 112.873
0.855202 112.868
0.888026 112.868
0.920787 112.857
0.953505 112.84
0.986244 112.827
1.01899 112.816
1.05168 112.799
1.08432 112.774
1.11707 112.766
1.14985 112.764
1.18264 112.763
1.21515 112.725
1.24783 112.711
1.2805 112.697
1.31324 112.692
1.34597 112.686
1.37865 112.675
1.41135 112.666
1.44401 112.653
1.47673 112.648
1.50935 112.633
1.54198 112.619
1.57457 112.601
1.60723 112.592
1.63984 112.578
1.67241 112.561
1.70508 112.553
1.73783 112.553
1.77059 112.554
1.80331 112.551
1.83602 112.548
1.86873 112.545
1.9013 112.531
1.93379 112.511
1.96651 112.509
1.99914 112.501
2.03176 112.492
2.06436 112.482
2.09699 112.475
2.12968 112.471
2.16221 112.457
2.19484 112.451
2.22759 112.453
2.26032 112.453
2.29297 112.448
2.3257 112.448
2.35832 112.441
2.3908 112.426
2.42337 112.417
2.45606 112.415
2.4888 112.416
2.5216 112.421
2.55429 112.419
2.5869 112.413
2.61956 112.41
2.65219 112.405
2.68482 112.401
2.71725 112.385
2.74967 112.369
2.78258 112.38
2.81552 112.393
2.8485 112.407
2.8816 112.427
2.91435 112.428
2.94692 112.42
2.97935 112.406
3.01209 112.408
3.04478 112.406
3.07752 112.408
3.11017 112.405
3.14278 112.4
3.17556 112.403
3.2084 112.409
3.24108 112.407
3.27359 112.398
3.30623 112.395
3.33904 112.4
3.37182 112.403
3.40456 112.404
3.43749 112.413
3.47009 112.409
3.50266 112.402
3.53544 112.405
3.56841 112.416
3.60124 112.421
3.63406 112.425
3.66681 112.427
3.69953 112.427
3.73252 112.438
3.76551 112.449
3.79819 112.447
3.8309 112.447
3.86374 112.451
3.89671 112.461
3.92959 112.467
3.96248 112.473
3.99554 112.485
4.02839 112.49
4.06129 112.496
4.09423 112.504
4.12731 112.516
4.16021 112.523
4.19334 112.536
4.22608 112.536
4.25854 112.527
4.29209 112.555
4.32501 112.561
4.35784 112.564
4.39058 112.564
4.42346 112.569
4.45649 112.578
4.49018 112.609
4.52321 112.618
4.55611 112.623
4.58886 112.623
4.6222 112.642
4.65515 112.648
4.68851 112.666
4.72187 112.685
4.75473 112.688
4.78765 112.693
4.82113 112.715
4.85467 112.738
4.8876 112.743
4.92106 112.763
4.95462 112.786
4.98773 112.795
5.02057 112.797
5.05405 112.817
5.0869 112.819
5.11969 112.819
5.15303 112.834
5.18643 112.851
5.22061 112.89
5.25437 112.917
5.28786 112.936
5.32073 112.937
5.35389 112.946
5.38694 112.953
5.42027 112.967
5.45333 112.973
5.48709 112.998
5.52156 113.042
5.55534 113.067
5.58985 113.11
5.62288 113.115
5.65598 113.121
5.68901 113.126
5.72266 113.146
5.75577 113.152
5.79029 113.195
5.82397 113.215
5.8584 113.254
5.89198 113.272
5.92581 113.295
5.95966 113.319
5.99351 113.342
6.02827 113.388
6.06228 113.414
6.09605 113.435
6.1293 113.443
6.16268 113.454
6.19712 113.49
6.23072 113.505
6.2654 113.546
6.30002 113.586
6.33331 113.594
6.36749 113.622
6.40243 113.668
6.43664 113.696
6.47155 113.74
6.50565 113.765
6.53913 113.776
6.5743 113.825
6.6102 113.89
6.64443 113.917
6.67802 113.93
6.71313 113.976
6.74818 114.02
6.78239 114.045
6.88957 114.218
6.92414 114.25
6.95821 114.271
6.9925 114.296
7.09706 114.406
