-28.7326 127.474
-28.6955 127.468
-28.659 127.466
-28.4984 127.375
-28.459 127.356
-28.4229 127.357
-28.3822 127.33
-28.34 127.296
-28.3033 127.292
-28.2706 127.312
-28.2346 127.312
-28.1992 127.316
-28.1628 127.314
-28.1133 127.238
-28.0716 127.206
-28.0352 127.204
-27.9982 127.198
-27.9618 127.197
-27.9215 127.172
-27.8838 127.163
-27.8431 127.136
-27.8041 127.119
-27.7674 127.116
-27.7307 127.112
-27.6976 127.13
-27.6586 127.113
-27.6213 127.105
-27.5843 127.1
-27.544 127.075
-27.5076 127.074
-27.4709 127.07
-27.4323 127.055
-27.3959 127.053
-27.3592 127.05
-27.3225 127.046
-27.2872 127.05
-27.2515 127.052
-27.2135 127.041
-27.1758 127.032
-27.1369 127.015
-27.1015 127.019
-27.0661 127.023
-27.0272 127.006
-26.9892 126.995
-26.9528 126.993
-26.9165 126.992
-26.8805 126.992
-26.8447 126.994
-26.8087 126.994
-26.7695 126.975
-26.7328 126.972
-26.6958 126.966
-26.6588 126.961
-26.6225 126.959
-26.5864 126.96
-26.5501 126.958
-26.514 126.958
-26.4773 126.955
-26.4407 126.951
-26.4065 126.963
-26.373 126.978
-26.3382 126.986
-26.3024 126.988
-26.2667 126.99
-26.2312 126.995
-26.1949 126.993
-26.1582 126.989
-26.1224 126.991
-26.087 126.996
-26.0509 126.996
-26.0148 126.996
-25.9794 127
-25.9455 127.014
-25.9109 127.024
-25.8761 127.031
-25.8406 127.036
-25.8042 127.034
-25.7687 127.038
-25.733 127.04
-25.6966 127.038
-25.6611 127.043
-25.6271 127.056
-25.5938 127.074
-25.557 127.07
-25.5219 127.076
-25.4827 127.057
-25.4493 127.075
-25.4138 127.079
-25.3747 127.06
-25.3383 127.058
-25.307 127.089
-25.2748 127.114
-25.2408 127.128
-25.2037 127.122
-25.1703 127.14
-25.1359 127.152
-25.101 127.16
-25.0664 127.169
-25.0314 127.177
-24.9952 127.178
-24.9594 127.18
-24.9244 127.188
-24.8865 127.176
-24.85 127.175
-24.8186 127.206
-24.783 127.21
-24.7472 127.212
-24.7139 127.231
-24.6798 127.245
-24.6519 127.299
-24.6219 127.34
-24.5874 127.351
-24.5524 127.359
-24.5176 127.369
-24.4832 127.381
-24.4511 127.408
-24.4166 127.42
-24.3812 127.426
-24.3493 127.455
-24.3186 127.492
-24.2859 127.515
-24.2545 127.548
-24.22 127.56
-24.1832 127.556
-24.1472 127.559
-24.1126 127.57
-24.0792 127.59
-24.0438 127.596
-24.0107 127.617
-23.977 127.635
-23.9438 127.657
-23.9107 127.678
-23.8769 127.696
-23.8449 127.725
-23.8117 127.746
-23.7785 127.768
-23.7447 127.786
-23.7121 127.811
-23.6794 127.836
-23.6448 127.848
-23.6121 127.874
-23.5794 127.899
-23.545 127.913
-23.5154 127.96
-23.4815 127.977
-23.4521 128.026
-23.4202 128.057
-23.3849 128.065
-23.3521 128.091
-23.3177 128.105
-23.2874 128.148
-23.2534 128.165
-23.2228 128.206
-23.1903 128.234
-23.1608 128.283
-23.1265 128.299
-23.0953 128.336
-23.0638 128.371
-23.0284 128.379
-22.9957 128.407
-22.9633 128.436
-22.9279 128.444
-22.8958 128.476
-22.8672 128.533
-22.8378 128.584
-22.8062 128.619
-22.7748 128.656
-22.7456 128.71
-22.7109 128.723
-22.6795 128.761
-22.6478 128.796
-22.6182 128.848
-22.5854 128.875
-22.5537 128.911
-22.5251 128.97
-22.4931 129.004
-22.461 129.037
-21.0652 130.481
-21.0436 130.603
-21.0134 130.657
