14.476 140.812
14.5169 140.827
14.5536 140.791
14.5919 140.776
14.6305 140.762
14.6701 140.762
14.7123 140.794
14.8302 137.028
14.8584 136.903
14.8935 136.86
14.9269 136.798
14.9621 136.757
14.9953 136.692
15.028 136.624
15.058 136.523
15.0933 136.484
15.1589 136.349
15.1926 136.294
15.2299 136.279
15.2625 136.211
15.2951 136.142
15.3299 136.1
15.3631 136.04
15.399 136.01
15.4324 135.953
15.4676 135.914
15.5028 135.878
15.5377 135.838
15.571 135.78
15.607 135.753
15.638 135.67
15.6732 135.634
15.7097 135.613
15.7472 135.602
15.7831 135.575
15.8178 135.534
15.8524 135.492
15.8849 135.429
15.9198 135.39
15.955 135.357
15.9899 135.319
16.0253 135.287
16.0599 135.247
16.0965 135.228
16.1336 135.215
16.1698 135.192
16.203 135.137
16.2389 135.112
16.2728 135.065
16.3099 135.053
16.345 135.019
16.3781 134.964
16.4136 134.935
16.4492 134.908
16.4863 134.895
16.5233 134.882
16.5598 134.864
16.5966 134.849
16.6308 134.807
16.6672 134.788
16.703 134.763
16.7393 134.744
16.7737 134.704
16.8111 134.696
16.8482 134.685
16.8838 134.658
16.9193 134.631
16.9544 134.599
16.9896 134.57
17.0257 134.549
17.0612 134.522
17.0987 134.515
17.1361 134.507
17.1726 134.49
17.2078 134.461
17.2442 134.444
17.2811 134.432
17.3184 134.423
17.3542 134.4
17.3919 134.396
17.4286 134.382
17.4641 134.357
17.5001 134.336
17.535 134.304
17.5727 134.3
17.6095 134.288
17.6446 134.258
17.6821 134.252
17.7191 134.242
17.755 134.221
17.7916 134.206
17.8286 134.196
17.8663 134.192
17.9028 134.177
17.94 134.169
17.9765 134.154
18.0142 134.15
18.0509 134.137
18.087 134.119
18.1215 134.085
18.1585 134.075
18.1952 134.062
18.2321 134.052
18.2691 134.042
18.3053 134.025
18.3429 134.021
18.3803 134.015
18.417 134.002
18.4527 133.981
18.4896 133.971
18.5277 133.971
18.5641 133.956
18.6017 133.952
18.6408 133.963
18.6779 133.954
18.7134 133.931
18.7483 133.902
18.7851 133.892
18.8268 133.925
18.866 133.935
18.9044 133.94
18.9417 133.933
18.9811 133.946
19.0219 133.971
19.0593 133.965
19.0952 133.946
19.1313 133.929
19.1686 133.923
19.2045 133.904
19.2423 133.902
19.281 133.908
19.3187 133.906
19.356 133.9
19.3952 133.91
19.4344 133.921
19.4729 133.925
19.5109 133.925
19.5489 133.925
19.5873 133.929
19.6263 133.937
19.664 133.935
19.7016 133.931
19.7393 133.929
19.7778 133.933
19.817 133.943
19.8562 133.954
19.8952 133.962
19.9336 133.966
19.9714 133.964
20.0091 133.962
20.0474 133.964
20.0859 133.968
20.1241 133.97
20.1621 133.97
20.2003 133.972
20.2396 133.983
20.2778 133.985
20.3163 133.989
20.355 133.995
20.3935 133.999
20.432 134.003
20.4725 134.024
20.511 134.028
20.5515 134.049
20.5903 134.055
20.6288 134.059
20.6673 134.064
20.706 134.07
20.7441 134.07
20.7864 134.105
20.8259 134.118
20.8654 134.13
20.9042 134.136
20.9425 134.138
20.9851 134.176
21.0244 134.186
21.0632 134.193
21.1017 134.197
21.1405 134.203
21.1827 134.236
21.222 134.247
21.2618 134.261
21.3012 134.272
21.3436 134.307
21.383 134.317
21.4221 134.326
21.4614 134.336
21.5044 134.376
21.5428 134.378
21.5816 134.384
21.6212 134.397
21.6627 134.424
21.7045 134.453
21.7442 134.465
21.7857 134.493
21.828 134.526
21.8701 134.557
21.909 134.564
21.9497 134.585
21.9897 134.599
22.0308 134.622
22.0707 134.637
22.1123 134.664
22.1529 134.683
22.1923 134.693
22.2345 134.725
22.2767 134.756
22.3189 134.788
22.3592 134.804
22.4432 134.863
22.659 135.054
22.6986 135.065
22.744 135.119
22.785 135.14
22.831 135.199
23.23 135.609
23.4141 135.838
23.4568 135.87
23.4995 135.901
