-20.1034 146.324
-20.0604 146.303
-20.0253 146.353
-19.2319 144.254
-19.047 144.028
-18.503 143.433
-18.4119 143.327
-18.3712 143.32
-18.3274 143.284
-18.2807 143.219
-18.0647 143.063
-18.0219 143.036
-17.9815 143.032
-17.9382 143
-17.8911 142.928
-17.8502 142.919
-17.8091 142.908
-17.762 142.837
-17.7186 142.803
-17.6766 142.782
-17.636 142.776
-17.5951 142.767
-17.5527 142.742
-17.5089 142.703
-17.4679 142.692
-17.4273 142.685
-17.3853 142.665
-17.3425 142.635
-17.2988 142.597
-17.2553 142.56
-17.2152 142.558
-17.1759 142.566
-17.1351 142.557
-17.0915 142.518
-17.0489 142.491
-17.0084 142.484
-16.9654 142.452
-16.9244 142.441
-16.8839 142.435
-16.8399 142.391
-16.7998 142.389
-16.7594 142.385
-16.7189 142.379
-16.678 142.368
-16.6351 142.336
-16.5922 142.304
-16.5519 142.3
-16.511 142.289
-16.4671 142.245
-16.4264 142.236
-16.3859 142.23
-16.3479 142.251
-16.3085 142.256
-16.2646 142.213
-16.2243 142.208
-16.1836 142.2
-16.1415 142.175
-16.1021 142.18
-16.062 142.178
-16.0209 142.164
-15.9798 142.151
-15.9393 142.144
-15.8964 142.11
-15.8576 142.122
-15.8181 142.127
-15.7785 142.13
-15.7388 142.133
-15.6982 142.124
-15.6573 142.113
-15.6177 142.115
-15.5782 142.12
-15.5377 142.114
-15.4947 142.077
-15.4544 142.073
-15.4148 142.076
-15.3749 142.076
-15.3353 142.079
-15.2954 142.079
-15.2546 142.068
-15.2145 142.066
-15.1749 142.069
-15.135 142.069
-15.0961 142.081
-15.0574 142.095
-15.016 142.077
-14.9757 142.073
-14.9361 142.076
-14.8949 142.06
-14.8544 142.053
-14.8136 142.042
-14.7722 142.024
-14.7314 142.013
-14.6908 142.004
-14.653 142.03
-14.6139 142.039
-14.5746 142.047
-14.5355 142.056
-14.4941 142.038
-14.4529 142.022
-14.4123 142.014
-14.373 142.021
-14.3331 142.021
-14.2936 142.026
-14.2545 142.036
-14.2211 142.116
-14.1804 142.107
-14.1422 142.128
-14.1055 142.17
-14.0662 142.177
-14.0266 142.182
-13.9891 142.213
-13.949 142.211
-13.909 142.211
-13.8702 142.225
-13.8313 142.239
-13.7918 142.244
-13.7534 142.265
-13.7142 142.275
-13.6755 142.291
-13.6362 142.301
-13.597 142.31
-13.5581 142.324
-13.5176 142.318
-13.479 142.337
-13.4408 142.36
-13.4026 142.383
-13.3633 142.393
-13.3238 142.4
-13.2842 142.405
-13.2447 142.412
-13.2063 142.433
-13.1685 142.464
-13.1297 142.48
-13.0915 142.506
-13.051 142.499
-13.0142 142.543
-12.9759 142.567
-12.9365 142.576
-12.896 142.57
-12.8554 142.563
-12.8174 142.591
-12.781 142.642
-12.7452 142.703
-12.706 142.715
-12.665 142.701
-12.625 142.704
-12.5878 142.743
-12.55 142.776
-12.5104 142.783
-12.4727 142.818
-12.4352 142.856
-12.3968 142.882
-12.3574 142.891
-12.3196 142.926
-12.28 142.934
-12.2416 142.959
-12.0889 143.077
-12.0497 143.091
-12.0136 143.152
-11.9756 143.184
-11.9377 143.22
-11.9001 143.259
-11.8624 143.297
-11.8246 143.335
-11.7852 143.347
-11.7449 143.347
-11.7061 143.368
-11.6678 143.399
-11.6289 143.42
-11.5911 143.458
-11.5534 143.498
-11.5173 143.563
-11.4797 143.606
-11.4419 143.646
-11.404 143.683
-11.364 143.688
-10.9182 144.321
-10.8784 144.333
-10.3676 145.317
-9.94446 145.774
-9.90455 145.791
-9.86359 145.789
