-16.5521 125.68
-16.5085 125.602
-16.468 125.554
-16.4268 125.499
-16.3865 125.453
-16.0206 124.994
-15.9822 124.965
-15.9417 124.914
-15.9052 124.903
-15.8656 124.861
-15.8294 124.853
-15.7039 124.658
-15.6676 124.649
-15.4741 124.478
-15.4381 124.47
-15.3622 124.416
-15.3262 124.409
-15.2863 124.361
-15.2456 124.305
-15.2077 124.278
-15.1695 124.247
-15.1316 124.22
-15.0932 124.187
-15.0574 124.182
-15.022 124.18
-14.9848 124.16
-14.9468 124.131
-14.9087 124.1
-14.8724 124.089
-14.835 124.066
-14.7974 124.04
-14.7594 124.011
-14.7212 123.979
-14.6838 123.955
-14.6479 123.948
-14.6093 123.912
-14.5733 123.903
-14.5372 123.894
-14.4997 123.868
-14.4619 123.84
-14.4252 123.823
-14.3897 123.82
-14.3542 123.816
-14.3178 123.803
-14.2803 123.778
-14.244 123.765
-14.2084 123.76
-14.1716 123.742
-14.1333 123.708
-14.0972 123.697
-14.0599 123.673
-14.0243 123.668
-13.9885 123.661
-13.9516 123.641
-13.9158 123.634
-13.8805 123.632
-13.8447 123.625
-13.8079 123.607
-13.7687 123.56
-13.7317 123.538
-13.6964 123.536
-13.6609 123.533
-13.6245 123.518
-13.5896 123.52
-13.5544 123.52
-13.5181 123.506
-13.4823 123.498
-13.4464 123.489
-13.411 123.486
-13.3754 123.48
-13.3387 123.462
-13.3026 123.45
-13.2667 123.441
-13.231 123.434
-13.1955 123.43
-13.1604 123.43
-13.1247 123.423
-13.0884 123.408
-13.0527 123.401
-13.0177 123.403
-12.9823 123.399
-12.9473 123.401
-12.9116 123.394
-12.8759 123.386
-12.8402 123.379
-12.8052 123.381
-12.7707 123.388
-12.7355 123.386
-12.6992 123.372
-12.6633 123.363
-12.6284 123.365
-12.5933 123.365
-12.558 123.363
-12.523 123.365
-12.4871 123.354
-12.4515 123.348
-12.4167 123.352
-12.3819 123.355
-12.3469 123.357
-12.3116 123.355
-12.2762 123.352
-12.2413 123.353
-12.2062 123.353
-12.1708 123.35
-12.1359 123.353
-12.1008 123.353
-12.0654 123.35
-12.0308 123.357
-11.9967 123.369
-11.9618 123.373
-11.9271 123.378
-11.8935 123.398
-11.8591 123.407
-11.8243 123.412
-11.7877 123.392
-11.7531 123.399
-11.718 123.399
-11.6819 123.387
-11.6478 123.401
-11.6143 123.423
-11.5792 123.423
-11.5432 123.412
-11.5085 123.417
-11.4744 123.431
-11.4387 123.424
-11.4036 123.424
-11.3696 123.44
-11.3347 123.444
-11.2989 123.435
-11.2638 123.435
-11.2299 123.453
-11.1957 123.465
-11.1614 123.478
-11.1269 123.487
-11.0924 123.496
-11.0575 123.499
-11.0224 123.501
-10.988 123.512
-10.9541 123.53
-10.9193 123.535
-10.8847 123.542
-10.8497 123.546
-10.8151 123.553
-10.7804 123.56
-10.7462 123.574
-10.7121 123.59
-10.6775 123.599
-10.6432 123.612
-10.609 123.626
-10.5741 123.632
-10.5397 123.642
-10.5053 123.655
-10.471 123.668
-10.4361 123.673
-10.4022 123.693
-10.3683 123.712
-10.3341 123.727
-10.2999 123.743
-10.2655 123.756
-10.2318 123.779
-10.1978 123.797
-10.1633 123.81
-10.1297 123.835
-10.0958 123.855
-10.0609 123.86
-10.0268 123.878
-9.99335 123.907
-9.95866 123.916
-9.92477 123.937
-9.89052 123.954
-9.85639 123.972
-9.82133 123.975
-9.78718 123.993
-9.75314 124.013
-9.71942 124.038
-9.68502 124.053
-9.65028 124.062
-9.61575 124.075
-9.58211 124.102
-9.54901 124.138
-9.51413 124.145
-9.48067 124.176
-9.44731 124.208
-9.41372 124.237
-9.38012 124.266
-9.34553 124.279
-9.31222 124.314
-9.27772 124.328
-9.24375 124.352
-9.20999 124.379
-9.1761 124.404
-9.14135 124.415
-9.10734 124.439
-9.07364 124.468
-9.04003 124.499
-9.00776 124.553
-8.97391 124.581
-8.94015 124.61
-8.90648 124.641
-8.87156 124.65
-8.83756 124.675
-8.80417 124.712
-8.77127 124.757
-8.73652 124.77
-8.70358 124.816
-8.67103 124.869
-8.63665 124.889
-8.60337 124.929
-8.56856 124.942
-8.53465 124.971
-8.50201 125.024
-8.46807 125.053
-8.43421 125.084
-8.40171 125.141
-8.36909 125.196
-8.33509 125.226
-8.26897 125.321
-8.23511 125.354
-8.20239 125.409
-8.16821 125.437
-8.13383 125.461
-8.09991 125.494
-8.06843 125.575
-8.0357 125.632
-8.00351 125.701
-7.97082 125.76
-7.93764 125.81
-7.9037 125.845
-7.87094 125.904
-7.83826 125.965
-7.80508 126.017
-7.74113 126.171
-7.70689 126.203
