23.5141 167.06
23.5577 167.045
23.5922 166.949
23.6229 166.822
23.6437 166.608
24.2069 164.491
24.2451 164.436
24.2847 164.392
24.3226 164.334
24.3621 164.29
24.4017 164.247
24.4363 164.163
24.4751 164.113
24.5139 164.064
24.5523 164.012
24.5911 163.962
24.6305 163.919
24.6657 163.841
24.742 163.734
24.7814 163.69
24.8196 163.638
24.8586 163.592
24.8982 163.551
24.9757 163.456
25.0142 163.407
25.0534 163.364
25.0972 163.357
25.1368 163.317
25.1763 163.277
25.2197 163.268
25.2542 163.187
25.2937 163.147
25.3371 163.138
25.3751 163.086
25.4113 163.02
25.4536 163.003
25.4952 162.979
25.5309 162.911
25.5746 162.905
25.6183 162.898
25.6595 162.872
25.7035 162.869
25.7457 162.852
25.7799 162.772
25.8225 162.757
25.8621 162.72
25.905 162.708
25.9442 162.668
25.9824 162.619
26.0219 162.582
26.0659 162.578
26.1062 162.547
26.1468 162.518
26.1896 162.506
26.2317 162.489
26.273 162.466
26.3092 162.403
26.3531 162.4
26.397 162.396
26.4401 162.387
26.4781 162.339
26.5193 162.316
26.5572 162.267
26.6015 162.267
26.6457 162.266
26.6877 162.249
26.7237 162.186
26.7619 162.141
26.8049 162.132
26.8499 162.137
26.893 162.128
26.9356 162.117
26.9829 162.139
27.0271 162.138
27.0697 162.127
27.1093 162.092
27.1505 162.069
27.1916 162.046
27.2327 162.023
27.2723 161.989
27.3118 161.955
27.3513 161.92
27.3905 161.883
27.4342 161.88
27.4779 161.877
27.5139 161.817
27.5577 161.814
27.6056 161.842
27.6533 161.867
27.6981 161.872
27.7352 161.821
27.7786 161.814
27.8227 161.814
27.8667 161.814
27.9093 161.802
27.9506 161.782
27.9998 161.818
28.0498 161.86
28.0971 161.882
28.136 161.845
28.1797 161.841
28.2234 161.838
28.2671 161.835
28.3108 161.832
28.3541 161.826
28.3981 161.825
28.4454 161.847
28.4863 161.824
28.53 161.821
28.5756 161.832
28.6245 161.865
28.6698 161.873
28.7111 161.853
28.7531 161.838
28.7968 161.835
28.8433 161.852
28.8853 161.837
28.929 161.834
28.9734 161.836
29.0211 161.861
29.0705 161.897
29.1088 161.857
29.1545 161.868
29.2027 161.896
29.2492 161.912
29.2945 161.92
29.3406 161.934
29.3785 161.891
29.4209 161.879
29.4666 161.89
29.5165 161.929
29.5643 161.954
29.6075 161.948
29.6494 161.933
29.6968 161.955
29.7426 161.966
29.7866 161.966
29.8294 161.957
29.8785 161.99
29.9251 162.007
29.9746 162.043
30.0195 162.048
30.0678 162.076
30.114 162.089
30.1601 162.103
30.2093 162.136
30.2547 162.144
30.2996 162.149
30.3441 162.152
30.3967 162.208
30.4425 162.219
30.4874 162.224
30.5323 162.229
30.5764 162.228
30.6257 162.262
30.6754 162.298
30.7199 162.3
30.7661 162.314
30.8124 162.328
30.8617 162.361
31.7934 162.95
31.8953 163.035
31.9517 163.111
32.0026 163.153
32.0496 163.17
32.0997 163.206
