-35.9331 167.247
-35.8909 167.259
-35.837 167.204
-35.7888 167.181
-35.7325 167.112
-35.5245 166.935
-35.4799 166.932
-35.4332 166.918
-35.3866 166.904
-35.337 166.873
-35.2923 166.871
-35.2472 166.865
-35.1906 166.794
-35.1435 166.777
-35.0979 166.769
-35.0483 166.737
-34.8997 166.644
-34.7983 166.567
-34.7591 166.596
-34.7086 166.559
-34.6646 166.56
-34.4731 166.472
-34.4291 166.473
-34.3782 166.433
-34.3327 166.425
-34.2891 166.428
-34.2465 166.437
-34.201 166.429
-34.1555 166.421
-34.1061 166.39
-34.0563 166.356
-34.0151 166.373
-33.9677 166.354
-33.927 166.374
-33.8787 166.349
-33.8318 166.332
-33.7868 166.327
-33.7399 166.31
-33.6968 166.316
-33.6537 166.322
-33.6087 166.317
-33.5637 166.312
-33.5177 166.301
-33.4718 166.29
-33.4277 166.29
-33.3841 166.294
-33.3396 166.291
-33.2941 166.283
-33.2506 166.286
-33.2074 166.293
-33.1596 166.27
-33.1123 166.25
-33.065 166.231
-33.0219 166.237
-32.9816 166.26
-32.9412 166.284
-32.8967 166.281
-32.8517 166.276
-32.8049 166.259
-32.7599 166.254
-32.7167 166.26
-32.6736 166.266
-32.6291 166.264
-32.5845 166.262
-32.5405 166.262
-32.4964 166.263
-32.4519 166.26
-32.4078 166.261
-32.3642 166.264
-32.3269 166.307
-32.2838 166.314
-32.246 166.354
-32.2024 166.358
-32.1528 166.324
-32.1024 166.284
-32.0633 166.316
-32.0201 166.322
-31.976 166.323
-31.9292 166.306
-31.8973 166.384
-31.8558 166.402
-31.8113 166.399
-31.7694 166.414
-31.7253 166.415
-31.6816 166.418
-31.6392 166.43
-31.5938 166.422
-31.5492 166.419
-31.5104 166.454
-31.468 166.466
-31.4234 166.464
-31.3841 166.496
-31.344 166.522
-31.2998 166.523
-31.2556 166.523
-31.2124 166.529
-31.17 166.541
-30.9574 165.439
-31.1058 166.701
-31.0484 166.615
-31.0055 166.624
-30.9613 166.624
-30.9175 166.628
-30.8755 166.643
-30.8344 166.663
-30.798 166.716
-30.7551 166.725
-30.7122 166.734
-30.6714 166.758
-30.6324 166.793
-30.5916 166.816
-30.5503 166.837
-30.51 166.863
-30.4674 166.875
-30.4279 166.908
-30.3866 166.928
-30.3471 166.961
-30.3092 167.004
-30.2662 167.014
-30.2227 167.02
-30.1797 167.029
-30.1367 167.038
-30.0966 167.068
-30.0549 167.085
-30.0195 167.147
-29.9781 167.167
-29.9405 167.214
-29.8979 167.226
-29.8632 167.294
-29.8214 167.311
-29.7829 167.353
-29.7402 167.365
-29.7009 167.4
-29.659 167.418
-29.6238 167.482
-29.5811 167.494
-29.5371 167.498
-28.3423 169.172
-28.3023 169.208
-28.2651 169.265
-28.2425 169.428
-28.2009 169.453
-28.1665 169.53
-28.1337 169.62
-28.0968 169.68
-28.0595 169.737
-28.0166 170.086
-28.2797 173.049
-28.236 173.065
-28.2006 173.142
-28.1697 173.253
-28.1359 173.343
-28.1028 173.438
