-27.8923 116.785
-27.8542 116.76
-27.8177 116.743
-27.7793 116.716
-27.7382 116.675
-27.6996 116.646
-27.661 116.618
-27.6227 116.591
-27.5874 116.581
-27.5498 116.558
-27.5121 116.535
-27.4747 116.513
-27.4368 116.488
-27.3976 116.457
-27.3555 116.408
-27.3164 116.377
-27.2797 116.359
-27.246 116.357
-27.2072 116.327
-27.1645 116.276
-27.13 116.269
-27.0927 116.247
-27.0588 116.244
-27.0206 116.217
-26.9828 116.192
-26.945 116.168
-26.9102 116.159
-26.8727 116.136
-26.8382 116.129
-26.7989 116.096
-26.7632 116.083
-26.7255 116.058
-26.6909 116.051
-26.657 116.048
-26.6164 116.007
-26.5822 116.001
-26.5441 115.975
-26.507 115.954
-26.4705 115.935
-26.4366 115.932
-26.4024 115.927
-26.3676 115.918
-26.3335 115.913
-26.2972 115.897
-26.261 115.88
-26.2292 115.888
-26.1892 115.85
-26.1545 115.842
-26.1183 115.825
-26.0867 115.835
-26.0497 115.814
-26.0155 115.809
-25.9788 115.789
-25.9452 115.787
-25.9119 115.787
-25.8774 115.78
-25.841 115.762
-25.8043 115.742
-25.7699 115.735
-25.7354 115.729
-25.7013 115.724
-25.6632 115.696
-25.6296 115.694
-25.5963 115.694
-25.5622 115.689
-25.5272 115.679
-25.4942 115.68
-25.4611 115.682
-25.4267 115.675
-25.3906 115.658
-25.3562 115.652
-25.3226 115.65
-25.2888 115.647
-25.2541 115.638
-25.2191 115.628
-25.1878 115.64
-25.1547 115.641
-25.1187 115.625
-25.0848 115.621
-25.0507 115.616
-25.0171 115.614
-24.9833 115.611
-24.9486 115.603
-24.9139 115.594
-24.8806 115.594
-24.8484 115.601
-24.8151 115.6
-24.7812 115.597
-24.7479 115.597
-24.7149 115.598
-24.6813 115.597
-24.648 115.596
-24.6155 115.601
-24.5824 115.603
-24.5494 115.604
-24.5169 115.609
-24.4849 115.617
-24.4505 115.61
-24.4169 115.608
-24.3844 115.613
-24.3521 115.62
-24.3196 115.624
-24.286 115.623
-24.2511 115.613
-24.2167 115.606
-24.1836 115.608
-24.1516 115.616
-24.1199 115.625
-24.0873 115.63
-24.0526 115.622
-24.0188 115.618
-23.9862 115.623
-23.9544 115.633
-23.9227 115.642
-23.8898 115.646
-23.8589 115.66
-23.8265 115.667
-23.7937 115.67
-23.7622 115.681
-23.7306 115.692
-23.6975 115.694
-23.6647 115.697
-23.6323 115.704
-23.5979 115.697
-23.5651 115.7
-23.534 115.715
-23.503 115.729
-23.4696 115.729
-23.4369 115.734
-23.4043 115.739
-23.374 115.758
-23.3429 115.773
-23.3103 115.778
-23.2771 115.779
-23.2445 115.784
-23.2121 115.79
-23.1815 115.808
-23.1514 115.83
-23.1195 115.839
-23.0866 115.842
-23.0544 115.851
-23.0223 115.859
-22.9921 115.88
-22.9615 115.898
-22.9293 115.906
-22.8966 115.911
-22.8639 115.916
-22.8322 115.927
-22.7997 115.933
-22.767 115.938
-22.7353 115.95
-22.7056 115.974
-22.6767 116.004
-22.6449 116.015
-22.6114 116.015
-22.5784 116.018
-22.5469 116.031
-22.5152 116.043
-22.4847 116.062
-22.4522 116.069
-22.4214 116.087
-22.3906 116.105
-22.3578 116.11
-22.326 116.121
-22.2989 116.164
-22.2683 116.184
-22.2353 116.187
-22.2018 116.187
-22.1682 116.187
-22.1357 116.193
-22.1082 116.234
-22.0788 116.262
-22.0462 116.269
-22.0168 116.297
-21.9872 116.323
-21.9567 116.344
-21.9236 116.348
-21.8913 116.356
-21.863 116.392
-21.8313 116.405
-21.8016 116.432
-21.7709 116.451
-21.7385 116.46
-21.7094 116.491
-21.6804 116.522
-21.652 116.559
-21.6196 116.567
-21.5867 116.572
-21.5576 116.603
-21.5263 116.62
-21.4962 116.645
-21.4685 116.686
-21.4363 116.696
-21.4059 116.719
-21.3734 116.727
-21.3167 116.802
-21.0813 117.045
-21.0538 117.09
-21.0233 117.113
-20.9905 117.12
-20.9576 117.126
-20.9301 117.172
-20.8954 117.165
-20.8436 117.279
-20.8167 117.329
-20.7873 117.361
-20.7595 117.404
-20.7268 117.412
-20.6966 117.439
-20.6644 117.451
-20.636 117.491
-20.6063 117.521
-20.3833 117.876
-20.3557 117.924
-20.3233 117.935
-19.6221 120.429
-19.5951 120.489
-19.5953 120.762
-19.5678 120.818
-19.536 120.841
-19.5003 120.832
