-24.87 83.9017
-24.8434 83.8995
20.1138 112.562
20.142 112.529
20.1783 112.555
20.2108 112.553
20.2416 112.539
20.1589 111.709
20.4715 111.848
20.5351 111.607
20.6407 111.208
21.1888 110.089
21.2392 109.995
21.2639 109.945
21.288 109.891
21.3158 109.862
21.3468 109.855
21.3742 109.823
21.402 109.794
21.4296 109.764
21.4581 109.74
21.4834 109.695
21.5118 109.671
21.54 109.645
21.5685 109.621
21.5937 109.576
21.6212 109.546
21.6471 109.505
21.6752 109.479
21.7034 109.454
21.7285 109.409
21.7559 109.379
21.784 109.353
21.8128 109.332
21.8379 109.287
21.8655 109.259
21.8941 109.236
21.923 109.217
21.9543 109.213
21.981 109.178
22.0113 109.168
22.0618 109.081
22.0923 109.072
22.1182 109.033
22.1476 109.017
22.1737 108.979
22.2044 108.972
22.2333 108.953
22.2619 108.932
22.2924 108.923
22.318 108.883
22.3463 108.86
22.3766 108.85
22.4 108.796
22.4307 108.789
22.4609 108.779
22.4864 108.738
22.5147 108.716
22.5451 108.707
22.5737 108.686
22.6015 108.661
22.6295 108.637
22.6585 108.62
22.6891 108.612
22.7179 108.593
22.748 108.583
22.7772 108.566
22.8059 108.547
22.8351 108.531
22.8649 108.519
22.891 108.483
22.9206 108.47
22.9493 108.451
22.9784 108.435
23.009 108.427
23.0364 108.401
23.0646 108.378
23.0956 108.374
23.1274 108.374
23.1545 108.346
23.185 108.339
23.2153 108.33
23.2422 108.3
23.2727 108.293
23.3033 108.286
23.3318 108.266
23.3621 108.258
23.3926 108.25
23.4214 108.233
23.4511 108.221
23.4826 108.219
23.5138 108.217
23.5448 108.212
23.5721 108.186
23.6018 108.174
23.632 108.165
23.6623 108.156
23.6917 108.143
23.7222 108.136
23.7521 108.125
23.7806 108.106
23.8086 108.084
23.8387 108.075
23.8689 108.067
23.8991 108.058
23.9283 108.043
23.9584 108.034
23.9891 108.028
24.0185 108.015
24.0486 108.006
24.0801 108.005
24.1122 108.008
24.1434 108.005
24.1732 107.995
23.9397 106.446
23.9685 106.432
23.9996 106.431
24.0264 106.405
24.3122 107.883
24.3464 107.898
24.3815 107.919
24.4137 107.922
24.4458 107.925
24.4764 107.919
24.5083 107.92
24.5369 107.903
24.5675 107.897
24.5988 107.896
24.6312 107.9
24.6628 107.9
24.6944 107.9
24.7235 107.886
24.7528 107.872
24.7828 107.864
24.8126 107.853
24.8429 107.846
24.8745 107.846
24.9064 107.848
24.9377 107.846
24.9693 107.846
25.0004 107.843
25.0302 107.833
25.061 107.829
25.0928 107.83
25.1244 107.83
25.1542 107.82
25.185 107.816
25.2168 107.817
25.2489 107.82
25.2802 107.819
25.3116 107.818
25.3437 107.821
25.375 107.819
25.4047 107.809
25.436 107.807
25.4673 107.806
25.4994 107.809
25.5331 107.821
25.5645 107.819
25.5955 107.817
25.6292 107.828
25.6616 107.833
25.6932 107.833
25.7247 107.833
25.7544 107.823
25.7863 107.824
25.82 107.836
25.8521 107.839
25.8837 107.839
25.9152 107.839
25.9474 107.842
25.9787 107.841
26.0108 107.844
26.0442 107.854
26.0802 107.878
26.1131 107.885
26.1433 107.878
26.1743 107.875
26.2056 107.874
26.2399 107.888
26.2723 107.893
26.305 107.899
26.3385 107.909
26.3706 107.912
26.403 107.917
26.436 107.924
26.4681 107.927
26.5016 107.937
26.5332 107.937
26.5647 107.938
26.5988 107.951
26.6315 107.957
26.6644 107.964
26.6974 107.972
26.7321 107.988
26.7645 107.992
26.7988 108.007
26.8313 108.012
26.8637 108.016
26.8986 108.034
26.9341 108.055
26.9669 108.06
26.9996 108.066
27.0362 108.093
27.0689 108.099
27.1017 108.105
27.135 108.114
27.17 108.132
27.2055 108.152
27.2385 108.16
27.2761 108.191
27.31 108.203
27.3433 108.212
27.3764 108.219
27.4088 108.224
27.4419 108.231
27.4769 108.249
27.51 108.256
27.5476 108.287
27.5812 108.298
27.6143 108.305
27.652 108.336
27.6865 108.351
27.7196 108.359
27.7576 108.391
27.793 108.411
27.8264 108.42
27.8612 108.436
27.896 108.452
27.9303 108.466
27.9698 108.506
28.0062 108.53
28.0428 108.555
28.0804 108.585
28.1164 108.607
28.1519 108.626
28.1854 108.635
28.2241 108.671
28.2579 108.682
28.2967 108.717
28.3313 108.732
28.371 108.772
28.4075 108.796
28.4442 108.822
28.4801 108.843
28.5169 108.868
28.5564 108.907
28.592 108.926
28.6315 108.965
28.672 109.008
28.7091 109.035
28.7466 109.064
28.7868 109.106
28.8267 109.146
28.8648 109.178
28.9024 109.206
28.9432 109.251
28.9845 109.298
29.0969 109.382
29.4389 109.808
29.4851 109.878
29.5335 109.958
29.5729 109.995
29.611 110.025
29.6527 110.072
