-13.2918 144.017
-12.9664 142.817
-12.9262 142.806
-12.8859 142.795
-12.5187 142.06
-12.4786 142.048
-12.2181 141.687
-12.1744 141.622
-12.0905 141.54
-12.049 141.506
-12.0061 141.451
-11.9661 141.437
-11.9206 141.344
-11.8367 141.26
-11.7953 141.224
-11.7537 141.186
-11.7109 141.131
-11.6709 141.118
-11.6294 141.08
-11.5874 141.036
-11.5455 140.992
-11.5057 140.981
-11.4647 140.95
-11.422 140.894
-11.3819 140.877
-11.3409 140.846
-11.3009 140.83
-11.2596 140.795
-11.2169 140.738
-11.1774 140.729
-11.1367 140.702
-11.0972 140.694
-11.0561 140.661
-11.0148 140.623
-10.9718 140.559
-10.9308 140.526
-10.8913 140.518
-10.852 140.511
-10.8126 140.504
-10.7725 140.485
-10.7325 140.467
-10.6921 140.443
-10.6522 140.427
-10.6127 140.419
-10.5715 140.381
-10.5304 140.344
-10.4896 140.313
-10.4505 140.309
-10.41 140.283
-10.3686 140.241
-10.3287 140.223
-10.2888 140.206
-10.2502 140.21
-10.2104 140.195
-10.1706 140.18
-10.131 140.166
-10.0915 140.155
-10.0513 140.134
-10.0111 140.109
-9.9726 140.116
-9.93324 140.107
-9.89363 140.094
-9.85428 140.085
-9.81481 140.074
-9.77362 140.033
-9.73404 140.02
-9.69422 140.002
-9.65477 139.991
-9.61569 139.987
-9.57661 139.983
-9.53753 139.978
-9.49917 139.987
-9.46033 139.987
-9.42101 139.978
-9.381 139.956
-9.34157 139.945
-9.30204 139.932
-9.26216 139.913
-9.22241 139.895
-9.18278 139.88
-9.14362 139.873
-9.10457 139.869
-9.06563 139.867
-9.02727 139.876
-8.9889 139.884
-8.94985 139.88
-8.91036 139.867
-8.87198 139.876
-8.8336 139.884
-8.79422 139.873
-8.75485 139.863
-8.71592 139.86
-8.67677 139.854
-8.63774 139.849
-8.59913 139.854
-8.56031 139.854
-8.52171 139.858
-8.48235 139.847
-8.4429 139.834
-8.40334 139.819
-8.36389 139.806
-8.32456 139.795
-8.28637 139.808
-8.24767 139.81
-8.20926 139.819
-8.16993 139.808
-8.13194 139.825
-8.09414 139.847
-8.05602 139.863
-8.01679 139.854
-7.97807 139.856
-7.93874 139.845
-7.90031 139.854
-7.86178 139.86
-7.82335 139.869
-7.78462 139.871
-7.74559 139.867
-7.70686 139.869
-7.66812 139.871
-7.62939 139.873
-7.59084 139.88
-7.5522 139.884
-7.51346 139.887
-7.47547 139.906
-7.43728 139.922
-7.39872 139.928
-7.35987 139.928
-7.32112 139.93
-7.28254 139.937
-7.24443 139.954
-7.20603 139.965
-7.16726 139.967
-7.12858 139.972
-7.09008 139.981
-7.05158 139.989
-7.01307 139.998
-6.97465 140.009
-6.93666 140.031
-6.89804 140.038
-6.85926 140.04
-6.82098 140.055
-6.78254 140.066
-6.74391 140.073
-6.70545 140.083
-6.66741 140.105
-6.62919 140.123
-6.59079 140.136
-6.55223 140.145
-6.51382 140.158
-6.47574 140.18
-6.43732 140.193
-6.39897 140.208
-6.3607 140.226
-6.32218 140.237
-6.28405 140.259
-6.24592 140.281
-6.20738 140.292
-6.16899 140.307
-6.13036 140.316
-6.0922 140.338
-6.0544 140.371
-6.01568 140.377
-5.97702 140.386
-5.9389 140.41
-5.90098 140.441
-5.86246 140.454
-5.82407 140.472
-5.78561 140.487
-5.74758 140.516
-5.70932 140.538
-5.67162 140.577
-5.63305 140.591
-5.59504 140.622
-5.55652 140.637
-5.51911 140.688
-5.4805 140.701
-5.44182 140.712
-5.40416 140.756
-5.36553 140.769
-5.32743 140.8
-5.28871 140.811
-5.25059 140.842
-5.21259 140.877
-5.17437 140.906
-5.13627 140.939
-5.09836 140.979
-5.06029 141.015
-5.02208 141.046
-4.98323 141.054
-4.94569 141.11
-4.90719 141.132
-4.86961 141.187
-4.83102 141.207
-4.79334 141.261
-4.75521 141.298
-4.71701 141.334
-4.67866 141.365
-4.63972 141.374
-4.60083 141.385
-4.5631 141.44
-4.52568 141.509
-4.48755 141.552
-4.44941 141.594
-4.41113 141.632
-4.3735 141.697
-4.3359 141.764
-4.29751 141.799
-4.2592 141.839
-4.22078 141.875
-4.18281 141.931
-4.14451 141.974
-4.03154 142.191
-3.99314 142.233
-3.95522 142.299
-3.91743 142.37
-3.87911 142.42
-3.84097 142.478
-3.80314 142.553
-3.76653 142.686
-3.72801 142.731
-3.68942 142.774
-3.61454 142.975
