-24.8722 83.9118
-24.8439 83.9015
-2.37331 137.344
-2.33427 137.306
-2.29493 137.243
-2.2555 137.172
-2.21614 137.104
-1.71059 136.552
-1.59403 136.388
-1.55551 136.365
-1.51712 136.354
-1.47856 136.325
-1.43993 136.284
-1.40133 136.246
-1.36265 136.195
-1.32425 136.178
-1.28576 136.146
-1.24725 136.112
-1.20895 136.104
-1.17055 136.081
-1.09362 136.011
-0.901766 135.871
-0.863445 135.846
-0.82525 135.844
-0.786916 135.812
-0.748587 135.778
-0.710381 135.77
-0.672111 135.745
-0.633843 135.717
-0.595641 135.705
-0.557381 135.673
-0.519213 135.667
-0.366359 135.546
-0.328231 135.542
-0.290067 135.517
-0.251976 135.532
-0.213848 135.523
-0.17569 135.486
-0.137572 135.473
-0.0994625 135.465
-0.0613573 135.458
-0.0232476 135.42
0.0148452 135.41
0.0529338 135.402
0.0910096 135.372
0.129086 135.364
0.167148 135.343
0.205224 135.343
0.243295 135.339
0.281353 135.328
0.319385 135.305
0.357445 135.301
0.395461 135.278
0.433507 135.272
0.47154 135.261
0.509477 135.219
0.54752 135.217
0.585562 135.215
0.623595 135.211
0.661627 135.207
0.699632 135.196
0.737588 135.175
0.775609 135.171
0.813658 135.173
0.851646 135.163
0.889587 135.144
0.927609 135.142
0.965666 135.146
1.00368 135.142
1.04157 135.119
1.07956 135.112
1.11753 135.104
1.15551 135.098
1.19352 135.096
1.23155 135.096
1.2696 135.1
1.30761 135.098
1.34562 135.096
1.38364 135.096
1.42166 135.096
1.45981 135.111
1.49779 135.104
1.53568 135.09
1.57355 135.073
1.61167 135.083
1.64975 135.09
1.68781 135.094
1.72584 135.094
1.76362 135.071
1.80171 135.077
1.83991 135.094
1.87763 135.067
1.91528 135.033
1.95303 135.01
1.99123 135.027
2.02944 135.044
2.0677 135.065
2.10587 135.077
2.14397 135.084
2.18194 135.08
2.22004 135.086
2.25809 135.088
2.296 135.08
2.33408 135.084
2.37239 135.105
2.41051 135.111
2.44859 135.115
2.48671 135.122
2.52487 135.13
2.56296 135.134
2.60096 135.132
2.63896 135.13
2.67706 135.134
2.71529 135.147
2.75353 135.16
2.7916 135.162
2.82978 135.17
2.86782 135.17
2.9059 135.172
2.94394 135.172
2.98205 135.176
3.02024 135.185
3.05858 135.202
3.09704 135.225
3.13517 135.229
3.1733 135.233
3.21163 135.248
3.24993 135.261
3.28819 135.271
3.32657 135.288
3.36493 135.303
3.40353 135.33
3.44178 135.338
3.48011 135.351
3.51819 135.351
3.5564 135.357
3.59483 135.374
3.63327 135.391
3.67149 135.397
3.70976 135.406
3.74849 135.435
3.78719 135.463
3.82552 135.473
3.86377 135.48
3.9025 135.507
3.94075 135.513
3.9794 135.536
4.01767 135.543
4.05593 135.549
4.0942 135.555
4.13339 135.6
4.17187 135.615
4.21063 135.64
4.24944 135.667
4.28774 135.674
4.3261 135.682
4.36489 135.707
4.40385 135.739
4.44294 135.775
4.48127 135.781
4.51961 135.788
4.55917 135.841
4.59837 135.879
4.63741 135.911
4.67652 135.944
4.71559 135.976
4.75398 135.983
4.79307 136.014
4.83218 136.046
4.87058 136.053
4.90935 136.072
4.94862 136.108
4.98734 136.125
5.02737 136.186
5.06718 136.24
5.1057 136.248
5.14416 136.254
5.18332 136.284
5.26194 136.352
5.34253 136.482
5.38204 136.521
5.42077 136.533
5.46078 136.587
5.50048 136.629
5.54074 136.689
5.58013 136.721
5.61892 136.734
5.65918 136.792
5.69988 136.863
5.74027 136.923
5.77897 136.931
5.81882 136.974
5.86044 137.068
5.90012 137.105
5.94085 137.171
5.98065 137.21
6.02047 137.249
6.06113 137.311
6.10205 137.38
6.14293 137.447
6.1836 137.507
6.22485 137.583
6.26605 137.656
6.30619 137.7
6.34833 137.797
