-3.18405 140.682
-3.14244 140.582
-3.10234 140.564
-3.06144 140.501
-2.77438 139.965
-2.73401 139.92
-2.69343 139.86
-2.65353 139.842
-2.61295 139.779
-2.37085 139.461
-2.33089 139.429
-2.29094 139.398
-1.97051 139.037
-1.93071 139.006
-1.89115 138.995
-1.85135 138.962
-1.81154 138.927
-1.77176 138.894
-1.73196 138.856
-1.69215 138.816
-1.65238 138.779
-1.61272 138.75
-1.57304 138.719
-1.53332 138.682
-1.49384 138.669
-1.45406 138.622
-1.4146 138.609
-1.37518 138.601
-1.33563 138.576
-1.29604 138.546
-1.25647 138.515
-1.21701 138.497
-1.1773 138.445
-1.13808 138.458
-1.09863 138.438
-1.05924 138.427
-1.01974 138.397
-0.980366 138.386
-0.940698 138.324
-0.901006 138.254
-0.861564 138.223
-0.822324 138.228
-0.783081 138.232
-0.743782 138.226
-0.704374 138.195
-0.66499 138.167
-0.6257 138.158
-0.586441 138.156
-0.547166 138.15
-0.50784 138.128
-0.468559 138.117
-0.429277 138.104
-0.389875 138.047
-0.350573 138.018
-0.311348 138.016
-0.272127 138.016
-0.232903 138.014
-0.193671 138.008
-0.154413 137.982
-0.115166 137.956
-0.0759566 137.954
-0.036746 137.949
0.00247602 137.923
0.0416798 137.914
0.0808789 137.912
0.120077 137.91
0.159275 137.908
0.198463 137.891
0.237645 137.876
0.276819 137.858
0.316006 137.858
0.35519 137.856
0.394373 137.854
0.433543 137.846
0.472695 137.83
0.51182 137.806
0.550951 137.789
0.590099 137.78
0.629203 137.759
0.668334 137.748
0.707481 137.743
0.746684 137.755
0.785908 137.77
0.825004 137.753
0.864092 137.735
0.903243 137.733
0.942393 137.731
0.981508 137.722
1.02064 137.718
1.05973 137.705
1.09889 137.708
1.13796 137.692
1.17706 137.684
1.21614 137.673
1.25508 137.642
1.29425 137.647
1.33358 137.673
1.37296 137.706
1.41202 137.693
1.45105 137.678
1.49034 137.696
1.52945 137.691
1.56873 137.707
1.60798 137.718
1.64724 137.729
1.68642 137.731
1.72551 137.725
1.76457 137.714
1.80387 137.729
1.84308 137.734
1.88204 137.714
1.92115 137.71
1.96051 137.73
1.99993 137.754
2.03929 137.771
2.07849 137.774
2.11766 137.774
2.15685 137.776
2.19615 137.787
2.23546 137.798
2.27469 137.803
2.31397 137.812
2.35321 137.816
2.39253 137.827
2.43177 137.832
2.47101 137.836
2.51031 137.845
2.54949 137.845
2.58868 137.845
2.6279 137.848
2.66711 137.85
2.70662 137.872
2.74608 137.89
2.78541 137.898
2.82491 137.918
2.86411 137.918
2.90338 137.923
2.94294 137.945
2.98243 137.962
3.02179 137.971
3.06111 137.978
3.10044 137.985
3.14019 138.016
3.17952 138.022
3.21886 138.029
3.25852 138.053
3.29791 138.062
3.33735 138.073
3.37716 138.104
3.4169 138.13
3.45682 138.166
3.49624 138.175
3.53588 138.195
3.57527 138.201
3.6152 138.234
3.65509 138.265
3.69446 138.27
3.73369 138.268
3.77315 138.277
3.81308 138.307
3.85312 138.343
3.89317 138.378
3.93257 138.383
3.97206 138.392
4.0125 138.442
4.05196 138.449
4.09203 138.482
4.1316 138.493
4.17231 138.553
4.21185 138.562
4.2525 138.617
4.29201 138.624
4.4118 138.695
4.45205 138.731
4.4922 138.762
4.53175 138.768
4.57135 138.777
4.6125 138.846
4.65288 138.884
4.69258 138.895
4.73275 138.924
4.81503 139.053
4.85538 139.086
4.89574 139.12
4.9355 139.131
5.30313 139.555
5.34434 139.611
5.38417 139.62
5.42401 139.629
