-1.42923 141.678
-1.38913 141.637
-1.22735 141.249
-1.18724 141.186
-1.14743 141.165
-1.10736 141.102
-1.06739 141.051
-1.02733 140.979
-0.987358 140.918
-0.947522 140.878
-0.907565 140.811
-0.867802 140.777
-0.828033 140.739
-0.788141 140.67
-0.748147 140.569
-0.708538 140.554
-0.668774 140.495
-0.629107 140.458
-0.589464 140.422
-0.549753 140.359
-0.510205 140.344
-0.470621 140.313
-0.430974 140.25
-0.391449 140.231
-0.351842 140.166
-0.312304 140.124
-0.272763 140.068
-0.233308 140.059
-0.193835 140.031
-0.154363 139.991
-0.114909 139.951
-0.0754765 139.92
-0.0360553 139.882
0.00334965 139.849
0.0427409 139.818
0.0821247 139.8
0.121478 139.747
0.160837 139.727
0.200181 139.701
0.239508 139.67
0.278818 139.637
0.318126 139.61
0.357436 139.591
0.396727 139.566
0.435998 139.538
0.475227 139.498
0.514509 139.483
0.553758 139.458
0.592989 139.432
0.632255 139.419
0.671483 139.397
0.710719 139.379
0.74992 139.355
0.789189 139.349
0.828384 139.327
0.867581 139.307
0.906612 139.256
0.94582 139.243
0.984962 139.219
1.02413 139.202
1.06328 139.182
1.10253 139.18
1.14167 139.16
1.1808 139.14
1.21993 139.123
1.25895 139.09
1.29816 139.086
1.33731 139.073
1.37647 139.062
1.41553 139.04
1.4547 139.031
1.49382 139.018
1.53292 139.003
1.57205 138.992
1.61114 138.977
1.65024 138.964
1.68934 138.951
1.72849 138.944
1.76762 138.936
1.80668 138.92
1.84574 138.905
1.88488 138.899
1.92397 138.888
1.96311 138.881
2.00226 138.877
2.04132 138.864
2.08026 138.842
2.11931 138.829
2.15842 138.823
2.19754 138.816
2.23668 138.812
2.27584 138.81
2.31501 138.808
2.354 138.792
2.39301 138.779
2.43211 138.773
2.47121 138.766
2.51021 138.753
2.54936 138.751
2.58857 138.754
2.62773 138.752
2.66684 138.747
2.706 138.745
2.74504 138.737
2.78405 138.726
2.82309 138.717
2.86224 138.715
2.90145 138.717
2.94052 138.711
2.97955 138.702
3.01862 138.696
3.05798 138.707
3.09739 138.72
3.13654 138.718
3.1756 138.712
3.21454 138.699
3.25372 138.699
3.2929 138.699
3.33195 138.692
3.37113 138.693
3.41048 138.702
3.44979 138.708
3.48919 138.719
3.52877 138.739
3.56796 138.739
3.60688 138.726
3.64634 138.74
3.68567 138.746
3.72472 138.74
3.76391 138.74
3.80339 138.753
3.84287 138.767
3.88226 138.776
3.92156 138.78
3.96101 138.791
4.00036 138.798
4.03982 138.809
4.07903 138.809
4.11819 138.807
4.15756 138.814
4.19692 138.82
4.2364 138.832
4.27578 138.838
4.31532 138.852
4.35476 138.861
4.39436 138.876
4.43387 138.887
4.4731 138.887
4.51272 138.903
4.55258 138.927
4.59216 138.941
4.63146 138.943
4.67047 138.934
4.71001 138.945
4.74967 138.961
4.79035 139.014
4.83033 139.04
4.8696 139.041
4.90887 139.041
4.94814 139.041
4.98765 139.05
5.02774 139.078
5.06727 139.087
5.10725 139.112
5.14673 139.119
5.18686 139.147
5.22706 139.178
5.26669 139.19
5.30633 139.201
5.34643 139.227
5.38642 139.249
5.42601 139.258
5.4656 139.267
5.50582 139.296
5.54597 139.323
5.5858 139.339
5.62598 139.365
5.66624 139.394
5.70588 139.403
5.74717 139.463
5.78726 139.485
5.82729 139.505
5.86682 139.51
5.90716 139.539
5.94758 139.57
5.98735 139.581
6.02787 139.614
6.06826 139.643
6.10805 139.655
6.1487 139.69
6.1892 139.722
6.22972 139.753
6.35096 139.835
6.3925 139.893
6.43237 139.905
6.47321 139.943
6.51383 139.974
6.55455 140.007
6.59644 140.072
6.63669 140.092
6.67813 140.144
6.71816 140.157
6.76014 140.222
6.80207 140.285
6.84205 140.296
6.88316 140.337
6.92403 140.37
6.96623 140.437
7.00749 140.48
7.04823 140.509
7.08917 140.543
7.1312 140.604
7.38443 140.98
7.42582 141.021
8.28334 145.073
8.32289 145.05
