-14.8026 137.191
-14.7608 137.153
-14.7163 137.082
-14.6722 137.016
-14.6305 136.977
-14.5849 136.892
-14.4514 136.674
-14.4059 136.589
-14.3663 136.574
-14.3255 136.544
-14.2843 136.51
-14.2403 136.442
-14.1959 136.368
-14.1544 136.33
-14.1114 136.273
-14.0703 136.239
-14.0293 136.205
-13.99 136.192
-13.9478 136.144
-13.9043 136.08
-13.8623 136.034
-13.8215 136.002
-13.7807 135.97
-13.7396 135.934
-13.6985 135.899
-13.6583 135.873
-13.6193 135.863
-13.577 135.812
-13.5353 135.768
-13.4943 135.732
-13.4555 135.724
-13.4165 135.713
-13.3745 135.665
-13.3337 135.631
-13.2931 135.6
-13.2525 135.568
-13.2138 135.562
-13.1731 135.529
-13.1325 135.497
-13.0934 135.485
-13.0519 135.44
-13.0131 135.432
-12.974 135.42
-12.9322 135.371
-12.8932 135.359
-12.8528 135.33
-12.8141 135.321
-12.7754 135.313
-12.734 135.269
-12.6951 135.259
-12.6533 135.208
-12.6141 135.194
-12.5757 135.19
-12.537 135.181
-12.4957 135.137
-12.4571 135.131
-12.4168 135.1
-12.3779 135.09
-12.3393 135.081
-12.3006 135.073
-12.2615 135.059
-12.2216 135.034
-12.1825 135.019
-12.1437 135.009
-12.1046 134.994
-12.0657 134.982
-12.0263 134.963
-11.9879 134.959
-11.9493 134.951
-11.9108 134.944
-11.872 134.934
-11.8331 134.922
-11.7942 134.909
-11.7556 134.901
-11.7165 134.887
-11.6775 134.872
-11.6375 134.843
-11.5993 134.841
-11.5611 134.839
-11.5225 134.831
-11.4841 134.825
-11.4456 134.818
-11.4073 134.814
-11.3693 134.814
-11.3306 134.804
-11.292 134.796
-11.2533 134.786
-11.2144 134.773
-11.176 134.767
-11.1379 134.767
-11.0998 134.765
-11.0615 134.761
-11.0225 134.747
-10.9846 134.749
-10.947 134.755
-10.9086 134.749
-10.8697 134.737
-10.8312 134.729
-10.7932 134.729
-10.7554 134.733
-10.7169 134.725
-10.6783 134.717
-10.6405 134.721
-10.6026 134.723
-10.5644 134.719
-10.5263 134.719
-10.4884 134.721
-10.4503 134.719
-10.4122 134.72
-10.3745 134.724
-10.3361 134.718
-10.2978 134.714
-10.2599 134.716
-10.2223 134.724
-10.1848 134.733
-10.147 134.737
-10.1092 134.742
-9.84276 130.911
-9.80641 130.926
-9.77517 131.026
-9.95558 134.717
-9.9173 134.713
-9.88023 134.73
-9.84206 134.728
-9.8039 134.726
-9.76549 134.72
-9.72744 134.72
-9.68976 134.726
-9.65254 134.741
-9.61591 134.766
-9.57833 134.775
-9.5405 134.779
-9.50255 134.781
-9.4646 134.784
-9.42642 134.782
-9.38847 134.784
-9.35201 134.813
-9.31428 134.82
-9.27643 134.824
-9.23904 134.837
-9.20243 134.864
-9.16513 134.879
-9.1276 134.89
-9.08995 134.898
-9.05285 134.917
-9.0153 134.928
-8.97819 134.947
-8.94041 134.953
-8.90262 134.96
-8.86494 134.968
-8.82747 134.981
-8.79054 135.004
-8.75338 135.023
-8.71556 135.03
-8.67785 135.038
-8.64003 135.045
-8.60231 135.053
-8.56512 135.072
-8.52802 135.093
-8.49038 135.104
-8.45358 135.132
-8.41604 135.144
-8.37828 135.153
-8.34206 135.193
-8.30439 135.204
-8.26661 135.212
-8.22862 135.217
-8.19083 135.225
-8.15496 135.274
-8.11725 135.284
-8.08014 135.308
-8.04332 135.337
-8.00549 135.346
-7.96864 135.376
-7.93158 135.401
-7.89393 135.414
-7.85792 135.463
-7.82005 135.471
-7.78198 135.476
-7.74391 135.48
-7.70727 135.516
-7.67157 135.573
-7.63394 135.588
-7.59687 135.616
-7.55876 135.62
-7.52149 135.644
-7.48374 135.656
-7.4482 135.72
-7.41033 135.731
-7.3731 135.756
-7.33722 135.814
-7.30023 135.846
-7.26233 135.857
-7.22531 135.889
-7.18757 135.904
-7.15088 135.944
-7.11338 135.965
-7.07702 136.014
-7.03905 136.025
-7.00222 136.064
-6.96536 136.102
-6.92909 136.155
-6.89108 136.166
-6.85511 136.228
-6.81802 136.262
-6.78006 136.275
-6.74361 136.327
-6.70555 136.338
-6.56026 136.565
-6.52213 136.575
-6.48569 136.631
-6.44874 136.674
-6.41154 136.711
-6.37431 136.747
-6.33818 136.814
-6.30202 136.881
-6.26473 136.917
-6.15599 137.118
-6.11877 137.159
-6.08146 137.198
-6.04518 137.267
-5.89977 137.544
-5.86327 137.612
-5.4914 140.632
-5.4522 140.641
-5.413 140.65
