9.85467 146.381
10.1865 145.697
10.2247 145.649
10.7689 144.474
10.8073 144.436
10.8456 144.398
10.8821 144.33
11.2952 143.794
11.3328 143.75
11.3693 143.687
11.4094 143.682
11.4462 143.624
11.4857 143.61
11.524 143.577
11.5976 143.465
11.6378 143.462
11.6764 143.434
11.7155 143.416
11.7519 143.355
11.79 143.32
11.8277 143.28
11.8671 143.266
11.9053 143.234
11.9442 143.213
11.9837 143.201
12.0231 143.187
12.0612 143.155
12.0973 143.092
12.1366 143.078
12.1731 143.022
12.2126 143.01
12.2519 142.997
12.2899 142.964
12.3298 142.959
12.368 142.929
12.4064 142.904
12.4446 142.873
12.4832 142.85
12.5203 142.806
12.56 142.799
12.5994 142.788
12.6372 142.753
12.6748 142.716
12.7141 142.704
12.7526 142.681
12.7924 142.676
12.831 142.653
12.8708 142.648
12.9101 142.637
12.95 142.634
12.9903 142.637
13.027 142.588
13.0646 142.554
13.0994 142.48
13.139 142.473
13.1801 142.486
13.2202 142.486
13.2591 142.47
13.2976 142.449
13.3367 142.436
13.3773 142.442
13.4181 142.452
13.458 142.449
13.4946 142.403
13.5326 142.375
13.5723 142.371
13.612 142.366
13.6502 142.341
13.6896 142.331
13.7287 142.32
13.7689 142.322
13.8099 142.333
13.8494 142.326
13.8864 142.287
13.9228 142.239
13.9619 142.227
14.0037 142.25
14.0401 142.204
14.0734 142.117
14.1093 142.064
14.1473 142.039
14.1889 142.059
14.2314 142.091
14.2733 142.117
14.3146 142.133
14.3549 142.137
14.3979 142.174
14.4364 142.155
14.4738 142.123
14.5151 142.139
14.5538 142.123
14.5932 142.116
14.6336 142.121
14.6739 142.125
14.7162 142.153
14.7577 142.171
14.798 142.175
14.8397 142.196
14.8797 142.196
14.918 142.175
14.9576 142.17
14.998 142.175
15.0382 142.177
15.0774 142.168
15.1178 142.172
15.1583 142.179
15.1995 142.193
15.2418 142.221
15.2816 142.218
15.3212 142.213
15.36 142.2
15.3992 142.19
15.4396 142.195
15.4823 142.227
15.5239 142.245
15.5637 142.243
15.6031 142.236
15.6447 142.254
15.6855 142.263
15.7251 142.259
15.7637 142.242
15.8045 142.252
15.8457 142.265
15.8857 142.265
15.9253 142.261
15.9638 142.244
16.0032 142.237
16.0465 142.274
16.0887 142.299
16.1285 142.297
16.1664 142.274
16.2046 142.253
16.2423 142.228
16.2812 142.216
16.3233 142.239
16.3714 142.329
16.4162 142.381
16.4585 142.407
16.4996 142.418
16.5402 142.425
16.5817 142.441
16.6217 142.441
16.663 142.455
16.7045 142.471
16.7492 142.521
16.7901 142.53
16.8329 142.56
16.8738 142.569
16.9139 142.569
16.9537 142.567
16.9959 142.59
17.0368 142.599
17.0797 142.629
17.1215 142.647
17.1668 142.703
17.208 142.714
17.2487 142.721
17.2912 142.746
17.3321 142.755
17.3773 142.808
17.4185 142.82
17.4564 142.797
17.4991 142.824
17.543 142.863
17.5883 142.917
17.6293 142.926
17.6732 142.965
17.7147 142.979
17.8015 143.046
18.2798 143.412
18.7695 143.872
18.9047 144.01
