-24.8724 83.9128
-24.8434 83.8995
0.952565 126.155
0.988461 126.133
1.02446 126.129
1.06046 126.125
1.65284 124.133
1.68809 124.102
1.72342 124.08
2.07225 123.547
2.10722 123.511
2.14179 123.445
2.17705 123.434
2.35079 123.205
2.3857 123.175
2.42051 123.138
2.45535 123.106
2.48996 123.059
2.52489 123.033
2.55964 122.997
2.59414 122.946
2.62937 122.943
2.73294 122.805
2.76842 122.818
2.80293 122.775
2.838 122.764
2.87232 122.712
2.90701 122.681
2.94208 122.672
2.97658 122.632
3.01161 122.622
3.04631 122.595
3.08143 122.589
3.11605 122.559
3.15076 122.533
3.1855 122.51
3.22051 122.501
3.25464 122.449
3.28923 122.42
3.32385 122.393
3.35849 122.368
3.39346 122.359
3.42808 122.334
3.46269 122.309
3.49761 122.298
3.5326 122.291
3.56686 122.252
3.60138 122.225
3.6357 122.189
3.67045 122.173
3.70519 122.157
3.74026 122.155
3.77529 122.151
3.8095 122.114
3.84439 122.105
3.87931 122.098
3.91388 122.076
3.9484 122.053
3.98295 122.031
4.01772 122.019
4.05266 122.014
4.08765 122.01
4.1224 121.998
4.1572 121.987
4.19161 121.962
4.22606 121.939
4.26093 121.931
4.2956 121.917
4.33036 121.907
4.36498 121.89
4.39948 121.871
4.43438 121.865
4.46897 121.849
4.5037 121.839
4.53854 121.832
4.57337 121.825
4.60846 121.826
4.64339 121.823
4.67816 121.814
4.71271 121.798
4.74747 121.789
4.78223 121.78
4.81687 121.768
4.85156 121.757
4.88631 121.748
4.92116 121.743
4.95584 121.732
4.99085 121.732
5.02529 121.714
5.05984 121.7
5.09462 121.693
5.12951 121.689
5.16439 121.686
5.19934 121.684
5.23434 121.684
5.26934 121.684
5.30428 121.682
5.33898 121.673
5.37355 121.661
5.40824 121.652
5.44311 121.648
5.47823 121.652
5.51354 121.661
5.54885 121.67
5.58378 121.668
5.61846 121.659
5.65262 121.636
5.68735 121.629
5.72267 121.638
5.75824 121.654
5.79357 121.663
5.8275 121.634
5.86189 121.618
5.89695 121.62
5.9326 121.638
5.96766 121.64
6.00286 121.645
6.03792 121.647
6.07256 121.638
6.10727 121.631
6.14261 121.64
6.17753 121.638
6.21188 121.622
6.24623 121.606
6.2815 121.613
6.31691 121.624
6.35189 121.624
6.38673 121.62
6.42157 121.617
6.45648 121.615
6.49161 121.618
6.52689 121.626
6.56195 121.627
6.59709 121.631
6.63222 121.634
6.66728 121.636
6.70303 121.654
6.73917 121.681
6.77471 121.693
6.80979 121.695
6.84494 121.699
6.8801 121.702
6.91518 121.704
6.95002 121.7
6.9851 121.702
7.02034 121.708
7.05566 121.715
7.09059 121.713
7.12583 121.718
7.16181 121.74
7.19739 121.752
7.23274 121.759
7.26816 121.768
7.30376 121.781
7.33944 121.795
7.37446 121.795
7.40948 121.795
7.44561 121.818
7.48131 121.832
7.51626 121.831
7.55146 121.834
7.587 121.845
7.62282 121.861
7.65925 121.89
7.6949 121.902
7.7303 121.909
7.76561 121.915
7.80136 121.929
7.83749 121.95
7.87299 121.959
7.90831 121.965
7.94364 121.97
7.97952 121.986
8.01513 121.997
8.05139 122.02
8.08766 122.043
8.12319 122.052
8.1592 122.07
8.19465 122.077
8.23086 122.099
8.26708 122.12
8.30284 122.133
8.3385 122.144
8.37465 122.163
8.4109 122.185
8.44794 122.221
8.48489 122.255
8.52089 122.271
8.55631 122.276
8.59281 122.301
8.62863 122.314
8.66495 122.336
8.70168 122.364
8.73762 122.379
8.77378 122.397
8.81024 122.42
8.84661 122.442
8.88268 122.458
8.9204 122.503
8.95599 122.51
8.99271 122.537
9.02986 122.571
9.06754 122.614
9.10347 122.627
9.14003 122.65
9.17671 122.676
9.21468 122.723
9.25107 122.742
9.28778 122.768
9.32473 122.797
9.36244 122.838
9.39974 122.873
9.43749 122.914
9.47591 122.967
9.51206 122.981
9.5502 123.028
9.58758 123.063
9.62487 123.095
9.66273 123.137
9.70095 123.184
9.73885 123.226
9.77486 123.237
9.81245 123.273
9.85074 123.32
9.8894 123.373
9.9282 123.428
9.96634 123.471
10.0048 123.521
10.0424 123.555
10.0814 123.612
10.1204 123.666
10.1581 123.703
10.1984 123.778
10.2379 123.84
10.3167 123.961
10.3562 124.023
10.3968 124.1
10.4364 124.163
10.4774 124.246
10.5171 124.308
10.5571 124.374
10.5985 124.461
10.6412 124.568
10.6802 124.618
11.0185 125.914
11.0546 125.916
