-18.0058 157.205
-17.9519 157.082
-17.8947 156.922
-17.8433 156.825
-17.7658 156.443
-17.7149 156.35
-17.6681 156.3
-16.8707 154.934
-16.8222 154.86
-16.7793 154.85
-16.7312 154.781
-16.6825 154.704
-16.6363 154.656
-16.5933 154.643
-16.5506 154.636
-16.457 154.523
-16.4114 154.48
-16.364 154.416
-16.3203 154.396
-16.273 154.332
-16.2304 154.325
-16.1853 154.287
-16.1406 154.254
-16.095 154.21
-16.047 154.137
-16.0057 154.144
-15.9609 154.109
-15.9144 154.053
-15.8708 154.033
-15.8263 154
-15.7825 153.977
-15.7401 153.97
-15.697 153.955
-15.6527 153.924
-15.6073 153.881
-15.5624 153.843
-15.5173 153.803
-15.4749 153.795
-15.4302 153.76
-15.3876 153.75
-15.344 153.727
-15.3016 153.72
-15.2588 153.707
-15.213 153.657
-15.1704 153.647
-15.1274 153.632
-15.0845 153.617
-15.0401 153.584
-14.9964 153.559
-14.9532 153.541
-14.9113 153.539
-14.8688 153.529
-14.8254 153.508
-14.7821 153.488
-14.7377 153.453
-14.6948 153.438
-14.6524 153.431
-14.6103 153.426
-14.5676 153.413
-14.5244 153.393
-14.4817 153.381
-14.4392 153.371
-14.3971 153.366
-14.3543 153.351
-14.311 153.331
-14.2686 153.321
-14.2261 153.311
-14.1831 153.293
-14.1399 153.273
-14.0988 153.281
-14.0574 153.286
-14.0156 153.284
-13.9733 153.276
-13.9314 153.274
-13.8883 153.254
-13.8455 153.239
-13.803 153.229
-13.7615 153.231
-13.7193 153.224
-13.6769 153.214
-13.6348 153.209
-13.5926 153.202
-13.5511 153.204
-13.5096 153.207
-13.4679 153.207
-13.425 153.189
-13.3824 153.177
-13.3407 153.177
-13.2994 153.182
-13.2577 153.182
-13.2164 153.188
-13.175 153.193
-13.1332 153.19
-13.0915 153.19
-13.0498 153.191
-13.0074 153.181
-12.9659 153.183
-12.9244 153.186
-12.8827 153.186
-12.8417 153.196
-12.7986 153.176
-12.7561 153.164
-12.7142 153.161
-12.6731 153.169
-12.6327 153.189
-12.5935 153.227
-12.5532 153.248
-12.5113 153.245
-12.4682 153.225
-12.4254 153.208
-12.3837 153.208
-12.3418 153.205
-12.3003 153.208
-12.2599 153.228
-12.0947 151.305
-12.0531 151.3
-12.0124 151.31
-12.0951 153.261
-12.0531 153.257
-12.0115 153.259
-11.9713 153.282
-11.9299 153.287
-11.8883 153.29
-11.8472 153.3
-11.8061 153.31
-11.7647 153.315
-11.7229 153.316
-11.6818 153.326
-11.6415 153.349
-11.6005 153.361
-11.5599 153.379
-11.5184 153.384
-11.477 153.39
-11.4364 153.41
-11.3957 153.428
-11.3549 153.443
-11.3133 153.446
-11.2718 153.451
-11.2318 153.481
-11.1918 153.512
-11.1507 153.522
-11.109 153.525
-11.0675 153.53
-11.0278 153.565
-10.9867 153.578
-10.9467 153.609
-10.9062 153.632
-10.8647 153.637
-10.8236 153.65
-10.7826 153.665
-10.7435 153.713
-10.702 153.718
-10.6611 153.736
-10.6211 153.769
-10.5801 153.785
-10.5397 153.81
-10.4984 153.82
-10.4584 153.854
-10.4182 153.884
-10.3773 153.902
-10.3387 153.963
-10.2983 153.991
-10.2573 154.007
-10.2158 154.014
-10.1743 154.022
-10.1341 154.055
-10.0932 154.073
-10.0538 154.122
-10.0124 154.132
-9.97247 154.171
-9.93132 154.186
-9.89123 154.222
-9.85126 154.26
-9.8114 154.301
-9.77178 154.347
-9.73162 154.383
-9.69171 154.424
-9.65165 154.462
-9.61119 154.493
-9.5702 154.514
-9.53137 154.578
-9.4901 154.593
-9.44996 154.632
-9.40993 154.673
-9.36963 154.709
-9.32957 154.75
-9.29099 154.822
-9.25001 154.845
-9.21113 154.912
-9.16963 154.925
-9.13107 155
-9.09089 155.041
-9.05057 155.08
-9.0106 155.126
-8.97519 155.271
-8.93371 155.286
-8.89295 155.317
-8.85241 155.354
-8.81257 155.405
-8.77235 155.449
-8.61591 155.729
-8.57569 155.776
-8.53568 155.828
