10.9315 135.514
10.97 135.514
11.0089 135.52
11.0482 135.533
11.2714 132.531
11.3033 132.443
11.3367 132.378
11.3716 132.335
11.4341 132.143
11.4671 132.074
11.5022 132.037
11.5376 132.003
11.6001 131.818
11.6351 131.78
11.6689 131.725
11.7037 131.685
11.7385 131.644
11.7717 131.581
11.8047 131.517
11.8388 131.468
11.8739 131.434
11.907 131.372
11.9415 131.329
11.977 131.301
12.0117 131.261
12.0449 131.202
12.0781 131.142
12.1142 131.124
12.1478 131.07
12.1827 131.036
12.2177 131.002
12.2511 130.947
12.2859 130.911
12.3212 130.883
12.3578 130.871
12.3909 130.813
12.4242 130.759
12.4594 130.729
12.4942 130.695
12.5295 130.667
12.5653 130.647
12.5995 130.605
12.6343 130.571
12.6702 130.553
12.7035 130.5
12.7383 130.468
12.7747 130.456
12.8104 130.434
12.8457 130.408
12.8803 130.374
12.915 130.34
12.95 130.31
12.9849 130.281
13.0214 130.271
13.0577 130.259
13.0919 130.219
13.1282 130.207
13.1632 130.179
13.1981 130.149
13.2342 130.136
13.2683 130.096
13.3044 130.082
13.3392 130.052
13.3744 130.026
13.4106 130.015
13.4446 129.975
13.4807 129.961
13.5158 129.935
13.5522 129.925
13.5882 129.912
13.6241 129.896
13.6601 129.882
13.696 129.866
13.7305 129.834
13.7657 129.811
13.8019 129.799
13.8377 129.783
13.8739 129.771
13.9097 129.755
13.9459 129.744
13.982 129.732
14.017 129.706
14.0533 129.696
14.0899 129.69
14.1254 129.671
14.1605 129.647
14.1969 129.639
14.2328 129.625
14.2682 129.606
14.3042 129.592
14.3406 129.584
14.3772 129.578
14.4132 129.566
14.4488 129.548
14.4854 129.543
14.5216 129.533
14.5576 129.521
14.5937 129.509
14.6296 129.495
14.6649 129.476
14.7018 129.474
14.7383 129.468
14.7744 129.456
14.81 129.44
14.8448 129.415
14.881 129.405
14.9177 129.401
14.9547 129.401
14.9923 129.407
15.0296 129.409
15.0654 129.395
15.1015 129.385
15.1386 129.385
15.1749 129.378
15.2112 129.37
15.2477 129.364
15.2841 129.356
15.3209 129.354
15.3578 129.352
15.3945 129.348
15.43 129.333
15.4671 129.333
15.5043 129.335
15.5408 129.329
15.5774 129.325
15.6122 129.301
15.6478 129.285
15.6835 129.272
15.7207 129.274
15.7581 129.278
15.7959 129.286
15.8335 129.292
15.8715 129.301
15.9083 129.299
15.9455 129.301
15.9825 129.301
16.0188 129.294
16.056 129.296
16.0944 129.309
16.1308 129.304
16.1673 129.298
16.2039 129.294
16.2421 129.306
16.2801 129.315
16.3171 129.315
16.3547 129.321
16.3922 129.325
16.4292 129.325
16.466 129.323
16.5036 129.329
16.5415 129.337
16.5791 129.343
16.6165 129.347
16.6547 129.359
16.6922 129.363
16.7298 129.369
16.7674 129.375
16.8051 129.381
16.8423 129.383
16.8787 129.377
16.9168 129.387
16.9556 129.404
16.9939 129.416
17.0315 129.422
17.0686 129.422
17.106 129.426
17.1441 129.436
17.184 129.464
17.2219 129.472
17.2593 129.476
17.297 129.481
17.3351 129.491
17.3742 129.511
17.4123 129.521
17.4519 129.545
17.4902 129.557
17.5283 129.566
17.5666 129.578
17.6052 129.592
17.6431 129.6
17.6802 129.6
17.7179 129.606
17.7566 129.622
17.7958 129.642
17.8344 129.655
17.873 129.669
17.9116 129.683
17.9506 129.701
17.9888 129.711
18.0276 129.727
18.0664 129.742
18.1048 129.754
18.1437 129.77
18.1821 129.782
18.2218 129.806
18.2611 129.826
18.2995 129.837
18.3399 129.867
18.3806 129.899
18.4195 129.915
18.4617 129.96
18.5001 129.972
18.54 129.996
18.5793 130.016
18.6178 130.028
18.6601 130.073
18.6984 130.083
18.7367 130.093
18.7768 130.119
18.8171 130.147
18.8581 130.181
18.8987 130.211
18.9375 130.225
18.9806 130.276
19.0201 130.296
19.0625 130.342
19.1037 130.376
19.1446 130.408
19.1834 130.422
19.2259 130.468
19.2653 130.486
19.3081 130.533
19.3472 130.549
19.39 130.597
19.431 130.629
19.473 130.669
19.5147 130.707
19.5557 130.739
19.5985 130.785
19.6402 130.823
19.6811 130.853
19.7255 130.914
19.7698 130.972
19.8095 130.992
19.8535 131.048
19.898 131.108
19.9416 131.161
19.9838 131.201
20.0265 131.245
20.0716 131.309
20.1166 131.372
20.1605 131.426
20.2062 131.495
20.2525 131.568
20.3007 131.657
20.3463 131.723
20.3892 131.768
20.4874 131.959
20.5963 132.235
20.6394 132.28
20.6827 132.327
