-21.7222 129.6
-21.6703 129.483
-21.6192 129.371
-21.5776 129.33
-21.5358 129.288
-21.3323 128.84
-21.2914 128.804
-21.2473 128.743
-21.2027 128.677
-21.1572 128.605
-21.1104 128.523
-21.0674 128.469
-21.0272 128.437
-20.984 128.382
-20.9398 128.319
-20.8989 128.281
-20.856 128.227
-20.8132 128.174
-20.7718 128.132
-20.7288 128.077
-20.6889 128.047
-20.6493 128.019
-20.6085 127.981
-20.5653 127.924
-20.525 127.89
-20.4855 127.861
-20.4445 127.821
-20.4019 127.769
-20.3619 127.736
-20.3203 127.691
-20.2825 127.676
-20.2409 127.631
-20.2029 127.614
-20.1616 127.57
-20.1238 127.555
-20.0846 127.529
-20.0455 127.502
-20.008 127.489
-19.9663 127.442
-19.9269 127.414
-19.889 127.397
-19.8476 127.352
-19.8089 127.329
-19.7687 127.293
-19.732 127.286
-19.6938 127.267
-19.6534 127.229
-19.6158 127.214
-19.5747 127.171
-19.538 127.164
-19.5013 127.156
-19.4625 127.132
-19.4231 127.102
-19.3846 127.079
-19.3476 127.07
-19.3091 127.047
-19.2718 127.034
-19.2319 127
-19.1946 126.987
-19.1553 126.957
-19.117 126.937
-19.0804 126.929
-19.0439 126.924
-19.0071 126.914
-18.9684 126.89
-18.9309 126.875
-18.8947 126.871
-18.8578 126.862
-18.819 126.836
-18.7824 126.828
-18.7462 126.824
-18.7076 126.8
-18.6692 126.778
-18.633 126.774
-18.5949 126.753
-18.5572 126.736
-18.5217 126.738
-18.4868 126.746
-18.4509 126.744
-18.4128 126.723
-18.3738 126.695
-18.3377 126.692
-18.3017 126.69
-18.2638 126.671
-18.2268 126.66
-18.1909 126.658
-18.1547 126.654
-18.1177 126.643
-18.0795 126.621
-18.0425 126.609
-18.007 126.611
-17.9715 126.613
-17.9349 126.606
-17.8969 126.585
-17.8599 126.574
-17.8242 126.574
-17.7889 126.578
-17.7525 126.572
-17.7168 126.572
-17.6807 126.568
-17.6435 126.555
-17.6066 126.544
-17.5706 126.542
-17.5351 126.544
-17.4992 126.542
-17.4639 126.546
-17.4288 126.551
-17.3926 126.548
-17.3557 126.537
-17.3198 126.535
-17.284 126.535
-17.2483 126.535
-17.2126 126.535
-17.177 126.537
-17.1419 126.542
-17.106 126.54
-17.0692 126.531
-17.0333 126.529
-16.9974 126.527
-16.9617 126.527
-16.9263 126.531
-16.8927 126.551
-16.8574 126.555
-16.8212 126.551
-16.7849 126.546
-16.7503 126.557
-16.7138 126.549
-16.6792 126.561
-16.6435 126.561
-16.6083 126.566
-16.5743 126.583
-16.5382 126.579
-16.5037 126.592
-16.4707 126.618
-16.4362 126.632
-16.3989 126.617
-16.3622 126.607
-16.3255 126.598
-16.2901 126.602
-16.2551 126.609
-16.219 126.605
-16.1851 126.624
-16.1491 126.622
-16.1141 126.63
-16.079 126.637
-16.0436 126.641
-16.008 126.643
-15.973 126.65
-15.9378 126.656
-15.9029 126.665
-15.8677 126.671
-15.8323 126.674
-15.7966 126.676
-15.762 126.687
-15.7282 126.708
-15.6927 126.712
-15.6569 126.712
-15.6215 126.715
-15.586 126.719
-15.551 126.727
-15.5173 126.749
-15.484 126.775
-15.4493 126.786
-15.4151 126.803
-15.3803 126.814
-15.3454 126.824
-15.3104 126.833
-15.2758 126.846
-15.2425 126.872
-15.208 126.887
-15.1734 126.901
-15.1392 126.917
-15.1059 126.946
-15.0708 126.953
-15.0354 126.959
-15.0003 126.966
-14.9661 126.985
-14.9325 127.009
-14.8977 127.021
-14.8625 127.028
-14.8283 127.047
-14.7947 127.071
-14.7608 127.094
-14.7256 127.101
-14.6912 127.118
-14.657 127.137
-14.6233 127.161
-14.5883 127.171
-14.5535 127.184
-14.5193 127.203
-14.4857 127.229
-14.4513 127.246
-14.417 127.265
-14.3836 127.293
-14.3503 127.323
-14.3167 127.349
-14.2826 127.37
-14.249 127.397
-14.214 127.408
-14.1788 127.417
-14.1465 127.459
-14.1131 127.489
-14.0794 127.515
-14.0449 127.532
-14.0128 127.578
-13.9779 127.591
-13.9435 127.61
-13.909 127.627
-13.8739 127.638
-13.8405 127.668
-13.8073 127.702
-13.7732 127.725
-13.741 127.771
-13.7091 127.82
-13.6745 127.837
-13.6403 127.86
-13.6065 127.886
-13.5736 127.924
-13.5416 127.974
-13.507 127.993
-13.4744 128.034
-13.4392 128.046
-13.4059 128.08
-13.3728 128.116
-13.338 128.133
-13.3063 128.187
-13.2734 128.227
-13.2403 128.265
-13.208 128.312
-13.1749 128.35
-13.1432 128.406
-13.1113 128.459
-13.0797 128.517
-13.045 128.536
-13.0109 128.562
-12.9772 128.595
-12.9475 128.677
-12.914 128.712
-12.7206 129.023
-12.687 129.058
-12.6531 129.09
-12.3451 129.827
-12.3129 129.886
-12.2227 130.146
