-24.87 83.9017
-24.8434 83.8995
6.03863 152.311
6.08062 152.316
6.12147 152.286
6.23025 151.78
6.27054 151.737
6.41951 151.213
6.57194 150.815
6.61177 150.768
6.64937 150.658
6.68834 150.588
6.88334 150.254
6.92196 150.18
6.96166 150.135
7.00041 150.066
7.04006 150.021
7.07829 149.939
7.11799 149.897
7.15796 149.863
7.19801 149.83
7.23737 149.781
7.27566 149.704
7.3144 149.64
7.35399 149.598
7.39472 149.586
7.43447 149.549
7.47391 149.504
7.51225 149.433
7.55283 149.418
7.59252 149.381
7.63088 149.312
7.67042 149.273
7.71026 149.241
7.75038 149.216
7.78988 149.177
7.82874 149.123
7.86934 149.11
7.90962 149.09
7.94979 149.068
7.98816 149.005
8.0283 148.982
8.06705 148.928
8.10759 148.916
8.14738 148.887
8.18736 148.862
8.22594 148.806
8.26611 148.786
8.30584 148.757
8.34567 148.73
8.38615 148.718
8.42617 148.695
8.46541 148.656
8.50609 148.649
8.54642 148.634
8.58573 148.597
8.62639 148.59
8.66613 148.563
8.70689 148.558
8.74638 148.526
8.78552 148.487
8.82625 148.482
8.86606 148.458
8.90655 148.448
8.9468 148.433
8.98493 148.375
9.0254 148.365
9.06598 148.358
9.1068 148.355
9.14725 148.345
9.1859 148.299
9.22586 148.279
9.26532 148.25
9.30574 148.24
9.34579 148.223
9.38669 148.223
9.42698 148.211
9.46664 148.187
9.50728 148.182
9.5478 148.174
9.58806 148.162
9.62844 148.152
9.66819 148.13
9.7078 148.106
9.74829 148.098
9.78877 148.091
9.82938 148.086
9.86973 148.076
9.90956 148.057
9.95003 148.049
9.99023 148.037
10.0303 148.023
10.0697 147.996
10.1104 147.993
10.1515 147.998
10.1929 148.008
10.2335 148.003
10.2728 147.976
10.3134 147.971
10.3542 147.971
10.3948 147.966
10.4347 147.949
10.4748 147.937
10.5141 147.91
10.5544 147.9
10.5953 147.902
10.6373 147.922
10.6772 147.907
10.7192 147.926
10.7655 148.021
10.8051 147.999
10.8438 147.962
10.883 147.935
10.9211 147.889
10.9618 147.887
11.0035 147.901
11.0444 147.903
11.0849 147.898
11.126 147.903
11.167 147.906
11.2079 147.908
11.2489 147.91
11.2901 147.917
11.3308 147.915
11.3711 147.907
11.4119 147.907
11.4538 147.924
11.4947 147.926
11.5354 147.924
11.5759 147.919
11.6172 147.926
11.6587 147.938
11.6997 147.94
11.7405 147.94
11.7811 147.938
11.8218 147.935
11.8629 147.94
11.904 147.944
11.9461 147.964
11.9883 147.985
12.0292 147.988
12.0704 147.992
12.1118 148.002
12.1529 148.007
12.1936 148.004
12.2347 148.009
12.2757 148.011
12.3183 148.038
12.3596 148.045
12.4012 148.057
12.4433 148.076
12.4845 148.081
12.5263 148.095
12.5686 148.117
12.6096 148.119
12.6509 148.126
12.6937 148.155
12.7349 148.16
12.7766 148.172
12.8194 148.201
12.8616 148.22
12.9021 148.215
12.9435 148.222
12.9854 148.237
13.0281 148.263
13.0703 148.283
13.1136 148.316
13.1553 148.328
13.1979 148.353
13.2398 148.367
13.281 148.372
13.3233 148.391
13.3659 148.415
13.4077 148.427
13.4495 148.439
13.4946 148.498
13.536 148.505
13.5775 148.512
13.6209 148.546
13.6645 148.582
13.7057 148.587
13.7494 148.623
13.7928 148.657
13.837 148.701
13.8803 148.733
13.922 148.742
13.9635 148.749
14.0083 148.801
14.0506 148.817
14.093 148.837
14.1377 148.886
14.18 148.903
14.226 148.968
14.2683 148.985
14.3108 149.005
14.3546 149.041
14.3971 149.061
14.4435 149.129
14.4854 149.141
14.5314 149.205
14.5755 149.244
14.62 149.288
14.6625 149.305
14.7085 149.369
14.839 149.459
15.5402 150.483
15.5879 150.559
15.6379 150.664
