-15.8531 149.073
-15.8054 148.999
-15.5715 148.68
-15.5273 148.646
-15.4823 148.602
-15.4373 148.558
-15.3899 148.485
-15.3447 148.439
-15.2978 148.37
-15.2533 148.332
-15.209 148.295
-15.0716 148.13
-15.0284 148.106
-14.988 148.116
-14.9426 148.065
-14.8985 148.028
-14.8563 148.017
-14.8124 147.983
-14.635 147.826
-14.5908 147.787
-14.5463 147.746
-14.5021 147.707
-14.4604 147.7
-14.4187 147.693
-14.3728 147.633
-14.3309 147.623
-14.287 147.587
-14.2432 147.554
-14.1999 147.525
-14.1576 147.511
-14.1136 147.472
-14.0702 147.443
-14.0289 147.441
-13.9875 147.437
-13.944 147.405
-13.9025 147.401
-13.8609 147.394
-13.8173 147.36
-13.7726 147.312
-13.7291 147.281
-13.6879 147.279
-13.6461 147.27
-13.6027 147.239
-13.5597 147.212
-13.5177 147.201
-13.4745 147.172
-13.433 147.165
-13.3917 147.163
-13.3503 147.158
-13.3079 147.139
-13.2661 147.13
-13.2246 147.123
-13.1814 147.094
-13.1382 147.063
-13.0964 147.054
-13.0552 147.052
-13.0142 147.052
-12.973 147.05
-12.9303 147.027
-12.8884 147.015
-12.8465 147.003
-12.804 146.982
-12.7623 146.972
-12.7199 146.953
-12.6785 146.949
-12.6365 146.935
-12.5948 146.925
-12.5532 146.916
-12.5118 146.912
-12.4711 146.917
-12.4303 146.92
-12.3886 146.91
-12.3461 146.889
-12.3048 146.885
-12.2638 146.885
-12.2235 146.897
-12.182 146.89
-12.1388 146.857
-12.0979 146.86
-12.0575 146.87
-12.0161 146.863
-11.9746 146.856
-11.9335 146.856
-11.8927 146.859
-11.8515 146.857
-11.8095 146.843
-11.7661 146.805
-11.7238 146.786
-11.6823 146.779
-11.6424 146.796
-11.6009 146.789
-11.5595 146.782
-11.5134 146.703
-11.4712 146.684
-11.4336 146.737
-11.3967 146.805
-11.3565 146.818
-11.314 146.794
-11.272 146.78
-11.2291 146.749
-11.1862 146.718
-11.1481 146.767
-11.1099 146.813
-11.0716 146.859
-11.0316 146.876
-10.9911 146.886
-10.9511 146.904
-10.9103 146.909
-10.8691 146.907
-10.8283 146.912
-10.7884 146.932
-10.7482 146.947
-10.707 146.945
-10.6656 146.94
-10.6251 146.95
-10.586 146.984
-10.5456 146.997
-10.5044 146.995
-10.4631 146.993
-10.4223 146.998
-10.3815 147.003
-10.3411 147.016
-10.3018 147.047
-10.2611 147.055
-10.2202 147.06
-10.1792 147.063
-10.1393 147.085
-10.0999 147.117
-10.0595 147.129
-10.0186 147.135
-9.97801 147.145
-9.93819 147.169
-9.89809 147.189
-9.8572 147.194
-9.81683 147.209
-9.77735 147.241
-9.73645 147.246
-9.69541 147.249
-9.65501 147.264
-9.61486 147.284
-9.57469 147.304
-9.53465 147.326
-9.49384 147.333
-9.45377 147.356
-9.41468 147.397
-9.37397 147.407
-9.33289 147.41
-9.29205 147.418
-9.25242 147.45
-9.21278 147.482
-9.17264 147.504
-9.13237 147.524
-9.09293 147.561
-9.053 147.588
-9.01258 147.605
-8.97226 147.625
-8.93288 147.664
-8.89255 147.684
-8.85255 147.711
-8.81196 147.726
-8.77345 147.785
-8.73272 147.798
-8.69175 147.806
-8.6533 147.867
-8.613 147.889
-8.57393 147.939
-8.53326 147.954
-8.49247 147.966
-8.45257 147.998
-8.41277 148.033
-8.37295 148.068
-8.33322 148.105
-8.29392 148.152
-8.25427 148.191
-8.2134 148.204
-8.1734 148.236
-8.13499 148.305
-8.09537 148.347
-8.05542 148.382
-8.01619 148.434
-7.97747 148.498
-7.93662 148.513
-7.89649 148.546
-7.85552 148.558
-7.81682 148.625
-7.77809 148.692
-7.73902 148.752
-7.69891 148.787
-7.65857 148.817
-7.62025 148.896
-7.57988 148.926
-7.5408 148.988
-7.50198 149.058
-7.46265 149.115
-7.4226 149.155
-7.38204 149.183
-7.34254 149.238
-7.30321 149.297
-7.26434 149.37
-7.22592 149.455
-7.1889 149.577
-7.14802 149.6
-7.10676 149.612
-7.06539 149.623
-6.62325 151.303
-6.58609 151.446
