-21.7127 136.176
-21.6698 136.14
-21.6304 136.132
-21.5854 136.079
-21.3252 135.838
-21.2835 135.81
-21.2442 135.802
-21.0291 135.61
-20.9906 135.608
-20.9514 135.6
-20.9066 135.547
-20.8671 135.537
-20.8253 135.508
-20.6561 135.373
-20.6174 135.369
-20.5789 135.367
-20.5372 135.338
-20.495 135.305
-20.3716 135.231
-20.3329 135.227
-20.288 135.171
-20.2461 135.139
-20.2074 135.135
-20.1665 135.112
-20.1274 135.104
-20.088 135.094
-20.0464 135.065
-20.0075 135.059
-19.9662 135.032
-19.9271 135.023
-19.8862 135.001
-19.8481 135.001
-19.81 135.001
-19.7689 134.976
-19.7286 134.958
-19.6903 134.956
-19.6526 134.96
-19.6121 134.94
-19.5735 134.936
-19.5349 134.932
-19.4936 134.905
-19.4541 134.892
-19.4133 134.869
-19.3747 134.865
-19.3368 134.868
-19.2987 134.868
-19.2599 134.862
-19.2187 134.835
-19.1782 134.814
-19.1385 134.8
-19.098 134.779
-19.0594 134.775
-19.0206 134.769
-18.982 134.765
-18.9442 134.768
-18.9056 134.764
-18.8677 134.766
-18.828 134.752
-18.7899 134.752
-18.7527 134.761
-18.7139 134.755
-18.6744 134.743
-18.6368 134.747
-18.5996 134.756
-18.561 134.752
-18.5206 134.731
-18.4777 134.687
-18.4391 134.683
-18.4029 134.701
-18.3659 134.711
-18.3278 134.712
-18.2904 134.718
-18.2536 134.731
-18.2164 134.74
-18.1783 134.74
-18.1381 134.722
-18.0987 134.709
-18.0612 134.716
-18.0242 134.727
-17.9872 134.738
-17.9489 134.736
-17.9096 134.726
-17.8704 134.715
-17.8314 134.707
-17.793 134.706
-17.7553 134.71
-17.7181 134.719
-17.6797 134.717
-17.6418 134.719
-17.6033 134.716
-17.5662 134.726
-17.53 134.746
-17.491 134.738
-17.4511 134.721
-17.4149 134.74
-17.3783 134.755
-17.3397 134.751
-17.2992 134.728
-17.2621 134.739
-17.2253 134.752
-17.1869 134.75
-17.1492 134.755
-17.1097 134.743
-17.072 134.747
-17.0366 134.775
-17.0041 134.832
-16.9683 134.856
-16.9307 134.862
-16.8921 134.858
-16.8543 134.863
-16.8167 134.87
-16.7806 134.891
-16.7426 134.893
-16.7057 134.906
-16.6683 134.915
-16.6315 134.93
-16.5956 134.954
-16.559 134.971
-16.5216 134.98
-16.4842 134.988
-16.449 135.02
-16.4133 135.046
-16.3756 135.053
-16.3384 135.064
-16.3005 135.068
-16.2625 135.071
-16.2258 135.088
-16.188 135.092
-16.1505 135.101
-16.1142 135.123
-16.0782 135.146
-16.0413 135.161
-16.0038 135.17
-15.9677 135.194
-15.9302 135.202
-15.8945 135.23
-15.8593 135.265
-15.8232 135.288
-15.786 135.301
-15.7489 135.314
-15.7127 135.338
-15.6753 135.349
-15.6372 135.351
-15.6025 135.392
-15.5652 135.403
-15.5299 135.437
-15.4919 135.442
-15.4586 135.497
-15.4215 135.512
-15.3855 135.538
-15.3482 135.551
-15.3108 135.562
-15.2764 135.607
-15.2395 135.625
-15.2037 135.655
-15.168 135.685
-15.1324 135.717
-15.0947 135.726
-15.0606 135.775
-15.0229 135.784
-14.9874 135.819
-14.9521 135.855
-14.8071 135.959
-14.7717 135.996
-14.736 136.028
-14.7022 136.084
-14.6664 136.117
-14.629 136.13
-14.5936 136.166
-14.4177 136.37
-14.3804 136.385
-14.3468 136.446
-14.3109 136.478
-14.2746 136.506
-13.0933 139.848
-12.9326 138.223
-12.8975 138.276
-12.8579 138.27
-12.8187 138.268
