17.7029 148.147
17.7468 148.176
17.7889 148.186
17.8332 148.218
17.8776 148.252
17.92 148.264
17.9608 148.259
18.0025 148.264
17.8321 144.79
17.8692 144.755
17.9078 144.736
18.2961 143.762
18.3291 143.689
18.3628 143.624
18.4016 143.61
18.4343 143.536
18.4684 143.476
18.6056 143.244
18.6391 143.18
18.6756 143.145
18.7143 143.131
18.7485 143.073
18.784 143.03
18.8162 142.953
18.8522 142.914
18.8894 142.887
18.928 142.873
18.9609 142.804
18.9956 142.753
19.0337 142.735
19.0672 142.673
19.1047 142.65
19.1379 142.585
19.1738 142.546
19.2125 142.535
19.2503 142.514
19.2863 142.477
19.3219 142.436
19.3584 142.404
19.3953 142.376
19.434 142.365
19.4725 142.351
19.5067 142.298
19.5444 142.278
19.5786 142.225
19.6167 142.209
19.6533 142.179
19.6895 142.145
19.7251 142.106
19.7617 142.077
19.799 142.054
19.8371 142.038
19.8749 142.019
19.9105 141.981
19.9483 141.962
19.9843 141.928
20.0208 141.898
20.0591 141.885
20.0971 141.869
20.131 141.816
20.1688 141.798
20.2073 141.787
20.2465 141.782
20.2834 141.757
20.3209 141.737
20.3575 141.709
20.3947 141.686
20.4326 141.67
20.4695 141.645
20.5074 141.63
20.5461 141.62
20.5837 141.602
20.6209 141.579
20.659 141.566
20.6969 141.55
20.7332 141.52
20.7713 141.507
20.8096 141.495
20.8483 141.486
20.8866 141.475
20.9226 141.443
20.9607 141.429
20.999 141.418
21.0376 141.409
21.0762 141.4
21.1132 141.377
21.1499 141.352
21.1882 141.341
21.2262 141.327
21.2637 141.309
21.3025 141.302
21.3395 141.279
21.3772 141.263
21.413 141.232
21.451 141.218
21.4893 141.207
21.5272 141.193
21.5647 141.175
21.6078 141.204
21.6479 141.209
21.6867 141.202
21.7224 141.17
21.7623 141.172
21.8019 141.172
21.8398 141.159
21.8763 141.134
21.9142 141.12
21.951 141.098
21.9895 141.089
22.0318 141.111
22.0714 141.111
22.1109 141.111
22.1519 141.122
22.1923 141.129
22.2321 141.131
22.2731 141.142
22.3115 141.133
22.3519 141.14
22.3912 141.137
22.4296 141.128
22.4691 141.128
22.509 141.13
22.5488 141.133
22.5881 141.13
22.6268 141.123
22.6646 141.11
22.7056 141.121
22.746 141.128
22.7852 141.125
22.8248 141.125
22.8649 141.13
22.905 141.134
22.9445 141.134
22.9832 141.127
23.0221 141.123
23.062 141.125
23.1024 141.132
23.1425 141.136
23.1823 141.138
23.2221 141.14
23.2643 141.161
23.3047 141.167
23.3448 141.172
23.3841 141.169
23.4236 141.169
23.4632 141.169
23.503 141.171
23.5422 141.169
23.5812 141.164
23.6219 141.173
23.6641 141.194
23.7069 141.218
23.7482 141.232
23.7884 141.236
23.8306 141.256
23.8713 141.265
23.9112 141.268
23.9516 141.274
23.9984 141.328
24.0386 141.333
24.0784 141.335
24.118 141.335
24.1582 141.339
24.1989 141.348
24.2388 141.35
24.2805 141.366
24.3219 141.38
24.3645 141.402
24.4047 141.407
24.4452 141.413
24.486 141.422
24.5289 141.447
24.5703 141.461
24.6139 141.49
24.6566 141.512
24.6971 141.519
24.7395 141.539
24.781 141.553
24.825 141.585
24.8683 141.612
24.9082 141.614
24.9491 141.623
24.9934 141.657
25.0352 141.672
25.0827 141.729
25.123 141.734
25.1632 141.738
25.2044 141.749
25.2485 141.781
25.2926 141.813
25.3364 141.842
25.3812 141.878
25.4224 141.89
25.4665 141.921
25.5117 141.96
25.5568 141.999
25.6004 142.026
25.6455 142.064
25.8248 142.208
25.8701 142.246
25.915 142.283
25.9561 142.292
26.0944 142.424
26.1398 142.463
26.1858 142.506
26.2773 142.588
26.3268 142.655
26.3733 142.7
26.4184 142.737
26.468 142.803
