-9.76217 124.158
-9.72651 124.153
-9.69062 124.143
-9.03905 122.663
-9.00354 122.654
-8.96565 122.605
-8.92964 122.587
-8.89077 122.519
-8.85387 122.485
-8.81719 122.455
-8.70232 122.278
-8.66353 122.209
-8.62665 122.173
-8.59018 122.145
-8.51435 122.036
-8.47754 122
-8.44007 121.953
-8.40368 121.924
-8.36721 121.894
-8.33171 121.882
-8.29431 121.834
-8.25807 121.808
-8.22184 121.781
-8.18525 121.748
-8.14783 121.699
-8.10979 121.637
-8.07344 121.607
-8.03766 121.588
-8.00252 121.581
-7.96748 121.576
-7.93172 121.556
-7.89425 121.504
-7.85671 121.449
-7.82135 121.437
-7.78554 121.416
-7.75054 121.411
-7.71458 121.386
-7.67871 121.363
-7.64329 121.349
-7.60631 121.304
-7.57031 121.277
-7.53492 121.263
-7.49833 121.225
-7.4633 121.218
-7.42827 121.211
-7.39257 121.19
-7.3562 121.155
-7.32036 121.13
-7.28477 121.111
-7.24969 121.102
-7.2142 121.085
-7.17929 121.08
-7.14349 121.055
-7.10754 121.027
-7.07249 121.018
-7.03736 121.008
-7.00111 120.973
-6.96592 120.961
-6.93081 120.95
-6.89468 120.917
-6.85959 120.907
-6.82465 120.9
-6.78918 120.881
-6.75363 120.86
-6.71864 120.851
-6.68418 120.854
-6.64949 120.853
-6.61443 120.842
-6.57847 120.811
-6.54334 120.799
-6.50815 120.785
-6.47192 120.746
-6.43682 120.734
-6.40136 120.713
-6.36649 120.706
-6.33191 120.706
-6.29726 120.704
-6.26218 120.692
-6.22689 120.675
-6.19161 120.657
-6.15697 120.656
-6.12254 120.659
-6.08818 120.664
-6.0534 120.659
-6.01848 120.65
-5.98357 120.641
-5.94867 120.633
-5.91403 120.631
-5.87933 120.627
-5.84424 120.613
-5.80928 120.603
-5.77446 120.596
-5.73977 120.593
-5.70475 120.58
-5.66955 120.563
-5.63443 120.547
-5.59981 120.546
-5.56539 120.549
-5.53097 120.552
-5.49636 120.551
-5.4615 120.542
-5.42677 120.537
-5.39216 120.535
-5.3575 120.531
-5.32295 120.531
-5.28829 120.528
-5.25357 120.522
-5.21896 120.521
-5.18436 120.519
-5.14976 120.517
-5.11528 120.519
-5.08079 120.52
-5.04637 120.524
-5.01177 120.522
-4.97666 120.505
-4.94229 120.51
-4.90803 120.518
-4.87326 120.511
-4.83855 120.506
-4.80407 120.508
-4.76969 120.513
-4.73542 120.521
-4.70131 120.535
-4.66692 120.54
-4.63227 120.537
-4.59746 120.528
-4.56286 120.526
-4.52816 120.521
-4.49372 120.524
-4.45917 120.524
-4.42478 120.53
-4.39023 120.529
-4.35578 120.533
-4.32158 120.545
-4.28718 120.55
-4.25253 120.547
-4.21808 120.55
-4.18386 120.562
-4.1494 120.565
-4.11494 120.569
-4.08047 120.572
-4.04601 120.576
-4.01159 120.581
-3.97707 120.582
-3.94251 120.582
-3.90818 120.591
-3.87366 120.593
-3.83923 120.598
-3.80493 120.608
-3.77075 120.624
-3.73669 120.644
-3.70233 120.653
-3.66784 120.656
-3.63334 120.66
-3.59885 120.663
-3.56435 120.666
-3.53009 120.68
-3.49579 120.692
-3.46132 120.697
-3.42689 120.704
-3.39242 120.709
-3.35821 120.727
-3.32392 120.741
-3.28966 120.756
-3.25521 120.763
-3.22076 120.77
-3.18644 120.784
-3.15209 120.796
-3.11787 120.815
-3.08333 120.818
-3.04875 120.82
-3.01444 120.835
-2.98009 120.849
-2.94584 120.868
-2.91152 120.884
-2.87728 120.905
-2.84278 120.912
-2.8082 120.915
-2.77414 120.946
-2.73975 120.96
-2.70525 120.969
-2.67118 121.002
-2.63674 121.014
-2.60244 121.035
-2.56818 121.059
-2.53369 121.069
-2.49919 121.08
-2.46514 121.118
-2.4309 121.146
-2.39637 121.156
-2.36198 121.175
-2.32739 121.182
-2.29306 121.207
-2.25877 121.235
-2.22445 121.261
-2.18983 121.268
-2.15531 121.282
-2.12083 121.299
-2.08666 121.339
-2.05207 121.35
-2.01766 121.374
-1.98331 121.404
-1.94919 121.453
-1.91465 121.47
-1.88013 121.489
-1.84568 121.515
-1.81116 121.536
-1.77649 121.545
-1.74197 121.568
-1.70726 121.575
-1.67273 121.597
-1.63828 121.629
-1.60423 121.699
-1.5698 121.736
-1.53505 121.743
-1.50067 121.787
-1.46592 121.796
-1.43162 121.852
-1.39707 121.883
-1.36257 121.922
-1.32784 121.938
-1.2934 121.987
-1.25881 122.021
-1.22416 122.049
-1.18966 122.098
-1.15486 122.11
-1.12031 122.158
-1.0511 122.245
-1.01637 122.275
-0.981731 122.319
-0.946998 122.352
-0.912262 122.388
-0.877608 122.439
-0.842921 122.489
-0.808173 122.531
-0.773473 122.586
-0.738639 122.62
-0.704003 122.696
-0.669088 122.721
-0.634218 122.758
-0.599433 122.819
-0.564688 122.896
-0.529903 122.97
-0.494961 123.011
-0.460062 123.07
