-2.61037 124.421
-2.57347 124.361
-2.53644 124.293
-2.49891 124.194
-2.46198 124.127
-2.42514 124.065
-2.38845 124.009
-2.35135 123.927
-2.3142 123.838
-2.27777 123.794
-2.24122 123.741
-2.2047 123.688
-2.16812 123.63
-2.13149 123.565
-2.09499 123.509
-2.05857 123.456
-2.0224 123.419
-1.986 123.365
-1.94965 123.312
-1.91335 123.261
-1.87747 123.241
-1.84124 123.191
-1.80497 123.139
-1.76887 123.097
-1.73287 123.062
-1.6967 123.011
-1.66056 122.962
-1.6246 122.926
-1.58849 122.875
-1.55258 122.841
-1.51675 122.812
-1.48077 122.768
-1.44504 122.747
-1.40912 122.705
-1.37346 122.689
-1.33774 122.665
-1.30197 122.635
-1.26617 122.6
-1.23049 122.577
-1.19475 122.546
-1.15887 122.496
-1.12313 122.461
-1.08735 122.418
-1.05177 122.4
-1.01606 122.362
-0.980501 122.344
-0.945016 122.335
-0.909461 122.315
-0.873822 122.281
-0.838254 122.256
-0.802719 122.234
-0.767162 122.207
-0.731637 122.184
-0.696171 122.17
-0.660599 122.134
-0.625123 122.114
-0.589647 122.092
-0.554229 122.082
-0.518761 122.058
-0.483304 122.035
-0.447857 122.012
-0.412452 121.997
-0.377023 121.974
-0.341599 121.949
-0.306222 121.936
-0.270831 121.917
-0.235444 121.895
-0.200086 121.883
-0.164736 121.872
-0.129357 121.842
-0.0940154 121.827
-0.0586846 121.817
-0.0233409 121.79
0.0119775 121.779
0.0472927 121.767
0.0826061 121.745
0.117911 121.722
0.153206 121.715
0.188499 121.708
0.223783 121.69
0.25906 121.672
0.294338 121.663
0.32961 121.652
0.364876 121.64
0.400148 121.634
0.435401 121.62
0.470641 121.602
0.505869 121.583
0.541111 121.572
0.576354 121.563
0.611615 121.561
0.646876 121.56
0.682105 121.549
0.717324 121.536
0.752544 121.526
0.78776 121.515
0.822964 121.503
0.858138 121.485
0.893356 121.478
0.92859 121.474
0.963831 121.472
0.999033 121.463
1.03423 121.455
1.06945 121.449
1.10464 121.44
1.13977 121.423
1.17493 121.41
1.21012 121.403
1.24537 121.405
1.28061 121.405
1.31583 121.401
1.35101 121.394
1.38615 121.382
1.42136 121.378
1.45656 121.375
1.49182 121.376
1.52704 121.375
1.56222 121.369
1.59741 121.364
1.63256 121.355
1.66788 121.364
1.70321 121.373
1.7385 121.378
1.77372 121.377
1.80891 121.371
1.84417 121.373
1.87941 121.373
1.91459 121.368
1.94979 121.364
1.98509 121.37
2.0204 121.375
2.05562 121.373
2.09084 121.371
2.12606 121.37
2.16144 121.38
2.19641 121.359
2.23158 121.354
2.26692 121.361
2.30214 121.359
2.33728 121.352
2.3726 121.357
2.40774 121.35
2.44296 121.348
2.47831 121.356
2.51377 121.37
2.54913 121.377
2.58447 121.382
2.61978 121.386
2.655 121.384
2.6902 121.381
2.72557 121.388
2.76094 121.395
2.79632 121.402
2.83161 121.404
2.86694 121.407
2.90239 121.418
2.93781 121.427
2.97331 121.44
3.00871 121.447
3.04422 121.459
3.0798 121.475
3.11521 121.482
3.15046 121.481
3.18564 121.475
3.22085 121.472
3.25631 121.481
3.29184 121.493
3.32757 121.515
3.36305 121.524
3.39864 121.538
3.43397 121.54
3.46943 121.547
3.50496 121.558
3.5405 121.568
3.57592 121.574
3.61151 121.586
3.64714 121.601
3.68274 121.613
3.71847 121.631
3.75392 121.636
3.78975 121.658
3.8252 121.663
3.86101 121.683
3.89656 121.692
3.93224 121.706
3.96767 121.71
4.00328 121.72
4.03899 121.735
4.07511 121.765
4.11083 121.78
4.14642 121.789
4.18249 121.815
4.21833 121.833
4.25427 121.855
4.28989 121.864
4.32585 121.885
4.36148 121.894
4.39756 121.92
4.4336 121.943
4.46915 121.948
4.50541 121.979
4.54153 122.004
4.57705 122.008
4.61257 122.011
4.64903 122.047
4.68535 122.078
4.72158 122.105
4.75804 122.139
4.79386 122.152
4.82964 122.162
4.86625 122.2
4.90215 122.215
4.9389 122.256
4.97482 122.271
5.01183 122.319
5.04761 122.328
5.08385 122.352
5.12039 122.384
5.15666 122.408
5.19252 122.419
5.22952 122.464
5.26683 122.518
5.30364 122.556
5.34003 122.581
5.37607 122.596
5.41206 122.609
5.44879 122.643
5.48542 122.674
5.52301 122.732
5.55891 122.741
5.59629 122.792
5.63375 122.844
5.66982 122.857
5.70713 122.904
5.74473 122.959
5.78149 122.99
5.81821 123.019
5.855 123.05
5.89262 123.103
5.92951 123.136
5.96704 123.185
6.00487 123.241
6.15795 123.507
6.19486 123.536
6.23092 123.543
6.26785 123.573
6.38374 123.786
6.42187 123.843
6.46114 123.927
