0.519854 135.866
0.631202 135.067
1.11463 133.755
1.3733 133.242
1.41045 133.212
1.44757 133.177
1.48444 133.116
1.52149 133.078
1.55877 133.069
1.5957 133.021
1.81677 132.728
1.89049 132.649
1.92711 132.59
1.96375 132.536
2.00085 132.524
2.07459 132.461
2.2212 132.282
2.25794 132.248
2.29498 132.238
2.33201 132.228
2.3688 132.2
2.40555 132.17
2.44228 132.14
2.47894 132.106
2.51527 132.049
2.55225 132.039
2.58905 132.017
2.62608 132.011
2.66301 131.999
2.69925 131.943
2.73595 131.917
2.77269 131.895
2.80956 131.881
2.84645 131.869
2.88277 131.823
2.91954 131.805
2.95576 131.755
2.99268 131.747
3.02942 131.729
3.06637 131.723
3.10295 131.697
3.13978 131.685
3.17594 131.637
3.21267 131.621
3.2491 131.589
3.28589 131.577
3.32291 131.577
3.35997 131.578
3.39698 131.578
3.43316 131.536
3.46973 131.515
3.50612 131.485
3.543 131.479
3.57978 131.469
3.61615 131.439
3.65279 131.423
3.68922 131.397
3.72563 131.371
3.76251 131.367
3.79917 131.353
3.83564 131.331
3.87193 131.301
3.90865 131.291
3.94556 131.289
3.98241 131.285
4.01913 131.275
4.05579 131.263
4.0923 131.245
4.12914 131.241
4.16598 131.237
4.20277 131.231
4.23931 131.215
4.27594 131.203
4.31271 131.197
4.34979 131.202
4.38676 131.204
4.42323 131.186
4.45978 131.172
4.49654 131.166
4.53309 131.152
4.56963 131.138
4.6068 131.148
4.64355 131.142
4.68003 131.126
4.71638 131.106
4.75278 131.088
4.79001 131.1
4.82708 131.106
4.86375 131.098
4.90036 131.088
4.93725 131.088
4.97379 131.076
5.01033 131.064
5.04734 131.067
5.08464 131.081
5.12129 131.073
5.15769 131.057
5.19355 131.023
5.23012 131.013
5.26674 131.005
5.30392 131.015
5.34191 131.051
5.37822 131.033
5.41516 131.034
5.45216 131.038
5.48974 131.06
5.52674 131.064
5.56369 131.066
5.60076 131.071
5.63764 131.071
5.67418 131.061
5.71059 131.047
5.7472 131.039
5.784 131.037
5.8208 131.035
5.8578 131.039
5.89488 131.045
5.93188 131.048
5.96889 131.052
6.00597 131.058
6.04283 131.058
6.07949 131.052
6.11636 131.052
6.15358 131.061
6.1911 131.079
6.22818 131.085
6.26505 131.085
6.30215 131.09
6.33924 131.096
6.37603 131.094
6.41268 131.088
6.44985 131.096
6.48725 131.109
6.52443 131.117
6.56176 131.129
6.59886 131.135
6.63597 131.14
6.67316 131.148
6.71066 131.164
6.74794 131.174
6.78545 131.189
6.82258 131.195
6.85986 131.205
6.89683 131.207
6.93412 131.216
6.97117 131.22
7.00847 131.23
7.04569 131.238
7.08266 131.24
7.12014 131.253
7.15745 131.263
7.1951 131.281
7.23276 131.298
7.27068 131.322
7.3081 131.334
7.34527 131.339
7.38287 131.355
7.42091 131.381
7.45861 131.398
7.49632 131.416
7.53359 131.424
7.57087 131.432
7.6086 131.449
7.64643 131.469
7.68363 131.475
7.72147 131.495
7.7594 131.516
7.79781 131.548
7.83595 131.573
7.87336 131.583
7.91143 131.607
7.9497 131.635
7.98779 131.658
8.02636 131.692
8.06362 131.698
8.10012 131.688
8.13901 131.727
8.17676 131.743
8.2148 131.765
8.25305 131.79
8.29161 131.822
8.3293 131.836
8.36748 131.86
8.40607 131.891
8.44458 131.921
8.48289 131.947
8.52153 131.979
8.55937 131.994
8.59792 132.024
8.63659 132.056
8.67609 132.104
8.71387 132.118
8.75258 132.149
8.79131 132.181
8.8687 132.243
8.90746 132.275
8.94625 132.307
8.98504 132.338
9.02513 132.394
9.06311 132.41
9.10206 132.444
9.142 132.496
9.18098 132.53
9.21977 132.56
9.25878 132.594
9.29946 132.658
9.33918 132.704
9.37903 132.752
9.41812 132.786
9.45722 132.82
9.65792 133.078
9.69875 133.14
9.82202 133.338
9.86274 133.397
10.1139 133.855
10.1551 133.918
