-24.8704 83.9037
-24.8439 83.9015
-15.5408 146.15
-15.4974 146.112
-15.4535 146.07
-15.0535 145.614
-15.0132 145.612
-14.7105 145.346
-14.6702 145.344
-14.6274 145.311
-14.5823 145.248
-14.5416 145.242
-14.4987 145.207
-14.4557 145.169
-14.4126 145.132
-14.3702 145.102
-14.2842 145.028
-14.2436 145.021
-14.1171 144.94
-14.0745 144.907
-14.0344 144.905
-13.9922 144.878
-13.9515 144.868
-13.7831 144.76
-13.7429 144.758
-13.7022 144.749
-13.6604 144.726
-13.6199 144.719
-13.5794 144.712
-13.537 144.68
-13.4951 144.655
-13.4546 144.648
-13.4143 144.643
-13.3723 144.616
-13.3299 144.583
-13.2894 144.577
-13.2484 144.563
-13.208 144.556
-13.167 144.543
-13.1253 144.52
-13.0847 144.511
-13.0443 144.504
-13.0042 144.502
-12.9637 144.495
-12.9219 144.47
-12.8813 144.461
-12.841 144.456
-12.7996 144.436
-12.7587 144.422
-12.7168 144.394
-12.6765 144.39
-12.6369 144.395
-12.5971 144.398
-12.5567 144.391
-12.5166 144.389
-12.4765 144.387
-12.4358 144.375
-12.3952 144.366
-12.3531 144.334
-12.3123 144.323
-12.2721 144.318
-12.2322 144.319
-12.1921 144.317
-12.1518 144.312
-12.1125 144.322
-12.0731 144.329
-12.0328 144.325
-11.9923 144.316
-11.9507 144.29
-11.9103 144.284
-11.871 144.293
-11.831 144.294
-11.7909 144.292
-11.7513 144.296
-11.7118 144.304
-11.6719 144.304
-11.6318 144.302
-11.5917 144.3
-11.5519 144.302
-11.5122 144.305
-11.4721 144.303
-11.4324 144.308
-11.3937 144.327
-11.3543 144.336
-11.312 144.299
-11.2718 144.295
-11.2324 144.305
-11.1929 144.312
-11.1538 144.326
-11.1139 144.326
-11.0748 144.341
-11.035 144.343
-10.994 144.327
-10.9528 144.306
-10.9117 144.288
-10.8734 144.316
-10.8339 144.324
-10.7937 144.319
-10.754 144.324
-10.7147 144.336
-10.6753 144.346
-10.6359 144.355
-10.5969 144.372
-10.5588 144.405
-10.5192 144.412
-10.4795 144.417
-10.4398 144.422
-10.4002 144.429
-10.3608 144.438
-10.3213 144.448
-10.2826 144.472
-10.2433 144.483
-10.2032 144.481
-10.1632 144.482
-10.1242 144.501
-10.0852 144.519
-10.0464 144.541
-10.0074 144.56
-9.96801 144.572
-9.92824 144.576
-9.88898 144.591
-9.84958 144.603
-9.81055 144.622
-9.77114 144.633
-9.73147 144.641
-9.69267 144.664
-9.65437 144.697
-9.61542 144.719
-9.57597 144.73
-9.53627 144.738
-9.49792 144.771
-9.45796 144.773
-9.41885 144.792
-9.38143 144.844
-9.34181 144.854
-9.30195 144.858
-9.26268 144.875
-9.22449 144.913
-9.18484 144.922
-9.14508 144.93
-9.1059 144.949
-9.06812 144.996
-9.02903 145.017
-8.99028 145.046
-8.95117 145.067
-8.91148 145.077
-8.87201 145.091
-8.83322 145.119
-8.79373 145.134
-8.75526 145.169
-8.71655 145.2
-8.67714 145.217
-8.63874 145.254
-8.59988 145.283
-8.56089 145.309
-8.52155 145.328
-8.48309 145.366
-8.44527 145.418
-8.40612 145.442
-8.36837 145.496
-8.32898 145.515
-8.29086 145.563
-8.25144 145.582
-8.2118 145.596
-8.17396 145.651
-8.13419 145.663
-8.09631 145.717
-8.05704 145.741
-8.01922 145.798
-7.98107 145.848
-7.94258 145.891
-7.90284 145.905
-7.86494 145.962
-7.8261 145.998
-7.78876 146.07
-7.75018 146.113
-7.71047 146.129
-7.67256 146.189
-7.63512 146.261
-7.59547 146.28
-7.5562 146.309
-7.51869 146.38
-7.48144 146.459
-7.4427 146.502
-7.40481 146.567
-7.36526 146.591
-7.32732 146.656
-7.2886 146.701
-7.25184 146.797
-7.21429 146.874
-7.17568 146.924
-7.13807 147.001
-7.10155 147.107
-7.06387 147.184
-7.02496 147.23
-6.98704 147.302
-6.95082 147.42
-6.91419 147.529
-6.87554 147.585
-6.8399 147.723
-6.80216 147.805
-6.69657 148.269
-6.61647 149.465
-6.57539 149.468
-6.53449 149.476
