7.78402 159.388
7.82925 159.426
7.87505 159.479
7.92954 155.414
7.9705 155.367
8.08646 155.061
8.44551 154.457
8.64437 154.13
8.68523 154.091
8.72608 154.053
8.76506 153.972
8.84279 153.81
8.88355 153.771
8.9243 153.733
8.96585 153.712
9.00657 153.673
9.04822 153.655
9.08723 153.581
9.12777 153.54
9.1672 153.475
9.20795 153.439
9.24941 153.419
9.28915 153.363
9.33046 153.339
9.37103 153.301
9.41108 153.252
9.45036 153.188
9.49237 153.181
9.53425 153.17
9.57549 153.147
9.61597 153.109
9.65617 153.066
9.69623 153.02
9.7378 153.004
9.77808 152.963
9.81977 152.951
9.86133 152.935
9.90183 152.9
9.94245 152.867
9.98371 152.846
10.0238 152.803
10.0657 152.795
10.1072 152.78
10.1477 152.747
10.1884 152.716
10.2281 152.668
10.2696 152.653
10.3113 152.642
10.3526 152.625
10.3938 152.604
10.4351 152.587
10.4762 152.566
10.5171 152.541
10.5572 152.503
10.5984 152.482
10.6403 152.477
10.6814 152.457
10.7222 152.432
10.7634 152.414
10.8054 152.409
10.8473 152.404
10.8888 152.391
10.9293 152.361
10.9709 152.351
11.0124 152.338
11.0537 152.323
11.0949 152.305
11.1357 152.282
11.1775 152.275
11.2191 152.264
11.2605 152.252
11.3016 152.234
11.3432 152.224
11.3846 152.211
11.4265 152.206
11.468 152.196
11.5095 152.184
11.5507 152.168
11.5909 152.135
11.6316 152.113
11.6735 152.108
11.7162 152.118
11.7585 152.12
11.8001 152.11
11.8414 152.098
11.8812 152.06
11.9221 152.039
11.9639 152.034
12.0059 152.032
12.0475 152.024
12.0896 152.024
12.1311 152.014
12.172 151.994
12.2133 151.982
12.256 151.992
12.3022 152.055
12.3451 152.068
12.3861 152.05
12.4261 152.017
12.4677 152.01
12.5094 152.002
12.5523 152.015
12.5942 152.012
12.6359 152.005
12.679 152.02
12.7213 152.023
12.7635 152.025
12.8063 152.035
12.8493 152.048
12.8916 152.051
12.9332 152.043
12.9753 152.043
13.018 152.051
13.0609 152.064
13.1038 152.074
13.1457 152.071
13.188 152.074
13.2305 152.079
13.273 152.084
13.3158 152.094
13.3583 152.099
13.4002 152.097
13.4422 152.094
13.4845 152.097
13.527 152.102
13.5702 152.117
13.6137 152.137
13.6564 152.145
13.6987 152.148
13.7407 152.145
13.7843 152.166
13.827 152.173
13.8704 152.191
13.9135 152.204
13.9563 152.214
14.0003 152.239
14.0442 152.262
14.0852 152.247
14.1272 152.244
14.1699 152.252
14.2132 152.267
14.2578 152.3
14.3018 152.326
14.3438 152.323
14.3858 152.321
14.4291 152.336
14.4749 152.384
14.5202 152.425
14.5645 152.453
14.6065 152.451
14.6491 152.456
14.6922 152.469
14.7366 152.497
14.7809 152.525
14.8239 152.535
14.8669 152.545
14.9121 152.583
14.9571 152.619
14.9997 152.624
15.0443 152.655
15.0872 152.662
15.1344 152.726
15.1777 152.739
15.2222 152.767
15.265 152.775
15.3101 152.811
15.353 152.818
15.3979 152.852
15.4414 152.867
15.4868 152.905
15.5299 152.915
15.5757 152.959
15.6232 153.023
15.6661 153.031
15.7099 153.049
15.753 153.059
15.7996 153.11
15.9369 153.236
16.0286 153.321
16.077 153.393
16.4474 153.761
16.4903 153.766
16.5365 153.81
16.586 153.893
16.6321 153.934
16.6779 153.973
16.7247 154.022
