-24.8704 83.9037
-24.8437 83.9005
13.5639 142.388
13.6008 142.354
14.6754 140.524
14.7136 140.513
14.7479 140.455
15.1031 140.033
15.141 140.02
15.175 139.962
15.2131 139.951
15.2847 139.877
15.3204 139.839
15.3542 139.78
15.3922 139.768
15.429 139.744
15.4652 139.713
15.503 139.699
15.5372 139.646
15.575 139.633
15.6105 139.595
15.6465 139.562
15.684 139.546
15.718 139.491
15.7563 139.484
15.7922 139.451
15.8303 139.442
15.8665 139.413
15.9032 139.389
15.9414 139.382
15.9755 139.329
16.0125 139.309
16.0504 139.298
16.0854 139.256
16.1228 139.241
16.161 139.234
16.1977 139.212
16.2341 139.186
16.2717 139.172
16.3093 139.159
16.3456 139.132
16.3817 139.104
16.418 139.077
16.456 139.068
16.4943 139.064
16.5329 139.062
16.5704 139.048
16.6052 139.006
16.6423 138.989
16.6802 138.98
16.7177 138.967
16.7539 138.94
16.7914 138.927
16.8272 138.896
16.8644 138.881
16.9008 138.856
16.9393 138.854
16.9774 138.847
17.0152 138.838
17.0533 138.832
17.0905 138.816
17.1279 138.803
17.1649 138.785
17.2023 138.772
17.2395 138.757
17.2756 138.73
17.3138 138.726
17.3527 138.728
17.3918 138.732
17.4304 138.732
17.468 138.721
17.5054 138.708
17.5414 138.681
17.579 138.67
17.6174 138.668
17.6552 138.659
17.6925 138.646
17.7294 138.628
17.768 138.628
17.806 138.621
17.8466 138.641
17.8846 138.634
17.9201 138.603
17.9572 138.588
17.9936 138.566
18.0297 138.542
18.0627 138.487
18.1137 138.607
18.1656 138.736
18.2106 138.797
18.2327 138.637
18.2686 138.611
18.3048 138.587
18.3413 138.567
18.3795 138.562
18.4181 138.562
18.456 138.556
18.4935 138.545
18.5318 138.542
18.5709 138.546
18.61 138.551
18.6479 138.544
18.6856 138.535
18.7239 138.533
18.7625 138.533
18.8009 138.53
18.8395 138.53
18.8781 138.53
18.9164 138.528
18.9553 138.53
18.9936 138.527
19.0325 138.529
19.0718 138.536
19.1113 138.544
19.1511 138.555
19.1892 138.551
19.2271 138.544
19.2657 138.544
19.3064 138.563
19.3458 138.57
19.3848 138.574
19.4246 138.585
19.4664 138.613
19.5062 138.623
19.5455 138.63
19.5842 138.63
19.6225 138.627
19.6606 138.623
19.6995 138.625
19.7386 138.629
19.7782 138.638
19.8175 138.644
19.8581 138.661
19.8987 138.679
19.9383 138.687
19.9776 138.694
20.017 138.7
20.0569 138.711
20.0962 138.717
20.1366 138.732
20.176 138.739
20.2176 138.765
20.2585 138.784
20.3015 138.821
20.3393 138.814
20.38 138.832
20.4191 138.836
20.4588 138.845
20.4987 138.855
20.5404 138.881
20.5801 138.89
20.6216 138.914
20.6633 138.94
20.703 138.949
20.7435 138.964
20.7829 138.97
20.8229 138.981
20.8649 139.009
20.9067 139.035
20.947 139.048
20.9909 139.092
21.0322 139.114
21.0714 139.118
21.1109 139.124
21.153 139.153
21.1959 139.188
21.2368 139.205
21.2773 139.22
21.3176 139.233
21.3625 139.283
21.4036 139.303
21.4485 139.353
21.4915 139.388
21.5322 139.404
21.5747 139.434
21.617 139.463
21.6601 139.498
21.7032 139.533
21.7436 139.546
21.7853 139.57
21.8274 139.596
21.8716 139.64
21.9156 139.682
21.9591 139.719
22.0045 139.772
22.0456 139.789
22.0888 139.825
22.1396 139.92
22.1829 139.955
22.2231 139.966
22.2665 140.001
22.3134 140.065
22.3574 140.105
22.401 140.142
22.4475 140.202
22.4918 140.244
22.5355 140.281
22.5824 140.343
22.6267 140.385
22.6773 140.476
