-29.6451 138.69
-29.5997 138.647
-28.9177 137.529
-28.8693 137.465
-28.8258 137.431
-28.5426 137.092
-28.5013 137.071
-28.4618 137.06
-28.4192 137.031
-28.3538 136.863
-28.3154 136.859
-28.2784 136.863
-28.243 136.878
-28.2063 136.884
-28.16 136.832
-28.1083 136.746
-28.0682 136.731
-28.0291 136.723
-27.8946 136.591
-27.8077 136.52
-27.7613 136.465
-27.7226 136.459
-27.6836 136.451
-27.6419 136.426
-27.6033 136.42
-27.5572 136.367
-27.5186 136.361
-27.4786 136.347
-27.4327 136.294
-27.3937 136.286
-27.3514 136.257
-27.3125 136.249
-27.2672 136.201
-27.2286 136.195
-27.19 136.189
-27.1481 136.161
-27.1102 136.159
-27.0716 136.153
-27.0298 136.126
-26.9876 136.097
-26.9487 136.089
-26.9107 136.087
-26.8719 136.079
-26.8264 136.029
-26.7849 136.004
-26.747 136.002
-26.7082 135.994
-26.669 135.983
-26.6282 135.963
-26.5887 135.95
-26.5498 135.942
-26.5113 135.936
-26.474 135.938
-26.4368 135.94
-26.3992 135.94
-26.3597 135.928
-26.3189 135.907
-26.2788 135.891
-26.239 135.876
-26.1963 135.843
-26.1572 135.833
-26.1196 135.833
-26.0818 135.831
-26.0436 135.827
-26.0051 135.821
-25.9659 135.81
-25.9274 135.804
-25.8892 135.8
-25.8479 135.775
-25.8091 135.767
-25.7703 135.759
-25.7324 135.757
-25.6949 135.757
-25.6567 135.753
-25.617 135.738
-25.5785 135.732
-25.5416 135.737
-25.504 135.737
-25.4661 135.735
-25.4289 135.737
-25.3919 135.741
-25.3547 135.743
-25.3171 135.743
-25.2783 135.735
-25.2395 135.727
-25.2005 135.717
-25.1623 135.713
-25.1253 135.717
-25.0881 135.719
-25.0508 135.721
-25.0136 135.723
-24.9769 135.73
-24.9393 135.73
-24.9011 135.726
-24.8642 135.73
-24.8281 135.74
-24.7908 135.743
-24.753 135.741
-24.7154 135.741
-24.6787 135.747
-24.6435 135.764
-24.6083 135.781
-24.574 135.804
-24.5379 135.814
-24.4976 135.795
-24.4636 135.821
-24.1494 133.884
-24.3922 135.848
-24.3558 135.856
-24.312 135.813
-24.2714 135.792
-24.2362 135.809
-24.1983 135.807
-24.161 135.809
-24.1278 135.84
-24.0901 135.84
-24.0534 135.847
-24.0181 135.863
-23.9814 135.87
-23.9437 135.87
-23.9061 135.87
-23.8685 135.87
-23.8305 135.868
-23.7926 135.866
-23.755 135.866
-23.7179 135.87
-23.6826 135.887
-23.6458 135.894
-23.6085 135.896
-23.5723 135.906
-23.5378 135.929
-23.5015 135.94
-23.467 135.963
-23.4305 135.971
-23.3943 135.982
-23.3577 135.99
-23.3215 136.001
-23.2855 136.013
-23.2518 136.043
-23.2158 136.055
-23.1795 136.066
-23.1449 136.089
-23.1092 136.104
-23.074 136.122
-23.038 136.135
-23.0028 136.154
-22.9662 136.162
-22.9296 136.171
-22.8927 136.177
-22.8572 136.194
-22.8203 136.2
-22.7859 136.226
-22.7504 136.243
-22.716 136.268
-22.6816 136.293
-22.6449 136.301
-22.6108 136.329
-22.5746 136.341
-22.541 136.373
-22.5074 136.404
-22.4704 136.411
-22.4359 136.436
-22.4019 136.466
-22.3652 136.474
-22.3285 136.483
-22.2942 136.51
-22.2597 136.535
-22.2227 136.542
-22.1859 136.55
-22.1549 136.603
-22.1217 136.639
-22.0876 136.668
-22.0516 136.683
-22.0175 136.712
-21.9837 136.744
-21.9499 136.776
-21.9157 136.805
-21.8813 136.833
-21.8445 136.841
-21.8077 136.85
-21.7738 136.882
-21.7436 136.943
-21.5714 137.083
-21.5369 137.11
-21.5029 137.142
-21.4662 137.153
-21.3987 137.221
-21.368 137.28
-21.3007 137.35
-21.2671 137.386
-21.2332 137.42
-21.197 137.435
-21.1652 137.486
-21.1326 137.531
-21.0984 137.563
-20.8087 138.005
-20.7772 138.061
-20.7408 138.076
-20.71 138.138
-20.6799 138.207
-20.6506 138.282
-20.6167 138.318
-20.5843 138.368
-20.5514 138.413
-20.5242 138.507
-20.4938 138.574
-20.461 138.622
-20.4303 138.686
-20.398 138.738
-20.3698 138.824
-20.3399 138.898
-20.3063 138.939
-20.2747 138.997
-20.2496 139.112
-20.2305 139.279
-20.199 139.34
-20.1623 139.355
