-7.0277 157.826
-6.98247 157.78
-5.61988 155.891
-5.57449 155.814
-5.48588 155.733
-5.44285 155.735
-5.39952 155.728
-5.35604 155.715
-5.31191 155.678
-5.26691 155.609
-5.22274 155.57
-5.17845 155.525
-5.13503 155.512
-5.09098 155.475
-5.04709 155.444
-5.00363 155.428
-4.95948 155.386
-4.91597 155.368
-4.87233 155.344
-4.82857 155.315
-4.78516 155.3
-4.74076 155.245
-4.69736 155.229
-4.65391 155.211
-4.61072 155.203
-4.56646 155.151
-4.52335 155.146
-4.48036 155.146
-4.43719 155.138
-4.3933 155.099
-4.34948 155.062
-4.3055 155.018
-4.26236 155.01
-4.21876 154.981
-4.17523 154.955
-4.13228 154.955
-4.08911 154.945
-4.04605 154.94
-4.00306 154.938
-3.96 154.933
-3.91684 154.923
-3.87299 154.878
-3.82979 154.865
-3.78681 154.863
-3.74372 154.855
-3.70054 154.842
-3.65751 154.837
-3.61444 154.829
-3.57082 154.793
-3.52771 154.783
-3.48455 154.77
-3.44107 154.738
-3.39802 154.731
-3.35479 154.713
-3.31175 154.705
-3.26899 154.713
-3.22604 154.711
-3.18248 154.672
-3.13919 154.648
-3.09609 154.635
-3.05333 154.643
-3.01061 154.654
-2.96764 154.649
-2.92475 154.649
-2.88198 154.657
-2.83893 154.647
-2.79561 154.618
-2.75261 154.611
-2.70946 154.593
-2.66617 154.564
-2.62293 154.538
-2.5797 154.512
-2.53687 154.515
-2.49411 154.523
-2.45135 154.531
-2.40798 154.492
-2.36508 154.49
-2.32193 154.466
-2.27904 154.464
-2.23638 154.48
-2.19333 154.464
-2.15057 154.472
-2.10801 154.499
-2.06523 154.507
-2.02225 154.496
-1.97989 154.544
-1.93724 154.565
-1.89452 154.581
-1.85188 154.605
-1.80909 154.616
-1.76605 154.6
-1.72294 154.577
-1.68029 154.603
-1.6378 154.648
-1.59515 154.677
-1.55229 154.683
-1.50953 154.701
-1.46668 154.709
-1.42367 154.696
-1.38079 154.702
-1.33801 154.72
-1.29511 154.723
-1.25225 154.731
-1.2094 154.742
-1.16658 154.758
-1.12375 154.774
-1.0808 154.771
-1.03793 154.782
-0.995052 154.793
-0.952114 154.793
-0.909231 154.804
-0.866447 154.836
-0.823636 154.865
-0.780836 154.899
-0.737794 154.881
-0.694803 154.873
-0.651887 154.884
-0.609041 154.916
-0.566101 154.924
-0.523232 154.956
-0.480341 154.985
-0.437379 154.993
-0.39442 155.003
-0.351511 155.038
-0.30858 155.07
-0.265596 155.08
-0.222637 155.11
-0.179647 155.126
-0.13664 155.134
-0.0936467 155.16
-0.0506492 155.198
-0.00762017 155.206
0.0354119 155.216
0.0784473 155.251
0.121498 155.285
0.164557 155.299
0.207636 155.336
0.250727 155.368
0.293802 155.371
0.336885 155.379
0.380024 155.421
0.423172 155.459
0.466327 155.49
0.509462 155.507
0.552654 155.544
0.595863 155.581
0.639097 155.621
0.682252 155.629
0.725514 155.669
0.768683 155.677
0.812092 155.749
0.855419 155.792
0.898643 155.805
0.941978 155.842
1.24579 156.104
1.46376 156.356
1.50742 156.407
1.55111 156.458
1.59478 156.503
1.63864 156.57
1.68237 156.619
1.76984 156.708
1.81388 156.783
