1.49279 125.608
1.52886 125.593
1.56484 125.569
1.70475 125.082
1.84488 124.697
1.88024 124.639
1.91579 124.6
1.9511 124.543
1.98632 124.48
2.02154 124.419
2.05652 124.341
2.09194 124.301
2.12684 124.221
2.1619 124.157
2.19712 124.107
2.23255 124.074
2.26766 124.018
2.30292 123.976
2.33776 123.904
2.37306 123.868
2.40832 123.829
2.44339 123.78
2.47867 123.745
2.5136 123.688
2.54859 123.637
2.58412 123.622
2.61905 123.569
2.65433 123.54
2.68924 123.488
2.7241 123.435
2.75961 123.423
2.79486 123.395
2.82998 123.361
2.8648 123.31
2.90001 123.282
2.93511 123.249
2.96997 123.204
3.00538 123.189
3.0402 123.144
3.07549 123.124
3.11035 123.082
3.14575 123.069
3.18058 123.027
3.21553 122.993
3.25065 122.967
3.28577 122.942
3.3209 122.918
3.3558 122.884
3.39111 122.87
3.42606 122.839
3.46123 122.819
3.49623 122.792
3.53154 122.779
3.56649 122.75
3.60146 122.723
3.63646 122.697
3.67145 122.672
3.70635 122.643
3.74153 122.627
3.77653 122.603
3.8116 122.584
3.84697 122.576
3.88151 122.535
3.91665 122.519
3.95204 122.513
3.98694 122.488
4.02201 122.47
4.05675 122.439
4.09171 122.418
4.12708 122.412
4.16235 122.403
4.19719 122.378
4.23222 122.36
4.26752 122.353
4.30253 122.335
4.33748 122.315
4.37247 122.297
4.4077 122.288
4.44278 122.274
4.47755 122.248
4.51277 122.24
4.54787 122.227
4.58308 122.218
4.61834 122.211
4.65333 122.195
4.6882 122.175
4.72339 122.166
4.75852 122.155
4.79343 122.137
4.82839 122.121
4.86328 122.103
4.89844 122.094
4.93371 122.089
4.96898 122.083
5.00419 122.076
5.03939 122.069
5.07437 122.055
5.10939 122.042
5.14452 122.033
5.17977 122.028
5.2149 122.019
5.2499 122.006
5.28508 121.999
5.32026 121.992
5.35549 121.987
5.39084 121.985
5.42589 121.974
5.46111 121.969
5.49634 121.964
5.53156 121.958
5.56684 121.955
5.60186 121.944
5.63682 121.931
5.6721 121.928
5.70743 121.926
5.7427 121.922
5.77797 121.919
5.8133 121.917
5.8487 121.917
5.8841 121.917
5.91896 121.903
5.95409 121.896
5.98982 121.905
6.02556 121.914
6.06123 121.921
6.09615 121.908
6.13155 121.908
6.16709 121.912
6.20326 121.932
6.23795 121.914
6.273 121.905
6.30854 121.909
6.34372 121.903
6.37904 121.901
6.414 121.891
6.4491 121.884
6.4842 121.876
6.51959 121.877
6.55498 121.877
6.59044 121.878
6.62599 121.882
6.66161 121.887
6.69685 121.884
6.73232 121.886
6.76786 121.889
6.80349 121.895
6.8385 121.886
6.87358 121.879
6.90881 121.875
6.94452 121.882
6.98063 121.898
7.01635 121.906
7.05182 121.907
7.0873 121.909
7.12295 121.915
7.15892 121.927
7.19457 121.933
7.23006 121.935
7.26563 121.938
7.30137 121.945
7.3372 121.954
7.37303 121.963
7.40861 121.967
7.44462 121.98
7.48072 121.994
7.5164 121.999
7.55217 122.007
7.58811 122.018
7.62432 122.034
7.66002 122.039
7.69562 122.043
7.73158 122.054
7.76729 122.059
7.80326 122.07
7.83923 122.081
7.87549 122.097
7.91184 122.115
7.94793 122.128
7.98438 122.147
8.02012 122.153
8.05576 122.156
8.09205 122.173
8.12817 122.185
8.16401 122.193
8.20032 122.209
8.23674 122.227
8.27278 122.238
8.30902 122.252
8.34527 122.267
8.38104 122.272
8.41798 122.299
8.45435 122.315
8.49062 122.33
8.5272 122.35
8.5633 122.361
8.59999 122.382
8.6358 122.388
8.67251 122.41
8.70973 122.44
8.74586 122.451
8.7825 122.471
8.81844 122.478
8.85499 122.496
8.89176 122.518
8.92843 122.538
8.96625 122.578
9.00243 122.589
9.03935 122.612
9.07606 122.632
9.11416 122.676
9.15143 122.705
9.18828 122.727
9.22537 122.752
9.26203 122.77
9.29849 122.785
9.33485 122.798
9.37165 122.818
9.41096 122.879
9.44855 122.912
9.48561 122.936
9.52169 122.943
9.5591 122.972
9.59797 123.025
9.63396 123.031
9.67152 123.062
9.71011 123.109
9.74907 123.162
9.78714 123.2
9.82443 123.226
9.86128 123.244
9.89756 123.253
9.93534 123.286
10.0127 123.38
10.0503 123.409
10.0892 123.458
10.1285 123.513
10.1653 123.53
10.2057 123.601
11.0097 124.878
11.0471 124.896
