36.0136 156.634
36.0421 156.556
36.092 156.596
36.1566 156.715
36.2022 156.731
36.2204 156.598
36.2404 156.475
36.2522 156.308
36.2605 156.123
36.2698 155.943
36.2987 150.738
36.3367 150.72
36.3761 150.71
36.4107 150.675
36.4453 150.64
36.4617 150.51
36.492 150.453
36.5299 150.435
36.5615 150.385
36.5893 150.315
36.6175 150.248
36.6568 150.238
36.6913 150.203
36.7286 150.182
36.7577 150.12
36.7844 150.046
36.8226 150.03
36.8556 149.988
36.8885 149.946
36.9228 149.911
36.9586 149.883
36.9919 149.843
37.0306 149.831
37.0721 149.833
37.1074 149.803
37.1377 149.749
37.1686 149.696
37.2052 149.674
37.2355 149.619
37.2731 149.602
37.3092 149.577
37.338 149.515
37.3682 149.461
37.4077 149.453
37.4452 149.435
37.4837 149.423
37.5252 149.425
37.5617 149.403
37.5967 149.373
37.6337 149.353
37.6677 149.318
37.7018 149.284
37.7343 149.241
37.7697 149.214
37.8106 149.214
37.8505 149.209
37.8874 149.189
37.9228 149.162
37.9587 149.137
37.998 149.129
38.0389 149.129
38.0762 149.111
38.1066 149.06
38.1414 149.03
38.1788 149.012
38.2146 148.988
38.2494 148.958
38.2876 148.945
38.3254 148.93
38.3602 148.901
38.3969 148.881
38.4362 148.873
38.4759 148.868
38.5141 148.856
38.5488 148.826
38.5871 148.813
38.6172 148.762
38.6524 148.735
38.6961 148.749
38.7302 148.717
38.7694 148.709
38.8096 148.706
38.8452 148.682
38.8879 148.691
38.9266 148.681
38.9551 148.622
38.9794 148.544
39.014 148.514
39.0546 148.514
39.0988 148.531
39.1405 148.535
39.1882 148.569
39.234 148.593
39.2726 148.583
39.3158 148.595
39.3621 148.622
39.4007 148.612
39.4325 148.57
39.4716 148.562
39.5066 148.535
39.5451 148.525
39.594 148.564
39.6377 148.578
39.6726 148.551
39.705 148.512
39.743 148.499
39.7836 148.499
39.8262 148.508
39.8601 148.476
39.8991 148.469
39.9433 148.485
39.9787 148.461
40.0161 148.446
40.0578 148.45
40.101 148.462
40.1415 148.462
40.181 148.457
40.2206 148.451
40.2601 148.446
40.2975 148.431
40.3354 148.419
40.3765 148.421
40.4213 148.44
40.4613 148.437
40.4987 148.422
40.5403 148.427
40.584 148.441
40.6257 148.446
40.6694 148.46
40.7041 148.433
40.7425 148.423
40.7826 148.42
40.8236 148.422
40.8647 148.424
40.9095 148.443
40.9506 148.445
40.9917 148.447
41.0317 148.445
41.0733 148.449
41.1203 148.478
41.1619 148.483
41.2079 148.507
41.2495 148.511
41.29 148.511
41.3301 148.508
41.3712 148.51
41.4128 148.515
41.4533 148.514
41.4939 148.514
41.541 148.543
41.5853 148.56
41.6313 148.584
41.679 148.615
41.7195 148.615
41.7617 148.622
41.8029 148.624
41.8413 148.614
41.8747 148.582
41.918 148.594
41.9663 148.627
42.0085 148.634
42.0546 148.658
