9.34668 139.782
9.54476 139.064
9.58012 138.992
9.68264 138.712
9.71932 138.666
9.75464 138.596
9.7886 138.502
9.82375 138.429
9.85739 138.331
9.8937 138.281
9.92974 138.226
9.96773 138.206
10.0035 138.147
10.0383 138.073
10.0738 138.01
10.1107 137.973
10.1457 137.903
10.1809 137.836
10.219 137.821
10.2545 137.76
10.2896 137.695
10.3266 137.66
10.3625 137.608
10.4002 137.586
10.4368 137.547
10.4719 137.482
10.5072 137.422
10.5456 137.413
10.5823 137.376
10.6174 137.314
10.6539 137.275
10.6911 137.247
10.728 137.214
10.7643 137.173
10.7999 137.119
10.8378 137.104
10.8735 137.055
10.9113 137.038
10.9477 136.999
10.9841 136.96
11.0198 136.911
11.0578 136.898
11.0959 136.887
11.1328 136.857
11.1677 136.797
11.2041 136.76
11.2422 136.749
11.2793 136.724
11.3158 136.689
11.3528 136.661
11.3908 136.651
11.4276 136.621
11.4637 136.58
11.4998 136.542
11.5377 136.529
11.5764 136.529
11.6143 136.516
11.6503 136.475
11.6868 136.443
11.7239 136.42
11.7613 136.4
11.7988 136.383
11.8359 136.36
11.8738 136.349
11.9116 136.336
11.9474 136.294
11.9851 136.281
12.0222 136.257
12.0596 136.24
12.0952 136.196
12.1329 136.183
12.1711 136.176
12.2084 136.157
12.2464 136.149
12.2846 136.142
12.3226 136.134
12.36 136.117
12.3977 136.104
12.4349 136.085
12.4715 136.057
12.508 136.027
12.5458 136.017
12.585 136.025
12.623 136.017
12.66 135.996
12.6975 135.981
12.7356 135.974
12.7737 135.968
12.8116 135.959
12.8488 135.94
12.8863 135.925
12.9245 135.921
12.9623 135.911
12.9992 135.889
13.0373 135.883
13.0763 135.889
13.1138 135.875
13.1505 135.851
13.1883 135.841
13.2262 135.832
13.2632 135.813
13.3008 135.8
13.3388 135.794
13.377 135.79
13.4139 135.769
13.4503 135.741
13.4885 135.737
13.527 135.737
13.5667 135.752
13.6053 135.754
13.6423 135.735
13.68 135.724
13.7175 135.711
13.7555 135.705
13.7943 135.709
13.8332 135.714
13.8777 135.788
13.9126 135.743
13.9418 135.629
13.9814 135.642
14.0226 135.676
14.063 135.699
14.1015 135.699
14.1405 135.705
14.1799 135.716
14.2192 135.727
14.2574 135.722
14.2955 135.718
14.3342 135.72
14.372 135.712
14.4098 135.703
14.4484 135.706
14.4889 135.729
14.5277 135.733
14.5662 135.733
14.6047 135.733
14.6436 135.738
14.6822 135.74
14.7209 135.742
14.7601 135.75
14.7979 135.742
14.8364 135.742
14.8754 135.748
14.9141 135.75
14.9537 135.763
14.9933 135.776
15.0325 135.784
15.071 135.784
15.1093 135.782
15.1482 135.787
15.188 135.802
15.2269 135.806
15.2665 135.819
15.3058 135.827
15.3452 135.838
15.3845 135.846
15.4247 135.865
15.4639 135.874
15.5032 135.882
15.5429 135.895
15.5816 135.897
15.6205 135.902
15.6601 135.914
15.7008 135.938
15.7401 135.946
15.7788 135.949
15.8175 135.951
15.8581 135.974
15.8976 135.985
15.9368 135.991
15.9763 136.002
16.0176 136.032
16.0571 136.042
16.0976 136.064
16.1367 136.07
16.1755 136.072
16.215 136.083
16.2563 136.113
16.2957 136.121
16.3367 136.147
16.378 136.177
16.4174 136.185
16.4584 136.211
16.5002 136.245
16.5394 136.251
16.5798 136.271
16.619 136.277
16.6584 136.286
16.7001 136.318
16.7419 136.352
16.7834 136.382
16.8224 136.386
16.8637 136.414
16.9063 136.455
16.946 136.465
16.9873 136.493
17.027 136.504
17.0698 136.547
17.1095 136.557
17.1515 136.592
17.1933 136.624
17.2353 136.658
17.278 136.699
17.3195 136.727
17.359 136.735
17.4007 136.766
17.4437 136.809
17.4882 136.867
17.5305 136.903
17.5727 136.938
17.6153 136.976
17.6569 137.004
17.6989 137.037
17.7396 137.056
17.7827 137.099
17.8237 137.121
17.8675 137.17
17.9107 137.213
17.9561 137.278
17.9987 137.315
18.0415 137.354
18.0867 137.417
18.1307 137.466
18.1736 137.505
18.218 137.56
18.2639 137.627
18.3075 137.672
18.3534 137.74
18.5378 138.014
18.5837 138.079
18.6272 138.123
18.6708 138.166
