-15.4848 131.77
-15.4468 131.758
-15.4101 131.76
-15.3728 131.756
-15.3314 131.709
-14.787 130.58
-14.7449 130.519
-14.7054 130.488
-14.6675 130.474
-14.6253 130.412
-14.5834 130.353
-14.5418 130.296
-14.5021 130.261
-14.4622 130.224
-14.4225 130.189
-14.3793 130.113
-14.3408 130.092
-14.3007 130.051
-14.2585 129.986
-14.2186 129.948
-14.1798 129.922
-14.142 129.907
-14.1022 129.87
-14.0647 129.858
-14.023 129.798
-13.9815 129.74
-13.9432 129.718
-13.9056 129.705
-13.8676 129.687
-13.8273 129.643
-13.7877 129.606
-13.7472 129.558
-13.7101 129.55
-13.6716 129.527
-13.6337 129.509
-13.5929 129.457
-13.5554 129.443
-13.5157 129.405
-13.4786 129.397
-13.4413 129.385
-13.4009 129.337
-13.3633 129.324
-13.3247 129.297
-13.2858 129.266
-13.2472 129.239
-13.2097 129.225
-13.1706 129.192
-13.133 129.177
-13.0952 129.16
-13.056 129.125
-13.019 129.117
-12.9825 129.115
-12.944 129.088
-12.9055 129.061
-12.8682 129.05
-12.8309 129.038
-12.7915 129
-12.7544 128.99
-12.7176 128.984
-12.6808 128.979
-12.642 128.948
-12.6048 128.936
-12.5677 128.927
-12.5308 128.919
-12.493 128.9
-12.4552 128.881
-12.4178 128.867
-12.3807 128.858
-12.3428 128.836
-12.3055 128.823
-12.268 128.808
-12.2316 128.808
-12.1952 128.806
-12.1573 128.785
-12.1197 128.767
-12.0826 128.758
-12.0456 128.748
-12.0089 128.742
-11.9726 128.742
-11.9363 128.742
-11.8993 128.733
-11.8614 128.712
-11.8245 128.704
-11.788 128.7
-11.7505 128.685
-11.714 128.681
-11.6773 128.675
-11.6401 128.664
-11.6033 128.656
-11.5664 128.648
-11.5296 128.641
-11.4929 128.635
-11.4563 128.631
-11.4202 128.633
-11.3839 128.633
-11.3475 128.631
-11.3114 128.635
-11.2755 128.64
-11.2394 128.642
-11.2028 128.639
-11.1656 128.625
-11.1292 128.623
-11.0927 128.621
-11.0549 128.598
-11.0178 128.587
-10.9815 128.587
-10.9459 128.596
-10.9098 128.6
-10.873 128.592
-10.8362 128.585
-10.8006 128.594
-10.7652 128.608
-10.7286 128.604
-10.6926 128.608
-10.6563 128.608
-10.62 128.608
-10.5838 128.609
-10.5475 128.609
-10.5109 128.604
-10.4749 128.609
-10.4379 128.598
-10.4011 128.59
-10.3644 128.584
-10.3279 128.581
-10.2917 128.582
-10.2571 128.609
-10.2217 128.623
-10.1851 128.619
-10.1485 128.613
-10.1126 128.621
-10.0767 128.626
-10.0412 128.64
-10.0054 128.647
-9.96955 128.655
-9.93394 128.667
-9.89856 128.682
-9.86177 128.674
-9.82522 128.67
-9.78948 128.68
-9.75327 128.682
-9.71706 128.684
-9.68085 128.686
-9.64579 128.707
-9.6098 128.712
-9.57369 128.716
-9.5377 128.722
-9.50238 128.739
-9.46638 128.745
-9.43048 128.752
-9.39459 128.76
-9.35924 128.777
-9.32344 128.787
-9.2872 128.789
-9.2525 128.818
-9.2169 128.831
-9.18098 128.839
-9.14515 128.848
-9.10954 128.862
-9.07328 128.863
-9.03766 128.877
-9.00214 128.892
-8.96587 128.894
-8.9297 128.898
-8.89458 128.921
-8.85914 128.938
-8.82475 128.975
-8.78887 128.984
-8.75309 128.996
-8.717 129.002
-8.6808 129.005
-8.64603 129.036
-8.61054 129.053
-8.57473 129.065
-8.53851 129.069
-8.5032 129.09
-8.46788 129.111
-8.43305 129.142
-8.39721 129.153
-8.36226 129.182
-8.32759 129.217
-8.29153 129.225
-8.25585 129.24
-8.22076 129.267
-8.18526 129.286
-8.14917 129.294
-8.11385 129.317
-8.07794 129.329
-8.04203 129.34
-8.00774 129.385
-7.97285 129.418
-7.93786 129.448
-7.90162 129.454
-7.86539 129.46
-7.83018 129.487
-7.79514 129.518
-7.7599 129.545
-7.72401 129.559
-7.68985 129.609
-7.65366 129.617
-7.61856 129.648
-7.58444 129.7
-7.54931 129.731
-7.51299 129.737
-7.47766 129.764
-7.4424 129.793
-7.40713 129.822
-7.37194 129.853
-7.3369 129.888
-7.30194 129.925
-7.26748 129.974
-7.23153 129.989
-7.19713 130.04
-7.16236 130.083
-7.12723 130.118
-7.09106 130.13
-7.05506 130.145
-7.02006 130.184
-6.98412 130.202
-6.95001 130.262
-6.91587 130.323
-6.88154 130.379
-6.19053 131.542
-6.15301 131.528
-6.1166 131.543
-6.01829 131.891
-5.98244 131.925
-5.94579 131.937
-5.73152 133.256
-5.69477 133.274
-5.65704 133.264
