-14.7781 144.532
-14.4467 143.431
-14.4043 143.403
-14.3625 143.383
-14.3011 143.118
-14.2573 143.072
-14.2166 143.065
-14.1758 143.056
-13.8935 142.524
-13.5801 142.09
-13.5395 142.081
-13.3233 141.86
-13.2829 141.854
-13.2386 141.795
-12.7285 141.356
-12.6889 141.358
-12.6488 141.354
-12.6067 141.323
-12.5644 141.286
-12.5238 141.275
-12.3948 141.138
-12.353 141.108
-12.3128 141.102
-12.2728 141.098
-12.2326 141.091
-12.1907 141.06
-12.1488 141.028
-12.1083 141.017
-12.0666 140.988
-12.0267 140.986
-11.9844 140.948
-11.9382 140.853
-11.8978 140.842
-11.8586 140.849
-11.8195 140.858
-11.78 140.861
-11.7394 140.848
-11.696 140.791
-11.6551 140.774
-11.6157 140.778
-11.5762 140.781
-11.5361 140.775
-11.4947 140.748
-11.4529 140.716
-11.4129 140.71
-11.372 140.692
-11.3316 140.681
-11.2913 140.67
-11.2513 140.666
-11.2113 140.659
-11.1722 140.669
-11.1317 140.655
-11.091 140.64
-11.0511 140.636
-11.0106 140.622
-10.9695 140.6
-10.9293 140.591
-10.8891 140.583
-10.8485 140.567
-10.8074 140.542
-10.7673 140.536
-10.7273 140.529
-10.6874 140.525
-10.6473 140.519
-10.6065 140.499
-10.5666 140.494
-10.5269 140.495
-10.4874 140.497
-10.4478 140.498
-10.4078 140.491
-10.3669 140.471
-10.3269 140.465
-10.2873 140.465
-10.2475 140.463
-10.2077 140.459
-10.1684 140.466
-10.1296 140.479
-10.0892 140.466
-10.0486 140.451
-10.0081 140.435
-9.96885 140.442
-9.92897 140.438
-9.88768 140.409
-9.84755 140.4
-9.80806 140.403
-9.76806 140.396
-9.72894 140.405
-9.68919 140.404
-9.64869 140.388
-9.60894 140.386
-9.56981 140.395
-9.52871 140.368
-9.48897 140.367
-9.44862 140.353
-9.40693 140.315
-9.36696 140.309
-9.32819 140.325
-9.28941 140.341
-9.24991 140.343
-9.21373 140.409
-9.17682 140.461
-9.13788 140.475
-9.09834 140.477
-9.05892 140.482
-9.01949 140.487
-8.98007 140.492
-8.94179 140.519
-8.90408 140.558
-8.86417 140.553
-8.82313 140.526
-8.78459 140.549
-8.74638 140.579
-8.7077 140.6
-8.66857 140.611
-8.62877 140.609
-8.58896 140.607
-8.5496 140.614
-8.51023 140.621
-8.47086 140.628
-8.43257 140.658
-8.39406 140.683
-8.35477 140.692
-8.31538 140.699
-8.27587 140.704
-8.23764 140.736
-8.19843 140.747
-8.1587 140.748
-8.11896 140.748
-8.07964 140.757
-8.04001 140.76
-8.00068 140.769
-7.96248 140.803
-7.92396 140.831
-7.88451 140.838
-7.84586 140.863
-7.8065 140.872
-7.76733 140.886
-7.72956 140.932
-7.69007 140.939
-7.65207 140.98
-7.61296 140.996
-7.57335 141.001
-7.53364 141.003
-7.49384 141.003
-7.45374 140.997
-7.4148 141.018
-7.37728 141.072
-7.33831 141.093
-7.3 141.13
-7.26138 141.159
-7.22285 141.191
-7.18346 141.203
-7.14499 141.237
-7.10651 141.272
-7.06792 141.304
-7.02849 141.316
-6.98887 141.323
-6.95007 141.35
-6.91134 141.38
-6.87295 141.419
-6.83428 141.451
-6.79577 141.488
-6.75619 141.497
-6.71626 141.498
-6.67745 141.527
-6.44608 141.755
-6.40859 141.824
-6.36882 141.831
-6.21368 141.972
-5.98224 142.235
-5.94344 142.275
-5.9044 142.307
-5.86556 142.347
-5.32914 143.204
-5.28997 143.244
