-24.8724 83.9128
-24.8439 83.9015
1.40047 147.371
1.44118 147.366
1.48164 147.33
1.52231 147.323
1.56297 147.314
1.60345 147.285
1.64359 147.217
1.68391 147.174
1.72424 147.133
1.76463 147.102
1.80506 147.076
1.84565 147.066
1.88616 147.049
1.92634 147.002
1.9668 146.982
2.00728 146.966
2.04738 146.915
2.08786 146.901
2.12817 146.872
2.16873 146.865
2.20905 146.839
2.24953 146.827
2.28971 146.791
2.32988 146.755
2.3703 146.741
2.4105 146.71
2.45098 146.7
2.49154 146.698
2.53187 146.679
2.572 146.645
2.61208 146.609
2.65249 146.597
2.69268 146.571
2.7331 146.562
2.77356 146.555
2.81398 146.545
2.85402 146.512
2.89428 146.493
2.93464 146.481
2.97507 146.473
3.01523 146.45
3.05529 146.421
3.09575 146.416
3.13615 146.409
3.17656 146.402
3.21701 146.397
3.25736 146.388
3.29738 146.359
3.33747 146.335
3.37781 146.326
3.41823 146.321
3.45869 146.319
3.49915 146.316
3.53939 146.302
3.57975 146.295
3.62016 146.29
3.66029 146.271
3.7005 146.257
3.74085 146.25
3.78119 146.243
3.82149 146.233
3.86158 146.214
3.90171 146.197
3.94209 146.193
3.98251 146.19
4.02294 146.188
4.06326 146.181
4.10368 146.178
4.14405 146.174
4.18436 146.166
4.22478 146.164
4.26503 146.155
4.30544 146.152
4.34602 146.157
4.38683 146.171
4.42718 146.166
4.46725 146.15
4.50755 146.143
4.54918 146.19
4.59124 146.254
4.63043 146.202
4.67036 146.181
4.71029 146.159
4.75076 146.159
4.79129 146.161
4.83163 146.157
4.87197 146.152
4.91231 146.147
4.95265 146.142
4.99318 146.145
5.0337 146.147
5.07436 146.154
5.11503 146.161
5.15543 146.159
5.19582 146.157
5.23629 146.156
5.27723 146.173
5.31804 146.185
5.35906 146.204
5.39961 146.206
5.43987 146.199
5.48014 146.192
5.52082 146.199
5.56151 146.206
5.60213 146.211
5.64318 146.23
5.68403 146.242
5.72473 146.249
5.76529 146.251
5.80578 146.251
5.84641 146.256
5.88712 146.263
5.92792 146.272
5.96971 146.313
6.0106 146.325
6.05117 146.327
6.09191 146.334
6.13281 146.346
6.17442 146.379
6.21526 146.389
6.25577 146.389
6.29636 146.391
6.33778 146.417
6.37937 146.448
6.42022 146.458
6.46142 146.477
6.50162 146.467
6.54299 146.491
6.58438 146.515
6.62517 146.522
6.66589 146.526
6.70747 146.555
6.74828 146.562
6.78988 146.591
6.83106 146.607
6.87348 146.657
6.91441 146.667
6.95517 146.672
6.9961 146.681
7.03777 146.71
7.07973 146.746
7.12069 146.755
7.16137 146.757
7.20215 146.762
7.24405 146.796
7.28626 146.836
7.3282 146.87
7.36996 146.898
7.41116 146.913
7.45304 146.944
7.49493 146.975
7.53616 146.989
7.57818 147.023
7.62021 147.056
7.66166 147.075
7.70432 147.123
7.7455 147.135
7.7887 147.195
7.8305 147.221
7.87252 147.253
7.91343 147.257
7.95557 147.291
7.99815 147.334
8.04159 147.397
8.08263 147.404
8.12495 147.44
8.16739 147.478
8.20995 147.519
8.25382 147.589
8.29654 147.632
8.34014 147.695
8.38126 147.702
8.42283 147.719
8.46661 147.784
8.50931 147.825
8.68346 148.057
8.72741 148.123
8.76944 148.147
8.81356 148.215
9.08179 148.682
9.12494 148.726
9.16788 148.765
