-9.14038 124.601
-9.10265 124.568
-9.06471 124.531
-9.0254 124.47
-8.98526 124.394
-8.94739 124.357
-8.86612 124.186
-8.82717 124.129
-8.78866 124.079
-8.7508 124.041
-8.71306 124.004
-8.67441 123.951
-8.63548 123.892
-8.59677 123.837
-8.56023 123.82
-8.52217 123.776
-8.48454 123.74
-8.44603 123.687
-8.40724 123.628
-8.36996 123.597
-8.33171 123.548
-8.29447 123.517
-8.25792 123.498
-8.21983 123.451
-8.18263 123.42
-8.14534 123.387
-8.1073 123.34
-8.06919 123.291
-8.03263 123.271
-7.99465 123.223
-7.95876 123.216
-7.92185 123.189
-7.88457 123.154
-7.84648 123.103
-7.80942 123.072
-7.77348 123.063
-7.73672 123.038
-7.69979 123.009
-7.66179 122.958
-7.62561 122.944
-7.58836 122.907
-7.55265 122.902
-7.51658 122.889
-7.47919 122.849
-7.44323 122.838
-7.40639 122.81
-7.36931 122.775
-7.33259 122.748
-7.29614 122.726
-7.26038 122.719
-7.22378 122.694
-7.18701 122.665
-7.15127 122.658
-7.11495 122.638
-7.07855 122.616
-7.04249 122.602
-7.00595 122.576
-6.96966 122.556
-6.93395 122.549
-6.89775 122.531
-6.86173 122.517
-6.82458 122.477
-6.78842 122.459
-6.7521 122.437
-6.7165 122.432
-6.68091 122.427
-6.64477 122.409
-6.60918 122.403
-6.57336 122.392
-6.53654 122.358
-6.50089 122.351
-6.46532 122.346
-6.42937 122.331
-6.39282 122.302
-6.35726 122.297
-6.32156 122.288
-6.28586 122.279
-6.25038 122.275
-6.21409 122.252
-6.17826 122.239
-6.14257 122.23
-6.10645 122.211
-6.07063 122.198
-6.03517 122.194
-5.99979 122.193
-5.9637 122.173
-5.92754 122.151
-5.89182 122.141
-5.8563 122.135
-5.82093 122.133
-5.78528 122.124
-5.74937 122.108
-5.71386 122.103
-5.67843 122.099
-5.64299 122.096
-5.60763 122.094
-5.57239 122.096
-5.53709 122.096
-5.5016 122.09
-5.46591 122.079
-5.43041 122.074
-5.39499 122.071
-5.3595 122.065
-5.32382 122.054
-5.2884 122.051
-5.2531 122.051
-5.21762 122.045
-5.1822 122.042
-5.14678 122.038
-5.11125 122.031
-5.07583 122.027
-5.04066 122.031
-5.00542 122.033
-4.97012 122.033
-4.93471 122.029
-4.89912 122.02
-4.86354 122.011
-4.82841 122.017
-4.79346 122.027
-4.75828 122.031
-4.72292 122.029
-4.68734 122.02
-4.65199 122.018
-4.6168 122.022
-4.58188 122.035
-4.5469 122.045
-4.51143 122.04
-4.47607 122.038
-4.44066 122.035
-4.4053 122.033
-4.36952 122.017
-4.23959 118.728
-4.29927 122.029
-4.26386 122.026
-4.22851 122.024
-4.1933 122.027
-4.15854 122.047
-4.12362 122.061
-4.08835 122.063
-4.05284 122.056
-4.01757 122.058
-3.98234 122.061
-3.94712 122.065
-3.91198 122.072
-3.87694 122.083
-3.84184 122.092
-3.80661 122.095
-3.77128 122.095
-3.73581 122.09
-3.70053 122.092
-3.66572 122.113
-3.63086 122.133
-3.59552 122.133
-3.5604 122.142
-3.52522 122.149
-3.48992 122.151
-3.45469 122.157
-3.41959 122.167
-3.38448 122.178
-3.34937 122.189
-3.31417 122.196
-3.27917 122.212
-3.24407 122.225
-3.20894 122.236
-3.17387 122.25
-3.1388 122.264
-3.10365 122.275
-3.06849 122.286
-3.03329 122.295
-2.99823 122.311
-2.96298 122.318
-2.9278 122.329
-2.89265 122.342
-2.8576 122.36
-2.82244 122.372
-2.7873 122.387
-2.75256 122.423
-2.71744 122.439
-2.68204 122.441
-2.64691 122.457
-2.6119 122.481
-2.57671 122.495
-2.54143 122.504
-2.50627 122.52
-2.47115 122.54
-2.43591 122.553
-2.40075 122.571
-2.36547 122.582
-2.33018 122.593
-2.29517 122.622
-2.25992 122.636
-2.22483 122.661
-2.18951 122.672
-2.15459 122.71
-2.11923 122.719
-2.08384 122.727
-2.04869 122.752
-2.01357 122.779
-1.97843 122.806
-1.94327 122.833
-1.90813 122.863
-1.873 122.893
-1.8376 122.904
-1.80255 122.944
-1.7674 122.977
-1.73209 122.997
-1.69678 123.019
-1.66142 123.037
-1.62595 123.046
-1.59052 123.059
-1.55536 123.097
-1.52012 123.13
-1.48501 123.177
-1.44957 123.193
-1.41445 123.243
-1.37894 123.254
-1.34337 123.259
-1.30798 123.285
-1.27262 123.316
-1.23743 123.367
-1.20223 123.42
-1.167 123.471
-1.13139 123.48
-1.09613 123.533
-1.06086 123.588
-1.02528 123.605
-0.98985 123.643
-0.954222 123.656
-0.918885 123.713
-0.883377 123.748
-0.847831 123.779
-0.812281 123.812
-0.776812 123.861
-0.741258 123.9
-0.670278 124.012
-0.634744 124.068
-0.421059 124.415
-0.385256 124.444
-0.0988561 125.034
-0.062826 125.049
-0.0267864 125.062
0.300349 127.523
0.336979 127.521
0.373618 127.525
