-30.029 149.547
-29.9854 149.528
-29.9375 149.482
-29.5985 148.88
-29.5482 148.818
-29.2441 148.426
-29.1932 148.359
-29.1473 148.323
-28.8622 148.045
-28.8176 148.017
-28.7767 148.013
-28.7291 147.965
-28.6689 147.837
-28.6269 147.825
-28.5872 147.828
-28.55 147.847
-28.5139 147.873
-28.4719 147.862
-28.4181 147.774
-28.3648 147.689
-28.3225 147.675
-28.2711 147.601
-28.2292 147.59
-28.1782 147.519
-28.1312 147.474
-28.086 147.441
-28.0456 147.439
-28.0052 147.437
-27.9622 147.418
-27.9207 147.409
-27.8745 147.369
-27.828 147.326
-27.7836 147.298
-27.7432 147.296
-27.6985 147.265
-27.6574 147.259
-27.6124 147.226
-27.5674 147.193
-27.5252 147.179
-27.4848 147.177
-27.4405 147.149
-27.3995 147.142
-27.3556 147.116
-27.3152 147.114
-27.2741 147.107
-27.2292 147.074
-27.1877 147.065
-27.1432 147.034
-27.1014 147.023
-27.0572 146.995
-27.0172 146.995
-26.9758 146.986
-26.9348 146.979
-26.891 146.953
-26.8489 146.939
-26.8078 146.932
-26.7678 146.933
-26.7278 146.933
-26.6858 146.919
-26.6454 146.917
-26.6078 146.934
-26.5647 146.913
-26.52 146.88
-26.4762 146.854
-26.4376 146.864
-26.3955 146.85
-26.3552 146.848
-26.3152 146.848
-26.2752 146.848
-26.2345 146.844
-26.1918 146.825
-26.1508 146.818
-26.1095 146.809
-26.0688 146.805
-26.0278 146.798
-25.9872 146.793
-25.9458 146.784
-25.9049 146.777
-25.8645 146.775
-25.8245 146.775
-25.7845 146.775
-25.7442 146.773
-25.7039 146.771
-25.6639 146.771
-25.6242 146.774
-25.5842 146.774
-25.5449 146.779
-25.5052 146.782
-25.4632 146.768
-25.4226 146.763
-25.3832 146.768
-25.3422 146.761
-25.3006 146.75
-25.2609 146.752
-25.2209 146.753
-25.1803 146.748
-25.1412 146.755
-25.1048 146.781
-25.0676 146.803
-25.0305 146.824
-24.9934 146.846
-24.9575 146.877
-24.9149 146.858
-24.8717 146.835
-24.8342 146.854
-24.7986 146.887
-24.7611 146.906
-24.7239 146.927
-24.6788 146.89
-24.6378 146.883
-24.5958 146.869
-24.5596 146.898
-24.5186 146.891
-24.4788 146.893
-24.4391 146.896
-24.3981 146.889
-24.3574 146.885
-24.3211 146.913
-24.2804 146.909
-24.24 146.906
-24.2021 146.923
-24.1618 146.921
-24.1223 146.926
-24.0823 146.926
-24.0434 146.936
-24.0043 146.943
-23.966 146.957
-23.9269 146.965
-23.8902 146.991
-23.851 146.998
-23.8106 146.996
-23.773 147.015
-23.7377 147.053
-23.7016 147.084
-23.6639 147.103
-23.6256 147.118
-23.5879 147.137
-23.5499 147.153
-23.5107 147.161
-23.4712 147.166
-23.4334 147.185
-23.3966 147.211
-23.3604 147.242
-23.3223 147.259
-23.2828 147.264
-23.2432 147.269
-23.2045 147.281
-23.1682 147.312
-23.1295 147.324
-23.0903 147.331
-23.0531 147.355
-23.0167 147.386
-22.9783 147.401
-22.9422 147.434
-22.9053 147.46
-22.8662 147.47
-22.8281 147.487
-22.7917 147.518
-22.7585 147.575
-22.7197 147.587
-22.681 147.599
-22.6436 147.623
-22.604 147.628
-22.5681 147.664
-22.529 147.674
-22.4928 147.707
-22.4603 147.772
-22.4212 147.782
-22.3847 147.813
-22.349 147.851
-22.3104 147.866
-22.2738 147.897
-22.2344 147.904
-22.2009 147.962
-22.162 147.974
-22.1257 148.007
-22.0865 148.017
-21.8752 148.279
-21.8385 148.31
-21.7992 148.32
-21.5511 148.622
-21.0996 149.285
-21.0631 149.322
-21.0309 149.397
-21.0026 149.507
-20.9668 149.55
-20.9312 149.597
-20.8954 149.641
-20.8631 149.716
-20.8379 149.855
-20.8055 149.931
-20.768 149.96
-20.7348 150.029
-20.7061 150.139
-20.6745 150.222
-20.6452 150.328
