3.76823 159.227
4.2216 157.797
4.26425 157.751
4.30595 157.662
4.34843 157.61
4.39106 157.567
5.14514 156.398
5.18844 156.398
5.23007 156.334
5.27301 156.321
5.31537 156.286
5.3994 156.193
5.48386 156.118
5.56789 156.03
5.61088 156.023
5.65297 155.983
5.69503 155.943
5.737 155.9
5.77996 155.892
5.82229 155.863
5.8643 155.823
5.90613 155.778
5.94817 155.741
5.99101 155.73
6.03303 155.693
6.07576 155.68
6.11783 155.645
6.1608 155.64
6.20285 155.606
6.24463 155.563
6.2864 155.521
6.32907 155.508
6.37097 155.471
6.41286 155.434
6.45568 155.426
6.49867 155.423
6.54139 155.413
6.58323 155.375
6.62506 155.338
6.66695 155.304
6.70964 155.294
6.75178 155.267
6.79463 155.262
6.83666 155.233
6.87905 155.214
6.92096 155.183
6.96267 155.146
7.00521 155.133
7.04755 155.114
7.08932 155.08
7.13221 155.077
7.17386 155.04
7.21607 155.019
7.25895 155.017
7.30231 155.027
7.34539 155.03
7.38836 155.03
7.43134 155.03
7.47421 155.027
7.51648 155.009
7.55763 154.961
7.60048 154.959
7.64436 154.982
7.68722 154.98
7.72863 154.94
7.77043 154.911
7.81244 154.887
7.85548 154.89
7.89799 154.88
7.94082 154.877
7.98419 154.887
8.0268 154.879
8.06876 154.856
8.11104 154.84
8.15352 154.829
8.19589 154.816
8.23716 154.777
8.2794 154.761
8.31941 154.693
8.36028 154.645
8.40316 154.645
8.44739 154.677
8.49266 154.732
8.53773 154.782
8.58052 154.779
8.62146 154.735
8.66307 154.706
8.70468 154.677
8.74791 154.685
8.79138 154.698
8.83485 154.711
8.87821 154.721
8.92158 154.732
8.96531 154.75
9.00953 154.779
9.05304 154.792
9.09606 154.795
9.13921 154.8
9.18161 154.789
9.22291 154.755
9.26617 154.763
9.31006 154.784
9.35358 154.797
9.39648 154.797
9.43951 154.8
9.48317 154.815
9.52748 154.844
9.57128 154.863
9.61445 154.868
9.65762 154.873
9.70157 154.894
9.74554 154.915
9.78885 154.923
9.83098 154.907
9.87363 154.902
9.91668 154.904
9.9608 154.928
10.0041 154.936
10.0485 154.965
10.092 154.975
10.1348 154.973
10.1777 154.972
10.2206 154.972
10.264 154.98
10.3103 155.043
10.3539 155.057
10.397 155.059
10.4401 155.062
10.4846 155.091
10.5293 155.125
10.5724 155.127
10.6158 155.135
10.6605 155.167
10.7041 155.177
10.7475 155.185
10.792 155.214
10.8356 155.225
10.8786 155.225
10.9251 155.288
10.9684 155.293
11.0117 155.298
11.0554 155.312
11.1018 155.372
11.1456 155.385
11.1887 155.388
11.2339 155.425
11.2774 155.433
11.3224 155.467
11.3675 155.504
11.4109 155.509
11.4544 155.517
11.4997 155.557
11.545 155.594
11.5888 155.607
11.773 155.806
11.818 155.837
11.8614 155.843
11.9048 155.848
11.9486 155.858
11.9964 155.935
13.0186 157.046
13.0623 157.051
