3.13785 149.615
3.1771 149.51
3.21584 149.379
3.25383 149.206
3.9879 147.185
4.18339 146.881
4.22281 146.838
4.26227 146.798
4.30117 146.734
4.33999 146.667
4.37999 146.653
4.41938 146.613
4.45807 146.544
4.49747 146.506
4.53679 146.466
4.57622 146.431
4.61563 146.395
4.65431 146.332
4.69422 146.317
4.73358 146.282
4.77292 146.246
4.81134 146.176
4.8512 146.162
4.89123 146.154
4.92915 146.067
4.96891 146.051
5.00791 146.006
5.04701 145.966
5.08699 145.959
5.126 145.917
5.16603 145.912
5.206 145.905
5.2453 145.874
5.28419 145.829
5.32312 145.787
5.36231 145.754
5.40196 145.738
5.44057 145.686
5.48027 145.672
5.51961 145.646
5.55887 145.618
5.59924 145.627
5.6382 145.589
5.67742 145.561
5.71714 145.549
5.75664 145.531
5.79642 145.521
5.83612 145.509
5.87537 145.483
5.91431 145.448
5.95324 145.413
5.9923 145.383
6.03189 145.369
6.07108 145.343
6.11087 145.336
6.15005 145.31
6.18975 145.3
6.22953 145.293
6.26915 145.281
6.30861 145.265
6.34813 145.251
6.38725 145.225
6.42636 145.199
6.46546 145.173
6.50503 145.162
6.54427 145.141
6.58367 145.124
6.62331 145.115
6.66336 145.117
6.70308 145.11
6.7422 145.086
6.78174 145.074
6.82144 145.067
6.86122 145.062
6.90092 145.055
6.94052 145.046
6.97977 145.027
7.01857 144.996
7.05771 144.975
7.09711 144.961
7.13749 144.973
7.17724 144.968
7.21708 144.965
7.2571 144.967
7.29676 144.96
7.33641 144.953
7.37559 144.934
7.41496 144.92
7.4545 144.911
7.49451 144.913
7.53433 144.91
7.5731 144.882
7.61291 144.88
7.65378 144.902
7.69408 144.911
7.73341 144.897
7.77244 144.876
7.81234 144.876
7.85175 144.864
7.89135 144.857
7.93165 144.866
7.97285 144.896
8.01326 144.907
8.05236 144.888
8.09196 144.881
8.13186 144.881
8.17176 144.881
8.21166 144.881
8.25145 144.878
8.29125 144.875
8.33072 144.866
8.36988 144.849
8.41062 144.868
8.45158 144.891
8.49158 144.893
8.53148 144.892
8.57148 144.894
8.61127 144.892
8.65138 144.896
8.6915 144.901
8.73129 144.898
8.77129 144.9
8.81141 144.904
8.85119 144.902
8.8912 144.904
8.93143 144.911
8.97167 144.917
9.01156 144.917
9.05146 144.917
9.09158 144.921
9.13205 144.932
9.17322 144.958
9.2137 144.969
9.25396 144.976
9.29433 144.985
9.33471 144.994
9.37497 145
9.41547 145.012
9.45562 145.016
9.49613 145.027
9.53652 145.036
9.57716 145.05
9.61756 145.059
9.65784 145.065
9.69825 145.074
9.73903 145.09
9.78006 145.111
9.8206 145.122
9.8609 145.129
9.90096 145.131
9.94126 145.138
9.98245 145.161
10.024 145.19
10.0647 145.204
10.1051 145.211
10.1464 145.236
10.1878 145.261
10.2282 145.27
10.2687 145.279
10.31 145.302
10.3519 145.337
10.3926 145.35
10.4345 145.383
10.4763 145.415
10.5172 145.431
10.5588 145.459
10.5993 145.468
10.6405 145.488
10.6815 145.504
10.7228 145.527
10.7643 145.553
10.8055 145.573
10.8473 145.603
10.8889 145.628
10.9294 145.638
10.9731 145.698
11.0138 145.709
11.0547 145.723
11.0967 145.755
11.1389 145.79
11.1813 145.829
11.2232 145.859
11.2637 145.866
11.3059 145.901
11.3482 145.936
11.3891 145.949
11.4314 145.984
11.4754 146.047
11.518 146.087
11.5603 146.121
11.6023 146.151
11.6436 146.17
11.6875 146.228
11.7298 146.263
11.7727 146.305
11.8173 146.375
11.8586 146.391
11.9025 146.45
11.9436 146.464
12.0333 146.606
12.0746 146.623
12.119 146.686
12.1639 146.756
12.2069 146.798
12.2514 146.862
12.2926 146.876
12.5667 147.354
12.6103 147.401
12.6517 147.415
12.7034 147.581
12.7471 147.629
