-24.8702 83.9027
-24.8432 83.8985
-19.6186 134.083
-19.5807 134.079
-19.5427 134.075
-18.905 132.739
-18.2253 131.965
-17.4979 131.39
-17.4601 131.382
-17.4211 131.362
-17.3838 131.359
-17.3437 131.329
-17.3033 131.295
-17.2628 131.261
-17.2239 131.241
-17.1884 131.256
-17.146 131.202
-17.1079 131.19
-17.0679 131.16
-17.0281 131.133
-16.9888 131.109
-16.9515 131.105
-16.9129 131.087
-16.8754 131.082
-16.8371 131.068
-16.7972 131.038
-16.7583 131.018
-16.7207 131.011
-16.6816 130.989
-16.6444 130.985
-16.6069 130.979
-16.5671 130.95
-16.5294 130.942
-16.4902 130.918
-16.4516 130.901
-16.4106 130.859
-16.3734 130.855
-16.337 130.859
-16.3019 130.878
-16.2647 130.874
-16.2241 130.836
-16.1869 130.832
-16.1493 130.825
-16.1115 130.815
-16.0745 130.813
-16.0375 130.811
-16.0008 130.814
-15.9636 130.81
-15.9253 130.794
-15.8879 130.788
-15.8486 130.763
-15.8104 130.749
-15.7715 130.727
-15.7337 130.718
-15.6965 130.714
-15.6595 130.712
-15.6225 130.71
-15.5857 130.71
-15.5489 130.711
-15.5108 130.697
-15.4732 130.689
-15.4351 130.675
-15.3972 130.664
-15.3611 130.672
-15.3249 130.678
-15.2864 130.66
-15.2487 130.651
-15.2118 130.651
-15.1756 130.657
-15.1389 130.659
-15.1018 130.655
-15.0648 130.654
-15.0269 130.642
-14.9892 130.632
-14.9523 130.632
-14.9162 130.641
-14.8798 130.645
-14.8431 130.647
-14.8081 130.667
-14.772 130.675
-14.7353 130.677
-14.6976 130.668
-14.6608 130.668
-14.6241 130.67
-14.5864 130.66
-14.5491 130.654
-14.5117 130.649
-14.4756 130.657
-14.4424 130.699
-14.4059 130.703
-14.3705 130.719
-14.3312 130.691
-14.2942 130.69
-14.258 130.698
-14.2219 130.706
-14.1847 130.702
-14.148 130.704
-14.1122 130.716
-14.0757 130.721
-14.0381 130.713
-13.9999 130.697
-13.9633 130.699
-13.9264 130.7
-13.8897 130.702
-13.8539 130.714
-13.8172 130.716
-13.7802 130.714
-13.742 130.699
-13.7045 130.691
-13.6678 130.693
-13.6329 130.717
-13.5982 130.743
-13.5631 130.765
-13.5269 130.773
-13.4915 130.791
-13.4567 130.817
-13.4206 130.828
-13.3842 130.834
-13.348 130.842
-13.312 130.854
-13.2754 130.858
-13.2392 130.866
-13.2029 130.875
-13.1684 130.905
-13.1331 130.925
-13.0968 130.933
-13.06 130.935
-13.0245 130.953
-12.9901 130.985
-12.9543 131
-12.9176 131.004
-12.881 131.008
-12.8447 131.016
-12.8088 131.03
-12.7737 131.054
-12.738 131.071
-12.7032 131.099
-12.6677 131.119
-12.6314 131.127
-12.5952 131.137
-12.5608 131.172
-12.5247 131.184
-12.4897 131.21
-12.4539 131.226
-12.4188 131.252
-12.3833 131.273
-12.3465 131.275
-12.3105 131.289
-12.2754 131.315
-12.2394 131.329
-12.2053 131.37
-12.1696 131.388
-12.1333 131.398
-12.0971 131.41
-12.0607 131.419
-12.0255 131.445
-11.9921 131.495
-11.956 131.509
-11.9207 131.534
-11.885 131.554
-11.8502 131.586
-11.817 131.641
-11.7808 131.653
-11.7455 131.679
-11.7088 131.686
-11.674 131.718
-11.6388 131.746
-11.6033 131.771
-11.5684 131.803
-11.5323 131.818
-11.4986 131.868
-11.4623 131.88
-11.428 131.923
-11.3919 131.939
-11.3583 131.992
-11.3232 132.023
-11.2869 132.037
-11.253 132.086
-11.2165 132.096
-11.1829 132.151
-11.1468 132.167
-11.115 132.25
-11.079 132.269
-11.0437 132.299
-11.0101 132.354
-10.9749 132.387
-10.9401 132.426
-10.9069 132.489
-10.8716 132.52
-10.8366 132.556
-10.8018 132.595
-10.7675 132.642
-10.7313 132.661
-10.6977 132.72
-10.6642 132.781
-10.6305 132.841
-10.5958 132.884
-10.5627 132.952
-10.5287 133.007
-10.4935 133.044
-10.4586 133.085
-10.4247 133.143
-10.3912 133.206
-10.0611 133.964
-10.026 134.008
-9.79529 135.913
-9.76006 135.964
-9.72398 136
