1.73651 123.508
1.77172 123.44
1.80674 123.357
1.84204 123.304
1.87752 123.269
1.91303 123.238
1.94832 123.188
1.98371 123.15
2.01888 123.095
2.0543 123.062
2.08943 123.007
2.12454 122.953
2.15988 122.918
2.19494 122.863
2.22996 122.807
2.58187 122.445
2.61717 122.421
2.65237 122.393
2.68753 122.362
2.72232 122.309
2.75751 122.282
2.79231 122.233
2.82778 122.224
2.86315 122.21
2.89756 122.141
2.93287 122.125
2.96808 122.103
3.00321 122.078
3.0383 122.051
3.07338 122.024
3.10837 121.993
3.14297 121.943
3.178 121.916
3.21334 121.905
3.24878 121.9
3.28379 121.873
3.31845 121.83
3.35387 121.824
3.38914 121.812
3.42406 121.783
3.45901 121.756
3.49422 121.742
3.52961 121.736
3.56493 121.728
3.59948 121.684
3.63469 121.672
3.66929 121.632
3.70449 121.62
3.73927 121.589
3.77412 121.563
3.8093 121.55
3.84451 121.539
3.87954 121.521
3.91418 121.487
3.9495 121.482
3.98486 121.479
4.02009 121.47
4.05527 121.459
4.09008 121.434
4.12538 121.429
4.16064 121.422
4.19584 121.413
4.23047 121.382
4.26562 121.372
4.3009 121.366
4.33608 121.358
4.37092 121.336
4.40575 121.315
4.44146 121.326
4.47672 121.32
4.51173 121.306
4.54628 121.276
4.58086 121.247
4.61569 121.228
4.65098 121.224
4.68606 121.214
4.72123 121.206
4.75651 121.203
4.79185 121.201
4.82712 121.198
4.8624 121.194
4.89756 121.187
4.93239 121.169
4.96755 121.162
5.00281 121.159
5.0379 121.15
5.07214 121.114
5.10721 121.106
5.14298 121.118
5.1784 121.12
5.21359 121.115
5.24878 121.109
5.2839 121.102
5.31902 121.095
5.35426 121.092
5.38956 121.09
5.42461 121.081
5.45954 121.069
5.49452 121.058
5.52955 121.05
5.56478 121.046
5.59987 121.039
5.63534 121.043
5.67075 121.045
5.70654 121.057
5.7417 121.052
5.77691 121.048
5.81186 121.038
5.84688 121.029
5.88281 121.045
5.92175 121.142
5.95336 121.042
5.98871 121.042
6.02432 121.049
6.05966 121.049
6.09411 121.026
6.12869 121.006
6.16472 121.024
6.20013 121.026
6.23532 121.023
6.27066 121.023
6.30628 121.03
6.34147 121.027
6.37652 121.02
6.41149 121.011
6.44704 121.016
6.48281 121.027
6.51822 121.029
6.554 121.04
6.58963 121.047
6.62505 121.049
6.66054 121.052
6.69626 121.061
6.73182 121.067
6.7677 121.079
6.80297 121.078
6.83839 121.08
6.87412 121.089
6.90978 121.096
6.94552 121.105
6.98032 121.092
7.01582 121.096
7.05253 121.127
7.08828 121.136
7.1238 121.139
7.15939 121.145
7.19524 121.156
7.23125 121.17
7.26686 121.175
7.30322 121.197
7.33892 121.204
7.37445 121.208
7.41049 121.222
7.44662 121.238
7.48115 121.221
7.51695 121.23
7.55352 121.255
7.58993 121.276
7.62566 121.284
7.66122 121.287
7.69678 121.291
7.7326 121.3
7.76878 121.316
7.80506 121.334
7.84063 121.338
7.87629 121.343
7.91196 121.349
7.94789 121.36
7.98511 121.396
8.02088 121.403
8.05693 121.415
8.09473 121.462
8.13043 121.468
8.16669 121.484
8.20239 121.489
8.23923 121.516
8.27579 121.538
8.31141 121.542
8.34733 121.551
8.38515 121.596
8.42108 121.605
8.45798 121.632
8.49499 121.661
8.53093 121.67
8.56767 121.693
8.6055 121.737
8.64147 121.746
8.67734 121.753
8.71312 121.758
8.7522 121.823
8.788 121.829
8.82501 121.856
8.86102 121.865
8.89714 121.876
8.9737 121.974
9.00953 121.979
9.0462 121.999
9.0834 122.028
9.11988 122.044
9.15815 122.091
9.19455 122.106
9.23127 122.126
9.26694 122.128
9.30399 122.153
9.64722 122.533
9.68298 122.535
9.83951 122.76
9.87692 122.787
9.91182 122.774
