-10.9136 107.188
-10.88 107.167
-10.7756 107.061
-10.7432 107.057
-10.7107 107.05
-10.6781 107.042
-10.6435 107.009
-10.6107 106.998
-10.5757 106.959
-10.5431 106.951
-10.5098 106.934
-10.4772 106.925
-10.444 106.909
-10.4118 106.906
-10.3787 106.891
-10.3461 106.882
-10.3136 106.875
-10.2787 106.837
-10.245 106.813
-10.2129 106.811
-10.181 106.812
-10.1479 106.796
-10.1151 106.784
-10.0815 106.762
-10.0481 106.742
-10.0161 106.74
-9.98253 106.718
-9.95018 106.712
-9.91571 106.677
-9.88327 106.67
-9.84988 106.65
-9.81534 106.613
-9.7827 106.603
-9.75091 106.604
-9.7188 106.601
-9.6868 106.6
-9.65501 106.601
-9.62311 106.601
-9.59121 106.601
-9.55921 106.6
-9.5268 106.593
-9.49256 106.559
-9.46047 106.556
-9.42838 106.553
-9.39558 106.54
-9.36329 106.534
-9.3311 106.53
-9.29782 106.51
-9.26445 106.488
-9.23119 106.467
-9.19873 106.459
-9.16705 106.461
-9.13783 106.501
-9.10624 106.505
-9.07319 106.488
-9.03986 106.466
-9.0075 106.459
-8.97601 106.464
-8.945 106.478
-8.91293 106.475
-8.88124 106.478
-8.84927 106.476
-8.81692 106.469
-8.78467 106.463
-8.75185 106.448
-8.71858 106.427
-8.68615 106.418
-8.65419 106.416
-8.62279 106.424
-8.59175 106.437
-8.55932 106.428
-8.52718 106.424
-8.49513 106.421
-8.46271 106.412
-8.43058 106.408
-8.39871 106.408
-8.36684 106.408
-8.33533 106.414
-8.30355 106.415
-8.27133 106.409
-8.2391 106.403
-8.20715 106.402
-8.17563 106.408
-8.14385 106.409
-8.11146 106.401
-8.0795 106.399
-8.04841 106.412
-8.01731 106.425
-7.98595 106.434
-7.95526 106.455
-7.92364 106.459
-7.89209 106.465
-7.86054 106.471
-7.8274 106.449
-7.79493 106.439
-7.7628 106.434
-7.73142 106.443
-7.69995 106.45
-7.66839 106.456
-7.63708 106.466
-7.60568 106.475
-7.57379 106.475
-7.54157 106.469
-7.50952 106.466
-7.47827 106.478
-7.44726 106.494
-7.41497 106.487
-7.38228 106.472
-7.35007 106.467
-7.31873 106.477
-7.2877 106.493
-7.25588 106.494
-7.22452 106.505
-7.19316 106.515
-7.16149 106.519
-7.12943 106.516
-7.09753 106.516
-7.06615 106.527
-7.03455 106.532
-7.00249 106.53
-6.97103 106.538
-6.94038 106.563
-6.90936 106.581
-6.87795 106.591
-6.84728 106.616
-6.81579 106.625
-6.78408 106.629
-6.75229 106.632
-6.7205 106.635
-6.68921 106.648
-6.65835 106.67
-6.62683 106.679
-6.59489 106.679
-6.56322 106.685
-6.53268 106.714
-6.50115 106.723
-6.46995 106.739
-6.43751 106.729
-6.40714 106.762
-6.37627 106.786
-6.34443 106.789
-6.31266 106.793
-6.28157 106.812
-6.25046 106.831
-6.21881 106.839
-6.18716 106.846
-6.1567 106.88
-6.1255 106.898
-6.09449 106.92
-6.06287 106.928
-6.03106 106.933
-5.99918 106.936
-5.96717 106.936
-5.93529 106.939
-5.90417 106.959
-5.87399 107.002
-5.84304 107.027
-5.81195 107.049
-5.78073 107.068
-5.74893 107.074
-5.71701 107.077
-5.68576 107.096
-5.65537 107.136
-5.62367 107.145
-5.59246 107.166
-5.5613 107.188
-5.53097 107.23
-5.4993 107.241
-5.46793 107.259
-5.43596 107.262
-5.40404 107.266
-5.3737 107.31
-5.3427 107.338
-5.31146 107.361
-5.28009 107.38
-5.24809 107.383
-4.99651 107.53
-4.96462 107.537
-4.28439 108.405
-4.25282 108.431
