-24.8696 83.8996
-24.8432 83.8985
-32.6426 146.389
-32.6024 146.387
-32.5618 146.383
-31.9823 145.805
-31.9381 145.78
-31.8968 145.771
-31.8102 145.729
-31.7689 145.72
-31.6774 145.651
-31.6373 145.649
-31.1504 145.356
-31.1096 145.35
-31.0697 145.348
-31.0249 145.318
-30.9794 145.283
-30.9394 145.281
-30.8092 145.215
-30.7693 145.213
-30.6032 145.168
-30.5578 145.134
-30.5159 145.12
-30.4732 145.102
-30.4325 145.095
-30.3887 145.07
-30.348 145.064
-30.3073 145.057
-30.2674 145.055
-30.2251 145.039
-30.1852 145.037
-30.1453 145.036
-30.1042 145.027
-30.0632 145.018
-30.0229 145.014
-29.9806 144.998
-29.9392 144.987
-29.8989 144.982
-29.8598 144.985
-29.8206 144.988
-29.7792 144.977
-29.7362 144.956
-29.6963 144.954
-29.6568 144.955
-29.618 144.96
-29.5785 144.961
-29.5379 144.954
-29.498 144.952
-29.4592 144.957
-29.4208 144.965
-29.3809 144.963
-29.338 144.942
-29.2965 144.931
-29.2566 144.929
-29.2167 144.928
-29.1768 144.926
-29.1373 144.926
-29.0974 144.924
-29.0579 144.925
-29.0179 144.923
-28.9792 144.928
-28.9404 144.933
-28.9012 144.936
-28.8617 144.937
-28.8217 144.935
-28.7826 144.938
-28.7441 144.945
-28.7057 144.953
-28.6683 144.967
-28.6299 144.975
-28.5892 144.968
-28.5508 144.975
-28.5127 144.985
-28.4742 144.993
-28.4354 144.998
-28.3976 145.01
-28.3584 145.013
-28.3192 145.016
-28.2843 145.047
-28.2469 145.061
-28.2121 145.092
-28.1754 145.111
-28.1303 145.077
-28.0933 145.093
-28.0529 145.089
-28.0176 145.118
-27.9787 145.123
-27.9373 145.112
-27.897 145.108
-27.8574 145.108
-27.8188 145.116
-27.7806 145.125
-27.7414 145.128
-27.7 145.117
-27.6607 145.12
-27.625 145.146
-27.5868 145.156
-27.5471 145.156
-27.5078 145.159
-27.4724 145.188
-27.4335 145.193
-27.3938 145.194
-27.3545 145.196
-27.3145 145.195
-27.2777 145.214
-27.2398 145.226
-27.2071 145.273
-27.1709 145.297
-27.1326 145.307
-27.0954 145.324
-27.0602 145.355
-27.0226 145.37
-26.986 145.391
-26.9484 145.406
-26.9101 145.416
-26.8728 145.433
-26.8361 145.454
-26.7985 145.469
-26.7622 145.493
-26.7262 145.519
-26.6889 145.536
-26.6522 145.558
-26.6176 145.593
-26.5826 145.627
-26.5453 145.644
-26.5089 145.668
-26.4711 145.683
-26.433 145.695
-26.3939 145.7
-26.3568 145.719
-26.3218 145.753
-26.2874 145.791
-26.2499 145.808
-26.2165 145.853
-26.1777 145.861
-26.1399 145.876
-26.1034 145.9
-26.0652 145.912
-26.0294 145.941
-25.9935 145.97
-25.957 145.994
-25.9221 146.03
-25.8849 146.049
-25.848 146.071
-25.8144 146.116
-25.7785 146.145
-25.7432 146.179
-25.7079 146.213
-25.6726 146.246
-25.6347 146.261
-25.603 146.321
-25.5653 146.338
-25.5296 146.369
-25.4946 146.405
-25.4602 146.446
-25.4255 146.485
-25.391 146.526
-25.3559 146.562
-25.3211 146.6
-25.2857 146.634
-25.2476 146.649
-25.2153 146.707
-25.1782 146.729
-25.1469 146.794
-25.1094 146.813
-25.0771 146.871
-25.0432 146.917
-25.0118 146.982
-24.9769 147.02
-24.9425 147.064
-24.9079 147.105
-24.8757 147.166
-24.8417 147.212
-24.8073 147.255
-24.7764 147.325
-24.7468 147.405
-24.7123 147.449
-24.6775 147.49
-24.6462 147.558
-24.6114 147.599
-24.5772 147.646
-24.5429 147.692
-24.5122 147.765
-24.4859 147.871
-24.457 147.959
-24.4271 148.039
-24.3959 148.11
-24.3622 148.161
-24.3297 148.222
-24.297 150.474
-24.2676 150.564
-24.2465 150.719
-24.2363 150.958
-24.2116 151.086
-24.1776 151.142
-24.1327 151.112
-24.0913 151.11
-24.0431 151.056
