9.12356 172.372
9.16459 172.242
9.20717 172.15
9.25307 172.135
9.33442 171.866
9.37834 171.808
9.42238 171.753
9.4679 171.731
9.51258 171.692
9.55656 171.636
9.59912 171.551
9.64164 171.465
9.68554 171.41
9.72772 171.318
9.77141 171.26
9.81409 171.18
9.85945 171.159
9.90336 171.107
9.94769 171.064
9.99011 170.982
10.036 170.973
10.0805 170.936
10.1257 170.912
10.168 170.83
10.2129 170.803
10.2563 170.742
10.3016 170.724
10.3467 170.699
10.3893 170.626
10.4336 170.587
10.4794 170.578
10.5232 170.529
10.5683 170.508
10.613 170.478
10.657 170.435
10.7007 170.387
10.7447 170.345
10.7903 170.333
10.8349 170.302
10.8798 170.278
10.9223 170.208
10.9672 170.184
11.0113 170.145
11.056 170.118
11.1018 170.112
11.1469 170.094
11.1917 170.07
11.2353 170.021
11.281 170.016
11.3262 169.997
11.3713 169.979
11.4167 169.967
11.4603 169.922
11.5062 169.919
11.5518 169.91
11.5967 169.889
11.6409 169.856
11.6851 169.823
11.7302 169.805
11.7756 169.793
11.8194 169.754
11.8641 169.73
11.9098 169.724
11.9553 169.715
11.9992 169.679
12.0435 169.649
12.0896 169.649
12.1363 169.661
12.182 169.655
12.2255 169.613
12.2687 169.565
12.3142 169.556
12.3595 169.544
12.4042 169.523
12.45 169.52
12.496 169.52
12.5407 169.499
12.586 169.487
12.6324 169.493
12.678 169.487
12.7223 169.46
12.7678 169.451
12.8135 169.448
12.8593 169.445
12.9057 169.451
12.9498 169.421
12.9952 169.412
13.0388 169.373
13.0821 169.331
13.1262 169.301
13.1689 169.25
13.2144 169.244
13.2627 169.28
13.3105 169.311
13.3588 169.347
13.4045 169.344
13.4518 169.365
13.4982 169.371
13.5445 169.377
13.5915 169.392
13.6361 169.371
13.6822 169.374
13.727 169.356
13.7734 169.362
13.8215 169.396
13.8677 169.399
13.9131 169.39
13.9588 169.387
14.0054 169.396
14.052 169.405
14.0998 169.432
14.1466 169.444
14.1927 169.447
14.2391 169.453
14.2855 169.459
14.3317 169.462
14.3773 169.456
14.4231 169.454
14.4688 169.451
14.5154 169.46
14.5648 169.508
14.6127 169.535
14.6612 169.571
14.7078 169.58
14.7521 169.556
14.7973 169.544
14.8448 169.565
14.8912 169.571
14.9374 169.575
14.983 169.569
15.0295 169.575
15.0778 169.608
15.1243 169.614
15.1705 169.617
15.2174 169.629
15.3156 169.714
15.3617 169.714
15.405 169.677
15.4513 169.68
15.5002 169.72
15.5498 169.768
15.6022 169.853
15.6521 169.904
16.0283 170.004
16.0767 170.035
16.1238 170.047
16.171 170.062
16.2207 170.107
16.2698 170.147
16.3171 170.162
16.3673 170.213
16.417 170.259
16.4662 170.298
16.5181 170.371
16.5648 170.377
16.8992 170.517
16.9454 170.517
