17.8499 135.655
17.8871 135.65
17.9092 135.5
17.9249 135.291
17.9458 135.131
17.9632 134.939
17.978 134.722
17.9954 134.179
18.0317 134.168
18.1767 134.83
18.21 134.791
18.2459 134.776
18.2713 134.663
18.2981 134.564
18.328 134.494
18.3562 134.407
18.3913 134.387
18.9935 133.093
19.0294 133.082
19.0604 133.028
19.0928 132.987
19.1255 132.948
19.1614 132.938
19.1941 132.9
19.2261 132.855
19.3861 132.637
19.4198 132.609
19.4551 132.594
19.4881 132.56
19.5188 132.506
19.5543 132.493
19.588 132.465
19.6183 132.409
19.6508 132.37
19.6807 132.31
19.7164 132.3
19.7506 132.278
19.7866 132.27
19.8178 132.221
19.853 132.207
19.8837 132.155
19.9193 132.145
19.9507 132.099
19.9866 132.09
20.0196 132.058
20.0526 132.026
20.0879 132.014
20.1209 131.982
20.157 131.976
20.1909 131.952
20.2236 131.917
20.2553 131.875
20.2899 131.857
20.3255 131.847
20.362 131.845
20.3956 131.819
20.4256 131.763
20.4606 131.749
20.4939 131.721
20.5306 131.721
20.5649 131.7
20.5997 131.684
20.633 131.656
20.667 131.634
20.7015 131.616
20.735 131.59
20.769 131.568
20.8047 131.56
20.8403 131.552
20.8748 131.534
20.908 131.506
20.9427 131.49
20.9749 131.454
21.01 131.442
21.0459 131.436
21.0818 131.429
21.1157 131.407
21.1508 131.395
21.1865 131.387
21.2206 131.367
21.2557 131.355
21.2916 131.349
21.3254 131.327
21.3587 131.301
21.3956 131.303
21.4317 131.298
21.4655 131.276
21.499 131.252
21.5361 131.256
21.5727 131.256
21.6083 131.248
21.6421 131.226
21.6774 131.216
21.7127 131.206
21.7467 131.186
21.7807 131.166
21.8159 131.156
21.8525 131.155
21.8896 131.159
21.9271 131.167
21.964 131.168
21.9987 131.154
22.0311 131.122
22.0679 131.124
22.1044 131.124
22.1417 131.13
22.1765 131.116
22.2125 131.111
22.2485 131.107
22.2876 131.127
22.3292 131.164
22.362 131.136
22.3959 131.116
22.4306 131.102
22.4616 131.06
22.4941 131.031
22.5303 131.028
22.5679 131.036
22.6036 131.03
22.6383 131.016
22.6748 131.015
22.7113 131.015
22.7469 131.009
22.784 131.013
22.8207 131.014
22.8567 131.01
22.8926 131.006
22.9283 131
22.964 130.994
23.0008 130.995
23.0378 130.999
23.0743 130.999
23.1097 130.991
23.1464 130.992
23.1837 130.998
23.2199 130.996
23.2558 130.991
23.2912 130.983
23.3274 130.981
23.3636 130.979
23.4012 130.986
23.4398 131.002
23.4777 131.011
23.5147 131.015
23.5512 131.015
23.5879 131.016
23.625 131.02
23.6625 131.028
23.699 131.027
23.7355 131.027
23.7722 131.029
23.8098 131.036
23.8471 131.042
23.8842 131.046
23.9232 131.063
23.9599 131.065
23.9975 131.072
24.0377 131.098
24.0761 131.111
24.1109 131.099
24.1454 131.085
24.1818 131.085
24.22 131.096
24.2593 131.116
24.3007 131.149
24.3383 131.156
24.3742 131.152
24.4095 131.144
24.4483 131.159
24.4862 131.169
24.5247 131.183
24.5623 131.19
24.5994 131.194
24.6396 131.219
24.6778 131.231
24.7172 131.25
24.7552 131.26
24.7925 131.265
24.8322 131.287
24.8693 131.29
24.9093 131.314
24.947 131.321
24.9864 131.341
25.0235 131.344
25.0641 131.372
25.1018 131.379
25.1392 131.385
25.1816 131.424
25.2196 131.434
25.26 131.459
25.2983 131.47
25.3354 131.474
25.3731 131.482
25.4171 131.531
25.4564 131.548
25.4971 131.576
25.5399 131.617
25.5786 131.63
25.62 131.662
25.6571 131.665
25.6946 131.671
25.7384 131.718
25.7762 131.726
25.817 131.753
25.8578 131.781
25.8981 131.804
25.9361 131.814
26.3981 132.192
26.4357 132.198
