11.2641 137.09
11.6312 133.921
11.6665 133.88
11.6999 133.811
11.7295 133.689
11.7634 133.629
11.7985 133.585
11.8305 133.498
11.8669 133.476
11.9003 133.409
11.9317 133.317
11.9658 133.261
11.9995 133.201
12.036 133.18
12.0706 133.133
12.1054 133.09
12.1386 133.024
12.1741 132.991
12.2095 132.956
12.2409 132.866
12.2759 132.827
12.3096 132.77
12.3465 132.757
12.38 132.698
12.4135 132.638
12.4501 132.622
12.4839 132.569
12.5186 132.526
12.5527 132.477
12.5899 132.469
12.6238 132.418
12.6597 132.393
12.6946 132.355
12.7314 132.342
12.7665 132.308
12.8 132.253
12.8362 132.232
12.8702 132.183
12.9068 132.169
12.942 132.137
12.9756 132.084
13.0122 132.07
13.048 132.045
13.0831 132.013
13.1195 131.997
13.154 131.956
13.1904 131.94
13.2243 131.893
13.2607 131.877
13.2977 131.869
13.3319 131.826
13.3683 131.81
13.4026 131.769
13.4388 131.751
13.4739 131.721
13.5091 131.691
13.5457 131.678
13.5811 131.652
13.6167 131.628
13.6533 131.616
13.6887 131.59
13.7236 131.557
13.7604 131.547
13.7948 131.509
13.8316 131.501
13.8683 131.491
13.9047 131.477
13.9396 131.444
13.9767 131.44
14.0134 131.43
14.0491 131.408
14.0854 131.394
14.1217 131.38
14.1555 131.335
14.192 131.323
14.2279 131.305
14.264 131.289
14.3012 131.285
14.3373 131.269
14.3734 131.253
14.4084 131.225
14.4452 131.217
14.4809 131.197
14.5168 131.179
14.5536 131.171
14.5903 131.163
14.6258 131.141
14.6629 131.137
14.7 131.133
14.7366 131.123
14.7726 131.106
14.8085 131.088
14.8447 131.074
14.8812 131.064
14.9184 131.062
14.955 131.052
14.991 131.036
15.0268 131.018
15.0638 131.014
15.1007 131.008
15.1374 131
15.1733 130.984
15.2098 130.974
15.2469 130.97
15.2837 130.964
15.32 130.952
15.357 130.948
15.3943 130.946
15.4306 130.934
15.4666 130.92
15.5037 130.916
15.5396 130.9
15.5764 130.894
15.6136 130.892
15.6517 130.9
15.6885 130.894
15.7248 130.882
15.7608 130.868
15.798 130.866
15.835 130.862
15.872 130.858
15.9088 130.852
15.9468 130.858
15.9832 130.848
16.0198 130.84
16.0579 130.848
16.0957 130.852
16.1338 130.86
16.1718 130.867
16.2094 130.869
16.2467 130.869
16.2835 130.863
16.3207 130.861
16.3581 130.861
16.396 130.867
16.4336 130.869
16.471 130.869
16.5097 130.883
16.5483 130.895
16.5851 130.889
16.6215 130.879
16.6606 130.897
16.6978 130.895
16.735 130.893
16.7726 130.895
16.8105 130.901
16.8491 130.913
16.8867 130.915
16.9241 130.915
16.9617 130.917
17.0003 130.929
17.0383 130.935
17.0763 130.941
17.1141 130.945
17.1521 130.951
17.1898 130.955
17.2289 130.971
17.2675 130.983
17.3055 130.989
17.344 130.999
17.3822 131.008
17.4204 131.016
17.4587 131.024
17.4979 131.042
17.536 131.048
17.5736 131.05
17.6125 131.064
17.6516 131.08
17.6898 131.088
17.7281 131.096
17.7683 131.122
17.8063 131.128
17.8442 131.132
17.8829 131.144
17.9209 131.15
17.9607 131.173
17.9988 131.179
18.038 131.195
18.0767 131.207
18.1154 131.219
18.155 131.239
18.194 131.253
18.2325 131.263
18.2722 131.283
18.3114 131.299
18.3504 131.314
18.3894 131.328
18.4281 131.34
18.4676 131.358
18.5082 131.386
18.5472 131.4
18.5871 131.422
18.6268 131.443
18.6672 131.469
18.7072 131.491
18.7458 131.501
18.7867 131.532
18.8276 131.562
18.8669 131.578
18.9089 131.618
18.9473 131.627
18.9878 131.653
19.0267 131.665
19.0677 131.695
19.1107 131.744
19.1499 131.758
19.1893 131.774
19.2324 131.823
19.2729 131.849
19.3133 131.874
19.3534 131.896
19.3963 131.943
19.436 131.961
19.4774 131.993
19.5189 132.028
19.5615 132.071
19.601 132.087
19.6452 132.144
19.6849 132.162
19.7288 132.215
19.7726 132.268
19.8148 132.307
19.8546 132.325
19.898 132.374
19.9388 132.401
19.9822 132.449
20.0243 132.486
20.0695 132.55
20.114 132.607
20.1585 132.664
20.203 132.721
20.2457 132.762
20.2881 132.801
20.3324 132.857
20.3783 132.925
20.4245 132.994
20.47 133.058
20.5135 133.105
20.5593 133.171
20.6041 133.229
20.6497 133.293
20.9575 133.951
