11.5391 136.55
11.5777 136.548
11.615 136.527
11.8534 134.93
11.8892 134.892
11.9543 134.726
11.9876 134.655
12.0191 134.558
12.0523 134.487
12.0878 134.447
12.1231 134.406
12.155 134.318
12.1889 134.257
12.2222 134.188
12.2556 134.122
12.2892 134.059
12.3245 134.02
12.3578 133.953
12.3932 133.916
12.4271 133.858
12.4935 133.725
12.529 133.69
12.5641 133.65
12.5999 133.619
12.6336 133.561
12.6687 133.522
12.7039 133.485
12.7379 133.431
12.7749 133.419
12.8087 133.363
12.8418 133.299
12.8784 133.28
12.9123 133.227
12.9474 133.19
12.9828 133.157
13.0182 133.124
13.0532 133.087
13.0872 133.035
13.1241 133.023
13.1598 132.994
13.1948 132.957
13.2301 132.924
13.2654 132.892
13.3003 132.855
13.3349 132.814
13.3718 132.801
13.4087 132.789
13.4423 132.736
13.4776 132.705
13.515 132.699
13.5503 132.668
13.5853 132.633
13.6205 132.601
13.6559 132.572
13.6927 132.56
13.7282 132.531
13.764 132.507
13.7995 132.48
13.8348 132.45
13.8717 132.439
13.9069 132.409
13.9438 132.399
13.9777 132.352
14.0142 132.337
14.0513 132.329
14.0854 132.286
14.1223 132.276
14.1593 132.268
14.1948 132.242
14.2301 132.213
14.2664 132.197
14.3022 132.175
14.3393 132.168
14.3753 132.148
14.4109 132.124
14.4473 132.11
14.4834 132.091
14.52 132.079
14.5563 132.063
14.5929 132.051
14.6293 132.036
14.6644 132.008
14.701 131.996
14.7378 131.986
14.7747 131.978
14.8114 131.967
14.8475 131.949
14.8833 131.929
14.9198 131.917
14.9562 131.903
14.9918 131.88
15.0276 131.86
15.0636 131.842
15.1006 131.836
15.1375 131.828
15.1744 131.82
15.2114 131.814
15.2486 131.809
15.2859 131.805
15.322 131.789
15.3581 131.773
15.3944 131.759
15.4312 131.751
15.4688 131.751
15.506 131.747
15.5417 131.727
15.5789 131.723
15.6159 131.717
15.6517 131.698
15.6884 131.688
15.7255 131.684
15.7629 131.682
15.7987 131.664
15.8352 131.652
15.8719 131.644
15.9089 131.638
15.9465 131.638
15.9836 131.634
16.0196 131.618
16.056 131.605
16.0939 131.61
16.1346 131.642
16.1733 131.654
16.2103 131.648
16.2466 131.636
16.2818 131.612
16.317 131.587
16.3549 131.591
16.3934 131.602
16.431 131.602
16.4693 131.61
16.5064 131.606
16.544 131.606
16.5813 131.604
16.6188 131.604
16.6558 131.598
16.6925 131.59
16.7294 131.584
16.7684 131.598
16.8079 131.618
16.8465 131.628
16.8842 131.63
16.9215 131.628
16.9589 131.626
16.9966 131.628
17.0341 131.628
17.0721 131.632
17.1104 131.64
17.1488 131.648
17.1861 131.646
17.2235 131.644
17.262 131.655
17.3004 131.663
17.3379 131.663
17.3759 131.667
17.4149 131.681
17.4541 131.697
17.4929 131.709
17.5309 131.713
17.5678 131.707
17.606 131.713
17.6455 131.732
17.6851 131.752
17.724 131.764
17.7641 131.788
17.8023 131.794
17.8388 131.784
17.8759 131.78
17.9135 131.78
17.9517 131.786
17.9905 131.799
18.0305 131.821
18.0691 131.831
18.1085 131.847
18.1465 131.851
18.1847 131.857
18.2231 131.866
18.2622 131.88
18.3016 131.896
18.3423 131.924
18.383 131.953
18.4214 131.961
18.4613 131.981
18.4997 131.989
18.5393 132.008
18.5776 132.014
18.6159 132.02
18.6546 132.03
18.6965 132.069
18.7352 132.079
18.7738 132.087
18.8139 132.109
18.8522 132.115
18.8953 132.164
18.9338 132.172
18.9723 132.181
19.0109 132.189
19.0513 132.213
19.0917 132.238
19.1321 132.262
19.1718 132.28
19.2155 132.333
19.2543 132.344
19.2932 132.354
19.3364 132.403
19.3764 132.423
19.4193 132.468
19.4581 132.478
19.4994 132.509
19.5401 132.535
19.5785 132.542
19.6217 132.589
19.6615 132.607
19.7047 132.654
19.7448 132.675
19.7886 132.726
19.8287 132.746
19.8724 132.797
19.9121 132.814
19.9549 132.857
19.9954 132.879
20.0389 132.929
20.0794 132.951
20.123 133.001
20.1672 133.054
20.2079 133.079
20.2516 133.128
20.2956 133.18
20.3366 133.206
20.3813 133.264
20.4254 133.316
20.4659 133.338
20.5113 133.4
20.5561 133.458
20.5985 133.495
20.6411 133.535
20.6868 133.599
20.7358 133.69
20.7795 133.737
20.8279 133.822
20.875 133.897
20.9211 133.964
20.9641 134.005
21.0103 134.072
21.0634 134.195
21.1102 134.265
21.1599 134.359
21.208 134.441
