-19.6947 129.965
-19.6543 129.932
-19.6038 129.813
-19.5459 129.633
-19.4744 129.337
-19.4349 129.31
-19.2638 128.784
-19.2256 128.766
-19.1811 128.696
-19.1323 128.589
-19.0894 128.531
-19.0388 128.407
-18.9953 128.344
-18.9526 128.287
-18.9116 128.245
-18.8667 128.169
-18.8238 128.11
-18.7808 128.049
-18.7401 128.01
-18.6971 127.949
-18.6545 127.892
-18.6151 127.862
-18.5723 127.803
-18.5294 127.742
-18.4872 127.688
-18.4489 127.667
-18.4073 127.618
-18.3656 127.567
-18.3249 127.525
-18.283 127.472
-18.2431 127.436
-18.204 127.408
-18.1645 127.376
-18.1231 127.327
-18.0855 127.312
-18.0446 127.267
-18.0043 127.227
-17.9653 127.199
-17.928 127.186
-17.8867 127.137
-17.8475 127.107
-17.8082 127.075
-17.7665 127.023
-17.7291 127.008
-17.6877 126.957
-17.6484 126.925
-17.6117 126.918
-17.5739 126.899
-17.5352 126.873
-17.4978 126.858
-17.4602 126.841
-17.4222 126.82
-17.3841 126.8
-17.3437 126.757
-17.3057 126.736
-17.2661 126.701
-17.2292 126.69
-17.1922 126.678
-17.1545 126.66
-17.1173 126.647
-17.0792 126.624
-17.0408 126.6
-17.0023 126.574
-16.965 126.559
-16.9257 126.525
-16.8884 126.51
-16.8511 126.495
-16.8136 126.479
-16.7769 126.469
-16.7404 126.462
-16.7033 126.449
-16.6665 126.438
-16.6284 126.415
-16.5902 126.391
-16.5537 126.384
-16.5168 126.372
-16.4798 126.359
-16.4429 126.348
-16.4057 126.333
-16.3673 126.307
-16.3303 126.294
-16.2931 126.279
-16.2561 126.266
-16.2191 126.253
-16.1825 126.244
-16.1458 126.235
-16.1077 126.211
-16.0713 126.203
-16.0339 126.186
-15.9973 126.177
-15.9614 126.175
-15.9258 126.175
-15.8903 126.177
-15.8537 126.168
-15.8167 126.155
-15.7792 126.136
-15.7426 126.127
-15.7062 126.12
-15.6702 126.116
-15.634 126.11
-15.5983 126.11
-15.5619 126.103
-15.5253 126.093
-15.4884 126.08
-15.4524 126.077
-15.4163 126.073
-15.3798 126.064
-15.3438 126.06
-15.3083 126.062
-15.2724 126.06
-15.2369 126.062
-15.2016 126.066
-15.1654 126.06
-15.1294 126.056
-15.0939 126.058
-15.0575 126.051
-15.0215 126.047
-14.9864 126.052
-14.9507 126.052
-14.9142 126.043
-14.8787 126.045
-14.8428 126.043
-14.8068 126.039
-14.7715 126.043
-14.7363 126.049
-14.7006 126.049
-14.6646 126.045
-14.6283 126.037
-14.5924 126.036
-14.5574 126.043
-14.5229 126.056
-14.4884 126.069
-14.4531 126.073
-14.417 126.069
-14.3809 126.063
-14.3457 126.069
-14.3113 126.084
-14.2763 126.091
-14.2403 126.087
-14.2036 126.076
-14.1687 126.085
-14.1333 126.089
-14.0985 126.098
-14.0641 126.113
-14.0287 126.117
-13.9937 126.124
-13.9568 126.111
-13.9205 126.104
-13.8849 126.106
-13.8497 126.111
-13.814 126.111
-13.7794 126.124
-13.7463 126.154
-13.7107 126.156
-13.6763 126.171
-13.6404 126.169
-13.6048 126.171
-13.5702 126.184
-13.5346 126.185
-13.4988 126.184
-13.463 126.184
-13.4286 126.198
-13.3942 126.215
-13.3604 126.237
-13.3263 126.258
-13.2912 126.265
-13.2565 126.278
-13.2219 126.291
-13.1866 126.297
-13.151 126.299
-13.1158 126.306
-13.0807 126.313
-13.0463 126.33
-13.0113 126.339
-12.9769 126.356
-12.9428 126.377
-12.9086 126.397
-12.8738 126.408
-12.8393 126.425
-12.8047 126.44
-12.7694 126.445
-12.7336 126.445
-12.6984 126.453
-12.6638 126.468
-12.6294 126.486
-12.5947 126.499
-12.5609 126.526
-12.5267 126.546
-12.4923 126.565
-12.4571 126.572
-12.4227 126.591
-12.3875 126.598
-12.3527 126.611
-12.3187 126.636
-12.2841 126.652
-12.2504 126.68
-12.217 126.712
-12.1832 126.738
-12.1483 126.751
-12.1141 126.774
-12.0801 126.798
-12.0453 126.813
-12.0124 126.852
-11.9771 126.86
-11.9419 126.869
-11.9072 126.886
-11.8719 126.894
-11.8369 126.907
-11.8046 126.955
-11.7708 126.984
-11.7357 126.995
-11.7021 127.027
-11.6664 127.03
-11.6316 127.045
-11.5989 127.091
-11.5664 127.137
-11.5342 127.19
-11.5009 127.228
-11.4667 127.252
-11.4314 127.262
-11.3974 127.29
-11.3646 127.335
-11.3296 127.35
-11.2956 127.378
-11.2617 127.409
-11.2291 127.458
-11.1956 127.493
-11.1619 127.527
-11.1278 127.556
-10.9243 127.745
-10.892 127.8
-10.8594 127.853
-10.8239 127.862
-10.5945 128.22
-10.5608 128.258
-10.5267 128.29
