-24.8704 83.9037
-24.8439 83.9015
4.26018 151.354
4.30066 151.303
4.33979 151.195
4.37952 151.115
4.41985 151.062
4.46034 151.017
4.50009 150.942
4.53994 150.872
4.58042 150.83
4.6199 150.747
4.66015 150.697
4.69982 150.625
4.74008 150.578
4.77963 150.503
4.82004 150.463
4.8596 150.391
4.90042 150.369
4.94012 150.304
4.98052 150.267
5.02077 150.224
5.06013 150.15
5.10087 150.128
5.14168 150.108
5.18281 150.1
5.22298 150.058
5.26285 150.006
5.30039 149.872
5.34063 149.835
5.38183 149.833
5.4219 149.791
5.46115 149.722
5.50205 149.709
5.54286 149.694
5.58242 149.637
5.62306 149.618
5.66332 149.586
5.70432 149.578
5.74464 149.549
5.78463 149.509
5.82462 149.47
5.86535 149.455
5.90577 149.43
5.94594 149.398
5.98586 149.359
6.02656 149.344
6.06733 149.332
6.1077 149.307
6.14789 149.277
6.18782 149.241
6.22856 149.228
6.26855 149.194
6.30853 149.159
6.34916 149.145
6.38944 149.12
6.43023 149.11
6.47049 149.086
6.51109 149.071
6.55108 149.039
6.59141 149.017
6.63216 149.007
6.6729 148.997
6.71293 148.968
6.75349 148.953
6.79341 148.921
6.83431 148.916
6.8752 148.911
6.91618 148.909
6.95543 148.86
6.99557 148.835
7.03506 148.793
7.07592 148.788
7.11687 148.786
7.15782 148.783
7.19858 148.776
7.23896 148.759
7.27923 148.739
7.31979 148.727
7.36043 148.717
7.40107 148.707
7.4417 148.697
7.48263 148.695
7.52306 148.68
7.56309 148.656
7.6035 148.641
7.64411 148.631
7.68492 148.626
7.72572 148.621
7.76591 148.602
7.8065 148.592
7.84699 148.58
7.88788 148.577
7.92897 148.579
7.97007 148.582
8.01065 148.572
8.05122 148.562
8.09136 148.542
8.1316 148.525
8.17183 148.508
8.21195 148.489
8.25249 148.479
8.29313 148.471
8.33355 148.459
8.37419 148.452
8.4168 148.488
8.45666 148.464
8.49996 148.515
8.54183 148.534
8.5836 148.551
8.62345 148.527
8.66318 148.5
8.70426 148.502
8.74546 148.507
8.78667 148.512
8.82798 148.519
8.86884 148.516
8.9097 148.514
8.95079 148.516
8.99176 148.516
9.03249 148.511
9.07346 148.511
9.11455 148.513
9.15528 148.508
9.19625 148.508
9.2377 148.518
9.27879 148.52
9.32024 148.53
9.36158 148.537
9.40292 148.544
9.44427 148.552
9.48561 148.559
9.52721 148.571
9.56919 148.59
9.60929 148.573
9.64951 148.558
9.69061 148.561
9.73197 148.568
9.77409 148.59
9.81533 148.594
9.85631 148.594
9.89742 148.597
9.93996 148.626
9.98147 148.635
10.0225 148.635
10.0638 148.643
10.1063 148.669
10.1477 148.677
10.1892 148.686
10.2318 148.715
10.2732 148.723
10.3142 148.722
10.3564 148.744
10.3978 148.752
10.4395 148.764
10.4825 148.798
10.5238 148.802
10.5656 148.817
10.6068 148.819
10.6486 148.834
10.6916 148.868
10.7335 148.883
10.7758 148.904
10.8168 148.904
10.8584 148.914
10.9013 148.946
10.9429 148.955
10.9843 148.96
11.0259 148.97
11.0704 149.028
11.1122 149.041
11.1553 149.075
11.1965 149.077
11.2386 149.094
11.2806 149.109
11.3251 149.165
11.3678 149.192
11.411 149.226
11.4527 149.236
11.4953 149.26
11.5384 149.292
11.5804 149.307
11.6235 149.338
11.6652 149.348
11.7103 149.412
11.7521 149.422
11.7973 149.485
11.839 149.495
11.8808 149.505
11.9245 149.544
11.9699 149.61
12.0133 149.645
12.0552 149.657
12.0991 149.699
12.1421 149.726
12.186 149.768
12.32 149.925
12.3616 149.93
12.4072 149.997
12.4498 150.016
12.4958 150.088
12.542 150.162
12.5868 150.214
12.6308 150.254
12.6746 150.291
12.7181 150.323
12.9498 150.688
12.9988 150.797
13.0417 150.82
13.0835 150.825
13.1258 150.837
13.1702 150.879
