-15.7918 145.965
-15.7503 145.956
-14.4546 145.041
-14.4111 145.004
-14.3704 145.002
-14.3278 144.976
-14.2867 144.969
-14.2434 144.934
-14.2025 144.93
-14.1592 144.895
-14.1181 144.888
-14.077 144.881
-14.0323 144.827
-13.9889 144.79
-13.9476 144.781
-13.9075 144.786
-13.8672 144.788
-13.8265 144.786
-13.7844 144.765
-13.7432 144.756
-13.7014 144.74
-13.6575 144.696
-13.6167 144.691
-13.5757 144.685
-13.5336 144.664
-13.4926 144.657
-13.4524 144.662
-13.4118 144.66
-13.3701 144.644
-13.3287 144.633
-13.2879 144.628
-13.2471 144.624
-13.2059 144.615
-13.1642 144.599
-13.1224 144.58
-13.0814 144.573
-13.0407 144.571
-13.0004 144.574
-12.9598 144.572
-12.9178 144.551
-12.8765 144.54
-12.8355 144.533
-12.7947 144.529
-12.7534 144.517
-12.7134 144.525
-12.6729 144.525
-12.6315 144.511
-12.5907 144.507
-12.5502 144.507
-12.5092 144.501
-12.4673 144.48
-12.426 144.468
-12.3855 144.469
-12.3455 144.476
-12.3028 144.443
-12.2615 144.432
-12.2224 144.451
-12.182 144.454
-12.1406 144.44
-12.0989 144.422
-12.0565 144.394
-12.0151 144.38
-11.9767 144.411
-11.9411 144.484
-11.9003 144.48
-11.8579 144.452
-11.8153 144.419
-11.7731 144.394
-11.7308 144.366
-11.6911 144.378
-11.6519 144.397
-11.6144 144.444
-11.576 144.478
-11.5381 144.518
-11.4985 144.533
-11.4582 144.535
-11.4175 144.533
-11.3774 144.541
-11.3384 144.565
-11.2988 144.579
-11.2584 144.582
-11.217 144.568
-11.1765 144.568
-11.1362 144.573
-11.0958 144.576
-11.0562 144.591
-11.0172 144.617
-10.9776 144.631
-10.9376 144.641
-10.8969 144.639
-10.8572 144.654
-10.8192 144.697
-10.7796 144.713
-10.7398 144.726
-10.7002 144.742
-10.6604 144.757
-10.6208 144.774
-10.5802 144.774
-10.5391 144.765
-10.4996 144.784
-10.462 144.837
-10.4227 144.858
-10.3831 144.877
-10.3427 144.88
-10.3023 144.885
-10.2621 144.893
-10.2223 144.907
-10.1834 144.938
-10.1442 144.965
-10.104 144.972
-10.0642 144.989
-10.0257 145.027
-9.98531 145.032
-9.94504 145.04
-9.90516 145.054
-9.86501 145.064
-9.82588 145.093
-9.78752 145.136
-9.74913 145.179
-9.70907 145.191
-9.66912 145.206
-9.62918 145.22
-9.59073 145.264
-9.55076 145.278
-9.51153 145.307
-9.47167 145.324
-9.43291 145.362
-9.39278 145.375
-9.35203 145.375
-9.31274 145.404
-9.27393 145.442
-9.2351 145.481
-9.19698 145.533
-9.15679 145.546
-9.11803 145.587
-9.07949 145.632
-9.04021 145.664
-9.00093 145.695
-8.96103 145.714
-8.92301 145.772
-8.88286 145.787
-8.84363 145.82
-8.80473 145.861
-8.76662 145.919
-8.72654 145.936
-8.68873 146.001
-8.64873 146.021
-8.60962 146.06
-8.5696 146.079
-8.53047 146.118
-8.49065 146.142
-8.45237 146.2
-8.41374 146.251
-8.37475 146.294
-8.33541 146.331
-8.29617 146.37
-8.25767 146.425
-8.21774 146.45
-8.17898 146.501
-8.14031 146.554
-8.10374 146.656
-8.06437 146.695
-8.02541 146.743
-7.98737 146.814
-7.94867 146.87
-7.90922 146.909
-7.871 146.977
-7.83316 147.055
-7.79436 147.111
-7.75584 147.174
-7.71689 147.228
-7.67893 147.306
-7.64285 147.43
-7.60381 147.484
-7.56584 147.565
-7.19103 148.551
-7.1481 148.514
-7.10641 148.51
