-5.64061 129.026
-5.60056 128.944
-5.56137 128.885
-5.52222 128.826
-5.48376 128.787
-5.44547 128.751
-5.40638 128.693
-5.36812 128.657
-5.33001 128.626
-5.02069 128.222
-4.98212 128.171
-4.94413 128.138
-4.90609 128.103
-4.86819 128.072
-4.8303 128.041
-4.63998 127.848
-4.60224 127.819
-4.56497 127.806
-4.52647 127.75
-4.48883 127.723
-4.45115 127.694
-4.41343 127.663
-4.37588 127.638
-4.33829 127.611
-4.30109 127.597
-4.26336 127.564
-4.22518 127.514
-4.18785 127.495
-4.15074 127.483
-4.11322 127.456
-4.07612 127.445
-4.03877 127.424
-4.00173 127.414
-3.96371 127.366
-3.92655 127.351
-3.889 127.32
-3.85156 127.293
-3.81461 127.285
-3.77728 127.262
-3.73932 127.212
-3.70244 127.206
-3.66496 127.176
-3.6275 127.145
-3.59055 127.135
-3.5532 127.109
-3.5163 127.101
-3.47863 127.059
-3.44187 127.057
-3.40504 127.051
-3.36812 127.042
-3.33095 127.021
-3.29421 127.019
-3.2573 127.009
-3.21975 126.969
-3.18286 126.96
-3.14609 126.956
-3.10933 126.952
-3.07214 126.927
-3.03526 126.918
-2.99802 126.889
-2.9609 126.866
-2.92419 126.864
-2.88737 126.857
-2.85035 126.838
-2.81372 126.84
-2.77702 126.838
-2.74001 126.819
-2.70328 126.815
-2.66669 126.819
-2.62983 126.808
-2.59291 126.792
-2.55573 126.762
-2.51889 126.75
-2.48215 126.745
-2.44535 126.735
-2.40841 126.716
-2.37171 126.712
-2.33501 126.709
-2.29817 126.695
-2.26153 126.695
-2.22478 126.688
-2.18804 126.68
-2.15149 126.686
-2.11486 126.686
-2.07809 126.677
-2.04135 126.669
-2.00452 126.654
-1.96779 126.647
-1.93109 126.641
-1.89425 126.624
-1.85765 126.626
-1.82105 126.628
-1.78427 126.615
-1.74754 126.605
-1.71085 126.599
-1.67419 126.596
-1.63756 126.594
-1.60101 126.6
-1.56441 126.602
-1.52787 126.61
-1.49131 126.615
-1.45462 126.608
-1.41794 126.602
-1.38121 126.591
-1.34453 126.583
-1.30807 126.601
-1.27223 126.689
-1.23503 126.624
-1.19836 126.618
-1.16163 126.605
-1.12494 126.596
-1.08833 126.598
-1.05177 126.605
-1.01521 126.613
-0.978492 126.6
-0.941887 126.602
-0.905468 126.633
-0.869023 126.661
-0.832389 126.662
-0.795677 126.648
-0.759014 126.643
-0.722312 126.629
-0.685656 126.624
-0.649087 126.635
-0.612495 126.643
-0.575805 126.63
-0.539121 126.616
-0.502566 126.634
-0.466053 126.665
-0.429472 126.68
-0.392871 126.692
-0.356288 126.711
-0.319663 126.719
-0.28303 126.725
-0.246416 126.74
-0.209767 126.742
-0.173109 126.74
-0.136458 126.742
-0.0998032 126.742
-0.063158 126.75
-0.0265285 126.777
0.010127 126.787
0.0467797 126.81
0.0834456 126.826
0.120118 126.849
0.156801 126.868
0.193487 126.874
0.230176 126.878
0.266866 126.882
0.303572 126.899
0.340275 126.907
0.377004 126.93
0.413717 126.938
0.450422 126.94
0.487171 126.961
0.523902 126.971
0.560621 126.975
0.597365 126.987
0.634096 126.993
0.670837 127
0.707588 127.01
0.744359 127.024
0.781151 127.041
0.817935 127.055
0.854787 127.082
0.891605 127.099
0.928509 127.132
0.965407 127.161
1.00229 127.184
1.03919 127.21
1.07614 127.241
1.11305 127.264
1.14989 127.274
1.18687 127.303
1.22383 127.328
1.26066 127.334
1.29737 127.322
1.33447 127.363
1.3713 127.367
1.40835 127.398
1.44546 127.435
1.48253 127.464
1.55647 127.497
1.66762 127.565
1.70518 127.637
1.7424 127.672
1.89103 127.776
1.92795 127.778
2.07746 127.936
2.11504 127.988
2.18974 128.051
2.22686 128.063
