-24.8707 83.9047
-24.8439 83.9015
-13.3034 139.993
-13.2621 139.962
-13.2225 139.953
-13.1832 139.949
-13.144 139.945
-12.9652 139.634
-12.9239 139.601
-12.7115 139.354
-12.6702 139.319
-12.6291 139.288
-11.7283 138.594
-11.689 138.586
-11.6471 138.538
-11.6076 138.525
-11.5685 138.519
-11.5297 138.517
-11.4896 138.496
-11.4484 138.456
-11.2887 138.379
-11.248 138.347
-11.2089 138.34
-11.1684 138.31
-11.1295 138.306
-11.0892 138.28
-11.0489 138.254
-11.0096 138.243
-10.9706 138.237
-10.932 138.237
-10.8918 138.212
-10.8513 138.181
-10.8121 138.173
-10.7733 138.169
-10.7335 138.149
-10.6945 138.143
-10.6556 138.139
-10.6158 138.12
-10.5771 138.118
-10.5383 138.114
-10.499 138.103
-10.4602 138.099
-10.4202 138.075
-10.3801 138.051
-10.3411 138.043
-10.302 138.034
-10.2619 138.009
-10.2228 138
-10.1843 138.003
-10.1459 138.005
-10.1071 138.001
-10.0681 137.995
-10.0284 137.975
-9.98938 137.967
-9.94994 137.952
-9.91151 137.954
-9.87331 137.961
-9.83426 137.952
-9.7946 137.933
-9.75543 137.922
-9.71651 137.916
-9.67783 137.914
-9.63904 137.91
-9.60036 137.908
-9.56157 137.904
-9.52313 137.906
-9.48469 137.909
-9.44613 137.909
-9.40722 137.902
-9.36808 137.892
-9.32929 137.888
-9.29119 137.897
-9.2531 137.905
-9.21453 137.906
-9.17609 137.908
-9.13786 137.915
-9.09964 137.921
-9.06197 137.939
-9.02385 137.948
-8.98516 137.946
-8.94626 137.939
-8.90668 137.92
-8.86856 137.929
-8.82987 137.927
-8.79174 137.936
-8.75306 137.934
-8.71448 137.934
-8.67666 137.949
-8.6384 137.956
-8.59939 137.947
-8.56039 137.939
-8.5216 137.935
-8.48302 137.935
-8.44497 137.946
-8.40701 137.959
-8.36905 137.972
-8.33067 137.977
-8.29198 137.975
-8.25318 137.971
-8.21469 137.973
-8.17671 137.986
-8.13873 137.999
-8.10033 138.004
-8.06203 138.011
-8.02403 138.024
-7.98582 138.033
-7.94771 138.044
-7.90959 138.055
-7.87167 138.07
-7.83325 138.075
-7.79472 138.077
-7.75649 138.086
-7.71854 138.101
-7.67973 138.097
-7.6411 138.097
-7.60304 138.11
-7.56555 138.136
-7.52747 138.15
-7.48893 138.152
-7.45029 138.152
-7.41211 138.163
-7.37494 138.198
-7.33684 138.211
-7.299 138.231
-7.26206 138.273
-7.22385 138.284
-7.18535 138.288
-7.14704 138.297
-7.10934 138.321
-7.07101 138.33
-7.0325 138.334
-6.99495 138.363
-6.95678 138.376
-6.91929 138.407
-6.88094 138.416
-6.84309 138.438
-6.80514 138.457
-6.76685 138.468
-6.7288 138.486
-6.69201 138.536
-6.65361 138.545
-6.6152 138.554
-6.57836 138.605
-6.54026 138.622
-6.50256 138.651
-6.46469 138.675
-6.42633 138.686
-6.38804 138.699
-6.35102 138.748
-6.31279 138.763
-6.27502 138.792
-6.23787 138.838
-6.19984 138.86
-6.16165 138.878
-6.1243 138.919
-6.08616 138.939
-6.04802 138.959
-6.00948 138.968
-5.97162 138.997
-5.93405 139.034
-5.89712 139.091
-5.85885 139.109
-5.82093 139.138
-5.78235 139.147
-5.74455 139.18
-5.70775 139.244
-5.66999 139.279
-5.63201 139.308
-5.59422 139.343
-5.55669 139.388
-5.51901 139.427
-5.48194 139.487
-5.44422 139.527
-5.40559 139.538
-5.36818 139.589
-5.33015 139.62
-5.29276 139.673
-5.25496 139.713
-5.2178 139.775
-5.18002 139.818
-5.143 139.886
-5.10589 139.953
-5.06792 139.991
-5.03057 140.051
-4.99212 140.073
-4.95491 140.14
-4.91767 140.207
-4.87967 140.247
-4.84232 140.312
-4.80458 140.363
-4.76717 140.428
-4.72974 140.493
-4.69175 140.538
-4.54397 140.887
-4.50641 140.955
-4.3599 141.387
-4.32189 141.444
-4.28549 141.568
-4.24894 141.688
-4.15517 142.746
-4.1159 142.765
-4.07631 142.77
-4.03677 142.777
-3.99718 142.781
