1.19352 154.34
1.85452 152.139
1.89624 152.096
1.93816 152.076
1.97923 151.972
2.02083 151.924
2.06247 151.882
2.10332 151.768
2.14491 151.725
2.18655 151.69
2.22819 151.655
2.27001 151.637
2.31123 151.57
2.35243 151.502
2.3939 151.459
2.43529 151.411
2.47634 151.338
2.51765 151.288
2.55914 151.253
2.60051 151.211
2.64184 151.166
2.68311 151.118
2.72414 151.056
2.76558 151.023
2.8073 151.011
2.84853 150.966
2.88986 150.929
2.93117 150.891
2.9725 150.856
3.01409 150.839
3.05492 150.774
3.09645 150.754
3.1374 150.699
3.17902 150.687
3.21985 150.627
3.26133 150.608
3.30267 150.58
3.34426 150.568
3.3855 150.536
3.42658 150.496
3.46819 150.486
3.50939 150.454
3.55044 150.414
3.59198 150.402
3.63332 150.38
3.67452 150.35
3.71594 150.333
3.7575 150.323
3.79857 150.288
3.83972 150.259
3.88116 150.244
3.92224 150.212
3.96356 150.192
4.00508 150.182
4.04649 150.168
4.08758 150.138
4.1286 150.106
4.17004 150.093
4.21164 150.089
4.25296 150.071
4.29416 150.049
4.33519 150.02
4.37665 150.01
4.41794 149.993
4.45928 149.978
4.50056 149.961
4.54201 149.951
4.5838 149.956
4.62512 149.941
4.66626 149.919
4.70756 149.905
4.7488 149.887
4.78966 149.855
4.83082 149.836
4.87216 149.823
4.91375 149.821
4.95546 149.824
4.99692 149.817
5.03812 149.799
5.07917 149.777
5.12075 149.775
5.16239 149.775
5.20377 149.765
5.24493 149.748
5.28629 149.738
5.32779 149.734
5.36929 149.729
5.41085 149.727
5.45213 149.714
5.49347 149.705
5.53474 149.692
5.57623 149.688
5.61792 149.69
5.65962 149.693
5.7011 149.688
5.74206 149.666
5.78323 149.651
5.82394 149.622
5.86502 149.605
5.90639 149.597
5.94777 149.59
5.98898 149.578
6.03012 149.563
6.07179 149.566
6.11331 149.563
6.15459 149.554
6.19643 149.561
6.23778 149.554
6.28076 149.596
6.32261 149.604
6.36446 149.611
6.40682 149.634
6.44877 149.644
6.49063 149.651
6.5325 149.659
6.57438 149.666
6.61617 149.672
6.6577 149.669
6.6995 149.674
6.74147 149.684
6.78309 149.684
6.82471 149.685
6.86652 149.69
6.9085 149.7
6.95012 149.7
6.99166 149.698
7.0342 149.722
7.07619 149.732
7.11792 149.735
7.15983 149.743
7.20175 149.75
7.24423 149.773
7.28634 149.785
7.32808 149.788
7.36982 149.79
7.41156 149.793
7.45437 149.823
7.49651 149.835
7.53885 149.853
7.5807 149.858
7.62276 149.868
7.66571 149.9
7.70868 149.933
7.74995 149.923
7.79132 149.916
7.8332 149.921
7.8761 149.951
7.91788 149.953
7.96059 149.978
8.0028 149.991
8.04584 150.023
8.08806 150.036
8.13008 150.043
8.17295 150.071
8.21604 150.103
8.25839 150.118
8.30032 150.123
8.34302 150.146
8.38506 150.153
8.42711 150.161
8.47027 150.193
8.51355 150.228
8.55562 150.236
8.59893 150.271
8.64112 150.281
8.68434 150.313
8.7278 150.351
8.7706 150.373
8.81351 150.399
8.85529 150.399
8.89718 150.401
8.94058 150.436
8.98553 150.504
9.02885 150.536
9.07137 150.551
9.11495 150.589
9.15808 150.617
9.20015 150.622
9.24269 150.637
9.28803 150.709
9.33194 150.752
9.3755 150.787
9.41773 150.795
9.46157 150.835
9.50704 150.908
9.54967 150.923
9.59369 150.966
9.63747 151.003
9.68127 151.041
9.72548 151.086
10.0798 151.45
10.1254 151.518
