-10.9474 162.581
-10.3871 160.395
-9.81312 159.506
-9.76687 159.46
-9.71983 159.397
-9.67486 159.375
-9.62854 159.326
-9.58076 159.247
-9.39661 159.067
-9.35082 159.026
-9.30532 158.991
-9.03018 158.727
-8.98618 158.722
-8.9403 158.676
-8.89481 158.638
-8.84935 158.6
-8.80501 158.587
-8.75957 158.549
-8.71562 158.544
-8.62408 158.452
-8.57846 158.409
-8.5331 158.371
-8.488 158.339
-8.44386 158.328
-8.39843 158.288
-8.35325 158.253
-8.30925 158.245
-8.26409 158.21
-8.21988 158.197
-8.1759 158.189
-8.13101 158.159
-8.08579 158.122
-8.04059 158.084
-7.99518 158.041
-7.9518 158.047
-7.9082 158.047
-7.86382 158.028
-7.81978 158.018
-7.77508 157.991
-7.73095 157.978
-7.68563 157.935
-7.64054 157.897
-7.59697 157.897
-7.55329 157.895
-7.50887 157.874
-7.46467 157.858
-7.42079 157.85
-7.37671 157.837
-7.33284 157.829
-7.28866 157.813
-7.24399 157.784
-7.20043 157.784
-7.15668 157.779
-7.11313 157.779
-7.06878 157.758
-7.02405 157.726
-6.97972 157.704
-6.93512 157.675
-6.89101 157.659
-6.84767 157.665
-6.80452 157.676
-6.76052 157.663
-6.71727 157.671
-6.67364 157.669
-6.62946 157.65
-6.58565 157.642
-6.54222 157.645
-6.4986 157.643
-6.45507 157.643
-6.411 157.627
-6.3673 157.622
-6.32386 157.625
-6.2799 157.612
-6.23489 157.566
-6.19094 157.553
-6.14795 157.57
-6.10469 157.578
-6.06084 157.568
-6.0169 157.554
-5.97221 157.517
-5.92771 157.485
-5.88339 157.458
-5.84006 157.464
-5.79649 157.461
-5.75412 157.5
-5.71495 157.646
-5.66712 157.5
-5.62149 157.427
-5.57652 157.376
-5.53576 157.471
-5.49387 157.528
-5.45075 157.542
-5.40738 157.548
-5.36409 157.556
-5.32117 157.578
-5.27809 157.595
-5.23456 157.595
-5.19082 157.587
-5.14751 157.596
-5.10491 157.631
-5.06166 157.642
-5.01819 157.645
-4.97485 157.654
-4.93173 157.67
-4.88838 157.679
-4.84511 157.69
-4.80216 157.714
-4.75914 157.736
-4.71564 157.739
-4.67188 157.732
-4.62877 157.751
-4.58617 157.792
-4.54272 157.798
-4.49895 157.79
-4.45512 157.779
-4.41241 157.817
-4.3692 157.834
-4.3264 157.869
-4.28304 157.881
-4.2395 157.884
-4.19614 157.895
-4.153 157.917
-4.10945 157.92
-4.06601 157.928
-4.02325 157.969
-3.98008 157.991
-3.93678 158.008
-3.89277 157.989
-3.84947 158.005
-3.80653 158.041
-3.76406 158.101
-3.72093 158.129
-3.67732 158.132
-3.63361 158.129
-3.59041 158.154
-3.54679 158.157
-3.50367 158.187
-3.46068 158.225
-3.41733 158.245
-3.37422 158.278
-3.33067 158.286
-3.28762 158.325
-3.2441 158.336
-3.20147 158.401
-3.15806 158.421
-3.11486 158.454
-3.07122 158.459
-3.02851 158.525
-2.98505 158.545
-2.94155 158.561
-2.89824 158.592
-2.85552 158.663
-2.81194 158.677
-2.76882 158.724
-2.72522 158.738
-2.68187 158.771
-2.63814 158.776
-2.59525 158.845
-2.55161 158.859
-2.50832 158.9
-2.37881 159.063
-2.33507 159.074
-2.29162 159.11
-2.24815 159.146
-2.20454 159.171
-2.1611 159.213
-2.11802 159.287
-2.07463 159.337
-2.03116 159.381
-1.9445 159.503
-1.90066 159.517
-1.85717 159.567
