-31.7018 133.808
-31.6621 133.794
-31.6145 133.737
-31.2481 133.355
-31.1624 133.291
-31.0764 133.225
-31.0328 133.188
-30.9867 133.138
-30.9484 133.13
-30.9057 133.098
-30.6881 132.915
-30.6491 132.903
-30.6109 132.895
-30.5649 132.845
-30.5274 132.841
-30.4852 132.811
-30.4426 132.779
-30.4015 132.755
-30.3629 132.745
-30.3214 132.719
-30.2832 132.711
-30.2414 132.683
-30.1978 132.645
-30.1557 132.615
-30.1154 132.595
-30.0815 132.612
-30.0365 132.566
-29.9984 132.558
-29.957 132.532
-29.9181 132.52
-29.8803 132.514
-29.8383 132.484
-29.7969 132.458
-29.7584 132.448
-29.7189 132.432
-29.6794 132.416
-29.637 132.384
-29.5982 132.372
-29.5611 132.37
-29.5248 132.373
-29.4895 132.381
-29.4496 132.363
-29.4084 132.337
-29.3699 132.327
-29.3326 132.323
-29.2889 132.283
-29.2505 132.273
-29.2131 132.269
-29.175 132.261
-29.1373 132.255
-29.0978 132.239
-29.0605 132.236
-29.0234 132.234
-28.9864 132.232
-28.9483 132.224
-28.9082 132.204
-28.8712 132.202
-28.8314 132.184
-28.7934 132.176
-28.755 132.166
-28.718 132.164
-28.6817 132.166
-28.6446 132.164
-28.6073 132.161
-28.5699 132.157
-28.5329 132.155
-28.4945 132.145
-28.4568 132.139
-28.4188 132.131
-28.3801 132.119
-28.3424 132.113
-28.3071 132.121
-28.2711 132.125
-28.2344 132.125
-28.1981 132.127
-28.1624 132.133
-28.1267 132.139
-28.0904 132.141
-28.0537 132.141
-28.0153 132.132
-27.9767 132.12
-27.938 132.108
-27.9023 132.114
-27.8673 132.124
-27.8306 132.124
-27.7929 132.118
-27.7579 132.128
-27.7225 132.136
-27.6868 132.142
-27.6511 132.148
-27.6137 132.144
-27.5754 132.134
-27.5387 132.134
-27.503 132.14
-27.4669 132.144
-27.4315 132.152
-27.3955 132.156
-27.3601 132.164
-27.3295 132.202
-27.2974 132.23
-27.2607 132.23
-27.2213 132.214
-27.182 132.199
-27.1479 132.215
-27.1092 132.203
-27.0706 132.191
-27.0348 132.197
-26.9994 132.205
-26.9623 132.203
-26.932 132.243
-26.8988 132.265
-26.8643 132.279
-26.8298 132.293
-26.7924 132.289
-26.7531 132.273
-26.7166 132.275
-26.6821 132.289
-26.6466 132.297
-26.6108 132.303
-26.575 132.309
-26.5395 132.317
-26.5049 132.331
-26.4694 132.339
-26.4336 132.345
-26.3975 132.349
-26.3619 132.358
-26.3258 132.362
-26.2902 132.37
-26.2566 132.39
-26.2223 132.406
-26.1877 132.42
-26.1512 132.422
-26.1153 132.428
-26.0819 132.45
-26.0476 132.466
-26.013 132.48
-25.9802 132.506
-25.9449 132.516
-25.9087 132.52
-25.874 132.534
-25.8409 132.558
-25.8074 132.581
-25.7731 132.597
-25.7387 132.613
-25.7049 132.633
-25.6689 132.639
-25.6342 132.653
-25.601 132.677
-25.5687 132.707
-25.5352 132.729
-25.4998 132.74
-25.4651 132.754
-25.4324 132.782
-25.3986 132.802
-25.3619 132.804
-25.3278 132.822
-25.2948 132.848
-25.26 132.863
-25.2255 132.879
-25.193 132.909
-25.16 132.935
-25.1252 132.949
-25.0918 132.973
-25.0576 132.992
-25.0272 133.036
-24.9914 133.044
-24.9583 133.07
-24.9255 133.099
-24.8906 133.113
-24.8575 133.139
-24.8244 133.165
-24.7894 133.18
-24.7607 133.236
-24.7291 133.273
-24.6938 133.285
-24.657 133.287
-24.6238 133.313
-24.5933 133.358
-24.5583 133.372
-24.5259 133.404
-24.4927 133.431
-24.4606 133.465
-24.4288 133.502
-24.3979 133.545
-24.3628 133.559
-24.3312 133.597
-24.2994 133.634
-24.264 133.646
-24.2342 133.697
-24.2011 133.726
-24.1683 133.756
-24.0111 133.958
-23.9782 133.988
-23.9459 134.023
-23.9139 134.06
-23.8815 134.095
-23.8523 134.152
-23.8231 134.209
-23.7913 134.248
-23.7589 134.283
-23.727 134.322
-23.6975 134.377
-23.6679 134.433
-23.6337 134.455
-23.6043 134.513
-23.5716 134.546
-23.5425 134.605
-23.5153 134.679
-23.4862 134.739
-23.4536 134.774
-23.4241 134.832
-23.3918 134.869
-23.1659 135.41
-23.1373 135.477
-23.1015 138.599
-23.0664 138.622
-23.0335 138.663
