5.17638 121.924
5.21013 121.874
5.24486 121.854
5.27678 121.75
5.30938 121.668
5.34273 121.609
5.37605 121.55
5.40929 121.489
5.44188 121.411
5.47519 121.354
5.50915 121.317
5.54272 121.269
5.60802 121.123
5.64146 121.073
5.67538 121.038
5.70935 121.004
5.74272 120.955
5.77581 120.898
5.8096 120.861
5.84264 120.804
5.87566 120.748
5.90892 120.698
5.94277 120.665
5.97619 120.621
6.01 120.587
6.0438 120.554
6.07717 120.51
6.11169 120.496
6.14475 120.445
6.17848 120.411
6.21157 120.362
6.24527 120.329
6.27902 120.297
6.31255 120.26
6.34607 120.223
6.37963 120.188
6.41369 120.165
6.44817 120.153
6.48156 120.115
6.51499 120.078
6.54856 120.045
6.58234 120.017
6.61633 119.994
6.65023 119.97
6.6839 119.94
6.7177 119.914
6.75195 119.898
6.78512 119.858
6.81851 119.823
6.85272 119.807
6.88717 119.797
6.92098 119.772
6.95447 119.741
6.98818 119.715
7.02189 119.689
7.05549 119.661
7.08909 119.633
7.12308 119.614
7.15689 119.591
7.19127 119.581
7.22547 119.567
7.25869 119.532
7.2928 119.517
7.32673 119.498
7.36074 119.48
7.39482 119.465
7.4284 119.439
7.46221 119.418
7.49644 119.406
7.52998 119.38
7.56343 119.352
7.59712 119.329
7.63157 119.322
7.66585 119.312
7.70022 119.303
7.7344 119.291
7.76805 119.269
7.80169 119.246
7.83559 119.229
7.86974 119.217
7.90416 119.21
7.93831 119.198
7.97173 119.172
8.00577 119.158
8.03998 119.148
8.0742 119.138
8.10868 119.132
8.14288 119.122
8.17699 119.11
8.21109 119.098
8.2449 119.081
8.27881 119.065
8.31317 119.058
8.34772 119.055
8.38198 119.046
8.41596 119.032
8.44974 119.015
8.48408 119.008
8.51823 118.998
8.55228 118.986
8.58632 118.974
8.62084 118.97
8.65517 118.964
8.68901 118.948
8.72332 118.941
8.75784 118.938
8.79225 118.933
8.82646 118.924
8.86047 118.912
8.89457 118.902
8.92907 118.898
8.96357 118.895
8.99817 118.893
9.03266 118.89
9.06726 118.888
9.10185 118.886
9.13635 118.883
9.17073 118.878
9.20533 118.876
9.23981 118.873
9.2744 118.871
9.3091 118.871
9.34379 118.871
9.37838 118.87
9.4135 118.876
9.44809 118.875
9.48364 118.889
9.51791 118.882
9.5525 118.88
9.58763 118.887
9.62114 118.868
9.65528 118.86
9.68855 118.837
9.72236 118.823
9.75683 118.82
9.79151 118.82
9.82641 118.824
9.86154 118.831
9.89612 118.829
9.9308 118.829
9.9656 118.831
10.0001 118.827
10.035 118.831
10.07 118.836
10.1049 118.839
10.1394 118.836
10.1739 118.834
10.2086 118.834
10.2433 118.834
10.2782 118.838
10.3133 118.843
10.3483 118.848
10.3831 118.85
10.4177 118.849
10.4528 118.855
10.4878 118.859
10.5227 118.862
10.5576 118.866
10.5928 118.873
10.6276 118.875
10.6627 118.88
10.6979 118.887
10.733 118.894
10.7681 118.899
10.8029 118.901
10.8381 118.908
10.8737 118.92
10.9099 118.941
10.9449 118.946
10.9795 118.944
11.0145 118.948
11.0502 118.962
11.086 118.977
11.1219 118.993
11.1574 119.003
11.1931 119.017
11.2282 119.022
11.2619 119.008
11.2992 119.043
11.3345 119.05
11.3696 119.055
11.4059 119.076
11.4407 119.078
11.4744 119.064
11.5109 119.087
11.5478 119.116
11.5843 119.139
11.6196 119.146
11.6546 119.149
11.6893 119.149
11.7244 119.153
11.7619 119.189
11.7974 119.198
11.8327 119.205
11.8711 119.252
11.9084 119.285
11.9451 119.309
11.9804 119.316
12.017 119.339
12.0525 119.347
12.0884 119.361
12.1247 119.38
12.1602 119.389
12.1958 119.4
12.2325 119.422
12.2696 119.452
12.3074 119.488
12.3417 119.481
12.3781 119.501
12.4149 119.525
12.4504 119.534
12.4874 119.56
12.5245 119.588
12.563 119.631
12.5998 119.656
12.6356 119.666
12.6711 119.675
12.7099 119.722
12.7461 119.738
12.7838 119.771
12.8215 119.804
12.8577 119.82
12.8938 119.834
12.9293 119.841
12.9686 119.894
13.0434 119.951
13.0823 119.999
13.1197 120.027
13.1552 120.034
13.1924 120.06
13.2304 120.095
13.2713 120.164
13.3074 120.176
13.3471 120.231
13.3831 120.243
13.4664 120.394
13.5036 120.419
13.5391 120.424
13.5768 120.454
13.6167 120.509
14.0563 121.102
14.0962 121.153
14.133 121.171
14.1731 121.224
14.218 121.329
