-13.7235 135.905
-13.6846 135.901
-13.3546 135.625
-13.3135 135.591
-13.2743 135.583
-13.2337 135.556
-13.1949 135.552
-12.9888 135.372
-12.9495 135.362
-12.9066 135.302
-12.8672 135.29
-12.8266 135.26
-12.7875 135.252
-12.7488 135.248
-12.7083 135.221
-12.6658 135.166
-12.6265 135.153
-12.5871 135.141
-12.5485 135.137
-12.5094 135.129
-12.4703 135.118
-12.4299 135.091
-12.3893 135.062
-12.3503 135.053
-12.3115 135.047
-12.2699 135.003
-12.2309 134.995
-12.1924 134.993
-12.1523 134.968
-12.1127 134.951
-12.0728 134.93
-12.0342 134.926
-11.9949 134.914
-11.9534 134.87
-11.9145 134.861
-11.876 134.86
-11.8372 134.853
-11.7985 134.847
-11.7584 134.822
-11.7183 134.797
-11.6802 134.802
-11.6413 134.793
-11.6015 134.772
-11.5628 134.766
-11.524 134.76
-11.4853 134.754
-11.4462 134.744
-11.4065 134.723
-11.3677 134.717
-11.329 134.711
-11.2898 134.698
-11.2515 134.699
-11.2136 134.705
-11.1752 134.703
-11.1363 134.695
-11.0976 134.689
-11.0585 134.679
-11.019 134.66
-10.9807 134.66
-10.9424 134.66
-10.9039 134.658
-10.8655 134.657
-10.8274 134.661
-10.7894 134.665
-10.7502 134.653
-10.7109 134.636
-10.6724 134.635
-10.634 134.633
-10.5956 134.633
-10.5572 134.631
-10.5178 134.614
-10.4798 134.619
-10.4419 134.625
-10.4037 134.628
-10.3648 134.619
-10.3256 134.605
-10.2869 134.599
-10.2473 134.578
-10.2089 134.576
-10.1695 134.559
-10.1309 134.553
-10.0928 134.558
-10.0552 134.571
-10.0181 134.59
-9.98123 134.615
-9.94303 134.618
-9.90272 134.584
-9.8644 134.584
-9.82744 134.608
-9.78935 134.612
-9.75103 134.612
-9.71318 134.621
-9.67509 134.626
-9.63797 134.647
-9.59987 134.651
-9.56272 134.673
-9.52641 134.709
-9.48817 134.711
-9.44946 134.705
-9.4111 134.705
-9.37274 134.705
-9.33439 134.706
-9.29638 134.712
-9.25883 134.727
-9.22104 134.738
-9.18302 134.744
-9.14522 134.755
-9.10696 134.757
-9.06939 134.772
-9.03259 134.802
-8.99568 134.83
-8.95784 134.841
-8.91956 134.843
-8.88105 134.841
-8.84321 134.852
-8.80536 134.863
-8.76828 134.888
-8.73031 134.897
-8.69233 134.906
-8.65413 134.91
-8.61637 134.923
-8.57913 134.947
-8.54199 134.972
-8.50388 134.979
-8.46534 134.977
-8.42743 134.988
-8.39068 135.022
-8.35297 135.037
-8.31515 135.05
-8.27795 135.075
-8.24032 135.093
-8.20299 135.116
-8.16503 135.127
-8.12768 135.15
-8.08951 135.157
-8.05102 135.157
-8.01295 135.166
-7.97657 135.211
-7.93878 135.226
-7.90167 135.256
-7.86445 135.284
-7.82653 135.297
-7.78919 135.322
-7.75184 135.348
-7.71477 135.38
-7.67681 135.393
-7.63953 135.421
-7.60232 135.451
-7.56443 135.466
-7.5273 135.498
-7.49015 135.53
-7.45186 135.537
-7.41459 135.567
-7.37834 135.621
-7.34012 135.629
-7.30309 135.666
-7.26577 135.696
-7.22733 135.701
-7.18881 135.703
-7.15263 135.761
-7.11553 135.797
-7.07851 135.836
-7.04128 135.87
-7.00307 135.881
-6.96662 135.935
-6.92952 135.974
-6.89233 136.011
-6.8559 136.067
-6.81763 136.077
-6.77986 136.101
-6.74158 136.112
-6.70422 136.147
-6.59458 136.315
-6.55724 136.352
-6.52112 136.421
-6.48357 136.453
-6.44501 136.46
-6.40735 136.491
-6.37001 136.53
-6.112 136.912
-5.25303 138.085
-5.21425 138.099
-5.17572 138.121
-5.13673 138.128
