9.99865 148.324
10.0396 148.317
10.0819 148.337
10.5362 144.005
10.5769 144.012
10.6137 143.949
10.6516 143.907
10.6898 143.87
10.7259 143.798
10.7616 143.719
10.7982 143.656
10.8345 143.589
10.8723 143.547
10.9084 143.478
10.9458 143.432
10.9826 143.374
11.022 143.36
11.0583 143.295
11.0941 143.224
11.1338 143.214
11.1718 143.18
11.2095 143.138
11.2471 143.097
11.2835 143.037
11.3227 143.021
11.3591 142.961
11.3988 142.954
11.5103 142.814
11.5478 142.772
11.5858 142.74
11.6255 142.733
11.6648 142.722
11.7007 142.658
11.7384 142.621
11.7761 142.584
11.8151 142.568
11.8523 142.525
11.8916 142.513
11.9292 142.477
11.9662 142.431
12.004 142.397
12.0435 142.39
12.0824 142.374
12.1202 142.34
12.1575 142.301
12.1952 142.267
12.234 142.248
12.2722 142.223
12.3109 142.205
12.35 142.191
12.3877 142.159
12.4253 142.125
12.4645 142.114
12.5043 142.111
12.5434 142.1
12.5803 142.057
12.6187 142.034
12.6573 142.016
12.6971 142.014
12.736 142
12.7739 141.97
12.8125 141.952
12.8503 141.923
12.889 141.907
12.9276 141.888
12.9654 141.859
13.0043 141.845
13.0425 141.822
13.0821 141.818
13.1216 141.813
13.1596 141.788
13.1978 141.766
13.2372 141.759
13.2762 141.748
13.3157 141.743
13.3546 141.729
13.3931 141.711
13.4312 141.689
13.4704 141.68
13.5087 141.659
13.547 141.639
13.5846 141.609
13.6229 141.589
13.662 141.58
13.7015 141.575
13.7414 141.577
13.7812 141.577
13.8204 141.568
13.8591 141.555
13.8977 141.539
13.9371 141.534
13.9759 141.521
14.0145 141.505
14.0534 141.494
14.0931 141.494
14.1326 141.489
14.1717 141.48
14.2114 141.48
14.2514 141.482
14.2919 141.491
14.3308 141.48
14.3671 141.437
14.3988 141.335
14.4367 141.313
14.4794 141.349
14.5231 141.399
14.5673 141.453
14.6074 141.458
14.6477 141.464
14.6871 141.46
14.7262 141.451
14.765 141.439
14.8048 141.439
14.8449 141.444
14.8852 141.451
14.9254 141.455
14.9648 141.451
15.004 141.444
15.0445 141.453
15.0846 141.458
15.1244 141.458
15.1651 141.469
15.2062 141.485
15.2462 141.487
15.2852 141.478
15.324 141.467
15.363 141.458
15.403 141.46
15.4447 141.482
15.4852 141.492
15.5252 141.494
15.5657 141.503
15.6059 141.507
15.6466 141.519
15.6866 141.521
15.727 141.528
15.7671 141.532
15.8075 141.539
15.8483 141.55
15.8897 141.568
15.93 141.575
15.9726 141.607
16.0126 141.609
16.0514 141.598
16.0906 141.591
16.1314 141.602
16.1734 141.627
16.2136 141.632
16.2542 141.641
16.2946 141.648
16.3344 141.648
16.3746 141.652
16.4167 141.677
16.4575 141.689
16.4996 141.714
16.5408 141.729
16.5827 141.752
16.623 141.757
16.6649 141.779
16.7057 141.791
16.7464 141.8
16.7885 141.825
16.8286 141.827
16.8684 141.827
16.9114 141.861
16.9528 141.877
16.996 141.913
17.0361 141.916
17.0768 141.925
17.1181 141.941
17.1616 141.979
17.2039 142.004
17.2437 142.004
17.2842 142.011
17.3278 142.05
17.3727 142.102
17.413 142.107
17.456 142.139
17.4972 142.152
17.5404 142.187
17.5829 142.214
17.6239 142.225
17.667 142.257
17.7102 142.292
17.7515 142.305
17.7974 142.367
17.838 142.374
17.9242 142.438
17.9651 142.447
18.0118 142.516
18.0527 142.525
18.0986 142.584
18.1427 142.626
18.1861 142.66
18.2289 142.687
18.2675 142.674
19.1825 143.774
