-24.8726 83.9138
-4.94522 148.559
-4.90314 148.517
-4.64974 148.217
-4.60847 148.202
-4.56601 148.139
-4.52417 148.101
-4.48241 148.064
-4.44119 148.05
-4.39957 148.019
-4.35785 147.982
-4.14907 147.782
-4.10734 147.741
-4.06585 147.71
-4.02479 147.698
-3.98332 147.667
-3.90011 147.59
-3.85879 147.563
-3.81787 147.556
-3.77682 147.542
-3.73493 147.486
-3.69394 147.475
-3.65248 147.438
-3.6116 147.431
-3.57026 147.4
-3.52935 147.391
-3.48803 147.36
-3.44668 147.326
-3.40574 147.314
-3.36494 147.309
-3.32323 147.254
-3.28245 147.249
-3.24162 147.242
-3.20034 147.209
-3.15944 147.197
-3.11859 147.187
-3.0765 147.103
-3.03548 147.082
-2.99454 147.065
-2.95392 147.068
-2.91353 147.085
-2.87237 147.054
-2.83116 147.018
-2.79037 147.008
-2.74968 147.006
-2.70903 147.006
-2.66828 146.999
-2.62739 146.982
-2.58655 146.968
-2.5458 146.961
-2.50487 146.939
-2.46411 146.93
-2.42281 146.88
-2.38188 146.856
-2.34114 146.846
-2.30046 146.842
-2.25984 146.842
-2.21905 146.828
-2.17838 146.823
-2.13769 146.816
-2.09691 146.802
-2.05627 146.799
-2.01556 146.79
-1.9748 146.776
-1.93419 146.776
-1.89347 146.764
-1.85284 146.761
-1.81226 146.764
-1.77154 146.752
-1.73096 146.755
-1.69045 146.764
-1.64984 146.764
-1.6092 146.76
-1.56857 146.757
-1.52795 146.755
-1.48729 146.748
-1.44667 146.746
-1.40612 146.753
-1.36553 146.755
-1.3249 146.751
-1.28424 146.744
-1.24361 146.739
-1.20302 146.741
-1.16239 146.737
-1.12182 146.741
-1.0813 146.756
-1.04056 146.732
-0.999839 146.711
-0.959056 146.675
-0.918872 146.756
-0.878196 146.742
-0.83756 146.735
-0.796895 146.721
-0.756275 146.716
-0.715676 146.716
-0.675024 146.702
-0.634486 146.718
-0.593956 146.74
-0.553365 146.745
-0.512759 146.745
-0.472177 146.755
-0.43158 146.759
-0.390965 146.757
-0.350347 146.752
-0.309738 146.752
-0.269133 146.755
-0.228527 146.757
-0.187927 146.767
-0.147321 146.774
-0.106715 146.786
-0.0660995 146.789
-0.0254833 146.794
0.0151359 146.818
0.0557667 146.846
0.0963977 146.849
0.137033 146.856
0.177672 146.863
0.218316 146.873
0.258969 146.885
0.299611 146.887
0.340276 146.902
0.380966 146.926
0.42164 146.938
0.462314 146.947
0.503036 146.974
0.543736 146.988
0.584471 147.012
0.625162 147.02
0.665847 147.024
0.706552 147.034
0.747309 147.056
0.788045 147.07
0.828735 147.073
0.869459 147.082
0.910118 147.077
0.95092 147.101
0.991758 147.13
1.03254 147.147
1.07359 147.21
1.11435 147.217
1.15506 147.217
1.19578 147.219
1.23669 147.248
1.27747 147.258
1.31824 147.265
1.35938 147.323
1.4002 147.335
1.4412 147.369
1.4822 147.403
1.52303 147.412
1.56405 147.444
1.60485 147.448
1.64586 147.477
1.68672 147.487
1.72804 147.547
1.76898 147.564
1.81011 147.601
1.85119 147.63
1.89216 147.646
1.93334 147.683
1.97453 147.719
2.01576 147.758
2.05699 147.794
2.09818 147.825
2.13918 147.84
2.18073 147.901
2.22213 147.947
2.26332 147.973
2.30434 147.985
2.34567 148.022
2.38668 148.031
2.42807 148.07
2.46989 148.141
2.51141 148.187
2.55253 148.201
2.59423 148.257
2.63567 148.294
2.67724 148.338
2.71886 148.384
2.76068 148.442
2.80202 148.467
2.84396 148.53
2.88559 148.572
2.9272 148.611
3.13752 148.926
3.17972 148.992
3.30606 149.166
3.73611 150.111
