-24.1197 107.607
-24.0851 107.588
-24.0523 107.579
-23.9194 107.352
-23.879 107.298
-23.8377 107.239
-23.802 107.213
-23.7661 107.186
-23.7277 107.144
-23.6923 107.119
-23.6211 107.067
-23.5855 107.041
-23.5511 107.022
-23.5128 106.981
-23.2807 106.712
-23.2453 106.686
-23.2103 106.663
-23.1782 106.658
-23.1435 106.636
-23.1085 106.613
-22.8569 106.408
-22.8235 106.394
-22.7917 106.39
-22.7566 106.365
-22.7218 106.342
-22.6875 106.322
-22.655 106.314
-22.6206 106.294
-22.5868 106.276
-22.5539 106.265
-22.5163 106.225
-22.4818 106.204
-22.4503 106.201
-22.416 106.181
-22.3838 106.173
-22.35 106.156
-22.3157 106.136
-22.2799 106.106
-22.2433 106.072
-22.2116 106.068
-22.1794 106.061
-22.1475 106.055
-22.1142 106.04
-22.0804 106.023
-22.048 106.015
-22.0143 105.998
-21.9835 105.999
-21.9545 106.011
-21.9208 105.994
-21.8861 105.972
-21.852 105.952
-21.8201 105.946
-21.7859 105.926
-21.7516 105.905
-21.7176 105.886
-21.6853 105.877
-21.6534 105.872
-21.6182 105.845
-21.5863 105.839
-21.5542 105.832
-21.5203 105.813
-21.4889 105.81
-21.4555 105.795
-21.4238 105.79
-21.3926 105.789
-21.3609 105.784
-21.3277 105.77
-21.2965 105.768
-21.2649 105.764
-21.2315 105.748
-21.1994 105.741
-21.1662 105.727
-21.135 105.725
-21.1032 105.72
-21.0698 105.704
-21.0386 105.702
-21.007 105.698
-20.9762 105.699
-20.945 105.698
-20.9131 105.692
-20.8804 105.681
-20.848 105.671
-20.8163 105.666
-20.7849 105.663
-20.7535 105.66
-20.7221 105.657
-20.6913 105.659
-20.6593 105.651
-20.6255 105.633
-20.5937 105.627
-20.5629 105.629
-20.532 105.628
-20.5012 105.63
-20.4704 105.631
-20.439 105.628
-20.4057 105.612
-20.3739 105.607
-20.3433 105.609
-20.3123 105.609
-20.2816 105.61
-20.2516 105.617
-20.2212 105.621
-20.1898 105.618
-20.1588 105.618
-20.1285 105.622
-20.0983 105.628
-20.0675 105.629
-20.0357 105.623
-20.0045 105.622
-19.9737 105.623
-19.9421 105.619
-19.9107 105.616
-19.8799 105.617
-19.8495 105.621
-19.8191 105.625
-19.7879 105.624
-19.7569 105.623
-19.7269 105.63
-19.6961 105.632
-19.6651 105.631
-19.6351 105.638
-19.6057 105.649
-19.5745 105.648
-19.5437 105.649
-19.5135 105.655
-19.4821 105.652
-19.4516 105.656
-19.422 105.666
-19.3938 105.685
-19.3659 105.707
-19.3327 105.692
-19.2991 105.673
-19.2693 105.682
-19.2406 105.698
-19.2104 105.704
-19.1803 105.711
-19.1497 105.714
-19.1191 105.716
-19.0882 105.718
-19.0574 105.719
-19.0267 105.721
-18.9969 105.73
-18.9676 105.742
-18.9377 105.751
-18.9074 105.756
-18.8766 105.757
-18.8469 105.767
-18.8179 105.783
-18.7875 105.787
-18.7568 105.789
-18.7276 105.803
-18.6991 105.821
-18.6694 105.831
-18.6387 105.834
-18.6082 105.838
-18.5805 105.863
-18.5506 105.872
-18.5197 105.873
-18.49 105.883
-18.4608 105.897
-18.4312 105.908
-18.4003 105.909
-18.3694 105.91
-18.3389 105.914
-18.3083 105.919
-18.2782 105.925
-18.2516 105.959
-18.2248 105.992
-18.1948 106
-18.1642 106.004
-18.1354 106.021
-18.1059 106.034
-18.0768 106.049
-18.0474 106.062
-18.0188 106.081
-17.989 106.091
-17.9593 106.102
-17.9295 106.112
-17.8991 106.118
-17.8703 106.136
-17.841 106.15
-17.8122 106.168
-17.7825 106.179
-17.7534 106.195
-17.7257 106.222
-17.6952 106.227
-17.665 106.234
-17.636 106.251
-17.6079 106.275
-17.5782 106.286
-17.5486 106.299
-17.5196 106.316
-17.4898 106.327
-17.462 106.354
-17.4321 106.364
-17.4036 106.385
-17.3754 106.409
-17.3472 106.433
-17.3169 106.44
-17.2894 106.47
-17.2603 106.487
-17.2303 106.497
-17.2017 106.518
-17.1716 106.526
-17.1454 106.568
-17.1172 106.592
-17.0868 106.599
-17.0577 106.616
-17.0289 106.636
-17 106.656
-16.9714 106.677
-16.9457 106.722
-16.9181 106.752
-16.8889 106.769
-16.8588 106.779
-16.8322 106.818
-16.8019 106.826
-16.7744 106.858
-16.7441 106.866
-16.7173 106.903
-16.6894 106.932
-16.6612 106.958
-16.6343 106.995
-16.6041 107.005
-16.5769 107.039
-16.5469 107.05
-16.5208 107.095
-16.4944 107.136
-16.4657 107.159
-16.4352 107.166
-16.4089 107.209
-16.3821 107.248
-16.2175 107.452
-16.1892 107.48
-16.1589 107.49
-16.053 107.663
-16.0225 107.672
-15.9123 107.811
-15.8646 107.946
-15.8365 107.976
-15.8065 107.99
-15.7057 108.218
-15.6767 108.241
-15.6478 108.266
-15.6194 108.295
-15.591 108.324
-15.3649 108.862
-15.083 111.009
-15.0512 111.013
-15.0208 111.031
