-35.6032 151.196
-35.5055 151.117
-35.4624 151.108
-35.4137 151.068
-35.3649 151.029
-35.3171 150.994
-35.2755 150.992
-35.2334 150.988
-35.1908 150.981
-35.1426 150.944
-35.0882 150.875
-35.0457 150.868
-34.9975 150.831
-34.9536 150.817
-34.9059 150.782
-34.8648 150.783
-34.8232 150.781
-34.7727 150.732
-34.7316 150.732
-34.6896 150.728
-34.648 150.726
-34.5994 150.687
-34.5509 150.647
-34.507 150.633
-34.4594 150.599
-34.4183 150.599
-34.3772 150.6
-34.3297 150.566
-34.2877 150.562
-34.2457 150.557
-34.2041 150.555
-34.1096 150.489
-34.0685 150.49
-33.6842 150.416
-33.6426 150.414
-33.5989 150.4
-33.5456 150.333
-33.5037 150.329
-33.4639 150.337
-33.4242 150.345
-33.3836 150.349
-33.342 150.347
-33.2992 150.338
-33.2572 150.333
-33.2156 150.332
-33.1754 150.337
-33.1339 150.335
-33.0888 150.314
-33.0482 150.317
-33.0071 150.318
-32.966 150.318
-32.9258 150.324
-32.8847 150.325
-32.8458 150.338
-32.8021 150.324
-32.7583 150.309
-32.712 150.28
-32.6713 150.283
-32.6315 150.291
-32.5887 150.282
-32.5454 150.27
-32.5047 150.273
-32.4641 150.277
-32.4225 150.275
-32.3849 150.295
-32.3503 150.334
-32.3092 150.334
-32.2641 150.313
-32.2204 150.298
-32.1776 150.289
-32.1365 150.29
-32.0992 150.313
-32.0585 150.316
-32.0165 150.312
-31.9763 150.317
-31.9291 150.283
-31.8774 150.221
-31.8409 150.249
-31.8066 150.29
-31.7689 150.311
-31.7316 150.334
-31.6913 150.34
-31.6505 150.343
-31.6077 150.334
-31.5653 150.327
-31.533 150.38
-31.502 150.441
-31.4633 150.456
-31.4166 150.425
-31.3772 150.435
-31.3397 150.458
-31.3036 150.489
-31.2687 150.527
-31.2317 150.553
-31.1917 150.561
-31.1555 150.592
-31.1168 150.608
-31.0759 150.611
-31.0351 150.614
-30.9951 150.622
-30.9543 150.626
-30.9172 150.651
-30.8797 150.675
-30.8422 150.698
-30.8046 150.721
-30.7642 150.727
-30.7241 150.735
-30.6833 150.738
-30.642 150.739
-30.6069 150.777
-30.568 150.793
-30.528 150.801
-30.4899 150.822
-30.4531 150.85
-30.4155 150.874
-30.3758 150.885
-30.3341 150.883
-30.2964 150.906
-30.2604 150.939
-30.2223 150.96
-30.1898 151.016
-30.1509 151.032
-30.1104 151.038
-30.0714 151.054
-30.0385 151.107
-29.9983 151.115
-29.9594 151.131
-29.9256 151.18
-29.8866 151.196
-29.8484 151.217
-29.8122 151.25
-29.7756 151.281
-29.7398 151.317
-29.6999 151.328
-29.6601 151.339
-29.6282 151.4
-29.5883 151.411
-29.548 151.419
-29.5113 151.45
-29.471 151.458
-29.4414 151.535
-29.4055 151.571
-29.3651 151.579
-29.3287 151.613
-29.2892 151.626
-29.2536 151.665
-29.2168 151.696
-29.1784 151.717
-29.1474 151.787
-29.1125 151.83
-29.0772 151.872
-28.9397 152.063
-28.9004 152.079
-28.8646 152.118
-28.8284 152.154
-28.7929 152.195
-27.8301 154.193
-27.7913 154.217
-27.7374 154.721
-27.7102 154.827
-27.3748 153.087
-27.3514 153.216
-27.3332 153.382
-27.3223 153.6
-27.3048 153.772
-27.2801 153.894
-27.2484 153.968
