-24.8702 83.9027
-24.8439 83.9015
9.79195 172.804
9.83709 172.779
9.88294 172.77
9.92777 172.738
11.1391 170.287
11.1842 170.275
11.2294 170.266
11.273 170.226
11.3181 170.214
11.3598 170.141
11.4065 170.159
11.7964 169.779
11.8375 169.7
11.8821 169.682
11.9251 169.636
11.97 169.624
12.0133 169.585
12.0582 169.572
12.102 169.542
12.1452 169.503
12.1901 169.49
12.2333 169.451
12.2783 169.442
12.3214 169.399
12.3662 169.387
12.4106 169.369
12.4542 169.336
12.497 169.29
12.5399 169.248
12.5841 169.227
12.6274 169.191
12.6709 169.157
12.7164 169.157
12.7614 169.151
12.8067 169.148
12.852 169.144
12.8969 169.135
12.9396 169.09
12.9839 169.072
13.0276 169.044
13.0701 168.996
13.113 168.957
13.1579 168.948
13.2031 168.945
13.2483 168.941
13.2918 168.911
13.3361 168.893
13.3813 168.89
13.4269 168.892
13.4713 168.877
13.5146 168.844
13.5601 168.847
13.6051 168.84
13.6497 168.828
13.6935 168.804
13.7381 168.792
13.7833 168.789
13.8287 168.788
13.8739 168.785
13.9188 168.779
13.9622 168.749
14.0059 168.725
14.0509 168.718
14.0964 168.721
14.142 168.724
14.1873 168.723
14.2327 168.723
14.2774 168.714
14.3226 168.711
14.3648 168.666
14.4106 168.671
14.4422 168.474
14.4896 168.504
14.5336 168.486
14.5884 168.619
14.6375 168.673
14.8943 171.655
14.7281 168.672
14.772 168.651
14.8167 168.642
14.8611 168.63
14.9069 168.635
14.9533 168.65
14.9993 168.659
15.0444 168.655
15.0888 168.643
15.135 168.655
15.1812 168.666
15.2263 168.663
15.271 168.654
15.3172 168.665
15.3634 168.677
15.4094 168.686
15.4552 168.691
15.501 168.697
15.5463 168.697
15.5912 168.69
15.6365 168.69
15.6823 168.696
15.728 168.702
15.7756 168.731
15.8219 168.743
15.8672 168.742
15.9135 168.754
15.9622 168.799
16.0106 168.837
16.055 168.825
16.0978 168.792
16.1422 168.779
16.188 168.785
16.2343 168.797
16.2799 168.799
16.3268 168.82
16.3708 168.802
16.4197 168.846
16.4707 168.918
16.5177 168.938
16.5638 168.947
16.6092 168.947
16.6548 168.949
16.7006 168.955
16.7484 168.984
16.7969 169.023
16.8433 169.035
16.8896 169.046
16.937 169.07
16.9831 169.079
17.0297 169.093
17.0763 169.108
17.1239 169.134
17.1726 169.173
17.2212 169.212
17.2676 169.223
17.3165 169.265
17.3624 169.271
17.4076 169.267
17.453 169.267
17.502 169.309
17.5522 169.365
17.6018 169.413
17.6503 169.449
17.697 169.464
17.7461 169.505
17.7949 169.544
17.8411 169.553
17.8876 169.564
17.9368 169.606
17.9859 169.648
18.0384 169.729
18.0887 169.783
18.1376 169.822
18.1813 169.8
18.2297 169.833
18.2774 169.857
18.3295 169.932
18.3796 169.983
18.43 170.037
18.4801 170.088
18.5303 170.139
18.5835 170.223
18.6334 170.271
18.6828 170.314
18.7303 170.334
18.7803 170.383
18.8337 170.467
18.8843 170.521
18.9385 170.615
18.9928 170.709
19.0465 170.797
19.0945 170.821
19.1472 170.897
19.2013 170.988
