-19.1273 144.408
-18.7944 143.921
-18.7533 143.912
-18.7097 143.879
-18.478 143.58
-18.4367 143.569
-18.2082 143.294
-18.1672 143.285
-18.1232 143.246
-18.0794 143.209
-18.0352 143.168
-17.9924 143.141
-17.9491 143.109
-17.9077 143.095
-17.8647 143.065
-17.821 143.029
-17.7771 142.99
-17.7335 142.953
-17.6903 142.921
-17.6469 142.887
-17.606 142.878
-17.5627 142.844
-17.5191 142.807
-17.476 142.775
-17.4358 142.773
-17.3954 142.769
-17.3525 142.739
-17.3115 142.728
-17.2655 142.666
-17.222 142.63
-17.1819 142.628
-17.1395 142.603
-17.1012 142.619
-17.0584 142.59
-17.0149 142.553
-16.972 142.521
-16.9314 142.515
-16.8889 142.488
-16.8485 142.483
-16.8056 142.452
-16.7642 142.436
-16.7215 142.406
-16.6812 142.402
-16.6396 142.384
-16.599 142.377
-16.5564 142.348
-16.515 142.332
-16.4745 142.326
-16.4334 142.312
-16.3931 142.308
-16.3525 142.302
-16.3097 142.27
-16.2684 142.254
-16.2264 142.231
-16.1868 142.234
-16.1467 142.232
-16.1035 142.196
-16.0628 142.187
-16.0236 142.194
-15.9841 142.199
-15.9432 142.188
-15.9028 142.182
-15.8629 142.182
-15.8224 142.175
-15.7809 142.157
-15.7405 142.151
-15.6986 142.128
-15.6577 142.117
-15.6181 142.12
-15.579 142.129
-15.5393 142.132
-15.4993 142.13
-15.4588 142.124
-15.418 142.113
-15.3773 142.104
-15.3372 142.102
-15.2966 142.093
-15.2552 142.075
-15.2145 142.066
-15.1747 142.067
-15.1358 142.078
-15.0963 142.083
-15.0557 142.074
-15.0158 142.075
-14.9761 142.077
-14.9357 142.071
-14.8941 142.051
-14.8527 142.033
-14.8125 142.028
-14.7739 142.045
-14.7345 142.05
-14.6934 142.036
-14.6525 142.023
-14.6116 142.012
-14.5707 141.998
-14.5308 141.999
-14.4913 142.004
-14.4539 142.034
-14.4157 142.055
-14.3749 142.044
-14.3344 142.037
-14.2951 142.044
-14.2576 142.075
-14.2176 142.073
-14.1762 142.055
-14.134 142.025
-14.0935 142.019
-14.0555 142.042
-14.016 142.047
-13.9781 142.072
-13.9398 142.093
-13.9019 142.119
-13.8627 142.129
-13.8233 142.136
-13.7845 142.15
-13.7465 142.176
-13.7073 142.185
-13.6693 142.211
-13.6308 142.229
-13.5921 142.246
-13.5527 142.253
-13.5136 142.265
-13.4749 142.281
-13.4356 142.291
-13.3967 142.305
-13.3581 142.324
-13.3187 142.331
-13.2794 142.341
-13.2408 142.359
-13.2023 142.38
-13.1629 142.388
-13.1224 142.381
-13.0846 142.411
-13.0471 142.446
-13.0076 142.453
-12.9686 142.468
-12.9291 142.475
-12.8901 142.489
-12.8534 142.536
-12.8142 142.547
-12.7742 142.548
-12.7345 142.553
-12.697 142.588
-12.6581 142.604
-12.62 142.632
-12.5816 142.656
-12.542 142.663
-12.5024 142.67
-12.4644 142.7
-12.4266 142.733
-12.3875 142.747
-12.3495 142.778
-12.3115 142.808
-12.2725 142.825
-12.2345 142.855
-12.1961 142.881
-12.1566 142.89
-12.1187 142.923
-12.079 142.931
-12.0398 142.945
-12.0039 143.008
-11.9641 143.013
-11.9256 143.038
-11.8862 143.05
-11.8482 143.083
-11.8105 143.121
-11.7708 143.128
-11.7346 143.189
-11.4685 143.431
-11.4319 143.489
-11.3923 143.499
-11.3539 143.53
-11.3148 143.548
-11.2786 143.614
-11.242 143.673
-11.2022 143.683
-11.1642 143.72
-10.9763 143.947
-10.9399 144.013
-10.9005 144.029
-9.70662 145.91
-9.66588 145.912
