14.1908 140.213
14.2332 140.249
14.2752 140.28
14.3233 140.387
14.3614 140.37
14.3939 140.282
14.4316 140.26
14.472 140.271
14.472 137.386
14.7627 136.688
14.7939 136.6
14.8269 136.533
14.8619 136.491
14.9251 136.326
14.961 136.294
14.9988 136.285
15.0343 136.249
15.067 136.181
15.0998 136.114
15.1322 136.044
15.1674 136.006
15.2 135.938
15.2359 135.908
15.2719 135.88
15.3069 135.84
15.3388 135.765
15.3703 135.687
15.4078 135.676
15.4455 135.668
15.4813 135.638
15.5167 135.604
15.5521 135.57
15.5861 135.522
15.6199 135.471
15.6553 135.437
15.6927 135.426
15.7255 135.365
15.7602 135.325
15.7949 135.285
15.8305 135.255
15.8664 135.228
15.9022 135.2
15.9392 135.186
15.9728 135.135
16.0094 135.116
16.0437 135.074
16.0803 135.055
16.1158 135.025
16.1512 134.994
16.1861 134.958
16.221 134.922
16.2559 134.887
16.2919 134.863
16.328 134.84
16.3648 134.826
16.4003 134.796
16.4373 134.784
16.4729 134.756
16.5087 134.731
16.5449 134.71
16.5815 134.693
16.6167 134.662
16.6519 134.631
16.6878 134.607
16.7246 134.593
16.7615 134.58
16.7987 134.57
16.835 134.551
16.8689 134.507
16.906 134.497
16.9431 134.486
16.9796 134.469
17.0145 134.436
17.0514 134.423
17.0885 134.413
17.1249 134.396
17.1614 134.379
17.1976 134.361
17.2335 134.338
17.2703 134.325
17.3074 134.315
17.3438 134.298
17.3807 134.286
17.4166 134.265
17.4535 134.252
17.4896 134.233
17.5254 134.21
17.5628 134.204
17.5996 134.192
17.6354 134.169
17.6717 134.152
17.7091 134.146
17.7461 134.135
17.7827 134.121
17.8201 134.115
17.8586 134.119
17.8949 134.102
17.9297 134.071
17.9664 134.058
18.0045 134.058
18.0417 134.05
18.0771 134.025
18.1136 134.01
18.1492 133.988
18.1865 133.981
18.2241 133.977
18.2606 133.963
18.2975 133.952
18.3351 133.948
18.3735 133.952
18.4118 133.954
18.4498 133.954
18.4885 133.96
18.5268 133.963
18.5659 133.973
18.6028 133.963
18.6408 133.963
18.6722 133.902
18.7139 133.935
18.7519 133.935
18.7895 133.931
18.8261 133.919
18.8632 133.911
18.9037 133.933
18.9445 133.958
18.9809 133.944
19.0171 133.927
19.0544 133.921
19.0926 133.923
19.1304 133.921
19.1684 133.921
19.2069 133.925
19.2444 133.921
19.281 133.908
19.3183 133.902
19.3572 133.91
19.3964 133.921
19.4351 133.927
19.4731 133.927
19.5113 133.929
19.5493 133.929
19.5876 133.931
19.626 133.935
19.664 133.935
19.7016 133.931
19.7393 133.929
19.778 133.935
19.8167 133.941
19.8543 133.937
19.8915 133.931
19.93 133.935
19.9704 133.956
20.0099 133.968
20.0501 133.987
20.0886 133.991
20.1266 133.991
20.1651 133.995
20.2033 133.997
20.2413 133.997
20.2793 133.997
20.318 134.003
20.359 134.028
20.3997 134.051
20.438 134.053
20.4763 134.055
20.5148 134.06
20.5535 134.066
20.594 134.087
20.6331 134.095
20.6741 134.12
20.7131 134.128
20.7519 134.134
20.7919 134.151
20.8307 134.157
20.8695 134.163
20.9098 134.182
20.9483 134.186
20.9869 134.19
21.0272 134.209
21.0691 134.24
21.1076 134.245
21.1475 134.259
21.1897 134.293
21.2298 134.309
21.2686 134.315
21.3105 134.347
21.3501 134.359
21.3895 134.37
21.433 134.413
21.4722 134.422
21.5107 134.426
21.5528 134.457
21.5966 134.503
21.6365 134.518
21.6762 134.53
21.7201 134.576
21.7603 134.593
21.7995 134.601
21.8408 134.627
21.8794 134.631
21.9186 134.639
21.9634 134.691
22.0053 134.721
22.048 134.756
22.0912 134.796
22.1337 134.83
22.1751 134.855
22.2143 134.863
22.2538 134.874
22.2944 134.893
22.3367 134.924
22.3776 134.945
22.4195 134.974
22.4574 134.972
22.5533 135.122
22.8582 135.404
22.9015 135.442
22.9445 135.478
22.9906 135.537
