-16.6606 126.038
-16.6209 125.999
-16.5789 125.938
-16.5366 125.873
-16.4064 125.646
-16.368 125.619
-16.3314 125.607
-16.2877 125.528
-16.2407 125.416
-16.1989 125.353
-16.1602 125.322
-16.1197 125.273
-15.6498 124.826
-15.6113 124.795
-15.5726 124.76
-15.5298 124.685
-15.4936 124.676
-15.4565 124.658
-15.4207 124.654
-15.3845 124.645
-15.346 124.612
-15.3053 124.558
-15.2683 124.539
-15.2326 124.536
-15.192 124.481
-15.1513 124.425
-15.1132 124.396
-15.0772 124.388
-15.0393 124.361
-15.0012 124.332
-14.9653 124.325
-14.9274 124.298
-14.8875 124.249
-14.8514 124.239
-14.8158 124.236
-14.7803 124.234
-14.7406 124.187
-14.7022 124.152
-14.6649 124.131
-14.629 124.123
-14.5915 124.1
-14.5541 124.076
-14.5181 124.067
-14.482 124.058
-14.4444 124.033
-14.407 124.009
-14.3715 124.006
-14.3343 123.984
-14.2986 123.978
-14.263 123.975
-14.2262 123.957
-14.19 123.946
-14.152 123.915
-14.1132 123.875
-14.0774 123.868
-14.0415 123.861
-14.0055 123.852
-13.9669 123.814
-13.9311 123.807
-13.895 123.796
-13.8596 123.794
-13.824 123.788
-13.7877 123.776
-13.7498 123.745
-13.7129 123.725
-13.6779 123.727
-13.6427 123.727
-13.6069 123.72
-13.5705 123.705
-13.535 123.702
-13.4995 123.698
-13.4639 123.693
-13.4273 123.676
-13.3911 123.664
-13.3553 123.657
-13.3203 123.658
-13.2845 123.651
-13.2484 123.64
-13.2119 123.624
-13.1758 123.613
-13.1407 123.613
-13.1055 123.613
-13.0702 123.611
-13.0347 123.608
-12.9987 123.597
-12.9631 123.591
-12.9278 123.59
-12.8926 123.589
-12.8576 123.591
-12.8224 123.591
-12.7863 123.579
-12.7504 123.57
-12.7148 123.564
-12.6796 123.564
-12.6442 123.56
-12.6092 123.562
-12.5736 123.557
-12.5376 123.546
-12.5025 123.548
-12.4677 123.551
-12.4321 123.546
-12.3959 123.533
-12.3609 123.535
-12.3262 123.54
-12.292 123.553
-12.2569 123.553
-12.2224 123.562
-12.1881 123.572
-12.1517 123.556
-12.1161 123.551
-12.0808 123.549
-12.0452 123.544
-12.009 123.529
-11.9748 123.542
-11.9412 123.563
-11.9079 123.587
-11.8735 123.597
-11.8387 123.603
-11.8038 123.606
-11.7691 123.612
-11.7345 123.62
-11.6994 123.62
-11.6631 123.606
-11.6275 123.601
-11.5929 123.608
-11.5581 123.613
-11.5238 123.626
-11.4889 123.629
-11.4543 123.636
-11.4196 123.643
-11.3849 123.651
-11.3492 123.643
-11.314 123.643
-11.2795 123.652
-11.2453 123.667
-11.2113 123.683
-11.1763 123.686
-11.1411 123.686
-11.1068 123.699
-11.0725 123.711
-11.0374 123.713
-11.0021 123.711
-10.9676 123.722
-10.9333 123.735
-10.899 123.747
-10.8641 123.753
-10.8288 123.751
-10.794 123.758
-10.76 123.776
-10.7261 123.794
-10.6923 123.816
-10.6574 123.821
-10.6227 123.828
-10.5884 123.843
-10.554 123.855
-10.52 123.873
-10.4855 123.884
-10.4508 123.893
-10.4164 123.906
-10.382 123.918
-10.3468 123.92
-10.3129 123.94
-10.2784 123.952
-10.2435 123.958
-10.2094 123.976
-10.1758 124.001
-10.1423 124.028
-10.1084 124.05
-10.0733 124.053
-10.0387 124.064
-10.005 124.09
-9.9711 124.111
-9.93648 124.122
-9.90243 124.142
-9.86814 124.158
-9.83407 124.178
-9.79999 124.198
-9.7659 124.218
-9.7318 124.238
-9.69792 124.261
-9.66414 124.287
-9.62968 124.301
-9.59577 124.325
-9.56219 124.354
-9.52825 124.377
-9.49354 124.388
-9.4608 124.432
-9.4264 124.448
-9.39297 124.481
-9.35898 124.504
-9.32499 124.528
-9.29066 124.546
-9.25611 124.561
-9.22219 124.586
-9.18826 124.612
-9.15432 124.637
-9.12069 124.668
-9.08705 124.699
-9.05318 124.727
-9.01919 124.752
-8.98457 124.767
-8.95171 124.812
-8.91686 124.823
-8.88262 124.845
-8.84879 124.874
-8.81535 124.911
-8.78252 124.958
-8.74783 124.973
-8.71506 125.022
-8.68126 125.054
-8.64855 125.105
-8.51304 125.228
-8.47925 125.261
-8.44664 125.316
-8.41292 125.351
-8.37928 125.387
-8.34631 125.437
-8.31254 125.472
-8.27982 125.527
-8.24592 125.561
-8.21277 125.608
-8.17884 125.642
-8.14623 125.701
-8.11341 125.756
-8.08037 125.808
-8.04674 125.849
-8.01413 125.91
-7.98037 125.949
-7.948 126.015
-7.9129 126.028
-7.87826 126.05
-7.84499 126.1
-7.81528 126.223
-7.78416 126.318
-7.7498 126.348
-7.7147 126.363
