-24.8726 83.9138
-24.8441 83.9025
1.8722 154.074
2.28566 153.326
2.32732 153.292
2.36925 153.282
2.45098 153.095
2.49243 153.052
2.53386 153.008
2.65754 152.842
2.82224 152.631
2.86366 152.598
2.90544 152.59
2.94679 152.554
3.15289 152.351
3.19409 152.313
3.2358 152.305
3.27646 152.237
3.31757 152.196
3.35867 152.156
3.40029 152.146
3.44195 152.138
3.48272 152.082
3.52427 152.07
3.56582 152.057
3.60644 151.996
3.64806 151.989
3.68924 151.958
3.73079 151.948
3.77234 151.938
3.81293 151.88
3.85421 151.857
3.89521 151.822
3.93631 151.792
3.97797 151.789
4.01953 151.782
4.06044 151.744
4.10121 151.701
4.14225 151.671
4.18377 151.663
4.22529 151.655
4.26596 151.61
4.30695 151.58
4.34844 151.572
4.39005 151.57
4.43131 151.552
4.47261 151.537
4.51361 151.509
4.55502 151.499
4.59606 151.474
4.63759 151.469
4.67911 151.464
4.72087 151.469
4.76182 151.441
4.80276 151.413
4.84329 151.371
4.88407 151.338
4.92555 151.333
4.96736 151.34
5.00871 151.33
5.04958 151.303
5.09045 151.275
5.13198 151.273
5.1733 151.262
5.21434 151.242
5.25607 151.247
5.29802 151.26
5.33962 151.26
5.38114 151.257
5.42259 151.252
5.46353 151.23
5.50468 151.215
5.54575 151.197
5.58711 151.189
5.62824 151.174
5.66936 151.159
5.71078 151.154
5.75243 151.157
5.794 151.157
5.83526 151.146
5.87683 151.146
5.91848 151.149
5.96012 151.151
6.00169 151.151
6.0431 151.146
6.08475 151.149
6.12681 151.164
6.16863 151.171
6.21061 151.184
6.25252 151.194
6.29561 151.239
6.3366 151.221
6.37683 151.181
6.41712 151.143
6.45835 151.133
6.49982 151.131
6.54087 151.115
6.58251 151.118
6.62469 151.135
6.66643 151.14
6.70808 151.143
6.74983 151.148
6.79139 151.148
6.83269 151.14
6.87407 151.135
6.91536 151.127
6.95701 151.13
6.99913 151.145
7.04107 151.155
7.08273 151.157
7.12467 151.167
7.16653 151.174
7.20839 151.182
7.24996 151.182
7.29192 151.192
7.33427 151.212
7.37575 151.209
7.41733 151.209
7.4586 151.202
7.50138 151.232
7.54256 151.221
7.58454 151.231
7.62652 151.241
7.66872 151.256
7.71092 151.271
7.75282 151.279
7.79596 151.316
7.83808 151.329
7.87978 151.331
7.92149 151.334
7.9632 151.336
8.00501 151.341
8.04768 151.366
8.08993 151.381
8.13165 151.383
8.17326 151.383
8.21717 151.436
8.25934 151.448
8.30129 151.456
8.34325 151.463
8.38733 151.518
8.42942 151.528
8.47117 151.531
8.51292 151.533
8.5549 151.541
8.597 151.551
8.64129 151.608
8.68352 151.621
8.72599 151.638
8.76964 151.681
8.81166 151.689
8.85498 151.724
8.89856 151.764
8.94096 151.779
8.98408 151.809
9.02614 151.817
9.06844 151.829
9.1116 151.859
9.15489 151.892
9.1977 151.915
9.24262 151.98
9.28485 151.99
9.32819 152.023
9.37031 152.031
9.41381 152.066
9.45845 152.124
9.50072 152.134
9.54414 152.167
9.63217 152.255
9.67447 152.265
9.76195 152.341
9.98362 152.582
10.0261 152.594
10.0715 152.66
10.1143 152.678
10.1585 152.721
10.2038 152.785
10.2482 152.83
10.2942 152.907
10.383 152.998
10.4273 153.042
10.4717 153.085
10.5638 153.233
10.7967 153.64
10.8419 153.694
10.8861 153.733
10.9306 153.774
10.9777 153.861
11.03 154.039
