-26.0471 142.322
-26.0072 142.317
-25.9673 142.313
-25.9232 142.279
-25.7596 141.961
-25.7156 141.928
-25.6742 141.912
-25.626 141.849
-25.582 141.816
-25.5413 141.805
-25.3915 141.578
-25.3502 141.562
-25.3073 141.536
-25.266 141.52
-25.2186 141.462
-25.1742 141.424
-25.1297 141.386
-25.0891 141.375
-25.0416 141.315
-24.9059 141.184
-24.8616 141.146
-24.8179 141.112
-24.7774 141.102
-24.7381 141.1
-24.6941 141.064
-24.6458 140.997
-24.6018 140.962
-24.5619 140.955
-24.5196 140.931
-24.4769 140.904
-24.4367 140.896
-24.3969 140.889
-24.3527 140.852
-24.3085 140.814
-24.2656 140.785
-24.2233 140.761
-24.1829 140.75
-24.1409 140.728
-24.1004 140.717
-24.0576 140.688
-24.0174 140.68
-23.9773 140.671
-23.9345 140.642
-23.8919 140.616
-23.8524 140.612
-23.812 140.601
-23.7662 140.55
-23.7261 140.541
-23.6863 140.535
-23.6438 140.508
-23.6031 140.495
-23.5642 140.495
-23.5256 140.498
-23.4856 140.489
-23.4402 140.44
-23.3989 140.423
-23.3591 140.416
-23.317 140.392
-23.2761 140.377
-23.2372 140.377
-23.1974 140.371
-23.1571 140.36
-23.1171 140.351
-23.0773 140.345
-23.0358 140.325
-22.9943 140.305
-22.9551 140.303
-22.916 140.301
-22.8765 140.297
-22.8368 140.291
-22.797 140.284
-22.7582 140.285
-22.7193 140.285
-22.6801 140.283
-22.6387 140.263
-22.5986 140.255
-22.5598 140.255
-22.5206 140.253
-22.4803 140.242
-22.4397 140.229
-22.4011 140.231
-22.3622 140.232
-22.325 140.245
-22.2867 140.25
-22.2461 140.237
-22.2042 140.213
-22.1644 140.206
-22.125 140.202
-22.0853 140.196
-22.0469 140.2
-22.0092 140.209
-21.9705 140.212
-21.9314 140.21
-21.8927 140.212
-21.8541 140.215
-21.8144 140.208
-21.7744 140.2
-21.7355 140.2
-21.6971 140.205
-21.6593 140.214
-21.6199 140.209
-21.5802 140.203
-21.5423 140.212
-21.5045 140.221
-21.4653 140.219
-21.4259 140.215
-21.3867 140.213
-21.3483 140.218
-21.3107 140.229
-21.2734 140.243
-21.2356 140.252
-21.1977 140.261
-21.158 140.254
-21.1198 140.261
-21.0801 140.255
-21.0425 140.266
-21.0014 140.249
-20.9622 140.247
-20.9251 140.263
-20.8883 140.281
-20.8504 140.29
-20.8114 140.29
-20.773 140.295
-20.7348 140.301
-20.6979 140.319
-20.6611 140.337
-20.6236 140.351
-20.5854 140.358
-20.5488 140.378
-20.5098 140.378
-20.4701 140.372
-20.4329 140.388
-20.3957 140.404
-20.3577 140.413
-20.3187 140.413
-20.2812 140.427
-20.2435 140.438
-20.2073 140.463
-20.1698 140.476
-20.1318 140.485
-20.0951 140.506
-20.0565 140.51
-20.0188 140.522
-19.983 140.551
-19.9477 140.585
-19.9104 140.6
-19.8719 140.605
-19.8343 140.619
-19.798 140.644
-19.7607 140.659
-19.7228 140.671
-19.6847 140.68
-19.6484 140.705
-19.6135 140.743
-19.5779 140.775
-19.5395 140.781
-19.5033 140.809
-19.4677 140.84
-19.4297 140.851
-19.3938 140.881
-19.3551 140.886
-19.3184 140.908
-19.2834 140.946
-19.2431 140.935
-19.2037 140.933
-19.1667 140.954
-19.1311 140.988
-19.0963 141.028
-19.061 141.064
-19.023 141.076
-18.9891 141.125
-18.9513 141.139
-18.9159 141.175
-18.8776 141.185
-18.8415 141.214
-18.8056 141.246
-18.7702 141.282
-18.7378 141.347
-18.7023 141.384
-18.664 141.393
-18.6277 141.422
-18.5892 141.429
-18.551 141.441
-18.5174 141.495
-18.482 141.534
-18.4467 141.572
-18.3785 141.674
-18.3396 141.679
-18.3035 141.711
-18.2651 141.72
-18.2324 141.786
-18.1942 141.798
-18.1578 141.827
-17.2688 143.248
-17.0413 145.928
-17.0122 146.049
-16.9839 146.18
-16.953 146.282
-16.9176 146.337
