-12.5061 167.484
-12.4053 167.301
-12.3569 167.24
-12.3075 167.165
-12.1589 166.924
-12.1135 166.913
-12.0668 166.878
-12.0195 166.835
-11.9692 166.74
-11.8699 166.569
-11.8243 166.552
-11.7297 166.46
-11.6803 166.377
-11.6349 166.362
-11.4935 166.227
-11.4466 166.187
-11.3998 166.147
-11.3527 166.101
-11.304 166.027
-11.2585 166.01
-11.2132 165.995
-11.1648 165.924
-11.1196 165.912
-11.0726 165.866
-11.0258 165.824
-10.9792 165.784
-10.9339 165.769
-10.8875 165.732
-10.8408 165.692
-10.7955 165.675
-10.7489 165.635
-10.7042 165.63
-10.6584 165.604
-10.613 165.587
-10.5649 165.516
-10.5197 165.501
-10.4734 165.464
-10.4297 165.479
-10.3849 165.47
-10.338 165.422
-10.2912 165.376
-10.2463 165.365
-10.2014 165.356
-10.1568 165.351
-10.111 165.322
-10.066 165.311
-10.0199 165.277
-9.97486 165.263
-9.92909 165.234
-9.88417 165.223
-9.83814 165.189
-9.79254 165.163
-9.74764 165.152
-9.70275 165.141
-9.65813 165.135
-9.61351 165.129
-9.56822 165.11
-9.52267 165.084
-9.47753 165.067
-9.43307 165.064
-9.38781 165.044
-9.34269 165.027
-9.29797 165.019
-9.25312 165.008
-9.20867 165.005
-9.16422 165.002
-9.11989 165.002
-9.07532 164.997
-9.03087 164.994
-8.98591 164.98
-8.94096 164.965
-8.89652 164.963
-8.85132 164.943
-8.80639 164.929
-8.76158 164.917
-8.71715 164.915
-8.67284 164.915
-8.62792 164.9
-8.58386 164.906
-8.54016 164.92
-8.49548 164.912
-8.45117 164.912
-8.40769 164.932
-8.3635 164.935
-8.3193 164.938
-8.27486 164.935
-8.22973 164.915
-8.1846 164.895
-8.14122 164.918
-8.09713 164.924
-8.05258 164.918
-8.00736 164.895
-7.96146 164.856
-7.91817 164.881
-7.87509 164.913
-7.83077 164.913
-7.78667 164.918
-7.74202 164.91
-7.69869 164.936
-7.65425 164.933
-7.60993 164.933
-7.56571 164.936
-7.52138 164.936
-7.47705 164.936
-7.43273 164.936
-7.3884 164.936
-7.34396 164.933
-7.29974 164.936
-7.25561 164.942
-7.21149 164.947
-7.16746 164.956
-7.12353 164.967
-7.0798 164.984
-7.03595 164.999
-6.99191 165.007
-6.94815 165.024
-6.90458 165.047
-6.86032 165.05
-6.81626 165.058
-6.77267 165.081
-6.72878 165.095
-6.6846 165.101
-6.64051 165.11
-6.5967 165.127
-6.55316 165.152
-6.50934 165.17
-6.46458 165.158
-6.42055 165.17
-6.3768 165.19
-6.33268 165.198
-6.28846 165.204
-6.24496 165.232
-6.20162 165.267
-6.15773 165.284
-6.11419 165.312
-6.07012 165.324
-6.02595 165.332
-5.98178 165.341
-5.93828 165.372
-5.89427 165.386
-5.85092 165.423
-5.80747 165.458
-5.76326 165.466
-5.71978 165.501
-5.67662 165.546
-5.63255 165.561
-5.58823 165.566
-5.54542 165.626
-5.50132 165.641
-5.4569 165.644
-5.41255 165.649
-5.3689 165.681
-5.32478 165.695
-5.28141 165.738
-5.23787 165.775
-5.19461 165.824
-5.15141 165.876
-5.10715 165.887
-5.06274 165.893
-5.01905 165.927
-4.97636 166.002
-4.93192 166.008
-4.88847 166.053
-4.84423 166.068
-4.80074 166.114
-4.75696 166.148
-4.71269 166.163
-4.66902 166.203
-4.6254 166.246
-4.58243 166.318
-4.53817 166.335
-4.49449 166.378
-4.4508 166.422
-4.40792 166.502
-4.3643 166.551
-4.31985 166.563
-4.27626 166.615
-4.23315 166.69
-4.18927 166.73
-4.14488 166.748
-4.10127 166.803
-4.05805 166.878
-4.0145 166.939
