21.4395 141.612
21.4691 141.527
21.4878 141.352
21.4993 141.118
21.5186 140.95
21.9433 140.225
21.976 140.171
22.007 140.103
22.0372 140.029
22.0673 139.955
22.0979 139.886
22.1325 139.847
22.1636 139.782
22.19 139.68
22.2214 139.617
22.255 139.572
22.2886 139.528
22.323 139.49
22.3543 139.427
22.3881 139.385
22.4194 139.322
22.4506 139.26
22.4841 139.216
22.5209 139.198
22.5521 139.135
22.5844 139.082
22.6218 139.069
22.6557 139.029
22.6862 138.962
22.7179 138.905
22.8846 138.685
22.9187 138.648
22.9533 138.614
22.988 138.581
23.0212 138.537
23.0584 138.524
23.0901 138.469
23.1247 138.436
23.1624 138.427
23.1979 138.4
23.228 138.334
23.2646 138.316
23.3 138.29
23.3333 138.248
23.3661 138.202
23.4035 138.191
23.4382 138.16
23.4756 138.149
23.51 138.116
23.5471 138.103
23.578 138.043
23.615 138.03
23.6479 137.986
23.6847 137.971
23.716 137.916
23.7533 137.905
23.7909 137.896
23.8255 137.865
23.8598 137.832
23.898 137.828
23.9332 137.802
23.966 137.758
23.9996 137.721
24.0371 137.712
24.0753 137.707
24.1083 137.666
24.1434 137.639
24.1809 137.631
24.2187 137.624
24.2562 137.615
24.2919 137.593
24.3291 137.582
24.365 137.562
24.3997 137.534
24.4357 137.514
24.4734 137.508
24.5103 137.494
24.5428 137.451
24.5796 137.438
24.6168 137.427
24.652 137.403
24.6854 137.366
24.7232 137.359
24.7609 137.352
24.7949 137.32
24.8313 137.304
24.8699 137.304
24.9061 137.287
24.9422 137.269
24.9793 137.258
25.0169 137.252
25.0521 137.228
25.0857 137.193
25.1227 137.182
25.1607 137.177
25.1832 137.067
25.2177 137.039
25.2565 137.041
25.2973 137.056
25.3387 137.075
25.3839 137.12
25.4237 137.129
25.4598 137.111
25.4929 137.074
25.5299 137.063
25.5678 137.059
25.6012 137.024
25.6414 137.035
25.6825 137.052
25.7178 137.03
25.7525 137.004
25.7965 137.041
25.8334 137.03
25.8658 136.989
25.9046 136.991
25.9441 136.997
25.9833 137.001
26.0254 137.025
26.0665 137.042
26.1031 137.029
26.1413 137.027
26.1805 137.031
26.2177 137.022
26.2539 137.007
26.2928 137.009
26.3326 137.017
26.3681 136.998
26.4004 136.957
26.4376 136.948
26.4781 136.961
26.5205 136.986
26.561 136.999
26.5995 136.999
26.6374 136.995
26.6752 136.99
26.713 136.986
26.7518 136.988
26.7913 136.994
26.8302 136.996
26.8677 136.989
26.9061 136.989
26.9463 137
26.9875 137.017
27.0236 137.002
27.0615 136.997
27.0996 136.995
27.1357 136.98
27.1762 136.992
27.215 136.994
27.2532 136.992
27.2958 137.018
27.338 137.042
27.3765 137.041
27.4133 137.03
27.4552 137.052
27.4947 137.058
27.5332 137.058
27.572 137.06
27.6112 137.064
27.6534 137.088
27.695 137.107
27.7342 137.111
27.7748 137.124
27.8154 137.137
27.8535 137.135
27.8951 137.154
27.9347 137.16
27.9746 137.169
28.0172 137.195
28.0554 137.192
28.0928 137.186
28.1331 137.196
28.1758 137.222
28.2122 137.209
28.2577 137.252
28.2983 137.265
28.3414 137.293
28.3803 137.295
28.4202 137.303
28.4641 137.336
28.5036 137.342
28.5457 137.364
28.5853 137.37
28.6263 137.385
28.6742 137.441
28.7123 137.439
28.7501 137.434
28.7933 137.462
28.8761 137.497
28.9176 137.514
28.9601 137.538
29.0019 137.557
29.2216 137.717
29.2608 137.721
29.3034 137.745
29.3424 137.747
29.382 137.753
29.4254 137.781
29.4662 137.794
29.5143 137.851
29.5585 137.883
29.5978 137.888
31.3563 140.191
31.4013 140.224
31.4364 140.202
