-24.8719 83.9108
-24.8434 83.8995
-3.12356 111.81
-3.09056 111.8
-3.05729 111.776
-2.65589 111.341
-2.62274 111.315
-2.58991 111.305
-2.35842 111.134
-2.32541 111.11
-2.2927 111.104
-2.25944 111.064
-2.22659 111.049
-2.19307 110.99
-2.16034 110.981
-2.1274 110.958
-2.09424 110.919
-2.06163 110.916
-2.02901 110.913
-1.99611 110.89
-1.96337 110.878
-1.93032 110.842
-1.8977 110.838
-1.86509 110.833
-1.83202 110.795
-1.79916 110.77
-1.76631 110.745
-1.73345 110.719
-1.70081 110.71
-1.668 110.687
-1.63519 110.662
-1.60246 110.644
-1.56986 110.636
-1.53711 110.615
-1.50437 110.593
-1.47182 110.589
-1.43913 110.57
-1.4066 110.567
-1.37394 110.551
-1.34139 110.544
-1.30884 110.538
-1.27605 110.506
-1.24349 110.497
-1.21079 110.472
-1.17822 110.462
-1.1457 110.456
-1.11314 110.445
-1.08064 110.44
-1.04801 110.421
-1.0154 110.401
-0.982885 110.393
-0.950386 110.387
-0.917814 110.37
-0.885332 110.366
-0.852863 110.362
-0.82023 110.333
-0.787704 110.32
-0.755237 110.315
-0.722807 110.317
-0.690368 110.317
-0.657913 110.314
-0.625368 110.292
-0.592833 110.271
-0.560383 110.266
-0.527909 110.256
-0.495452 110.248
-0.463004 110.242
-0.430554 110.234
-0.398086 110.221
-0.365634 110.21
-0.333191 110.201
-0.300764 110.196
-0.26837 110.204
-0.235955 110.204
-0.203497 110.183
-0.171081 110.18
-0.138664 110.175
-0.106255 110.175
-0.0738477 110.177
-0.0414316 110.169
-0.00901083 110.149
0.0233931 110.148
0.0557955 110.151
0.0881992 110.148
0.120601 110.142
0.153003 110.143
0.185408 110.146
0.217809 110.145
0.250212 110.145
0.282613 110.143
0.315003 110.136
0.347395 110.131
0.379789 110.128
0.412188 110.128
0.444587 110.128
0.476974 110.124
0.509358 110.119
0.541731 110.111
0.574168 110.124
0.606633 110.142
0.639112 110.162
0.671507 110.159
0.703827 110.139
0.736153 110.122
0.768595 110.131
0.801048 110.142
0.833443 110.141
0.865862 110.144
0.898264 110.144
0.930667 110.144
0.963089 110.147
0.995483 110.145
1.02784 110.138
1.06024 110.138
1.09265 110.139
1.12502 110.135
1.15741 110.133
1.18988 110.142
1.22229 110.144
1.25466 110.139
1.28701 110.133
1.3195 110.144
1.35199 110.153
1.38442 110.156
1.4168 110.153
1.44923 110.156
1.48177 110.17
1.51427 110.179
1.54679 110.19
1.57923 110.193
1.61166 110.194
1.64414 110.2
1.67666 110.21
1.70914 110.216
1.7417 110.228
1.77427 110.24
1.80684 110.252
1.83936 110.26
1.87165 110.249
1.90404 110.246
1.9366 110.257
1.96913 110.265
2.00183 110.285
2.03434 110.291
2.06673 110.288
2.09921 110.291
2.13175 110.298
2.16446 110.317
2.19723 110.34
2.22979 110.347
2.2624 110.358
2.29549 110.399
2.32849 110.435
2.36115 110.447
2.39367 110.45
2.42634 110.462
2.45891 110.468
2.49139 110.468
2.52386 110.469
2.55644 110.475
2.58929 110.496
2.62207 110.513
2.65458 110.515
2.68706 110.515
2.71974 110.525
2.7526 110.545
2.78534 110.559
2.81804 110.57
2.85107 110.597
2.88402 110.621
2.91664 110.627
2.94943 110.641
2.98246 110.667
3.01567 110.7
3.04838 110.71
3.08129 110.728
3.11405 110.739
3.14677 110.748
3.18017 110.788
3.21321 110.811
3.24596 110.821
3.27902 110.844
3.3121 110.867
3.34514 110.888
3.3782 110.91
3.41088 110.915
3.44381 110.93
3.4766 110.939
3.5098 110.966
3.54301 110.992
3.57649 111.029
3.60939 111.041
3.64302 111.083
3.67632 111.111
3.70943 111.131
3.74225 111.139
3.77546 111.162
3.80877 111.188
3.842 111.211
3.87533 111.238
3.90916 111.283
3.9421 111.294
3.97575 111.331
4.00909 111.356
4.04256 111.385
4.07592 111.41
4.10938 111.438
4.14285 111.466
4.17647 111.498
4.20943 111.508
4.24289 111.534
4.277 111.582
4.31108 111.629
4.34514 111.674
4.3788 111.706
4.41261 111.741
4.4472 111.802
4.48087 111.832
4.51498 111.876
4.54872 111.907
4.58297 111.954
4.61665 111.982
4.65088 112.027
4.68484 112.063
4.71972 112.128
4.75412 112.176
4.89228 112.381
4.92754 112.451
4.96182 112.492
4.99613 112.533
5.03003 112.562
5.06534 112.631
5.10085 112.705
5.13639 112.78
5.17076 112.819
5.24286 112.992
