-17.8646 142.264
-17.5355 141.756
-17.4945 141.742
-17.4478 141.672
-17.4045 141.636
-17.3615 141.602
-16.7404 140.917
-16.7006 140.915
-16.6604 140.908
-16.614 140.836
-16.5713 140.803
-16.5294 140.778
-16.4884 140.763
-16.4455 140.727
-16.3978 140.639
-16.3579 140.635
-16.3184 140.635
-16.2764 140.609
-16.2355 140.593
-16.1929 140.56
-16.1501 140.524
-16.1046 140.459
-16.0619 140.423
-16.0218 140.417
-15.9821 140.415
-15.9424 140.413
-15.9026 140.409
-15.8607 140.382
-15.8178 140.345
-15.7747 140.304
-15.7346 140.298
-15.6948 140.294
-15.6535 140.274
-15.6117 140.247
-15.5709 140.232
-15.5283 140.196
-15.4865 140.17
-15.4472 140.172
-15.4052 140.143
-15.3644 140.128
-15.3219 140.093
-15.2805 140.07
-15.2409 140.069
-15.2015 140.069
-15.1615 140.063
-15.1194 140.031
-15.0794 140.025
-15.0379 140.001
-14.9995 140.012
-14.9599 140.01
-14.9187 139.991
-14.8769 139.962
-14.8363 139.949
-14.7945 139.92
-14.7542 139.909
-14.7129 139.887
-14.6735 139.887
-14.6354 139.903
-14.5962 139.906
-14.5551 139.886
-14.5132 139.855
-14.4732 139.849
-14.4335 139.844
-14.3937 139.84
-14.3529 139.823
-14.3131 139.819
-14.2736 139.817
-14.2327 139.799
-14.1926 139.79
-14.1534 139.793
-14.1153 139.809
-14.0757 139.807
-14.0351 139.792
-13.9955 139.79
-13.956 139.788
-13.9159 139.779
-13.8765 139.78
-13.8375 139.784
-13.7968 139.769
-13.7568 139.76
-13.7172 139.758
-13.6776 139.757
-13.6384 139.759
-13.599 139.759
-13.5588 139.749
-13.5189 139.742
-13.4797 139.745
-13.4396 139.736
-13.4005 139.741
-13.3618 139.75
-13.3223 139.748
-13.2824 139.742
-13.2423 139.733
-13.2028 139.731
-13.1639 139.738
-13.126 139.759
-13.0852 139.741
-13.0462 139.746
-13.0056 139.731
-12.9657 139.724
-12.9267 139.729
-12.8858 139.709
-12.8459 139.703
-12.8052 139.685
-12.7655 139.681
-12.727 139.695
-12.6935 139.775
-12.6576 139.825
-12.6193 139.841
-12.5796 139.837
-12.5414 139.855
-12.5025 139.862
-12.4637 139.871
-12.4257 139.892
-12.3864 139.894
-12.3466 139.89
-12.3078 139.899
-12.2697 139.92
-12.2311 139.931
-12.1918 139.934
-12.1531 139.945
-12.1145 139.959
-12.0757 139.968
-12.0368 139.978
-11.9974 139.978
-11.9582 139.983
-11.9205 140.01
-11.882 140.024
-11.8428 140.028
-11.8045 140.047
-11.7656 140.056
-11.7267 140.065
-11.6887 140.088
-11.6499 140.099
-11.6125 140.131
-11.5746 140.156
-11.5367 140.181
-11.4976 140.188
-11.4588 140.2
-11.4213 140.231
-11.3833 140.254
-11.3437 140.255
-11.3044 140.259
-11.2659 140.275
-11.2285 140.309
-11.1907 140.337
-11.1517 140.346
-11.1124 140.351
-11.0745 140.378
-11.037 140.412
-10.9994 140.444
-10.9604 140.453
-10.9213 140.463
-10.8833 140.488
-10.8443 140.499
-10.8065 140.529
-10.769 140.563
-10.7331 140.624
-10.6942 140.638
-10.6568 140.675
-10.619 140.707
-10.5799 140.716
-10.5421 140.748
-10.5046 140.784
-10.4667 140.814
-10.4287 140.844
-10.3142 140.924
-10.2752 140.935
-10.2372 140.965
-10.1993 140.997
-10.162 141.041
-10.1257 141.1
-10.0863 141.107
-10.0482 141.137
-10.0093 141.153
-9.9712 141.183
-9.93334 141.217
-9.74679 141.444
-9.70881 141.479
-9.66945 141.488
