13.0392 142.891
13.0816 142.924
13.0472 140.241
13.083 140.19
13.3692 139.265
13.4017 139.175
13.4358 139.106
13.4714 139.058
13.5056 138.992
13.5703 138.811
13.6046 138.747
13.6409 138.71
13.6772 138.673
13.7111 138.605
13.7469 138.561
13.7816 138.504
13.8175 138.462
13.8516 138.398
13.8876 138.359
13.9217 138.296
13.9573 138.252
13.9936 138.217
14.028 138.158
14.0639 138.119
14.0991 138.071
14.1341 138.021
14.1719 138.005
14.2073 137.96
14.241 137.894
14.2771 137.859
14.314 137.833
14.3507 137.805
14.3864 137.766
14.4222 137.727
14.4581 137.69
14.4963 137.681
14.5307 137.627
14.5666 137.59
14.6025 137.553
14.6385 137.519
14.6728 137.464
14.7104 137.449
14.747 137.421
14.7825 137.382
14.8185 137.348
14.8551 137.322
14.8923 137.302
14.9286 137.272
14.9646 137.239
15.0011 137.211
15.0386 137.196
15.0748 137.166
15.1123 137.151
15.1494 137.132
15.1843 137.086
15.2208 137.06
15.2566 137.026
15.295 137.022
15.3326 137.009
15.3687 136.979
15.4052 136.953
15.443 136.942
15.4808 136.931
15.5157 136.888
15.5524 136.864
15.5899 136.852
15.6256 136.817
15.6628 136.8
15.6988 136.77
15.7363 136.757
15.7736 136.742
15.8112 136.729
15.8481 136.71
15.8858 136.699
15.9223 136.675
15.9598 136.663
15.9977 136.654
16.0342 136.63
16.0711 136.611
16.1092 136.605
16.1457 136.581
16.1825 136.562
16.22 136.549
16.2572 136.534
16.295 136.525
16.3325 136.512
16.3703 136.504
16.4073 136.487
16.4445 136.472
16.4821 136.461
16.5193 136.446
16.5567 136.433
16.5939 136.418
16.6315 136.408
16.6676 136.382
16.705 136.369
16.7428 136.36
16.7799 136.345
16.8177 136.337
16.8563 136.337
16.8944 136.333
16.9305 136.307
16.9689 136.305
17.007 136.301
17.0448 136.292
17.0823 136.281
17.1187 136.26
17.1556 136.243
17.1952 136.254
17.2338 136.254
17.2741 136.271
17.3133 136.277
17.351 136.269
17.388 136.254
17.4266 136.254
17.4634 136.236
17.4989 136.207
17.539 136.222
17.5812 136.258
17.6196 136.256
17.6581 136.256
17.7002 136.29
17.737 136.273
17.7714 136.232
17.8092 136.226
17.848 136.228
17.8868 136.23
17.9264 136.241
17.9654 136.245
18.0039 136.245
18.0425 136.245
18.0804 136.238
18.1189 136.238
18.1579 136.243
18.1978 136.256
18.2374 136.266
18.2755 136.262
18.3138 136.26
18.3533 136.268
18.392 136.27
18.4294 136.26
18.4673 136.253
18.5079 136.272
18.5471 136.279
18.5852 136.275
18.624 136.277
18.663 136.281
18.7022 136.287
18.7407 136.287
18.7811 136.304
18.821 136.317
18.8598 136.319
18.8979 136.315
18.9367 136.317
18.9764 136.328
19.017 136.347
19.0563 136.353
19.0953 136.358
19.1341 136.36
19.1733 136.366
19.2126 136.373
19.2528 136.388
19.2949 136.42
19.3313 136.4
19.3749 136.445
19.4137 136.447
19.453 136.454
19.4918 136.456
19.5335 136.484
19.5752 136.511
19.6145 136.518
19.6538 136.524
19.6933 136.533
19.7348 136.559
19.7768 136.588
19.8156 136.591
19.8547 136.595
19.894 136.601
19.9385 136.653
19.9776 136.657
20.0167 136.661
20.056 136.668
20.0956 136.676
20.1394 136.721
20.1788 136.728
20.2214 136.762
20.2612 136.773
20.3034 136.803
20.3453 136.831
20.3849 136.839
20.4268 136.867
20.4687 136.895
20.5094 136.912
20.5511 136.938
20.5933 136.968
20.6345 136.989
20.6777 137.028
20.7167 137.03
20.7561 137.037
20.7994 137.075
20.8455 137.138
20.8876 137.166
20.9273 137.175
20.9665 137.179
21.0091 137.211
21.0549 137.269
21.0957 137.287
21.1386 137.321
21.1844 137.379
21.227 137.412
21.2671 137.423
21.3101 137.457
21.3525 137.488
21.4 137.559
21.4438 137.6
21.4869 137.635
21.5302 137.672
21.7145 137.906
21.7544 137.915
21.8005 137.973
21.847 138.034
21.8907 138.073
