-14.3112 127.287
-14.2716 127.246
-14.2333 127.22
-14.1932 127.172
-14.1475 127.062
-14.1078 127.018
-14.064 126.928
-14.0252 126.895
-13.9871 126.868
-13.9465 126.814
-13.7083 126.545
-13.6302 126.468
-13.592 126.44
-13.5535 126.409
-13.5101 126.317
-13.4702 126.269
-13.4346 126.271
-13.3989 126.271
-13.3608 126.243
-13.3203 126.185
-13.2819 126.154
-13.2428 126.113
-13.2031 126.065
-13.1267 126.003
-13.0885 125.974
-13.0504 125.944
-13.0129 125.922
-12.9761 125.907
-12.9359 125.851
-12.8977 125.82
-12.8602 125.798
-12.8243 125.794
-12.787 125.774
-12.7505 125.762
-12.7127 125.737
-12.6762 125.725
-12.6385 125.7
-12.5995 125.657
-12.563 125.646
-12.5251 125.616
-12.4883 125.602
-12.4508 125.578
-12.4136 125.557
-12.3757 125.528
-12.3374 125.493
-12.3011 125.484
-12.2641 125.465
-12.226 125.432
-12.1894 125.419
-12.1527 125.404
-12.1159 125.388
-12.08 125.384
-12.0438 125.375
-12.0061 125.347
-11.9692 125.329
-11.9325 125.314
-11.8953 125.292
-11.8593 125.286
-11.8234 125.281
-11.7856 125.251
-11.7486 125.231
-11.7132 125.233
-11.6782 125.24
-11.6424 125.236
-11.6057 125.222
-11.5689 125.203
-11.5332 125.201
-11.4977 125.201
-11.4605 125.179
-11.4231 125.154
-11.3871 125.146
-11.3513 125.143
-11.3154 125.137
-11.2783 125.115
-11.2419 125.102
-11.2056 125.091
-11.1698 125.087
-11.1336 125.078
-11.097 125.062
-11.0606 125.049
-11.0245 125.041
-10.9888 125.038
-10.9533 125.038
-10.9174 125.032
-10.881 125.019
-10.8458 125.023
-10.8102 125.023
-10.7744 125.017
-10.7384 125.01
-10.7027 125.008
-10.667 125.004
-10.6309 124.995
-10.595 124.99
-10.5593 124.986
-10.5238 124.986
-10.4884 124.988
-10.4526 124.984
-10.417 124.982
-10.381 124.975
-10.3452 124.969
-10.3096 124.967
-10.274 124.966
-10.2386 124.967
-10.2031 124.967
-10.1676 124.967
-10.1315 124.958
-10.0949 124.942
-10.0599 124.949
-10.0254 124.963
-9.99009 124.967
-9.95482 124.971
-9.91944 124.973
-9.88348 124.965
-9.84775 124.961
-9.81236 124.963
-9.77789 124.98
-9.74284 124.987
-9.70755 124.991
-9.67261 125
-9.63732 125.003
-9.6026 125.016
-9.56664 125.009
-9.53046 124.998
-9.49528 125.003
-9.46054 125.016
-9.42535 125.021
-9.38984 125.021
-9.35432 125.021
-9.31913 125.027
-9.28404 125.034
-9.24884 125.04
-9.21354 125.043
-9.17833 125.049
-9.14259 125.045
-9.10707 125.045
-9.07197 125.052
-9.03686 125.059
-9.00144 125.061
-8.96633 125.069
-8.93215 125.092
-8.89703 125.1
-8.86159 125.101
-8.82616 125.103
-8.79113 125.112
-8.7561 125.121
-8.72106 125.131
-8.68663 125.151
-8.65199 125.167
-8.61703 125.178
-8.58198 125.187
-8.54741 125.206
-8.51235 125.215
-8.47698 125.218
-8.44141 125.218
-8.40613 125.224
-8.37085 125.229
-8.33577 125.238
-8.30097 125.253
-8.26626 125.27
-8.23116 125.279
-8.19605 125.288
-8.16123 125.303
-8.12688 125.326
-8.09213 125.343
-8.05663 125.345
-8.02159 125.356
-7.98739 125.383
-7.95271 125.402
-7.91728 125.405
-7.8824 125.42
-7.84779 125.44
-7.81391 125.475
-7.77891 125.488
-7.74346 125.492
-7.70882 125.512
-7.6747 125.543
-7.63968 125.556
-7.60448 125.565
-7.57051 125.6
-7.53564 125.617
-7.50033 125.624
-7.46553 125.643
-7.43117 125.67
-7.39688 125.7
-7.36249 125.727
-7.3274 125.74
-7.29256 125.759
-7.25763 125.775
-7.22235 125.785
-7.18782 125.81
-7.15261 125.821
-7.11882 125.864
-7.08376 125.879
-7.04928 125.907
-7.01404 125.918
-6.98052 125.968
-6.9473 126.025
-6.91293 126.057
-6.87723 126.058
-6.8417 126.064
-6.80721 126.094
-6.77343 126.14
-6.73923 126.177
-6.70462 126.205
-6.66975 126.227
-6.63425 126.235
-6.59883 126.244
-6.5658 126.311
-6.53159 126.35
-6.46243 126.411
-6.42688 126.419
-6.35975 126.532
-6.32484 126.557
-6.2894 126.568
-6.22211 126.682
-6.18817 126.732
-6.15363 126.768
-6.12009 126.829
-6.08529 126.859
-6.05048 126.889
-6.01658 126.944
-5.98188 126.977
-5.94717 127.011
-5.91251 127.047
-5.87839 127.097
-5.84356 127.129
-5.74321 127.342
-5.70843 127.378
-5.67506 127.453
-5.64125 127.518
-5.60681 127.565
-5.57248 127.616
-5.53721 127.64
-5.50205 127.669
-5.46721 127.707
-5.43405 127.794
-5.17223 128.644
-5.1363 128.657
