-24.8704 83.9037
-24.8439 83.9015
-0.320535 152.513
0.348012 151.543
0.514163 151.337
0.555667 151.294
0.59716 151.254
0.63865 151.219
0.680201 151.207
0.72154 151.137
0.762848 151.066
0.804377 151.059
1.05265 150.859
1.09395 150.822
1.1354 150.812
1.259 150.672
1.30046 150.67
1.46561 150.572
1.50674 150.533
1.54815 150.528
1.58936 150.5
1.63075 150.495
1.6716 150.428
1.71273 150.396
1.75421 150.403
1.79543 150.384
1.83679 150.379
1.87793 150.351
1.9192 150.339
1.96022 150.302
2.00122 150.264
2.04247 150.252
2.08379 150.247
2.12492 150.225
2.16606 150.205
2.20732 150.195
2.24856 150.185
2.28981 150.175
2.33111 150.17
2.37212 150.143
2.41313 150.116
2.45441 150.111
2.49553 150.093
2.53648 150.064
2.57754 150.044
2.61874 150.034
2.65996 150.027
2.70122 150.022
2.74222 149.999
2.78321 149.977
2.82431 149.962
2.86569 149.967
2.90712 149.975
2.94824 149.962
2.9894 149.952
3.03027 149.925
3.07126 149.905
3.11227 149.888
3.15348 149.883
3.19469 149.878
3.23594 149.876
3.27741 149.886
3.31883 149.893
3.35973 149.871
3.40076 149.856
3.44177 149.841
3.48297 149.836
3.52416 149.831
3.56539 149.829
3.60686 149.839
3.64815 149.839
3.68919 149.826
3.73032 149.819
3.7717 149.824
3.81268 149.809
3.85385 149.804
3.89528 149.811
3.93687 149.826
3.97784 149.811
4.01948 149.829
4.06066 149.824
4.10177 149.816
4.14256 149.794
4.18328 149.769
4.22383 149.737
4.26565 149.762
4.30708 149.769
4.34864 149.782
4.39019 149.794
4.43147 149.794
4.47262 149.789
4.51395 149.791
4.5554 149.799
4.59674 149.801
4.63801 149.801
4.67953 149.811
4.7213 149.831
4.76283 149.841
4.80386 149.831
4.84514 149.831
4.88693 149.85
4.92861 149.865
4.97009 149.873
5.01151 149.878
5.05293 149.882
5.09395 149.873
5.13538 149.877
5.17721 149.897
5.21857 149.9
5.26001 149.905
5.30186 149.924
5.34365 149.942
5.38538 149.956
5.42683 149.961
5.46814 149.961
5.50952 149.964
5.55126 149.979
5.59331 150.003
5.63507 150.018
5.67662 150.025
5.71832 150.038
5.7604 150.063
5.80204 150.072
5.84406 150.095
5.88555 150.1
5.92736 150.114
5.96972 150.147
6.01179 150.169
6.05346 150.179
6.09586 150.211
6.13771 150.226
6.17899 150.223
6.22052 150.228
6.26221 150.238
6.30433 150.26
6.34671 150.29
6.38893 150.315
6.43159 150.352
6.47358 150.369
6.51532 150.379
6.55776 150.409
6.59925 150.411
6.64127 150.429
6.68516 150.498
6.72711 150.513
6.76944 150.538
6.81132 150.55
6.85511 150.615
6.89793 150.652
6.93976 150.662
6.98159 150.672
7.02389 150.695
7.06648 150.725
7.10955 150.767
7.15169 150.784
7.19471 150.824
7.23745 150.857
7.27933 150.866
7.32229 150.904
7.36537 150.944
7.40846 150.984
7.45177 151.029
7.49599 151.096
7.53915 151.136
7.58131 151.151
7.62389 151.176
7.66719 151.219
7.71092 151.271
7.75488 151.329
7.79731 151.349
7.84163 151.414
7.88513 151.459
7.92845 151.499
7.97179 151.54
8.01674 151.618
8.06152 151.69
8.10373 151.703
8.14856 151.776
8.19343 151.849
8.23613 151.872
8.28215 151.97
8.32456 151.985
8.36953 152.058
8.50399 152.263
