9.25134 135.049
9.65545 134.046
9.69161 134.01
9.72657 133.954
9.76234 133.913
9.79499 133.817
9.82927 133.751
9.86521 133.713
9.90029 133.662
9.93691 133.637
9.97159 133.579
10.0064 133.523
10.0411 133.467
10.0769 133.43
10.1139 133.411
10.1463 133.318
10.1821 133.281
10.217 133.23
10.2528 133.195
10.2899 133.18
10.3241 133.119
10.3599 133.084
10.3945 133.028
10.4301 132.991
10.466 132.958
10.5024 132.934
10.5392 132.915
10.5738 132.864
10.6095 132.829
10.6452 132.794
10.681 132.761
10.7171 132.733
10.753 132.702
10.7887 132.669
10.8255 132.653
10.8603 132.606
10.897 132.588
10.9322 132.547
10.9688 132.528
11.0047 132.5
11.0409 132.475
11.0763 132.439
11.1122 132.41
11.148 132.379
11.1829 132.337
11.2189 132.31
11.2561 132.302
11.2933 132.294
11.3294 132.269
11.3652 132.241
11.401 132.212
11.4378 132.198
11.4737 132.172
11.5096 132.145
11.5454 132.117
11.5821 132.103
11.618 132.076
11.654 132.052
11.691 132.042
11.728 132.032
11.7641 132.009
11.8002 131.987
11.8369 131.973
11.873 131.951
11.9088 131.924
11.9452 131.906
11.9812 131.884
12.0184 131.878
12.056 131.876
12.0926 131.861
12.1289 131.843
12.1648 131.819
12.2006 131.795
12.2374 131.782
12.2749 131.78
12.3119 131.772
12.348 131.752
12.3839 131.728
12.4198 131.706
12.4573 131.704
12.4946 131.7
12.5314 131.69
12.568 131.675
12.6053 131.671
12.6418 131.657
12.6782 131.641
12.7159 131.643
12.7517 131.619
12.7883 131.607
12.8251 131.597
12.8619 131.587
12.8989 131.579
12.9349 131.558
12.9715 131.546
13.0089 131.544
13.0459 131.536
13.0828 131.528
13.1191 131.512
13.156 131.504
13.1929 131.496
13.2305 131.496
13.2684 131.5
13.3061 131.502
13.3428 131.492
13.3788 131.472
13.415 131.456
13.4527 131.458
13.4837 131.377
13.5165 131.319
13.5563 131.347
13.5951 131.363
13.6384 131.434
13.6775 131.452
13.7162 131.466
13.753 131.458
13.7902 131.454
13.828 131.456
13.866 131.462
13.9029 131.454
13.9394 131.442
13.9767 131.44
14.0143 131.44
14.052 131.442
14.0897 131.444
14.1269 131.44
14.1642 131.438
14.2019 131.44
14.2396 131.442
14.2773 131.445
14.3152 131.449
14.3536 131.459
14.3915 131.463
14.4281 131.453
14.4662 131.459
14.5043 131.465
14.5432 131.481
14.5814 131.489
14.6193 131.493
14.6565 131.489
14.6942 131.491
14.7319 131.493
14.7696 131.495
14.8074 131.497
14.8462 131.512
14.8849 131.526
14.9228 131.53
14.9604 131.53
14.9979 131.53
15.0358 131.534
15.0754 131.556
15.1149 131.579
15.1534 131.589
15.1913 131.593
15.2285 131.589
15.2657 131.585
15.3036 131.589
15.3424 131.603
15.3815 131.619
15.4192 131.621
15.4573 131.627
15.496 131.64
15.5353 131.658
15.5732 131.662
15.6123 131.678
15.6512 131.692
15.691 131.717
15.7292 131.723
15.7686 131.743
15.8068 131.749
15.8448 131.753
15.8829 131.759
15.9213 131.767
15.9629 131.81
16.0013 131.818
16.0416 131.846
16.0799 131.855
16.1197 131.877
16.1583 131.887
16.1971 131.899
16.2386 131.94
16.2766 131.944
16.316 131.962
16.3576 132.003
16.3964 132.015
16.4368 132.044
16.475 132.05
16.5153 132.076
16.5537 132.084
16.595 132.121
16.6349 132.143
16.6747 132.166
16.7138 132.18
16.7566 132.231
16.795 132.239
16.8333 132.245
16.8743 132.278
16.9154 132.313
16.9564 132.345
16.9972 132.376
17.0384 132.411
17.0797 132.445
17.1205 132.476
17.159 132.484
17.1991 132.507
17.2399 132.537
17.4483 132.728
17.4873 132.74
17.5304 132.791
17.5693 132.802
17.6146 132.874
17.6564 132.913
17.6977 132.945
17.7418 133.005
18.1748 133.517
18.2147 133.535
18.401 133.854
18.4985 134.052
