-19.381 131.021
-19.2046 130.766
-19.1607 130.703
-19.1196 130.664
-19.0787 130.627
-18.985 130.448
-18.9417 130.39
-18.9011 130.355
-18.8612 130.325
-18.824 130.32
-18.7841 130.29
-18.6933 130.134
-18.6509 130.082
-18.6124 130.064
-18.5706 130.018
-18.5304 129.985
-18.4903 129.952
-18.3613 129.777
-18.3236 129.765
-18.2867 129.761
-18.1646 129.645
-18.1271 129.636
-18.0877 129.608
-18.0477 129.576
-18.0049 129.518
-17.9656 129.491
-17.9284 129.483
-17.8886 129.452
-17.847 129.404
-17.8092 129.39
-17.7705 129.369
-17.7329 129.357
-17.6934 129.328
-17.6558 129.317
-17.6149 129.274
-17.578 129.269
-17.5402 129.255
-17.4998 129.217
-17.462 129.203
-17.4246 129.194
-17.3836 129.149
-17.3457 129.134
-17.3065 129.107
-17.268 129.086
-17.229 129.061
-17.1919 129.053
-17.1548 129.045
-17.1165 129.026
-17.079 129.015
-17.0399 128.988
-17.0015 128.967
-16.9646 128.961
-16.9277 128.955
-16.8883 128.924
-16.8502 128.907
-16.812 128.888
-16.7737 128.869
-16.7365 128.859
-16.6996 128.853
-16.6628 128.848
-16.6252 128.834
-16.5871 128.817
-16.5497 128.806
-16.5123 128.794
-16.4753 128.786
-16.4386 128.783
-16.4016 128.775
-16.3646 128.767
-16.3264 128.748
-16.2891 128.737
-16.2503 128.712
-16.211 128.681
-16.1741 128.673
-16.1384 128.679
-16.1025 128.683
-16.0659 128.679
-16.0293 128.675
-15.9929 128.673
-15.9548 128.654
-15.9163 128.631
-15.8795 128.626
-15.8431 128.624
-15.8067 128.622
-15.7697 128.614
-15.7332 128.61
-15.6973 128.614
-15.6611 128.614
-15.6243 128.608
-15.5866 128.593
-15.5495 128.584
-15.5131 128.582
-15.4772 128.585
-15.4413 128.589
-15.4051 128.589
-15.3685 128.585
-15.3327 128.589
-15.2963 128.587
-15.2591 128.578
-15.2231 128.58
-15.1874 128.586
-15.1514 128.587
-15.1148 128.584
-15.0785 128.584
-15.043 128.591
-15.007 128.593
-14.9707 128.593
-14.9345 128.593
-14.8981 128.591
-14.8617 128.589
-14.8258 128.593
-14.7901 128.599
-14.7535 128.595
-14.7157 128.578
-14.6791 128.574
-14.6434 128.58
-14.6079 128.587
-14.5733 128.607
-14.5398 128.637
-14.5034 128.635
-14.4663 128.626
-14.4297 128.622
-14.3938 128.626
-14.3571 128.62
-14.3213 128.626
-14.2859 128.635
-14.2507 128.647
-14.2147 128.651
-14.1788 128.654
-14.1431 128.66
-14.1071 128.664
-14.0709 128.664
-14.0351 128.67
-13.9993 128.676
-13.9647 128.695
-13.9296 128.708
-13.8941 128.718
-13.8583 128.723
-13.8229 128.733
-13.7876 128.745
-13.7515 128.746
-13.7157 128.752
-13.6805 128.766
-13.6447 128.771
-13.6082 128.769
-13.5716 128.766
-13.5363 128.777
-13.5025 128.808
-13.4672 128.819
-13.4314 128.825
-13.3958 128.835
-13.3613 128.856
-13.3256 128.863
-13.2901 128.873
-13.2558 128.898
-13.2204 128.91
-13.1853 128.925
-13.1499 128.936
-13.1148 128.952
-13.0794 128.963
-13.0447 128.984
-13.009 128.992
-12.975 129.021
-12.9411 129.052
-12.9055 129.061
-12.8692 129.063
-12.8342 129.081
-12.7997 129.104
-12.7641 129.113
-12.729 129.131
-12.6942 129.15
-12.66 129.179
-12.6254 129.202
-12.5895 129.208
-12.5538 129.217
-12.5202 129.254
-12.484 129.256
-12.4483 129.266
-12.4127 129.277
-12.3785 129.306
-12.3458 129.354
-12.3117 129.385
-12.2756 129.391
-12.2415 129.422
-12.2055 129.428
-12.1711 129.455
-12.1368 129.484
-12.1027 129.517
-12.0684 129.546
-12.0325 129.554
-11.998 129.581
-11.9621 129.589
-11.8936 129.651
-11.8606 129.699
-11.825 129.711
-11.7922 129.763
-11.7561 129.769
-11.6548 129.885
-11.5499 129.954
-11.5155 129.985
-11.4813 130.018
-11.4471 130.053
-11.4141 130.103
-11.3796 130.135
-11.2093 130.322
-11.1406 130.391
-11.106 130.42
-11.0716 130.455
-11.0388 130.512
-11.0056 130.565
-10.9711 130.598
-10.937 130.637
-10.8393 130.828
-10.8048 130.861
-10.7716 130.916
-10.7359 130.934
-10.7041 131.011
-10.6684 131.029
-10.573 131.264
-10.5402 131.327
-10.5054 131.361
-10.0192 134.351
