-24.8702 83.9027
-24.8434 83.8995
3.90883 150.466
3.95073 150.488
3.99221 150.491
4.03326 150.473
4.14332 149.829
4.29603 149.286
4.3369 149.274
4.37709 149.232
4.80475 148.262
4.84448 148.216
4.88382 148.155
4.92441 148.143
4.96441 148.109
5.2 147.758
5.27937 147.678
5.31811 147.605
5.35778 147.567
5.39842 147.562
5.43814 147.526
5.4777 147.485
5.51717 147.441
5.55698 147.41
5.59649 147.369
5.63504 147.297
5.67539 147.285
5.71521 147.256
5.75577 147.251
5.79543 147.217
5.83446 147.164
5.87211 147.068
5.91262 147.063
5.95321 147.061
5.9938 147.058
6.03337 147.025
6.07292 146.991
6.15255 146.941
6.1919 146.902
6.23156 146.874
6.27105 146.84
6.31117 146.826
6.35146 146.816
6.39116 146.79
6.43059 146.756
6.4706 146.739
6.51035 146.715
6.55001 146.689
6.59008 146.675
6.63022 146.663
6.66899 146.612
6.70903 146.598
6.74846 146.567
6.78822 146.545
6.82753 146.512
6.86789 146.507
6.90798 146.495
6.94798 146.481
6.98797 146.466
7.02705 146.428
7.06702 146.414
7.10698 146.4
7.14713 146.39
7.18736 146.383
7.22731 146.368
7.26687 146.344
7.30652 146.323
7.34654 146.311
7.38684 146.306
7.42676 146.292
7.46648 146.273
7.50686 146.27
7.54715 146.265
7.58743 146.261
7.62742 146.249
7.6676 146.242
7.70777 146.234
7.74765 146.22
7.78711 146.196
7.82707 146.184
7.86712 146.175
7.90727 146.167
7.94711 146.153
7.98571 146.11
8.0248 146.079
8.06492 146.072
8.10452 146.053
8.14548 146.065
8.18591 146.065
8.2274 146.088
8.2673 146.076
8.30784 146.079
8.34817 146.076
8.38817 146.067
8.42849 146.064
8.4687 146.059
8.50869 146.05
8.54933 146.055
8.58976 146.054
8.63052 146.061
8.66691 145.976
8.7125 146.085
8.7475 145.971
8.78745 145.962
8.94786 148.455
8.8725 146.049
8.91361 146.063
8.95392 146.061
8.99411 146.056
9.03442 146.054
9.07472 146.051
9.11538 146.056
9.15627 146.065
9.19681 146.067
9.23735 146.07
9.27814 146.077
9.31796 146.065
9.35789 146.055
9.39843 146.057
9.43885 146.057
9.47951 146.062
9.52055 146.074
9.56134 146.081
9.60176 146.081
9.64243 146.085
9.6831 146.09
9.72378 146.095
9.76432 146.097
9.80475 146.097
9.8453 146.099
9.887 146.123
9.92678 146.111
9.96708 146.108
10.0094 146.144
10.0508 146.16
10.0912 146.16
10.1317 146.16
10.1729 146.174
10.2149 146.203
10.2555 146.205
10.2962 146.21
10.338 146.233
10.3785 146.236
10.4191 146.238
10.46 146.245
10.5019 146.271
10.5429 146.28
10.5839 146.29
10.6248 146.297
10.6654 146.299
10.7072 146.323
10.7492 146.349
10.7905 146.363
10.8316 146.372
10.8724 146.379
10.9156 146.424
10.9568 146.436
10.9979 146.446
11.0393 146.462
11.0807 146.476
11.1232 146.51
11.1643 146.519
11.2065 146.548
11.2473 146.552
11.2886 146.564
11.331 146.595
11.3736 146.628
11.4154 146.65
11.4564 146.657
11.4977 146.669
11.5403 146.702
11.5829 146.735
11.6244 146.749
11.667 146.783
11.7097 146.816
11.751 146.828
11.7934 146.857
11.8361 146.89
11.878 146.909
11.9219 146.962
11.9635 146.976
12.005 146.99
12.0493 147.047
12.092 147.078
12.1334 147.09
12.1764 147.126
12.2197 147.167
12.2632 147.21
12.3064 147.248
12.349 147.277
12.3922 147.315
12.4355 147.354
12.4786 147.39
12.5241 147.462
12.5678 147.505
12.6095 147.519
12.6521 147.548
12.698 147.623
12.7435 147.693
12.7854 147.709
12.8307 147.774
12.8763 147.844
12.9183 147.861
12.964 147.931
13.01 148.006
13.0534 148.042
