-24.873 83.9158
-24.8439 83.9015
-7.97238 174.618
-7.92547 174.612
-7.72105 174.122
-7.67393 174.107
-7.62691 174.094
-7.03564 173.113
-6.98786 173.07
-6.94213 173.089
-6.65238 172.718
-6.60466 172.671
-6.55821 172.665
-6.51186 172.663
-6.17938 172.367
-6.13202 172.328
-6.08556 172.319
-6.03823 172.279
-5.99169 172.267
-5.94327 172.187
-5.66323 172.074
-5.61602 172.034
-5.56973 172.028
-5.52335 172.019
-5.47587 171.967
-5.42864 171.924
-5.3826 171.928
-5.33727 171.959
-5.29022 171.922
-5.24319 171.885
-5.19678 171.873
-5.14963 171.831
-5.10324 171.819
-5.05656 171.794
-5.01011 171.779
-4.96388 171.773
-4.91765 171.767
-4.87142 171.761
-4.82471 171.734
-4.77773 171.694
-4.7309 171.661
-4.68443 171.643
-4.6381 171.63
-4.59184 171.622
-4.54565 171.616
-4.4994 171.607
-4.45309 171.595
-4.40665 171.576
-4.36041 171.567
-4.3143 171.565
-4.26795 171.549
-4.2216 171.534
-4.17531 171.522
-4.1288 171.498
-4.08247 171.483
-4.03643 171.483
-3.99046 171.486
-3.94426 171.477
-3.89783 171.456
-3.85147 171.438
-3.80539 171.435
-3.75953 171.445
-3.71367 171.454
-3.66764 171.454
-3.62145 171.445
-3.57532 171.439
-3.5295 171.452
-3.48388 171.477
-3.43774 171.471
-3.39107 171.431
-3.34504 171.431
-3.29955 171.465
-3.25375 171.481
-3.20888 171.558
-3.16526 171.721
-3.11972 171.758
-3.07165 171.623
-3.02369 171.491
-2.97765 171.491
-2.93114 171.457
-2.88486 171.439
-2.83916 171.464
-2.79332 171.479
-2.74728 171.48
-2.70113 171.471
-2.65528 171.486
-2.60924 171.486
-2.56301 171.471
-2.51694 171.468
-2.4709 171.468
-2.42493 171.475
-2.37913 171.496
-2.33339 171.524
-2.28751 171.54
-2.24148 171.543
-2.19546 171.546
-2.14946 171.553
-2.10365 171.577
-2.05786 171.605
-2.0119 171.617
-1.96594 171.63
-1.92001 171.645
-1.87395 171.649
-1.82785 171.646
-1.78182 171.652
-1.73579 171.658
-1.68973 171.662
-1.64369 171.668
-1.59774 171.686
-1.55163 171.684
-1.50559 171.69
-1.45958 171.702
-1.41369 171.733
-1.36791 171.783
-1.32197 171.81
-1.27634 171.891
-1.23033 171.912
-1.18419 171.912
-1.13803 171.909
-1.09192 171.916
-1.04593 171.947
-0.999914 171.975
-0.953842 171.993
-0.907882 172.039
-0.861826 172.067
-0.815733 172.089
-0.769575 172.095
-0.723456 172.114
-0.677309 172.126
-0.631212 172.157
-0.585137 172.201
-0.53905 172.247
-0.492928 172.288
-0.446776 172.322
-0.400501 172.3
-0.354352 172.347
-0.308177 172.39
-0.261937 172.396
-0.215733 172.44
-0.169549 172.53
-0.123285 172.555
-0.0770014 172.558
-0.0307227 172.595
0.0155731 172.654
0.0618915 172.701
0.108226 172.738
0.15456 172.751
0.200961 172.831
0.247331 172.853
0.293736 172.894
0.340178 172.947
0.386649 173.003
0.433132 173.053
0.479622 173.096
0.52614 173.143
0.572687 173.193
0.619353 173.277
0.665865 173.299
0.712489 173.352
0.759246 173.437
