-38.1471 132.791
-38.1107 132.794
-37.4692 132.407
-37.2259 132.31
-37.1881 132.306
-37.1463 132.284
-37.1086 132.28
-37.0695 132.27
-36.8598 132.156
-36.8229 132.157
-36.7861 132.157
-36.7484 132.153
-36.6237 132.089
-36.5873 132.092
-36.5496 132.088
-36.5172 132.109
-36.4751 132.085
-36.4325 132.059
-36.3961 132.061
-36.3597 132.063
-36.3216 132.058
-36.283 132.05
-36.2458 132.048
-36.205 132.03
-36.1682 132.031
-36.1305 132.027
-36.0937 132.027
-36.0581 132.034
-36.0196 132.026
-35.9753 131.992
-35.9337 131.97
-35.896 131.966
-35.8579 131.96
-35.8202 131.957
-35.7795 131.939
-35.7431 131.941
-35.708 131.95
-35.6716 131.952
-35.6357 131.956
-35.5997 131.961
-35.5633 131.963
-35.5274 131.968
-35.4875 131.954
-35.4486 131.944
-35.4096 131.934
-35.371 131.926
-35.3316 131.915
-35.2978 131.929
-35.2618 131.933
-35.2254 131.936
-35.1899 131.942
-35.1548 131.951
-35.1226 131.973
-35.0871 131.98
-35.0489 131.974
-35.0112 131.97
-34.9744 131.971
-34.9388 131.977
-34.9032 131.984
-34.8655 131.98
-34.8295 131.984
-34.7965 132.003
-34.7596 132.003
-34.7219 131.999
-34.6833 131.992
-34.6452 131.986
-34.6045 131.968
-34.5672 131.966
-34.5379 132.003
-34.5057 132.026
-34.468 132.022
-34.4282 132.008
-34.3938 132.021
-34.3577 132.025
-34.3275 132.058
-34.2898 132.054
-34.2579 132.079
-34.2227 132.088
-34.1887 132.102
-34.1543 132.115
-34.1132 132.095
-34.0704 132.067
-34.0402 132.099
-34.0074 132.12
-33.973 132.133
-33.9393 132.149
-33.9082 132.178
-33.8725 132.185
-33.831 132.163
-33.7928 132.157
-33.7592 132.173
-33.7276 132.2
-33.6964 132.229
-33.6619 132.242
-33.6261 132.248
-33.5871 132.238
-33.5518 132.247
-33.5038 132.192
-33.459 132.154
-33.4172 132.13
-33.3823 132.14
-33.351 132.169
-33.3104 132.151
-33.2706 132.137
-33.2381 132.16
-33.1999 132.154
-33.1536 132.108
-33.1529 132.477
-33.1179 132.488
-33.0906 132.537
-33.0551 132.546
-33.0209 132.56
-32.9854 132.569
-32.9552 132.604
-32.9222 132.625
-32.8863 132.631
-32.8512 132.642
-32.8194 132.669
-32.7835 132.675
-32.7512 132.7
-32.7149 132.705
-32.6786 132.709
-32.6422 132.714
-32.6139 132.759
-32.5832 132.792
-32.5516 132.821
-32.524 132.871
-32.4893 132.884
-32.4533 132.89
-32.4213 132.917
-32.3921 132.959
-32.3581 132.975
-32.3272 133.009
-32.2952 133.036
-32.2592 133.042
-32.2232 133.049
-32.1915 133.078
-32.1602 133.109
-32.1293 133.142
-32.1019 133.194
-32.0658 133.201
-32.0298 133.207
-32.0035 133.265
-31.9694 133.282
-31.9427 133.338
-31.9074 133.349
-31.8795 133.399
-31.8434 133.406
-31.8084 133.418
-31.7766 133.448
-31.7455 133.481
-31.7164 133.525
-31.6845 133.554
-31.653 133.586
-31.6265 133.644
-31.5958 133.68
-31.5611 133.695
-31.5331 133.745
-31.5085 133.813
-31.4773 133.847
-31.4406 133.852
-31.4078 133.877
-31.377 133.913
-30.7736 134.931
-29.8502 134.195
-29.8182 134.227
-29.7946 134.307
-29.7901 134.496
-29.7812 134.659
-29.7726 134.826
-29.7629 134.986
-29.7834 135.536
-29.7488 135.556
