-6.7791 107.874
-6.7407 107.735
-6.70778 107.709
-6.15124 105.892
-6.11936 105.878
-6.08769 105.868
-5.68978 105.317
-5.65849 105.313
-5.46145 105.056
-5.42944 105.032
-5.39738 105.007
-5.36467 104.965
-5.33198 104.923
-5.30068 104.916
-5.26944 104.91
-5.23538 104.832
-5.2026 104.786
-5.17074 104.763
-5.07367 104.655
-5.0426 104.652
-5.01211 104.664
-4.97969 104.625
-4.9473 104.586
-4.91543 104.561
-4.85178 104.512
-4.81945 104.474
-4.78758 104.447
-4.75533 104.41
-4.72363 104.387
-4.69146 104.351
-4.43878 104.186
-4.40733 104.168
-4.37628 104.163
-4.34538 104.161
-4.3143 104.154
-4.28215 104.114
-4.25104 104.106
-4.21985 104.095
-4.18839 104.075
-4.15682 104.052
-4.12535 104.031
-4.09392 104.012
-4.06251 103.992
-4.0316 103.99
-4.00024 103.972
-3.96856 103.943
-3.93713 103.922
-3.90613 103.915
-3.8748 103.897
-3.8434 103.876
-3.81209 103.858
-3.7811 103.851
-3.74938 103.818
-3.71828 103.807
-3.68716 103.795
-3.65627 103.791
-3.6253 103.784
-3.59415 103.77
-3.56316 103.762
-3.53169 103.736
-3.50063 103.724
-3.4698 103.722
-3.43886 103.715
-3.40746 103.69
-3.37656 103.684
-3.3457 103.68
-3.31478 103.673
-3.28358 103.655
-3.25236 103.636
-3.22151 103.632
-3.19074 103.631
-3.1599 103.626
-3.12893 103.617
-3.09812 103.614
-3.06722 103.607
-3.0362 103.595
-3.00503 103.575
-2.97383 103.555
-2.9428 103.541
-2.91208 103.541
-2.88136 103.541
-2.8506 103.54
-2.81985 103.538
-2.78895 103.53
-2.75815 103.526
-2.72729 103.519
-2.69637 103.509
-2.66568 103.51
-2.63499 103.512
-2.60417 103.506
-2.57318 103.492
-2.54242 103.49
-2.5116 103.484
-2.48071 103.475
-2.4499 103.469
-2.41932 103.476
-2.38866 103.478
-2.35788 103.474
-2.327 103.465
-2.29608 103.452
-2.26523 103.444
-2.23444 103.438
-2.20374 103.438
-2.17304 103.438
-2.14231 103.437
-2.11159 103.435
-2.0808 103.43
-2.05002 103.424
-2.01924 103.419
-1.98856 103.42
-1.95803 103.431
-1.9274 103.435
-1.89664 103.431
-1.86576 103.419
-1.83493 103.409
-1.80449 103.427
-1.77405 103.446
-1.74357 103.462
-1.71283 103.459
-1.68197 103.447
-1.65118 103.44
-1.62051 103.443
-1.58976 103.439
-1.55898 103.432
-1.52814 103.419
-1.49733 103.41
-1.46668 103.414
-1.43604 103.418
-1.40536 103.419
-1.37466 103.419
-1.34405 103.427
-1.31341 103.433
-1.28277 103.438
-1.25213 103.443
-1.22148 103.449
-1.19073 103.443
-1.16009 103.45
-1.1295 103.462
-1.09899 103.484
-1.06832 103.49
-1.0376 103.488
-1.00687 103.485
-0.97612 103.48
-0.945351 103.472
-0.914695 103.478
-0.884084 103.492
-0.853505 103.511
-0.822827 103.516
-0.792146 103.522
-0.761522 103.537
-0.730802 103.537
-0.70009 103.538
-0.669392 103.542
-0.638685 103.545
-0.607956 103.543
-0.57728 103.553
-0.546638 103.571
-0.515963 103.583
-0.485272 103.592
-0.454571 103.601
-0.423832 103.599
-0.393094 103.598
-0.362399 103.61
-0.331723 103.631
-0.301027 103.647
-0.270302 103.655
-0.239544 103.65
-0.208823 103.662
-0.178092 103.671
-0.147359 103.682
-0.116623 103.695
-0.085874 103.7
-0.0551319 103.716
-0.0243734 103.719
0.00638352 103.729
0.037145 103.737
0.0679106 103.756
0.0986832 103.768
0.129462 103.782
0.160241 103.787
0.191029 103.8
0.221818 103.808
0.252628 103.829
0.283446 103.848
0.314261 103.861
0.345072 103.87
0.375886 103.878
0.406725 103.894
0.437583 103.915
0.468488 103.948
0.499341 103.96
0.530266 103.992
0.561115 103.999
0.59196 104.004
0.62282 104.012
0.653769 104.04
0.684653 104.051
0.715569 104.067
0.74643 104.071
0.777373 104.091
0.808333 104.111
0.839374 104.144
0.870338 104.162
0.90138 104.191
0.932399 104.215
0.963337 104.224
0.994337 104.242
1.02527 104.249
1.05631 104.271
1.08749 104.31
1.11868 104.347
1.14961 104.351
1.1807 104.373
1.21166 104.379
1.33645 104.501
1.36762 104.526
1.39879 104.548
1.42997 104.571
1.46097 104.576
1.49213 104.595
1.52333 104.617
1.55457 104.642
1.58596 104.68
1.61727 104.709
1.64871 104.748
1.6798 104.756
1.71132 104.799
1.74284 104.841
1.77416 104.865
1.8055 104.89
1.8687 104.976
1.90008 105.001
1.93144 105.024
1.96331 105.082
1.99503 105.129
2.02671 105.171
