-11.2149 140.098
-11.1736 140.058
-11.1343 140.052
-11.0923 140.001
-11.0492 139.933
-11.0076 139.89
-10.9645 139.822
-10.9218 139.759
-10.8807 139.722
-10.8375 139.65
-10.7961 139.608
-10.7553 139.573
-10.7148 139.545
-10.6736 139.506
-10.6304 139.432
-10.5879 139.369
-10.5472 139.336
-10.508 139.328
-10.4673 139.295
-10.425 139.234
-10.3856 139.221
-10.3447 139.184
-10.3043 139.154
-10.1803 139.018
-10.1398 138.985
-10.1011 138.983
-10.0604 138.948
-10.0201 138.918
-9.9795 138.884
-9.89799 138.808
-9.85819 138.786
-9.8201 138.795
-9.77885 138.748
-9.73677 138.685
-9.69749 138.672
-9.65858 138.666
-9.61847 138.638
-9.57802 138.603
-9.53782 138.573
-9.49893 138.566
-9.45911 138.543
-9.41988 138.53
-9.37972 138.5
-9.33981 138.474
-9.30084 138.465
-9.2606 138.433
-9.22049 138.403
-9.18177 138.399
-9.14202 138.375
-9.10307 138.366
-9.06436 138.362
-9.02486 138.343
-8.98425 138.302
-8.94566 138.3
-8.90685 138.293
-8.8676 138.278
-8.82814 138.259
-8.78836 138.233
-8.74913 138.218
-8.70959 138.197
-8.67092 138.193
-8.63107 138.165
-8.59197 138.152
-8.55321 138.145
-8.51465 138.143
-8.47589 138.137
-8.43671 138.122
-8.3967 138.09
-8.35754 138.075
-8.3189 138.07
-8.28036 138.068
-8.24121 138.053
-8.20238 138.045
-8.16334 138.032
-8.12421 138.017
-8.08558 138.012
-8.04686 138.006
-8.00784 137.993
-7.96893 137.982
-7.93012 137.974
-7.89131 137.965
-7.853 137.967
-7.81478 137.972
-7.77607 137.965
-7.73728 137.957
-7.69877 137.955
-7.66055 137.959
-7.62176 137.95
-7.58259 137.933
-7.54353 137.918
-7.50522 137.92
-7.46709 137.927
-7.42868 137.927
-7.39018 137.924
-7.35178 137.924
-7.31346 137.927
-7.27524 137.931
-7.2371 137.937
-7.19878 137.939
-7.16046 137.942
-7.12214 137.944
-7.08346 137.937
-7.04496 137.935
-7.00655 137.935
-6.96779 137.926
-6.92921 137.922
-6.89054 137.916
-6.85137 137.896
-6.81313 137.901
-6.7749 137.905
-6.73784 137.939
-6.70043 137.965
-6.66101 137.939
-6.62235 137.933
-6.58402 137.935
-6.54594 137.943
-6.50769 137.948
-6.46911 137.943
-6.43078 137.945
-6.3926 137.952
-6.35442 137.958
-6.31648 137.971
-6.27829 137.977
-6.24018 137.986
-6.20207 137.994
-6.16372 137.997
-6.12529 137.997
-6.08702 138.001
-6.04897 138.011
-6.01099 138.024
-5.97278 138.031
-5.93427 138.029
-5.89591 138.031
-5.85762 138.035
-5.81933 138.039
-5.78118 138.048
-5.74303 138.056
-5.70494 138.067
-5.66735 138.093
-5.62926 138.103
-5.59094 138.108
-5.55263 138.112
-5.51473 138.129
-5.47668 138.142
-5.4387 138.157
-5.40044 138.163
-5.36224 138.172
-5.32451 138.195
-5.28623 138.202
-5.24815 138.214
-5.21013 138.229
-5.17269 138.264
-5.13439 138.27
-5.09571 138.264
-5.05747 138.272
-5.01961 138.294
-4.98137 138.302
-4.94405 138.343
-4.90634 138.371
-4.86813 138.382
-4.83035 138.407
-4.79207 138.416
-4.75384 138.427
-4.71561 138.437
-4.67749 138.452
-4.63919 138.461
-4.60141 138.489
-4.56396 138.53
-4.52615 138.558
-4.48793 138.571
-4.44959 138.579
-4.41148 138.596
-4.37374 138.629
-4.33582 138.655
-4.29783 138.678
-4.25979 138.7
-4.22189 138.728
-4.18355 138.739
-4.14621 138.79
-4.10791 138.803
-4.06955 138.814
-4.03221 138.868
-3.99439 138.903
-3.9559 138.909
-3.91756 138.922
-3.88024 138.98
-3.84188 138.993
-3.80428 139.041
-3.76585 139.052
-3.72789 139.084
-3.68935 139.09
-3.6521 139.158
-3.61469 139.218
-3.57666 139.251
-3.53808 139.257
-3.50002 139.29
-3.462 139.325
-3.424 139.361
-3.3866 139.429
-3.34907 139.492
-3.31068 139.511
-3.27244 139.54
-3.23432 139.575
-3.1965 139.627
-3.15814 139.651
-3.12048 139.714
-3.08221 139.745
-3.04439 139.801
-3.00639 139.849
-2.9316 140.02
-2.89289 140.031
-2.85479 140.079
-2.81661 140.123
-2.7784 140.167
-2.74056 140.235
-2.70224 140.274
-2.66435 140.342
-2.62636 140.406
-2.58804 140.45
-2.55003 140.516
