-4.88141 138.798
-4.84137 138.773
-4.79941 138.681
-4.5949 138.39
-4.11018 137.837
-4.07014 137.799
-4.03058 137.782
-3.98985 137.714
-3.9494 137.658
-3.91014 137.651
-3.87018 137.614
-3.83088 137.606
-3.79119 137.58
-3.75132 137.545
-3.71137 137.506
-3.67101 137.447
-3.63124 137.415
-3.592 137.406
-3.55221 137.371
-3.51293 137.361
-3.47276 137.307
-3.4335 137.296
-3.39399 137.272
-3.35496 137.272
-3.31537 137.244
-3.2761 137.231
-3.23636 137.194
-3.1961 137.129
-3.15678 137.112
-3.11681 137.06
-3.07783 137.06
-3.03861 137.047
-2.99947 137.039
-2.96026 137.026
-2.92091 137.005
-2.8813 136.968
-2.84207 136.953
-2.80275 136.931
-2.76368 136.925
-2.72426 136.897
-2.68482 136.867
-2.64571 136.856
-2.60666 136.85
-2.56732 136.824
-2.52806 136.802
-2.48903 136.796
-2.44955 136.759
-2.41041 136.744
-2.37149 136.745
-2.33248 136.738
-2.29317 136.71
-2.25399 136.691
-2.21482 136.672
-2.17566 136.652
-2.13656 136.637
-2.09731 136.61
-2.05823 136.595
-2.01923 136.586
-1.98061 136.608
-1.94159 136.597
-1.9026 136.589
-1.86366 136.585
-1.82465 136.574
-1.78553 136.552
-1.74646 136.535
-1.70745 136.523
-1.66839 136.505
-1.62948 136.501
-1.59063 136.504
-1.55161 136.489
-1.51264 136.478
-1.47378 136.478
-1.43493 136.48
-1.39602 136.476
-1.35701 136.459
-1.31804 136.446
-1.27913 136.44
-1.24017 136.427
-1.20128 136.423
-1.16239 136.419
-1.12347 136.41
-1.08462 136.41
-1.04576 136.411
-1.00685 136.402
-0.967946 136.394
-0.929107 136.396
-0.89028 136.4
-0.851439 136.403
-0.812458 136.379
-0.773499 136.358
-0.734538 136.334
-0.695719 136.339
-0.65683 136.328
-0.618065 136.345
-0.579395 136.389
-0.540559 136.393
-0.501598 136.363
-0.462687 136.344
-0.423844 136.344
-0.385112 136.383
-0.346334 136.411
-0.307471 136.409
-0.268588 136.398
-0.229741 136.403
-0.190891 136.407
-0.152049 136.418
-0.11321 136.435
-0.0743498 136.44
-0.0354852 136.442
0.00338986 136.429
0.0422542 136.429
0.081116 136.445
0.119984 136.451
0.158857 136.462
0.197737 136.477
0.236616 136.482
0.275491 136.48
0.31437 136.482
0.35325 136.484
0.392142 136.493
0.431058 136.513
0.469965 136.523
0.508857 136.526
0.547766 136.535
0.586716 136.556
0.62563 136.563
0.664567 136.576
0.703481 136.58
0.742382 136.58
0.781307 136.587
0.820272 136.602
0.859289 136.628
0.898309 136.652
0.937236 136.655
0.976121 136.648
1.01503 136.646
1.05399 136.655
1.09305 136.681
1.13205 136.694
1.17103 136.703
1.21 136.709
1.24895 136.712
1.28791 136.716
1.32717 136.764
1.36634 136.794
1.4055 136.822
1.44454 136.833
1.48356 136.842
1.52274 136.868
1.56179 136.879
1.60082 136.886
1.64004 136.914
1.67929 136.945
1.71853 136.973
1.75777 136.999
1.79689 137.012
1.83617 137.041
1.87524 137.047
1.91456 137.078
1.95367 137.086
1.99304 137.119
2.03266 137.174
2.07182 137.185
2.11121 137.215
2.15063 137.248
2.18979 137.257
2.22921 137.287
2.26868 137.32
2.30824 137.359
2.34777 137.394
2.38694 137.401
2.42611 137.408
2.466 137.467
2.50549 137.495
2.54465 137.5
2.58388 137.508
2.62353 137.546
2.66348 137.603
2.70313 137.638
2.74283 137.675
2.78251 137.71
2.82174 137.714
3.02157 137.958
3.06126 137.987
3.10055 137.991
3.30065 138.212
3.34105 138.273
3.70684 138.873
3.74703 138.911
3.86985 139.124
3.91033 139.171
3.95112 139.231
3.99194 139.291
