-24.8726 83.9138
-24.8437 83.9005
-3.85021 139.707
-3.81056 139.678
-3.44695 139.051
-3.40781 139.038
-3.3677 138.974
-2.93185 138.485
-2.89287 138.472
-2.85317 138.416
-2.73486 138.285
-2.69594 138.272
-2.65635 138.216
-2.61722 138.188
-2.57839 138.179
-2.53912 138.14
-2.49992 138.105
-2.46122 138.103
-2.42217 138.077
-2.38331 138.064
-2.34378 138.002
-2.30454 137.958
-2.26523 137.908
-2.22648 137.9
-2.07068 137.796
-2.03201 137.792
-1.99333 137.786
-1.95444 137.762
-1.91549 137.732
-1.87654 137.699
-1.83783 137.689
-1.79889 137.656
-1.76026 137.652
-1.72133 137.617
-1.68263 137.605
-1.64372 137.57
-1.60499 137.553
-1.56625 137.533
-1.52757 137.521
-1.48898 137.516
-1.45035 137.508
-1.41158 137.482
-1.37276 137.448
-1.33411 137.435
-1.29539 137.411
-1.25665 137.383
-1.21803 137.37
-1.17944 137.36
-1.14088 137.355
-1.10234 137.351
-1.06376 137.342
-1.02518 137.332
-0.986535 137.31
-0.947987 137.304
-0.909488 137.306
-0.870988 137.308
-0.832391 137.291
-0.793832 137.28
-0.755268 137.268
-0.716719 137.257
-0.678096 137.227
-0.639568 137.218
-0.601053 137.212
-0.562525 137.201
-0.524009 137.193
-0.485515 137.191
-0.446994 137.178
-0.408488 137.169
-0.369981 137.159
-0.331453 137.135
-0.292959 137.124
-0.254486 137.124
-0.216019 137.129
-0.177536 137.12
-0.139056 137.112
-0.100584 137.109
-0.0621153 137.112
-0.0236443 137.11
0.0148259 137.105
0.0532947 137.103
0.0917645 137.105
0.130231 137.101
0.168696 137.097
0.207166 137.099
0.245631 137.097
0.284089 137.091
0.322552 137.088
0.361048 137.104
0.399561 137.123
0.438014 137.114
0.476509 137.123
0.515108 137.166
0.553612 137.173
0.592032 137.153
0.630268 137.085
0.668579 137.044
0.706992 137.033
0.745465 137.037
0.783978 137.05
0.822496 137.063
0.861042 137.08
0.899441 137.068
0.937938 137.074
0.976521 137.096
1.01505 137.106
1.05354 137.109
1.09202 137.111
1.13054 137.117
1.16902 137.119
1.20747 137.115
1.24594 137.115
1.28451 137.128
1.32305 137.137
1.36153 137.137
1.40002 137.139
1.43859 137.15
1.47722 137.167
1.5157 137.167
1.55419 137.167
1.59273 137.173
1.6313 137.182
1.66993 137.197
1.70857 137.212
1.74711 137.217
1.78565 137.221
1.82419 137.225
1.86282 137.238
1.90158 137.262
1.94023 137.275
1.97884 137.283
2.0174 137.288
2.05614 137.307
2.09468 137.309
2.13336 137.322
2.17201 137.333
2.21067 137.344
2.24928 137.35
2.28806 137.37
2.32679 137.385
2.36573 137.415
2.4043 137.417
2.44317 137.441
2.48212 137.469
2.52076 137.475
2.55913 137.462
2.598 137.484
2.63695 137.51
2.6756 137.516
2.71464 137.547
2.75334 137.555
2.79236 137.583
2.83104 137.59
2.86973 137.596
2.90881 137.627
2.94802 137.663
2.98762 137.722
3.02657 137.741
3.06525 137.746
3.10402 137.754
3.1433 137.791
3.18255 137.826
3.22138 137.837
3.2605 137.863
3.2993 137.871
3.33848 137.899
3.37792 137.941
3.41717 137.971
3.45601 137.98
3.49515 138.004
3.5343 138.028
3.57315 138.036
3.61327 138.106
3.65269 138.14
3.69175 138.158
3.73134 138.199
3.77024 138.208
3.80928 138.223
3.84886 138.262
3.88783 138.273
3.92734 138.308
3.96691 138.345
4.08656 138.491
4.28557 138.701
4.32586 138.76
4.36502 138.773
4.40485 138.813
4.44531 138.876
4.4858 138.94
4.52637 139.006
4.5656 139.019
4.60553 139.058
4.64705 139.157
4.68691 139.192
4.72685 139.23
4.76764 139.298
4.80853 139.368
4.93157 139.587
4.97214 139.642
5.01237 139.684
5.0966 139.897
