-20.2406 135.158
-20.0521 134.518
-19.6955 133.71
-19.6544 133.677
-19.616 133.667
-19.2549 133.119
-19.1624 132.959
-19.1228 132.937
-19.0852 132.933
-19.0447 132.903
-19 132.837
-18.9582 132.795
-18.9147 132.738
-18.8761 132.724
-18.8315 132.658
-18.7882 132.602
-18.7473 132.568
-18.7047 132.518
-18.6663 132.506
-18.6284 132.498
-18.5856 132.446
-18.545 132.414
-18.5042 132.38
-18.4608 132.322
-18.4227 132.312
-18.3826 132.284
-18.3421 132.252
-18.3014 132.218
-18.2583 132.162
-18.2194 132.144
-18.1801 132.122
-18.1407 132.1
-18.1025 132.088
-18.0627 132.063
-18.0223 132.031
-17.9846 132.023
-17.9448 131.997
-17.9047 131.967
-17.8667 131.957
-17.827 131.931
-17.7873 131.905
-17.747 131.874
-17.7072 131.846
-17.669 131.834
-17.631 131.824
-17.5891 131.776
-17.5484 131.741
-17.5105 131.731
-17.4732 131.727
-17.4345 131.709
-17.397 131.703
-17.358 131.683
-17.3203 131.675
-17.282 131.661
-17.2416 131.628
-17.2038 131.618
-17.1661 131.61
-17.1264 131.582
-17.0869 131.556
-17.0496 131.552
-17.0126 131.551
-16.9751 131.545
-16.9376 131.539
-16.8986 131.517
-16.8597 131.497
-16.8223 131.491
-16.7846 131.483
-16.7472 131.477
-16.709 131.464
-16.6692 131.434
-16.6319 131.43
-16.5947 131.426
-16.5565 131.412
-16.5173 131.389
-16.4799 131.383
-16.4427 131.379
-16.4061 131.381
-16.3685 131.373
-16.3312 131.369
-16.2938 131.363
-16.2562 131.355
-16.2185 131.345
-16.1801 131.329
-16.1427 131.324
-16.1057 131.322
-16.0689 131.322
-16.0323 131.324
-15.9945 131.314
-15.9579 131.316
-15.9195 131.3
-15.881 131.282
-15.844 131.28
-15.8076 131.284
-15.7706 131.282
-15.7334 131.278
-15.6966 131.278
-15.6598 131.278
-15.6224 131.272
-15.5852 131.269
-15.5486 131.271
-15.5122 131.274
-15.4754 131.275
-15.4382 131.271
-15.4012 131.269
-15.3647 131.273
-15.3281 131.275
-15.2913 131.275
-15.2545 131.275
-15.2176 131.275
-15.1808 131.275
-15.1437 131.271
-15.1067 131.269
-15.0702 131.273
-15.0339 131.279
-14.9978 131.287
-14.9613 131.291
-14.9243 131.289
-14.8877 131.291
-14.8523 131.306
-14.8172 131.326
-14.7809 131.332
-14.7443 131.334
-14.706 131.318
-14.6692 131.318
-14.6334 131.33
-14.5972 131.338
-14.5604 131.338
-14.5241 131.344
-14.4886 131.36
-14.4525 131.368
-14.4156 131.368
-14.3781 131.36
-14.3405 131.352
-14.304 131.356
-14.2694 131.382
-14.2337 131.396
-14.1977 131.406
-14.1609 131.406
-14.1242 131.408
-14.0886 131.424
-14.0533 131.441
-14.0176 131.455
-13.9819 131.469
-13.9455 131.475
-13.9085 131.473
-13.8722 131.481
-13.8362 131.491
-13.8004 131.505
-13.7639 131.509
-13.7277 131.517
-13.6917 131.529
-13.6562 131.545
-13.6201 131.555
-13.5848 131.574
-13.5492 131.59
-13.514 131.612
-13.4786 131.63
-13.4426 131.642
-13.4075 131.664
-13.3717 131.678
-13.3357 131.69
-13.3002 131.708
-13.2643 131.722
-13.2288 131.739
-13.1925 131.747
-13.1563 131.757
-13.121 131.777
-13.0856 131.797
-13.0495 131.809
-13.0146 131.835
-12.9792 131.855
-12.9427 131.861
-12.908 131.891
-12.8719 131.903
-12.8374 131.935
-12.8027 131.965
-12.7665 131.974
-12.7299 131.98
-12.6966 132.028
-12.6603 132.038
-12.6251 132.062
-12.5899 132.086
-12.5538 132.098
-12.5191 132.13
-12.4843 132.16
-12.4495 132.19
-12.4144 132.216
-12.3779 132.224
-12.3432 132.256
-12.3069 132.266
-12.2731 132.31
-12.2367 132.32
-12.2021 132.354
-12.1673 132.386
-12.1339 132.436
-12.0976 132.449
-12.0628 132.481
-12.0263 132.489
-11.9912 132.517
-11.9582 132.575
-11.9235 132.609
-11.8886 132.641
-11.8534 132.669
-11.8203 132.726
-11.7841 132.74
-11.7488 132.768
-11.7138 132.798
-11.6788 132.83
-11.6443 132.869
-11.6105 132.919
-11.5747 132.939
-11.5414 132.996
-11.5056 133.018
-11.469 133.028
-11.4358 133.087
-11.4031 133.153
-11.3682 133.19
-11.3333 133.224
-11.2998 133.281
-11.2651 133.319
-11.2302 133.356
-11.1966 133.413
-11.1618 133.451
-11.1272 133.492
-11.0937 133.551
-11.0603 133.612
-11.0268 133.671
-10.9916 133.705
-10.9583 133.768
-10.9253 133.836
-10.8918 133.897
-10.8277 134.066
-10.7946 134.134
-10.7589 134.163
-10.7237 134.199
-10.6919 134.29
-10.66 134.38
-10.6259 134.435
-10.25 136.314
