-11.3508 147.393
-11.0805 147.007
-10.3825 146.296
-10.3391 146.253
-10.2962 146.217
-10.2513 146.148
-10.208 146.105
-10.1669 146.1
-10.1246 146.077
-10.0823 146.05
-10.0409 146.041
-9.99933 146.03
-9.95492 145.965
-9.91196 145.927
-9.86967 145.901
-9.82817 145.889
-9.78552 145.856
-9.74249 145.816
-9.7 145.785
-9.65865 145.776
-9.61605 145.743
-9.57472 145.734
-9.53202 145.698
-9.48945 145.665
-9.44839 145.66
-9.40746 145.658
-9.36627 145.651
-9.32399 145.623
-9.28002 145.561
-9.23837 145.545
-9.19577 145.51
-9.15486 145.507
-9.11264 145.479
-9.07174 145.477
-9.03073 145.473
-8.98936 145.461
-8.94729 145.435
-8.90523 145.409
-8.86376 145.395
-8.82276 145.391
-8.7805 145.36
-8.73836 145.332
-8.69715 145.323
-8.65639 145.323
-8.61609 145.333
-8.57589 145.345
-8.53311 145.302
-8.49158 145.286
-8.44994 145.267
-8.40864 145.256
-8.36724 145.242
-8.32551 145.221
-8.28455 145.216
-8.24252 145.188
-8.20049 145.16
-8.15976 145.16
-8.11893 145.158
-8.07745 145.141
-8.03641 145.135
-7.99495 145.118
-7.9536 145.104
-7.91256 145.098
-7.87184 145.098
-7.83091 145.093
-7.79009 145.091
-7.74957 145.096
-7.70875 145.094
-7.66792 145.092
-7.62699 145.088
-7.58547 145.069
-7.54426 145.057
-7.50334 145.053
-7.46242 145.048
-7.42161 145.046
-7.38118 145.054
-7.34026 145.049
-7.29906 145.038
-7.25815 145.033
-7.21724 145.029
-7.17529 144.998
-7.13345 144.97
-7.09312 144.98
-7.05213 144.973
-7.01114 144.966
-6.96951 144.942
-6.92899 144.947
-6.88882 144.962
-6.84946 144.998
-6.81043 145.043
-6.76828 145.005
-6.72412 144.913
-6.66809 144.5
-6.62514 144.436
-6.60139 144.897
-6.5612 144.912
-6.52127 144.933
-6.48166 144.964
-6.44255 145.01
-6.40223 145.022
-6.3615 145.022
-6.32118 145.034
-6.27961 145.011
-6.23921 145.021
-6.2001 145.068
-6.16072 145.109
-6.12061 145.128
-6.08088 145.159
-6.03987 145.152
-5.99886 145.146
-5.95864 145.162
-5.91857 145.184
-5.87786 145.187
-5.83701 145.185
-5.79638 145.19
-5.75597 145.202
-5.71564 145.216
-5.67507 145.224
-5.6348 145.24
-5.59466 145.262
-5.55459 145.286
-5.51422 145.301
-5.47376 145.313
-5.43309 145.318
-5.39298 145.342
-5.35237 145.349
-5.31162 145.352
-5.27162 145.381
-5.23127 145.398
-5.19071 145.407
-5.14993 145.41
-5.10956 145.427
-5.06979 145.465
-5.02939 145.482
-4.98906 145.502
-4.94891 145.528
-4.90882 145.557
-4.86826 145.569
-4.82776 145.584
-4.78701 145.589
-4.74618 145.591
-4.7061 145.623
-4.66613 145.659
-4.62602 145.69
-4.5859 145.721
-4.5451 145.726
-4.50496 145.758
-4.46438 145.772
-4.42451 145.815
-4.38443 145.852
-4.34423 145.883
-4.30333 145.886
-4.26255 145.893
-4.22237 145.927
-4.18223 145.963
-4.14148 145.973
-4.10115 146.002
-4.06086 146.033
-3.98078 146.12
-3.94055 146.156
-3.89979 146.169
-3.8601 146.231
-3.81926 146.241
-3.77888 146.273
-3.73862 146.311
-3.69835 146.35
-3.65753 146.362
-3.61704 146.391
-3.57663 146.425
-3.37572 146.668
-3.33521 146.702
-3.29432 146.717
-3.25426 146.777
-3.21431 146.845
-3.17334 146.857
-3.13292 146.901
-3.09305 146.979
-2.9324 147.237
-2.89137 147.252
-2.85064 147.286
-2.56944 147.829
-2.52828 147.847
-1.91975 149.004
-1.87807 149.002
