-24.8707 83.9047
-24.8439 83.9015
-1.04653 134.589
-0.475486 133.74
-0.437751 133.734
-0.211084 133.464
-0.173384 133.427
-0.135693 133.382
-0.0980466 133.372
-0.0603936 133.339
0.0148689 133.276
0.165214 133.134
0.202738 133.077
0.240306 133.073
0.277872 133.069
0.315397 133.042
0.352902 133.011
0.390444 133.003
0.427868 132.948
0.502772 132.883
0.540278 132.874
0.577646 132.825
0.615151 132.821
0.652615 132.807
0.689824 132.729
0.727287 132.721
0.764685 132.699
0.802148 132.693
0.839609 132.687
0.877036 132.675
0.914382 132.648
0.951762 132.63
0.989181 132.62
1.02647 132.589
1.06377 132.561
1.10115 132.548
1.13849 132.53
1.17587 132.52
1.21311 132.489
1.25049 132.479
1.28775 132.455
1.32512 132.447
1.36248 132.437
1.39967 132.406
1.43696 132.39
1.47428 132.378
1.51156 132.361
1.54876 132.337
1.58606 132.325
1.6234 132.317
1.66073 132.309
1.69791 132.286
1.73524 132.278
1.77258 132.272
1.80989 132.264
1.8472 132.256
1.88453 132.25
1.92172 132.232
1.95895 132.218
1.9963 132.214
2.03371 132.216
2.07095 132.203
2.10819 132.191
2.14547 132.183
2.18272 132.173
2.22 132.165
2.25719 132.151
2.2944 132.139
2.33166 132.131
2.36901 132.129
2.40632 132.124
2.44349 132.11
2.48071 132.1
2.51789 132.088
2.5552 132.084
2.59259 132.086
2.62995 132.086
2.66725 132.082
2.70451 132.076
2.74174 132.068
2.77904 132.064
2.81636 132.062
2.85375 132.064
2.89094 132.054
2.92822 132.05
2.96561 132.052
3.00297 132.052
3.04029 132.05
3.07757 132.046
3.11492 132.046
3.15258 132.062
3.18974 132.052
3.2266 132.025
3.26453 132.056
3.3015 132.036
3.33869 132.028
3.37592 132.021
3.41339 132.028
3.45082 132.032
3.48829 132.038
3.5256 132.036
3.563 132.038
3.60061 132.05
3.63818 132.06
3.67544 132.056
3.71258 132.046
3.74989 132.044
3.78733 132.048
3.82468 132.048
3.86203 132.048
3.89962 132.058
3.93707 132.062
3.97442 132.062
4.01183 132.064
4.04918 132.064
4.08644 132.06
4.12394 132.066
4.1617 132.082
4.19921 132.088
4.23672 132.094
4.27433 132.104
4.31216 132.123
4.34984 132.135
4.38726 132.137
4.42463 132.137
4.46232 132.149
4.50018 132.167
4.53782 132.177
4.57542 132.186
4.61263 132.179
4.65012 132.184
4.68784 132.196
4.7255 132.206
4.76317 132.216
4.80158 132.252
4.83956 132.273
4.87707 132.277
4.91464 132.283
4.9521 132.285
4.98968 132.291
5.02738 132.301
5.06526 132.317
5.10297 132.328
5.14081 132.342
5.1794 132.38
5.21731 132.397
5.25499 132.405
5.2931 132.427
5.33066 132.431
5.36873 132.451
5.40655 132.464
5.44522 132.502
5.48319 132.519
5.5209 132.527
5.55868 132.537
5.59693 132.561
5.63526 132.588
5.67306 132.598
5.7112 132.618
5.74956 132.645
5.78752 132.659
5.82596 132.688
5.86436 132.714
5.90269 132.739
5.94061 132.751
5.9786 132.765
6.01761 132.808
6.05555 132.82
6.09415 132.851
6.13261 132.877
6.17065 132.892
6.20966 132.933
6.24786 132.951
6.28705 132.996
6.32497 133.006
6.36313 133.023
6.40259 133.074
6.44077 133.09
6.4805 133.148
6.51941 133.183
6.55778 133.203
6.59584 133.215
6.63549 133.269
6.67461 133.308
6.71335 133.336
6.75137 133.347
6.79094 133.396
6.83029 133.439
6.86957 133.48
6.90954 133.538
6.94929 133.59
6.98763 133.606
7.02656 133.637
7.0656 133.67
7.10542 133.722
7.14509 133.769
7.18539 133.831
7.2245 133.864
7.26345 133.893
7.30382 133.955
7.34458 134.026
7.38403 134.065
7.4244 134.125
7.46479 134.185
7.5034 134.204
