0.280623 141.569
0.917165 140.763
0.95685 140.732
0.996521 140.7
1.07571 140.617
1.11517 140.556
1.15477 140.524
1.19447 140.511
1.23402 140.475
1.27354 140.437
1.31292 140.38
1.35244 140.347
1.3921 140.335
1.43156 140.297
1.47103 140.264
1.51051 140.232
1.5501 140.217
1.58934 140.16
1.62899 140.154
1.66863 140.147
1.70803 140.114
1.74745 140.084
1.78682 140.051
1.82641 140.042
1.86577 140.011
1.90533 140
1.9446 139.961
1.98414 139.95
2.02368 139.939
2.06326 139.933
2.10263 139.908
2.1421 139.892
2.18106 139.834
2.22058 139.825
2.25991 139.801
2.29945 139.794
2.33845 139.745
2.37783 139.727
2.41729 139.716
2.4563 139.672
2.49577 139.663
2.5353 139.658
2.57492 139.661
2.61452 139.661
2.65366 139.63
2.69288 139.605
2.73189 139.567
2.77133 139.558
2.81093 139.561
2.85046 139.559
2.88979 139.543
2.92889 139.514
2.96812 139.494
3.0076 139.49
3.04715 139.49
3.08655 139.481
3.12553 139.448
3.16464 139.423
3.20402 139.414
3.24348 139.41
3.28305 139.412
3.32263 139.415
3.36212 139.413
3.40145 139.401
3.44034 139.368
3.47948 139.348
3.51874 139.335
3.55817 139.331
3.59764 139.328
3.63684 139.313
3.67635 139.313
3.71586 139.313
3.75514 139.302
3.79446 139.293
3.83392 139.291
3.87333 139.287
3.91264 139.278
3.95146 139.247
3.99061 139.231
4.03 139.227
4.06934 139.22
4.10852 139.207
4.1478 139.198
4.18697 139.185
4.22723 139.218
4.26656 139.212
4.30615 139.216
4.34623 139.241
4.38566 139.239
4.42483 139.226
4.46475 139.243
4.50463 139.259
4.54457 139.277
4.58362 139.259
4.62271 139.244
4.66232 139.248
4.70186 139.251
4.74147 139.255
4.78114 139.262
4.82063 139.262
4.86036 139.271
4.89998 139.275
4.93972 139.284
4.9794 139.291
5.0189 139.291
5.05839 139.291
5.09789 139.291
5.13758 139.298
5.17733 139.307
5.21728 139.323
5.25685 139.325
5.29662 139.334
5.33705 139.365
5.37689 139.377
5.41607 139.366
5.45551 139.363
5.49516 139.368
5.53515 139.384
5.57536 139.406
5.61529 139.419
5.65481 139.419
5.69469 139.431
5.73364 139.413
5.7733 139.417
5.81361 139.442
5.85343 139.451
5.89339 139.464
5.93433 139.507
5.97431 139.52
6.01377 139.518
6.05346 139.523
6.09293 139.521
6.13262 139.525
6.17377 139.572
6.21371 139.583
6.25357 139.592
6.29344 139.601
6.333 139.601
6.37334 139.624
6.41354 139.642
6.45496 139.693
6.49485 139.702
6.53435 139.7
6.57499 139.729
6.61498 139.74
6.65548 139.765
6.69615 139.794
6.73617 139.805
6.77703 139.839
6.8174 139.859
6.85804 139.886
6.89842 139.906
6.93934 139.94
6.97931 139.949
7.01912 139.954
7.06006 139.987
7.10085 140.017
7.14085 140.026
7.18085 140.035
7.22167 140.064
7.26159 140.071
7.42566 140.203
7.46702 140.244
7.50831 140.282
7.55055 140.343
7.63188 140.388
7.67189 140.395
7.71276 140.422
8.17069 140.886
8.21123 140.902
8.25271 140.938
9.30142 142.76
