18.7033 126.425
18.7394 126.423
18.7735 126.404
18.8072 126.381
18.9262 127.089
18.9604 127.07
18.9982 127.081
19.1669 125.745
19.1893 125.63
19.2177 125.566
19.2463 125.504
19.2747 125.44
19.3008 125.357
19.33 125.301
19.3588 125.241
19.3868 125.175
19.4149 125.109
19.4438 125.051
19.4727 124.993
19.5013 124.934
19.5278 124.857
19.5615 124.838
19.5877 124.76
19.6163 124.7
19.6471 124.659
19.8256 124.366
19.8544 124.31
19.8851 124.269
19.9146 124.219
19.9462 124.186
19.9786 124.16
20.0097 124.123
20.0412 124.09
20.072 124.051
20.104 124.022
20.1348 123.983
20.1632 123.926
20.1918 123.87
20.2235 123.839
20.2558 123.813
20.2865 123.775
20.3181 123.743
20.3502 123.716
20.3821 123.686
20.4136 123.655
20.4454 123.626
20.477 123.595
20.5066 123.549
20.5403 123.534
20.5699 123.488
20.6019 123.461
20.6334 123.43
20.6646 123.397
20.6994 123.391
20.7314 123.364
20.7631 123.334
20.7935 123.296
20.8256 123.27
20.8604 123.265
20.8918 123.234
20.9247 123.214
20.9536 123.165
20.9854 123.137
21.0199 123.13
21.0515 123.101
21.083 123.072
21.1138 123.037
21.1434 122.993
21.1781 122.988
21.2126 122.981
21.2451 122.959
21.2775 122.937
21.3112 122.924
21.344 122.904
21.3781 122.895
21.4118 122.883
21.4435 122.855
21.4767 122.839
21.5071 122.803
21.5397 122.783
21.5716 122.757
21.6045 122.739
21.6394 122.736
21.6737 122.729
21.7079 122.72
21.7399 122.696
21.771 122.665
21.8013 122.629
21.8362 122.625
21.8707 122.62
21.9051 122.613
21.9394 122.606
21.9717 122.584
22.0034 122.559
22.0367 122.544
22.0685 122.519
22.1015 122.503
22.1365 122.501
22.1708 122.494
22.2023 122.466
22.2332 122.436
22.2649 122.41
22.2989 122.401
22.3341 122.402
22.3692 122.4
22.4021 122.384
22.4348 122.366
22.4688 122.357
22.503 122.349
22.5385 122.351
22.5746 122.357
22.6111 122.366
22.6467 122.368
22.6793 122.35
22.7083 122.306
22.7401 122.283
22.7756 122.285
22.8106 122.283
22.8434 122.267
22.8768 122.254
22.911 122.247
22.9449 122.238
22.9807 122.242
23.0161 122.244
23.0506 122.238
23.0853 122.235
23.1216 122.242
23.1552 122.231
23.1866 122.206
23.2227 122.211
23.2584 122.215
23.295 122.224
23.3272 122.204
23.3587 122.179
23.393 122.174
23.4299 122.185
23.4673 122.199
23.5025 122.199
23.536 122.188
23.5701 122.181
23.6048 122.178
23.6383 122.167
23.6727 122.162
23.7076 122.16
23.7436 122.165
23.778 122.16
23.8118 122.151
23.8481 122.158
23.8839 122.162
23.9182 122.157
23.9528 122.153
23.9877 122.151
24.0221 122.146
24.0584 122.153
24.0944 122.159
24.1293 122.157
24.165 122.161
24.2022 122.173
24.2396 122.188
24.2756 122.193
24.3102 122.19
24.3451 122.188
24.3792 122.181
24.4141 122.179
24.4515 122.193
24.4856 122.186
24.5202 122.183
24.5556 122.184
24.5919 122.192
24.628 122.197
24.6657 122.213
24.7006 122.212
24.7355 122.21
24.7715 122.215
24.8078 122.223
24.8468 122.246
24.8822 122.248
24.9171 122.246
24.9555 122.266
24.9909 122.268
25.0261 122.268
25.0622 122.273
25.0985 122.281
25.1369 122.301
25.1727 122.304
25.2078 122.304
25.246 122.322
25.2817 122.326
25.3187 122.337
25.3577 122.36
25.3937 122.366
25.4289 122.366
25.4668 122.382
25.5029 122.388
25.5416 122.409
25.5774 122.413
25.6164 122.437
25.6528 122.444
25.6883 122.446
25.7247 122.453
25.768 122.502
25.8035 122.504
25.8387 122.504
25.8778 122.527
25.9142 122.534
25.9534 122.558
25.9892 122.562
26.025 122.565
26.0638 122.587
26.1036 122.614
26.1409 122.627
26.2202 122.68
26.2558 122.681
26.2959 122.71
26.3354 122.736
26.3752 122.763
26.412 122.772
26.4503 122.79
26.4868 122.798
26.527 122.827
26.5666 122.852
26.6025 122.856
26.6418 122.88
26.6817 122.907
26.7272 122.967
26.7675 122.996
26.8046 123.007
26.8477 123.053
26.8883 123.084
26.9255 123.094
26.9677 123.135
27.0046 123.144
27.0844 123.197
27.1247 123.226
27.1661 123.261
27.2109 123.315
27.2469 123.319
27.2864 123.343
