1.58948 167.588
1.6342 167.559
1.67915 167.561
1.72408 167.561
1.80452 166.447
1.8481 166.32
1.89232 166.271
2.63103 164.675
2.6751 164.658
2.71878 164.612
2.76181 164.519
2.80491 164.433
2.84851 164.388
2.89175 164.317
2.93563 164.294
2.97918 164.249
3.02279 164.209
3.06634 164.166
3.10987 164.124
3.15386 164.112
3.19737 164.07
3.2408 164.025
3.28413 163.974
3.32703 163.897
3.41324 163.776
3.45713 163.764
3.50078 163.739
3.54466 163.727
3.58795 163.682
3.63172 163.665
3.67502 163.623
3.7183 163.58
3.76084 163.499
3.80413 163.459
3.84799 163.451
3.892 163.45
3.93569 163.433
3.97904 163.399
4.02288 163.391
4.06609 163.351
4.10918 163.306
4.15264 163.281
4.19558 163.23
4.23942 163.224
4.28327 163.219
4.32705 163.21
4.37028 163.176
4.41381 163.156
4.45702 163.122
4.50077 163.114
4.54401 163.083
4.58763 163.069
4.63091 163.04
4.67464 163.032
4.71856 163.031
4.76234 163.026
4.80553 162.995
4.8491 162.98
4.8924 162.955
4.93596 162.941
4.97951 162.927
5.02264 162.896
5.06589 162.87
5.10963 162.864
5.1533 162.856
5.19695 162.847
5.24068 162.841
5.28441 162.835
5.32776 162.816
5.3714 162.807
5.41482 162.79
5.45822 162.773
5.50147 162.751
5.54532 162.75
5.58932 162.755
5.63263 162.736
5.67577 162.71
5.71921 162.696
5.7632 162.701
5.8072 162.707
5.85095 162.704
5.89454 162.695
5.93813 162.686
5.98122 162.661
6.02454 162.644
6.06803 162.633
6.11201 162.638
6.15591 162.64
6.20007 162.651
6.2444 162.667
6.28753 162.645
6.33056 162.62
6.37166 162.533
6.41219 162.43
6.46092 162.585
6.50616 162.629
6.55015 162.635
6.59278 162.598
6.6363 162.59
6.68148 162.631
6.72529 162.631
6.76761 162.586
6.81103 162.574
6.85529 162.588
6.89966 162.604
6.94346 162.604
6.98754 162.612
7.03182 162.626
7.07631 162.645
7.12011 162.644
7.16382 162.641
7.20742 162.635
7.25082 162.624
7.29482 162.629
7.33963 162.657
7.38445 162.684
7.42836 162.687
7.47144 162.667
7.51463 162.65
7.55967 162.683
7.60411 162.699
7.64812 162.704
7.69214 162.71
7.73627 162.718
7.78073 162.734
7.82486 162.742
7.86867 162.742
7.91216 162.733
7.95685 162.755
8.00132 162.771
8.04558 162.782
8.08996 162.795
8.13467 162.817
8.17895 162.828
8.22311 162.836
8.26717 162.841
8.31191 162.863
8.35736 162.902
8.40189 162.918
8.44608 162.926
8.49028 162.934
8.53518 162.959
8.57938 162.967
8.62406 162.986
8.6684 162.997
8.71285 163.01
8.75731 163.024
8.80311 163.068
8.84771 163.085
8.89232 163.101
8.9373 163.126
8.98242 163.153
9.02717 163.173
9.07168 163.186
9.11683 163.214
9.1611 163.222
9.20563 163.235
9.25247 163.299
9.29702 163.313
9.34273 163.352
9.3873 163.365
9.43305 163.404
9.56893 163.49
9.66069 163.57
9.70653 163.609
9.75103 163.62
9.79663 163.653
9.84129 163.667
9.88732 163.708
9.93501 163.784
9.97984 163.8
10.0262 163.848
10.0726 163.895
10.1187 163.937
10.1651 163.984
10.2114 164.029
10.2573 164.065
10.6311 164.471
10.9648 164.93
11.0135 165.012
11.0628 165.106
11.1102 165.162
11.1602 165.267
