-24.87 83.9017
-24.8434 83.8995
-17.6979 114.529
-17.6624 114.51
-17.0326 113.941
-16.8508 113.797
-16.8169 113.789
-16.7069 113.693
-16.673 113.686
-16.6373 113.662
-16.6012 113.634
-16.5633 113.591
-16.528 113.571
-16.4967 113.585
-16.463 113.579
-16.4256 113.539
-16.3876 113.494
-16.354 113.488
-16.214 113.415
-16.1804 113.409
-16.1455 113.391
-16.1121 113.386
-16.0778 113.374
-16.0397 113.328
-16.0028 113.291
-15.9717 113.307
-15.9389 113.309
-15.9051 113.301
-15.8681 113.263
-15.8345 113.256
-15.7993 113.236
-15.7663 113.234
-15.7327 113.228
-15.6979 113.21
-15.6645 113.206
-15.6306 113.196
-15.596 113.18
-15.5614 113.165
-15.528 113.16
-15.494 113.149
-15.459 113.13
-15.4255 113.123
-15.3923 113.12
-15.3579 113.106
-15.324 113.097
-15.2896 113.082
-15.2561 113.076
-15.2216 113.06
-15.1879 113.052
-15.1547 113.049
-15.1208 113.04
-15.0875 113.035
-15.0543 113.032
-15.0209 113.027
-14.9874 113.021
-14.9542 113.018
-14.9197 113.002
-14.8851 112.984
-14.8517 112.98
-14.8185 112.977
-14.785 112.97
-14.7515 112.964
-14.7182 112.959
-14.6849 112.955
-14.6518 112.953
-14.6187 112.95
-14.5855 112.947
-14.5515 112.936
-14.5185 112.934
-14.4869 112.947
-14.4558 112.964
-14.4226 112.961
-14.3879 112.942
-14.3538 112.929
-14.3203 112.923
-14.2876 112.925
-14.255 112.928
-14.2217 112.923
-14.1885 112.92
-14.156 112.923
-14.1233 112.925
-14.0904 112.925
-14.0577 112.927
-14.0255 112.933
-13.9929 112.936
-13.9602 112.938
-13.9284 112.949
-13.8958 112.952
-13.8626 112.949
-13.8287 112.938
-13.7954 112.933
-13.7625 112.933
-13.7299 112.936
-13.6975 112.941
-13.666 112.955
-13.6337 112.962
-13.6007 112.96
-13.5682 112.965
-13.5367 112.979
-13.5041 112.982
-13.4709 112.979
-13.4385 112.984
-13.405 112.978
-13.3714 112.97
-13.3388 112.973
-13.3079 112.995
-13.2759 113.005
-13.2434 113.01
-13.2102 113.006
-13.1779 113.013
-13.1456 113.019
-13.1133 113.025
-13.0806 113.029
-13.0483 113.035
-13.016 113.041
-12.9837 113.049
-12.9511 113.053
-12.9178 113.048
-12.8853 113.053
-12.8542 113.073
-12.8224 113.086
-12.7902 113.094
-12.7581 113.103
-12.7264 113.118
-12.6935 113.118
-12.6605 113.118
-12.6283 113.126
-12.596 113.134
-12.5638 113.142
-12.5322 113.158
-12.4996 113.162
-12.4672 113.169
-12.4352 113.18
-12.4035 113.194
-12.3716 113.207
-12.3403 113.226
-12.3083 113.237
-12.2752 113.236
-12.2426 113.24
-12.2115 113.263
-12.1796 113.276
-12.1479 113.291
-12.1168 113.314
-12.0838 113.314
-12.0512 113.319
-12.0189 113.327
-11.9868 113.338
-11.9554 113.357
-11.924 113.378
-11.8917 113.386
-11.8595 113.395
-11.828 113.414
-11.7963 113.43
-11.7638 113.437
-11.7333 113.469
-11.7017 113.486
-11.67 113.504
-11.6382 113.518
-11.6061 113.531
-11.5738 113.541
-11.5424 113.561
-11.5113 113.585
-11.479 113.595
-11.4468 113.606
-11.4148 113.621
-11.3846 113.657
-11.3528 113.673
-11.3212 113.693
-11.2897 113.714
-11.2586 113.739
-11.2272 113.762
-11.1952 113.776
-11.1647 113.81
-11.1325 113.823
-11.1011 113.845
-11.0697 113.868
-11.0384 113.892
-11.0062 113.905
-10.9747 113.927
-10.9434 113.951
-10.9123 113.979
-10.8809 114.003
-10.8497 114.028
-10.8184 114.054
-10.7872 114.082
-10.7557 114.104
-10.7245 114.132
-10.6934 114.161
-10.6629 114.198
-10.6305 114.209
-10.6004 114.251
-10.5691 114.278
-10.5365 114.286
-10.5047 114.307
-10.4725 114.322
-10.4425 114.367
-10.4142 114.437
-10.3827 114.463
-10.3511 114.485
-10.3185 114.495
-10.2871 114.523
-10.2569 114.566
-10.2258 114.599
-10.1944 114.626
-10.1646 114.677
-10.1346 114.725
-10.104 114.764
-10.0718 114.781
-10.0415 114.826
-10.0113 114.872
-9.97866 114.883
-9.94726 114.913
-9.91828 114.978
-9.88883 115.036
-9.8588 115.087
-9.82636 115.102
-9.79576 115.144
-9.76579 115.196
-9.73721 115.27
-9.70827 115.339
-9.67608 115.358
-9.64549 115.403
-9.61531 115.453
-9.58543 115.509
-9.55541 115.563
-9.52538 115.618
-9.49638 115.688
-9.46662 115.748
-9.4362 115.797
-9.40481 115.832
-9.29117 116.162
-9.2607 116.213
-9.22939 116.251
-8.99233 117.913
-8.95936 117.932
-8.92446 117.919
