-22.388 156.297
-22.3404 156.253
-22.2934 156.214
-22.2459 156.17
-22.195 156.097
-22.1472 156.05
-22.0997 156.006
-22.0556 155.991
-22.006 155.928
-21.9619 155.913
-21.9151 155.874
-21.8689 155.84
-21.8215 155.796
-21.7712 155.726
-21.7271 155.711
-21.678 155.651
-21.6339 155.636
-21.5873 155.597
-21.5406 155.558
-21.4968 155.546
-21.451 155.515
-21.4076 155.505
-21.3615 155.472
-21.3149 155.433
-21.2689 155.399
-21.2252 155.387
-21.1812 155.372
-21.1364 155.349
-21.0929 155.339
-21.0467 155.303
-21.0007 155.269
-20.9554 155.241
-20.9126 155.236
-20.8689 155.224
-20.8261 155.219
-20.783 155.212
-20.7365 155.173
-20.6915 155.148
-20.6481 155.138
-20.6034 155.115
-20.5603 155.107
-20.5167 155.095
-20.4736 155.088
-20.4267 155.044
-20.3831 155.031
-20.3401 155.024
-20.2965 155.011
-20.2504 154.976
-20.2057 154.953
-20.1622 154.94
-20.1178 154.92
-20.0756 154.92
-20.0333 154.921
-19.9906 154.916
-19.9481 154.914
-19.9059 154.914
-19.8629 154.907
-19.819 154.892
-19.775 154.874
-19.7311 154.859
-19.6881 154.852
-19.6457 154.85
-19.6032 154.848
-19.5596 154.835
-19.5161 154.823
-19.4721 154.805
-19.4275 154.782
-19.3858 154.788
-19.3446 154.799
-19.3024 154.799
-19.2602 154.8
-19.217 154.79
-19.1722 154.764
-19.1292 154.757
-19.088 154.768
-19.0476 154.786
-19.0048 154.782
-18.9606 154.761
-18.9168 154.746
-18.8738 154.739
-18.8316 154.739
-18.7897 154.743
-18.7482 154.751
-18.7075 154.767
-18.666 154.775
-18.6223 154.76
-18.5798 154.758
-18.5388 154.771
-18.4971 154.777
-18.4543 154.772
-18.4118 154.77
-18.3718 154.794
-18.3303 154.802
-18.2851 154.772
-18.2411 154.754
-18.1996 154.762
-18.1567 154.755
-18.1144 154.755
-18.0729 154.764
-18.0294 154.751
-17.9889 154.77
-17.9478 154.783
-17.9065 154.794
-17.8645 154.797
-17.8244 154.821
-17.7833 154.835
-17.742 154.845
-17.6993 154.841
-17.657 154.841
-17.6161 154.857
-17.575 154.871
-17.5334 154.879
-17.4926 154.895
-17.4505 154.898
-17.4117 154.938
-17.3736 154.985
-17.3334 155.009
-17.2915 155.015
-17.2501 155.025
-17.2085 155.034
-17.1666 155.039
-17.1247 155.045
-17.0831 155.053
-17.0417 155.064
-17 155.073
-16.9613 155.115
-16.9201 155.128
-16.8795 155.15
-16.8422 155.207
-16.8009 155.221
-16.7592 155.229
-16.719 155.256
-16.6769 155.259
-16.6356 155.273
-16.5961 155.307
-16.5546 155.318
-16.5124 155.321
-16.4704 155.327
-16.4306 155.359
-16.3888 155.367
-16.3486 155.393
-16.3073 155.407
-16.2683 155.449
-16.2287 155.484
-16.1884 155.51
-16.1475 155.529
-16.1094 155.582
-16.0712 155.635
-16.0294 155.643
-15.986 155.633
-15.9476 155.684
-15.9059 155.695
-15.8638 155.7
-15.8217 155.706
-15.78 155.717
-15.74 155.749
-15.7005 155.786
-15.6637 155.858
-15.6247 155.903
-15.5827 155.911
-15.4289 156.121
-15.3865 156.124
-15.3463 156.156
-15.1477 156.346
-15.1101 156.413
-15.0682 156.424
-15.0265 156.438
-14.8367 156.752
-14.7943 156.758
-14.7545 156.799
-14.6395 156.978
-14.6002 157.026
-14.5603 157.067
-14.5204 157.107
-14.4809 157.153
-14.0171 160.933
-13.9877 161.139
-13.9521 161.256
-13.9133 161.329
-13.8731 161.382
-13.8302 161.396
