15.3161 147.697
15.4398 144.265
15.4752 144.206
15.5093 144.132
15.5433 144.057
15.5771 143.98
15.6091 143.882
15.6433 143.81
15.6792 143.759
15.7139 143.694
15.748 143.622
15.8122 143.434
15.8494 143.4
15.884 143.335
15.9171 143.254
15.953 143.205
15.9897 143.166
16.0254 143.115
16.0637 143.094
16.0996 143.046
16.1344 142.986
16.1683 142.917
16.2043 142.871
16.2389 142.809
16.2752 142.767
16.3118 142.728
16.3464 142.668
16.3825 142.625
16.4184 142.579
16.4534 142.524
16.4905 142.492
16.5284 142.469
16.5638 142.418
16.6019 142.398
16.6383 142.359
16.6732 142.304
16.7098 142.267
16.7484 142.253
16.785 142.217
16.8196 142.16
16.8576 142.139
16.8943 142.105
16.9308 142.068
16.967 142.03
17.0028 141.986
17.0421 141.979
17.0813 141.973
17.1194 141.954
17.1547 141.906
17.1922 141.881
17.2273 141.831
17.2651 141.811
17.3013 141.772
17.3393 141.754
17.3772 141.733
17.4146 141.708
17.4517 141.681
17.4897 141.663
17.5264 141.631
17.5636 141.604
17.602 141.59
17.6398 141.57
17.6773 141.547
17.7157 141.533
17.7532 141.511
17.7887 141.467
17.8256 141.438
17.8635 141.42
17.9021 141.408
17.94 141.39
17.9786 141.379
18.0163 141.359
18.0535 141.334
18.0911 141.313
18.129 141.295
18.1676 141.284
18.2056 141.268
18.243 141.245
18.2804 141.223
18.3189 141.211
18.3579 141.204
18.3953 141.182
18.4333 141.166
18.4702 141.139
18.5086 141.128
18.5474 141.118
18.5865 141.114
18.6262 141.114
18.6646 141.103
18.7021 141.082
18.7406 141.071
18.7795 141.064
18.8175 141.048
18.854 141.019
18.892 141.003
18.9302 140.989
18.9686 140.978
19.0072 140.969
19.0447 140.949
19.0811 140.919
19.1181 140.895
19.1591 140.908
19.1989 140.91
19.2349 140.876
19.2718 140.852
19.3121 140.858
19.3504 140.847
19.3893 140.84
19.4278 140.831
19.4684 140.84
19.5094 140.854
19.548 140.845
19.5826 140.8
19.6214 140.793
19.6615 140.797
19.7008 140.795
19.7348 140.745
19.7759 140.759
19.8196 140.797
19.8579 140.786
19.8979 140.79
19.938 140.795
19.9768 140.788
20.016 140.785
20.0546 140.776
20.0926 140.763
20.1341 140.781
20.1749 140.792
20.2147 140.794
20.2573 140.821
20.2986 140.837
20.3381 140.837
20.3769 140.83
20.4146 140.814
20.4537 140.81
20.4937 140.814
20.535 140.83
20.5748 140.832
20.6146 140.834
20.6544 140.836
20.6944 140.841
20.7342 140.843
20.7735 140.841
20.8135 140.845
20.8549 140.861
20.8968 140.881
20.9363 140.881
20.9748 140.872
21.0143 140.872
21.0546 140.878
21.0955 140.89
21.1358 140.896
21.1767 140.907
21.2167 140.912
21.2584 140.93
21.2979 140.93
21.3367 140.923
21.3784 140.941
21.4192 140.952
21.4609 140.97
21.5013 140.977
21.5422 140.988
21.5823 140.992
21.6221 140.995
21.6638 141.012
21.7041 141.019
21.7467 141.044
21.7879 141.057
21.8285 141.066
21.8708 141.089
21.9134 141.114
21.9546 141.127
21.9945 141.129
22.0346 141.134
22.0753 141.143
22.1184 141.172
22.1594 141.183
22.1995 141.187
22.245 141.235
22.2871 141.255
22.3292 141.275
22.3713 141.296
22.4126 141.309
22.4536 141.32
22.4937 141.325
22.5365 141.35
22.5803 141.383
22.6211 141.392
22.6635 141.415
22.7043 141.424
22.7479 141.455
22.7947 141.512
22.8366 141.53
22.88 141.559
22.9199 141.562
22.9639 141.596
23.0076 141.627
23.0527 141.67
23.0941 141.684
23.1376 141.713
23.1784 141.722
23.2695 141.813
23.3103 141.822
23.3515 141.833
23.5805 142.067
23.6221 142.081
24.2256 142.731
24.2741 142.796
24.52 143.14
24.5646 143.175
24.6102 143.216
