-18.9663 136.348
-18.9271 136.342
-18.7965 136.203
-18.7569 136.193
-18.7128 136.142
-18.5829 136.008
-18.5408 135.974
-18.5018 135.968
-18.4625 135.96
-18.4206 135.928
-18.3795 135.903
-18.3375 135.869
-18.2957 135.837
-18.2568 135.833
-18.2151 135.802
-18.1731 135.768
-18.134 135.762
-18.0928 135.734
-18.0508 135.7
-18.0086 135.665
-17.9643 135.607
-17.9253 135.601
-17.8865 135.597
-17.8475 135.591
-17.8061 135.562
-17.7671 135.556
-17.7261 135.531
-17.6845 135.499
-17.6455 135.493
-17.6066 135.487
-17.5652 135.457
-17.5245 135.434
-17.486 135.432
-17.4468 135.424
-17.405 135.391
-17.3637 135.361
-17.3226 135.334
-17.2863 135.353
-17.2462 135.337
-17.2082 135.339
-17.1688 135.329
-17.1267 135.291
-17.088 135.287
-17.0497 135.287
-17.0112 135.285
-16.97 135.256
-16.9289 135.229
-16.8879 135.201
-16.8486 135.191
-16.8101 135.189
-16.7721 135.192
-16.7357 135.211
-16.6974 135.211
-16.655 135.169
-16.6136 135.138
-16.5743 135.128
-16.5342 135.109
-16.4953 135.103
-16.456 135.092
-16.4161 135.076
-16.3787 135.085
-16.3386 135.066
-16.2997 135.06
-16.2623 135.068
-16.2266 135.096
-16.1902 135.116
-16.1513 135.11
-16.1096 135.074
-16.0706 135.066
-16.0321 135.064
-15.993 135.056
-15.9542 135.05
-15.9153 135.044
-15.8741 135.012
-15.8348 135.002
-15.7966 135.002
-15.7591 135.011
-15.723 135.034
-15.6853 135.041
-15.6455 135.024
-15.6064 135.016
-15.5681 135.016
-15.5299 135.017
-15.4912 135.013
-15.4526 135.009
-15.4108 134.971
-15.3714 134.959
-15.3341 134.969
-15.2956 134.968
-15.2576 134.97
-15.2214 134.994
-15.1856 135.021
-15.148 135.03
-15.1109 135.043
-15.0733 135.052
-15.0345 135.046
-14.9941 135.023
-14.9547 135.01
-14.9159 135.004
-14.8774 135.002
-14.8386 134.996
-14.8005 134.999
-14.7622 134.999
-14.7241 135.001
-14.6883 135.031
-14.6539 135.076
-14.6187 135.112
-14.5809 135.119
-14.5435 135.13
-14.5062 135.143
-14.4686 135.152
-14.4314 135.165
-14.3934 135.169
-14.3554 135.174
-14.3165 135.168
-14.2809 135.2
-14.2434 135.21
-14.2057 135.219
-14.169 135.239
-14.1334 135.273
-14.0952 135.275
-14.0569 135.275
-14.0194 135.286
-13.9833 135.314
-13.9452 135.319
-13.9068 135.319
-13.8693 135.33
-13.8327 135.351
-13.7967 135.381
-13.7595 135.397
-13.7216 135.403
-13.6859 135.438
-13.6483 135.448
-13.6102 135.453
-13.5723 135.46
-13.5342 135.464
-13.4978 135.49
-13.4616 135.518
-13.4241 135.531
-13.3884 135.565
-13.3521 135.593
-13.3151 135.613
-13.2767 135.613
-13.2388 135.622
-13.2009 135.628
-13.163 135.637
-13.1283 135.687
-13.0907 135.697
-13.0546 135.73
-13.0182 135.758
-12.9804 135.767
-12.943 135.782
-12.9085 135.835
-12.8723 135.866
-12.8344 135.874
-12.7973 135.894
-12.7595 135.905
-12.7237 135.942
-12.6872 135.97
-12.6491 135.976
-12.6127 136.007
-12.5751 136.02
-12.5401 136.069
-12.503 136.089
-12.4662 136.115
-12.4284 136.126
-12.3949 136.197
-12.3573 136.21
-12.3213 136.247
-12.2851 136.281
-12.2491 136.318
-12.211 136.327
-12.0318 136.529
-11.9956 136.566
-11.959 136.596
-11.9209 136.605
-11.3163 137.429
-11.2797 137.464
-11.2433 137.503
-11.2089 137.573
-10.4578 138.692
