-14.6737 126.097
-14.634 126.059
-14.5925 126.002
-13.8233 125.094
-13.7823 125.038
-13.7456 125.03
-13.7072 125.004
-13.6666 124.952
-13.6298 124.943
-13.5908 124.909
-13.4298 124.713
-13.3917 124.689
-13.357 124.704
-13.3205 124.699
-13.2807 124.654
-13.2438 124.643
-13.2075 124.64
-13.171 124.634
-13.1306 124.582
-13.09 124.526
-13.0503 124.482
-13.0132 124.469
-12.9745 124.436
-12.9368 124.415
-12.9007 124.413
-12.8631 124.393
-12.8267 124.388
-12.7903 124.382
-12.7531 124.368
-12.7132 124.319
-12.6752 124.293
-12.6388 124.288
-12.6011 124.266
-12.5632 124.242
-12.5264 124.231
-12.489 124.212
-12.4526 124.207
-12.4148 124.183
-12.3781 124.174
-12.3399 124.144
-12.3037 124.141
-12.2659 124.117
-12.2281 124.093
-12.1916 124.085
-12.1539 124.062
-12.1171 124.051
-12.0792 124.025
-12.0417 124.005
-12.0067 124.016
-11.9708 124.016
-11.9321 123.979
-11.8954 123.968
-11.8588 123.959
-11.8225 123.953
-11.784 123.918
-11.7476 123.911
-11.7128 123.926
-11.6772 123.93
-11.6397 123.908
-11.6029 123.895
-11.5659 123.88
-11.5298 123.877
-11.4936 123.873
-11.4579 123.875
-11.4216 123.87
-11.3844 123.851
-11.3485 123.852
-11.3127 123.852
-11.2759 123.839
-11.2391 123.826
-11.2012 123.799
-11.1647 123.789
-11.1278 123.775
-11.0916 123.769
-11.0551 123.76
-11.019 123.757
-10.9832 123.759
-10.9473 123.757
-10.9105 123.744
-10.8747 123.744
-10.8384 123.739
-10.8021 123.732
-10.7662 123.732
-10.731 123.741
-10.6963 123.758
-10.6605 123.758
-10.6245 123.756
-10.5886 123.756
-10.5524 123.751
-10.5168 123.755
-10.4807 123.751
-10.4442 123.742
-10.4081 123.739
-10.3719 123.733
-10.3353 123.722
-10.2994 123.722
-10.2642 123.732
-10.229 123.743
-10.1939 123.754
-10.1587 123.764
-10.1219 123.751
-10.0846 123.729
-10.0485 123.725
-10.0143 123.751
-9.97884 123.757
-9.94214 123.744
-9.90628 123.744
-9.87029 123.742
-9.83559 123.761
-9.80042 123.772
-9.76478 123.776
-9.72867 123.772
-9.69233 123.765
-9.65634 123.763
-9.62058 123.765
-9.58584 123.784
-9.55075 123.797
-9.51498 123.799
-9.4792 123.801
-9.44376 123.809
-9.40865 123.822
-9.37298 123.825
-9.33709 123.826
-9.30163 123.833
-9.26694 123.854
-9.23126 123.857
-9.19557 123.861
-9.16043 123.874
-9.12516 123.886
-9.09001 123.899
-9.05506 123.915
-9.01989 123.928
-8.98428 123.934
-8.94867 123.94
-8.91317 123.947
-8.87776 123.957
-8.84277 123.974
-8.80756 123.987
-8.77246 124.002
-8.73744 124.018
-8.70243 124.035
-8.66678 124.041
-8.63154 124.054
-8.59609 124.063
-8.56196 124.097
-8.52751 124.125
-8.49173 124.129
-8.45575 124.129
-8.42007 124.135
-8.38498 124.151
-8.34919 124.155
-8.3137 124.165
-8.27968 124.202
-8.24407 124.209
-8.20836 124.215
-8.17284 124.225
-8.13887 124.264
-8.10324 124.271
-8.06876 124.301
-8.03436 124.333
-7.9988 124.342
-7.96286 124.344
-7.92862 124.38
-7.89332 124.395
-7.85765 124.403
-7.82159 124.403
-7.78656 124.423
-7.75235 124.461
-7.71794 124.494
-7.68297 124.517
-7.64817 124.543
-7.61335 124.569
-7.57852 124.596
-7.54287 124.605
-7.50731 124.616
-7.47343 124.663
-7.43847 124.688
-7.40297 124.701
-7.36922 124.752
-7.33352 124.761
-7.29957 124.808
-7.26393 124.819
-7.2302 124.872
-7.19446 124.881
-7.15949 124.908
-7.1246 124.936
-7.08969 124.964
-7.05485 124.994
-7.02 125.025
-6.67315 125.383
-6.42972 125.643
-6.39615 125.711
-6.36016 125.721
-6.32593 125.774
-5.31106 129.168
