0.850113 133.333
1.32204 131.377
1.50374 130.998
1.54007 130.933
1.57642 130.874
1.68572 130.738
1.86698 130.464
1.90342 130.433
1.93986 130.403
1.97618 130.364
2.01188 130.274
2.04829 130.247
2.08493 130.239
2.19274 130.053
2.22907 130.025
2.26564 130.018
2.30164 129.967
2.3382 129.959
2.37478 129.953
2.4107 129.9
2.44679 129.861
2.48255 129.801
2.51832 129.742
2.55482 129.734
2.59104 129.709
2.62753 129.701
2.66377 129.678
2.69987 129.647
2.73584 129.608
2.77156 129.555
2.80762 129.524
2.8437 129.495
2.87972 129.464
2.91614 129.456
2.95181 129.405
2.98783 129.376
3.02412 129.363
3.06015 129.335
3.09614 129.306
3.1324 129.293
3.16807 129.248
3.20406 129.221
3.2404 129.213
3.27686 129.211
3.31293 129.19
3.3488 129.159
3.38505 129.147
3.42093 129.118
3.45724 129.11
3.49323 129.087
3.52912 129.06
3.56533 129.048
3.60124 129.023
3.6371 128.996
3.6729 128.967
3.70895 128.95
3.74482 128.924
3.78103 128.915
3.81736 128.911
3.85347 128.897
3.88944 128.878
3.92571 128.872
3.96162 128.851
3.9977 128.837
4.03397 128.831
4.07009 128.82
4.10634 128.814
4.14231 128.796
4.17812 128.773
4.21455 128.775
4.2506 128.761
4.28663 128.748
4.32276 128.738
4.35899 128.732
4.39521 128.726
4.43102 128.705
4.46729 128.701
4.50339 128.691
4.53971 128.689
4.57591 128.684
4.6119 128.67
4.64761 128.647
4.68342 128.628
4.71933 128.612
4.75551 128.606
4.7918 128.604
4.82803 128.6
4.86431 128.598
4.90037 128.589
4.93625 128.573
4.97241 128.567
5.00868 128.565
5.04472 128.556
5.08081 128.548
5.11708 128.546
5.15304 128.534
5.18894 128.521
5.22496 128.511
5.26072 128.494
5.29691 128.49
5.33353 128.499
5.37034 128.514
5.40672 128.516
5.44278 128.508
5.47846 128.489
5.51348 128.451
5.54926 128.435
5.5851 128.422
5.62224 128.446
5.66058 128.506
5.69735 128.519
5.7334 128.511
5.76944 128.503
5.805 128.482
5.84109 128.476
5.8776 128.482
5.91404 128.486
5.95047 128.489
5.98663 128.485
6.02251 128.474
6.05881 128.474
6.09545 128.483
6.13182 128.485
6.16819 128.487
6.20441 128.485
6.24056 128.481
6.27715 128.488
6.31373 128.496
6.35003 128.496
6.38625 128.494
6.42262 128.495
6.45906 128.499
6.49565 128.507
6.5321 128.51
6.56839 128.51
6.60499 128.518
6.64206 128.537
6.67844 128.538
6.71481 128.54
6.75158 128.552
6.78836 128.563
6.82458 128.561
6.8608 128.559
6.89734 128.565
6.93412 128.576
6.97091 128.587
7.0073 128.589
7.04434 128.606
7.08122 128.619
7.11753 128.619
7.15417 128.627
7.19082 128.634
7.22721 128.636
7.26352 128.636
7.30034 128.647
7.33759 128.668
7.37528 128.699
7.41204 128.708
7.44844 128.71
7.48494 128.714
7.52197 128.729
7.55847 128.733
7.59585 128.756
7.63298 128.773
7.66976 128.782
7.70772 128.817
7.74514 128.84
7.78258 128.863
7.81929 128.87
7.85637 128.885
7.89282 128.887
7.92964 128.897
7.96766 128.931
8.00477 128.946
8.04151 128.954
8.07825 128.961
8.115 128.969
8.1526 128.994
8.18984 129.011
8.22756 129.038
8.26538 129.067
8.30216 129.074
8.33952 129.093
8.3765 129.105
8.41426 129.132
8.45214 129.16
8.49013 129.191
8.52704 129.201
8.56485 129.227
8.60277 129.256
8.64071 129.285
8.67764 129.295
8.7153 129.318
8.75296 129.341
8.79114 129.373
8.82934 129.406
8.86662 129.421
8.90568 129.47
8.94392 129.502
8.98186 129.529
9.01897 129.541
9.05831 129.593
9.0966 129.626
9.13492 129.659
9.17335 129.693
9.21115 129.716
9.24907 129.742
9.40406 129.898
9.44249 129.931
9.47971 129.943
9.51928 129.995
9.55776 130.028
9.59647 130.065
9.63622 130.119
9.67588 130.172
9.7134 130.187
9.75184 130.218
9.9133 130.47
9.95336 130.527
9.99204 130.56
10.0337 130.642
10.0713 130.658
10.1109 130.705
10.1517 130.771
10.1961 130.897
10.2351 130.934
10.2751 130.985
