-24.8724 83.9128
-24.8437 83.9005
-14.7021 147.757
-14.4427 147.559
-14.4001 147.533
-14.357 147.502
-14.3159 147.495
-14.2748 147.488
-14.2334 147.479
-14.1884 147.422
-14.1473 147.415
-14.1064 147.41
-14.0636 147.382
-14.0221 147.37
-13.979 147.337
-13.9379 147.33
-13.8957 147.309
-13.8552 147.309
-13.8139 147.3
-13.7703 147.259
-13.7287 147.245
-13.6843 147.193
-13.643 147.183
-13.6023 147.181
-13.5614 147.177
-13.5191 147.153
-13.4781 147.146
-13.4355 147.118
-13.3944 147.111
-13.3523 147.09
-13.3103 147.069
-13.2698 147.069
-13.2305 147.086
-13.1906 147.096
-13.1479 147.065
-13.1052 147.034
-13.064 147.025
-13.0231 147.02
-12.9813 147.002
-12.9404 146.997
-12.9001 147
-12.8581 146.979
-12.8156 146.95
-12.7746 146.943
-12.7349 146.956
-12.6944 146.956
-12.6518 146.925
-12.6111 146.923
-12.5708 146.926
-12.5298 146.919
-12.4882 146.902
-12.4475 146.9
-12.4074 146.905
-12.3659 146.891
-12.3248 146.882
-12.2843 146.882
-12.2438 146.883
-12.2023 146.869
-12.1612 146.859
-12.1204 146.855
-12.0799 146.855
-12.0396 146.858
-11.9991 146.858
-11.9586 146.859
-11.9181 146.859
-11.8774 146.857
-11.8368 146.855
-11.7968 146.862
-11.757 146.874
-11.7167 146.877
-11.6763 146.88
-11.6367 146.894
-11.5968 146.904
-11.5545 146.876
-11.5137 146.871
-11.4712 146.841
-11.4331 146.879
-11.395 146.918
-11.3548 146.923
-11.3147 146.93
-11.2727 146.907
-11.2314 146.895
-11.1908 146.893
-11.15 146.888
-11.109 146.881
-11.0655 146.831
-11.0267 146.86
-10.9869 146.873
-10.9478 146.897
-10.9084 146.916
-10.8686 146.929
-10.8282 146.931
-10.7875 146.929
-10.748 146.946
-10.7095 146.982
-10.6697 146.995
-10.6304 147.016
-10.591 147.038
-10.5519 147.063
-10.5112 147.06
-10.471 147.068
-10.4312 147.083
-10.3909 147.088
-10.3499 147.081
-10.3092 147.079
-10.2693 147.091
-10.2303 147.12
-10.1908 147.139
-10.1509 147.152
-10.1111 147.166
-10.0717 147.188
-10.0325 147.215
-9.9924 147.225
-9.95126 147.215
-9.91078 147.218
-9.87106 147.235
-9.83288 147.281
-9.79276 147.291
-9.75238 147.296
-9.71289 147.318
-9.67389 147.35
-9.63374 147.359
-9.59359 147.369
-9.55468 147.403
-9.51564 147.435
-9.47521 147.44
-9.43552 147.459
-9.3962 147.486
-9.35649 147.506
-9.3169 147.528
-9.27754 147.554
-9.23707 147.56
-9.19697 147.572
-9.15806 147.608
-9.11926 147.647
-9.07996 147.676
-9.03993 147.691
-9.00061 147.72
-8.96069 147.737
-8.92239 147.788
-8.88257 147.808
-8.84435 147.862
-8.80403 147.871
-8.7636 147.879
-8.72442 147.913
-8.68545 147.952
-8.6468 147.998
-8.60769 148.035
-8.56844 148.069
-8.52907 148.101
-8.48901 148.118
-8.44873 148.13
-8.40921 148.16
-8.37144 148.228
-8.33254 148.272
-8.29319 148.306
-8.25404 148.345
-8.21617 148.414
-8.17623 148.436
-8.13767 148.49
-8.09738 148.505
-8.05889 148.561
-8.01879 148.581
-7.98068 148.647
-7.94065 148.669
-7.90229 148.73
-7.86327 148.777
-7.82413 148.821
-7.78467 148.858
-7.74631 148.922
-7.70732 148.971
-7.6681 149.015
-7.62997 149.087
-7.59211 149.165
-7.55402 149.239
-7.5159 149.313
-7.47548 149.331
-7.43711 149.4
-7.39901 149.476
-7.36107 149.558
-7.32184 149.607
-7.28383 149.689
-7.20764 149.85
-7.17306 150.023
-7.13377 150.075
-7.09371 150.108
-6.83307 152.032
-6.79162 152.04
-6.75018 152.048
