10.36 159.303
10.4047 159.322
10.4473 159.301
10.6233 155.285
10.6637 155.24
10.7054 155.219
10.7456 155.172
10.8176 154.924
10.8579 154.88
10.8966 154.807
10.9365 154.757
11.0132 154.601
11.0534 154.557
11.095 154.538
11.1331 154.458
11.171 154.375
11.2099 154.31
11.2501 154.268
11.2898 154.217
11.3283 154.147
11.3695 154.123
11.4097 154.082
11.448 154.01
11.4865 153.94
11.5264 153.896
11.5682 153.883
11.6082 153.842
11.6481 153.798
11.688 153.754
11.7265 153.687
11.7666 153.648
11.8085 153.638
11.8484 153.597
11.8884 153.556
11.9272 153.496
11.9681 153.471
12.0077 153.424
12.0491 153.409
12.0892 153.371
12.1301 153.347
12.169 153.291
12.2098 153.265
12.2499 153.229
12.2907 153.204
12.3321 153.188
12.3735 153.173
12.4132 153.132
12.4543 153.112
12.494 153.071
12.534 153.035
12.575 153.014
12.6142 152.966
12.6553 152.948
12.697 152.938
12.7375 152.909
12.7779 152.881
12.8192 152.866
12.8607 152.853
12.9014 152.83
12.9427 152.815
12.9829 152.784
13.023 152.751
13.0642 152.736
13.1058 152.726
13.1468 152.708
13.1868 152.675
13.2282 152.662
13.2696 152.649
13.3103 152.626
13.3509 152.603
13.3919 152.585
13.4329 152.568
13.4734 152.542
13.5144 152.524
13.5564 152.522
13.5983 152.517
13.6394 152.501
13.6807 152.489
13.7222 152.478
13.7626 152.453
13.8039 152.44
13.8459 152.438
13.8872 152.425
13.928 152.405
13.9678 152.372
14.0083 152.349
14.0497 152.339
14.0917 152.336
14.1335 152.331
14.1751 152.323
14.2169 152.318
14.2593 152.321
14.3013 152.318
14.3397 152.267
14.3809 152.255
14.4228 152.252
14.4646 152.247
14.5066 152.245
14.5495 152.255
14.5922 152.262
14.6334 152.25
14.6721 152.204
14.7109 152.161
14.7527 152.156
14.7901 152.095
14.8362 152.145
14.8807 152.176
14.9228 152.176
14.9649 152.176
15.0094 152.206
15.0524 152.217
15.0951 152.224
15.1369 152.219
15.1792 152.222
15.2213 152.222
15.2633 152.219
15.3054 152.219
15.3472 152.214
15.3897 152.219
15.4329 152.232
15.4768 152.255
15.5192 152.257
15.5613 152.257
15.6035 152.257
15.6452 152.252
15.6878 152.257
15.7301 152.26
15.7719 152.255
15.8142 152.257
15.8566 152.26
15.8987 152.26
15.9423 152.277
15.9864 152.3
16.0287 152.303
16.0715 152.311
16.1152 152.328
16.1582 152.338
16.201 152.346
16.2434 152.349
16.286 152.354
16.3281 152.354
16.3705 152.356
16.4127 152.356
16.4557 152.366
16.4989 152.379
16.5418 152.387
16.5841 152.389
16.6287 152.417
16.6716 152.425
16.7137 152.425
16.7579 152.448
16.8027 152.478
16.846 152.491
16.8887 152.496
16.9333 152.524
16.976 152.529
17.0206 152.557
17.0628 152.557
17.1055 152.562
17.1486 152.572
17.1917 152.582
17.2371 152.618
17.2823 152.651
17.3252 152.659
17.3685 152.672
17.4142 152.71
17.4592 152.741
17.5015 152.74
17.546 152.766
17.5901 152.786
17.6361 152.827
17.6812 152.858
17.7241 152.866
17.7678 152.881
17.8129 152.912
17.8556 152.917
17.9012 152.952
17.9478 152.998
17.9951 153.052
18.0381 153.06
18.0809 153.065
18.1268 153.103
18.1729 153.144
18.2649 153.221
18.3082 153.232
18.3517 153.244
18.3967 153.273
18.4405 153.288
18.4898 153.36
18.5388 153.429
18.5826 153.445
18.6324 153.522
18.6818 153.594
18.7287 153.64
