-16.7006 128.337
-16.6558 128.256
-16.618 128.242
-16.5757 128.184
-16.5332 128.125
-16.4911 128.069
-16.4486 128.009
-16.4086 127.973
-16.3691 127.942
-16.3295 127.909
-16.2875 127.853
-16.2485 127.827
-16.2066 127.771
-16.1666 127.734
-16.1249 127.681
-16.0852 127.646
-16.0455 127.612
-16.0078 127.598
-15.9672 127.554
-15.9298 127.543
-15.8907 127.514
-15.8495 127.465
-15.8118 127.449
-15.7708 127.401
-15.7337 127.392
-15.6926 127.342
-15.6554 127.333
-15.6159 127.298
-15.575 127.251
-15.5377 127.239
-15.4985 127.209
-15.4598 127.182
-15.423 127.177
-15.3844 127.152
-15.3455 127.123
-15.3062 127.091
-15.2673 127.062
-15.2292 127.041
-15.1919 127.03
-15.1538 127.009
-15.1163 126.996
-15.0784 126.977
-15.0404 126.958
-15.0034 126.948
-14.9654 126.929
-14.9275 126.91
-14.8887 126.882
-14.8503 126.857
-14.8131 126.846
-14.7762 126.838
-14.7397 126.835
-14.7026 126.823
-14.665 126.808
-14.6261 126.778
-14.5864 126.738
-14.5485 126.719
-14.51 126.692
-14.4732 126.685
-14.4371 126.685
-14.4001 126.675
-14.3629 126.664
-14.3262 126.657
-14.2892 126.647
-14.2516 126.63
-14.2138 126.611
-14.1772 126.606
-14.1404 126.598
-14.1034 126.589
-14.0657 126.57
-14.0289 126.562
-13.9921 126.555
-13.9557 126.551
-13.9188 126.541
-13.8814 126.526
-13.8445 126.517
-13.808 126.513
-13.7718 126.511
-13.7349 126.502
-13.697 126.481
-13.6604 126.475
-13.6245 126.477
-13.5874 126.466
-13.5505 126.457
-13.5141 126.453
-13.478 126.453
-13.4416 126.449
-13.4044 126.436
-13.3671 126.421
-13.3308 126.419
-13.2947 126.419
-13.2575 126.406
-13.2211 126.402
-13.1852 126.404
-13.1488 126.4
-13.1124 126.396
-13.0768 126.402
-13.0407 126.402
-13.0043 126.398
-12.9681 126.397
-12.9317 126.393
-12.8953 126.389
-12.859 126.387
-12.8229 126.387
-12.787 126.389
-12.7509 126.389
-12.7148 126.389
-12.6785 126.387
-12.6422 126.384
-12.6056 126.378
-12.5692 126.374
-12.5336 126.38
-12.4986 126.395
-12.4633 126.405
-12.4279 126.414
-12.3927 126.425
-12.3558 126.416
-12.3193 126.41
-12.2819 126.393
-12.2458 126.393
-12.2101 126.399
-12.1743 126.403
-12.1383 126.405
-12.1022 126.405
-12.0659 126.403
-12.0302 126.409
-11.9951 126.422
-11.9598 126.433
-11.9241 126.439
-11.8884 126.445
-11.853 126.454
-11.817 126.456
-11.7812 126.46
-11.746 126.473
-11.7101 126.477
-11.674 126.477
-11.6383 126.483
-11.6023 126.485
-11.5667 126.492
-11.5315 126.506
-11.4959 126.513
-11.4611 126.532
-11.4257 126.544
-11.3896 126.544
-11.3531 126.54
-11.3186 126.563
-11.284 126.585
-11.2489 126.601
-11.2134 126.61
-11.1777 126.618
-11.1426 126.633
-11.1064 126.633
-11.0714 126.65
-11.0359 126.66
-11.0002 126.667
-10.9653 126.686
-10.9299 126.698
-10.8956 126.726
-10.861 126.749
-10.825 126.753
-10.7893 126.76
-10.7547 126.785
-10.7196 126.802
-10.6848 126.823
-10.6498 126.842
-10.6139 126.848
-10.5777 126.848
-10.5429 126.871
-10.5074 126.882
-10.4729 126.909
-10.4384 126.936
-10.4027 126.945
-10.3692 126.987
-10.3335 126.997
-10.2978 127.006
-10.262 127.014
-10.2281 127.05
-10.1925 127.062
-10.1579 127.089
-10.1235 127.119
-10.0876 127.127
-10.0514 127.129
-10.0176 127.169
-9.98258 127.19
-9.94779 127.215
-9.91191 127.222
-9.87697 127.245
-9.84379 127.297
-9.80801 127.307
-9.77222 127.316
-9.73864 127.362
-9.70399 127.391
-9.66945 127.422
-9.60055 127.487
-9.56573 127.514
-9.53125 127.547
-9.49515 127.552
-9.35647 127.674
-9.21812 127.805
-9.18437 127.853
-9.1483 127.861
-8.97889 128.096
-8.94296 128.108
-8.90789 128.135
-8.87312 128.168
-8.77287 128.342
-8.73792 128.373
-8.70275 128.401
-8.66694 128.416
-8.63216 128.451
-8.59841 128.506
-7.7221 131.719
-7.68571 131.741
