11.9376 154.975
11.9786 154.943
12.1227 154.501
12.1926 154.249
13.1419 152.5
13.1788 152.421
13.2201 152.405
13.2574 152.333
13.2971 152.295
13.3388 152.287
13.3763 152.217
13.4158 152.176
13.4573 152.166
13.4954 152.107
13.5361 152.084
13.5734 152.015
13.6126 151.971
13.6521 151.933
13.6914 151.892
13.7323 151.874
13.7739 151.866
13.8121 151.81
13.853 151.792
13.89 151.721
13.9288 151.675
13.9688 151.644
14.0101 151.634
14.0512 151.618
14.0901 151.575
14.1315 151.565
14.1715 151.537
14.2108 151.498
14.248 151.432
14.2873 151.394
14.3286 151.384
14.3697 151.371
14.4114 151.366
14.4529 151.358
14.4942 151.348
14.5341 151.32
14.575 151.304
14.6128 151.248
14.6529 151.223
14.692 151.185
14.7323 151.162
14.7747 151.167
14.8163 151.162
14.8572 151.146
14.8962 151.108
14.9376 151.101
14.9755 151.047
15.0169 151.04
15.0583 151.032
15.0993 151.019
15.1382 150.981
15.1774 150.946
15.2192 150.943
15.2613 150.945
15.3015 150.922
15.342 150.905
15.3819 150.879
15.4232 150.872
15.4627 150.841
15.5049 150.843
15.5476 150.853
15.5894 150.851
15.6299 150.833
15.6699 150.81
15.7106 150.795
15.7517 150.785
15.7928 150.774
15.8343 150.769
15.876 150.767
15.9166 150.751
15.9573 150.736
15.9958 150.696
16.0371 150.688
16.0794 150.693
16.1202 150.68
16.1593 150.647
16.2018 150.655
16.2427 150.642
16.2839 150.634
16.3111 150.463
16.3538 150.473
16.398 150.5
16.4446 150.556
16.4891 150.586
16.5305 150.58
16.5746 150.605
16.62 150.646
16.657 150.59
16.6931 150.524
16.7345 150.519
16.7755 150.509
16.8153 150.486
16.8489 150.393
16.8945 150.436
16.9444 150.526
16.989 150.556
17.0324 150.574
17.0736 150.566
17.1163 150.576
17.1588 150.583
17.2014 150.59
17.2453 150.613
17.2876 150.618
17.3295 150.618
17.372 150.625
17.415 150.637
17.458 150.65
17.4994 150.645
17.5408 150.64
17.5834 150.647
17.6255 150.649
17.6673 150.649
17.7085 150.641
17.7515 150.654
17.7952 150.674
17.8362 150.664
17.878 150.663
17.9211 150.676
17.9641 150.688
18.0064 150.693
18.0492 150.703
18.093 150.723
18.1366 150.74
18.1801 150.758
18.2205 150.743
18.2639 150.757
18.3052 150.752
18.3478 150.76
18.3904 150.767
18.436 150.805
18.4793 150.82
18.5224 150.832
18.5668 150.857
18.6094 150.864
18.6515 150.867
18.6956 150.889
18.738 150.894
18.7834 150.929
18.8291 150.967
18.872 150.977
18.9169 151.007
18.959 151.009
19.0017 151.017
19.0444 151.024
19.0896 151.057
19.1361 151.102
19.1818 151.14
19.2243 151.145
19.2662 151.144
19.3107 151.17
19.3531 151.174
19.3953 151.177
19.4388 151.192
19.4862 151.245
19.5289 151.252
19.6214 151.335
19.6642 151.343
19.7069 151.35
19.756 151.418
19.798 151.418
19.84 151.418
19.8827 151.425
19.9252 151.43
19.9749 151.504
20.0274 151.602
20.071 151.617
20.1141 151.627
20.1601 151.665
20.3038 151.83
20.3486 151.855
20.3914 151.863
20.4379 151.903
20.4846 151.946
20.5308 151.985
20.5767 152.02
20.6241 152.068
20.6709 152.112
21.417 153.135
21.4616 153.156
21.5196 153.295
21.5712 153.377
21.6153 153.393
21.7549 153.878
21.8021 153.919
21.8457 153.929
