-24.867 156.454
-24.8158 156.384
-24.7213 156.304
-24.6778 156.293
-24.6268 156.223
-24.583 156.211
-24.5314 156.136
-24.4843 156.097
-24.4406 156.084
-24.3946 156.053
-24.3437 155.984
-24.2994 155.966
-24.2557 155.953
-24.2072 155.902
-24.1642 155.894
-24.1208 155.884
-24.0778 155.876
-24.0319 155.846
-23.9819 155.781
-23.9373 155.761
-23.8905 155.722
-23.844 155.686
-23.8007 155.676
-23.7542 155.64
-23.7107 155.628
-23.6655 155.602
-23.6223 155.592
-23.5759 155.556
-23.5304 155.528
-23.4875 155.52
-23.4443 155.51
-23.3985 155.48
-23.355 155.467
-23.3121 155.46
-23.2649 155.416
-23.2217 155.406
-23.1788 155.399
-23.1356 155.388
-23.0862 155.327
-23.0431 155.317
-23.0014 155.32
-22.9595 155.32
-22.9163 155.31
-22.8732 155.3
-22.8282 155.274
-22.7847 155.262
-22.7394 155.234
-22.6969 155.229
-22.6547 155.227
-22.6128 155.227
-22.5687 155.209
-22.5256 155.199
-22.4822 155.186
-22.4396 155.181
-22.3977 155.182
-22.3546 155.172
-22.3118 155.164
-22.2672 155.141
-22.2232 155.124
-22.1804 155.116
-22.1403 155.132
-22.0995 155.142
-22.0573 155.14
-22.013 155.12
-21.9705 155.115
-21.9283 155.113
-21.8858 155.108
-21.8427 155.098
-21.8005 155.095
-21.7586 155.096
-21.7169 155.098
-21.6739 155.088
-21.6319 155.089
-21.5903 155.091
-21.5493 155.099
-21.5073 155.1
-21.4654 155.1
-21.4223 155.09
-21.3795 155.082
-21.3365 155.072
-21.294 155.068
-21.2529 155.076
-21.2129 155.094
-21.1716 155.099
-21.1308 155.11
-21.0888 155.11
-21.0466 155.108
-21.0052 155.113
-20.9647 155.126
-20.9233 155.132
-20.8822 155.14
-20.8416 155.153
-20.798 155.137
-20.7543 155.122
-20.7174 155.169
-20.6757 155.172
-20.6301 155.138
-20.5876 155.134
-20.5478 155.154
-20.5083 155.178
-20.4694 155.206
-20.4285 155.217
-20.3857 155.209
-20.3429 155.202
-20.3022 155.215
-20.2632 155.244
-20.2218 155.249
-20.1792 155.244
-20.1367 155.239
-20.0958 155.25
-20.0548 155.26
-20.0123 155.255
-19.9703 155.256
-19.9309 155.282
-19.8905 155.297
-19.8509 155.321
-19.8105 155.337
-19.7698 155.35
-19.7282 155.355
-19.6875 155.368
-19.6489 155.402
-19.6084 155.418
-19.5693 155.446
-19.5288 155.462
-19.4875 155.47
-19.4451 155.468
-19.4033 155.471
-19.362 155.479
-19.3238 155.518
-19.2841 155.541
-19.2433 155.554
-19.2038 155.58
-19.165 155.614
-19.1247 155.633
-19.0833 155.641
-19.0453 155.682
-19.005 155.701
-18.9638 155.711
-18.9227 155.722
-18.8834 155.751
-18.8432 155.772
-18.8026 155.787
-18.7642 155.826
-18.7243 155.85
-18.6829 155.858
-18.6455 155.908
-18.6045 155.921
-18.5663 155.963
-18.5279 156.002
-18.4869 156.015
-18.4477 156.046
-18.4067 156.06
-18.3701 156.12
-18.3289 156.13
-18.2879 156.143
-18.2515 156.206
-18.2107 156.222
-18.1719 156.259
-18.1303 156.267
-18.0915 156.303
-18.0541 156.356
-18.0149 156.39
-17.9755 156.422
-17.9349 156.44
-17.8952 156.469
-17.8563 156.506
-17.8185 156.556
-17.7797 156.595
-17.7412 156.637
-17.7032 156.684
-17.6679 156.763
-17.6267 156.776
-17.5869 156.805
-17.5481 156.845
-17.5071 156.861
-17.4677 156.895
-17.3588 157.101
-17.2453 157.259
-17.2066 157.302
-17.1685 157.352
-17.1299 157.397
-17.0906 157.434
-16.9433 157.699
-16.9069 157.77
-16.7651 158.105
-16.5399 161.558
-16.4944 161.534
-16.4525 161.553
