33.5998 151.002
33.6515 151.06
33.675 150.958
33.6724 150.712
33.6733 150.485
33.6833 150.31
33.6909 150.122
33.7044 149.967
33.7245 149.85
33.7464 149.742
33.9041 149.703
33.9317 149.629
33.9566 149.539
33.9779 149.429
34.0108 149.384
34.0262 149.243
34.0554 149.178
34.0829 149.104
34.1144 149.052
34.149 149.017
34.1651 148.881
34.1956 148.824
34.222 148.745
34.2552 148.703
34.2834 148.633
34.3161 148.589
35.0547 147.526
35.0892 147.494
35.1284 147.486
35.1937 147.403
35.2212 147.335
35.2604 147.327
35.2879 147.259
35.32 147.215
35.3605 147.215
35.3949 147.183
35.4237 147.122
35.4609 147.105
35.4929 147.061
35.5263 147.025
35.5653 147.017
35.6034 147.005
35.6387 146.978
35.6655 146.907
35.6965 146.859
35.7317 146.832
35.7706 146.824
35.8039 146.788
35.8429 146.78
35.8822 146.775
35.9174 146.748
35.9572 146.745
35.9895 146.704
36.0209 146.658
36.0607 146.655
36.0977 146.638
36.1318 146.607
36.1707 146.599
36.2086 146.587
36.2374 146.529
36.2739 146.509
36.3122 146.499
36.3444 146.458
36.3817 146.443
36.4158 146.412
36.4507 146.385
36.2412 145.134
36.2816 145.136
36.5651 146.353
36.6015 146.333
36.6388 146.318
36.6761 146.304
36.7119 146.282
36.7487 146.264
36.7831 146.235
36.767 145.956
36.8027 145.934
36.8418 145.929
36.8901 145.969
36.9785 146.207
37.0172 146.2
37.0491 146.158
37.0853 146.139
37.1206 146.115
37.1592 146.107
37.192 146.071
37.2248 146.035
37.2664 146.042
37.3069 146.043
37.3426 146.022
37.3827 146.021
37.4183 145.999
37.454 145.977
37.4887 145.951
37.5238 145.927
37.5584 145.9
37.5965 145.89
37.6449 145.93
37.6854 145.932
37.7171 145.891
37.7502 145.857
37.7917 145.864
37.8317 145.864
37.8707 145.859
37.9097 145.853
37.9587 145.896
38.0021 145.912
38.0392 145.897
38.0712 145.859
38.1132 145.868
38.1557 145.879
38.1912 145.858
38.2302 145.852
38.2732 145.866
38.3152 145.875
38.3537 145.868
38.3911 145.855
38.4286 145.843
38.4676 145.838
38.5081 145.84
38.5531 145.863
38.5935 145.865
38.633 145.862
38.6695 145.845
38.7099 145.847
38.7499 145.847
38.7904 145.849
38.8293 145.844
38.8622 145.81
38.894 145.771
38.9426 145.811
38.9861 145.828
39.0261 145.827
39.063 145.812
39.1126 145.857
39.1551 145.869
39.1961 145.873
39.2355 145.87
39.275 145.867
39.317 145.876
39.359 145.885
39.3984 145.883
39.4405 145.892
39.4799 145.889
39.5214 145.896
39.5634 145.905
39.6096 145.933
39.648 145.925
39.6786 145.882
39.7191 145.884
39.7627 145.9
39.8587 145.973
39.8924 145.944
39.936 145.96
39.9765 145.962
40.018 145.969
40.059 145.973
40.1063 146.006
40.7673 146.276
41.0033 146.434
