-35.522 131.952
-35.4843 131.946
-35.4432 131.924
-35.4054 131.918
-35.3694 131.92
-35.3359 131.934
-35.2939 131.909
-35.2533 131.889
-35.2172 131.891
-35.1787 131.881
-35.138 131.861
-35.1024 131.865
-35.0651 131.862
-35.0232 131.836
-34.9859 131.832
-34.9444 131.808
-34.9088 131.812
-34.8736 131.818
-34.8392 131.829
-34.8023 131.827
-34.7604 131.801
-34.7231 131.797
-34.6896 131.811
-34.6531 131.811
-34.6121 131.79
-34.5719 131.772
-34.5387 131.788
-34.5035 131.794
-34.4633 131.776
-34.4293 131.788
-34.3891 131.771
-34.3514 131.765
-34.3178 131.779
-34.2846 131.795
-34.2448 131.779
-34.2063 131.769
-34.1698 131.77
-34.1321 131.764
-34.096 131.766
-34.0636 131.786
-34.0295 131.798
-33.9914 131.79
-33.9545 131.788
-33.9196 131.797
-33.8831 131.797
-33.8478 131.803
-33.8116 131.805
-33.7751 131.805
-33.7394 131.809
-33.7053 131.821
-33.6684 131.82
-33.6298 131.81
-33.5941 131.814
-33.56 131.826
-33.525 131.834
-33.4901 131.842
-33.4555 131.853
-33.4198 131.857
-33.3836 131.859
-33.3471 131.859
-33.3109 131.861
-33.2759 131.869
-33.2426 131.885
-33.2092 131.902
-33.1754 131.916
-33.1424 131.934
-33.105 131.93
-33.0736 131.956
-33.0401 131.973
-33.0067 131.989
-32.9701 131.989
-32.9279 131.961
-32.8909 131.959
-32.8563 131.969
-32.8193 131.967
-32.7827 131.968
-32.7484 131.98
-32.715 131.996
-32.6819 132.014
-32.646 132.018
-32.6098 132.02
-32.5731 132.021
-32.5361 132.019
-32.501 132.027
-32.4722 132.067
-32.4379 132.079
-32.4012 132.079
-32.3645 132.08
-32.3341 132.112
-32.3013 132.132
-32.2669 132.144
-32.2349 132.169
-32.1998 132.177
-32.1646 132.185
-32.1291 132.191
-32.0997 132.229
-32.0657 132.244
-32.0351 132.276
-31.9996 132.282
-31.9628 132.282
-31.9342 132.325
-31.902 132.349
-31.8699 132.373
-31.8331 132.374
-31.796 132.372
-31.7604 132.378
-31.7294 132.408
-31.6972 132.433
-31.6623 132.443
-31.6301 132.467
-31.5979 132.492
-31.5641 132.508
-31.5341 132.544
-31.5019 132.569
-31.467 132.579
-31.4362 132.612
-31.4096 132.666
-31.3746 132.677
-31.3431 132.705
-31.3119 132.736
-31.2799 132.762
-31.2457 132.776
-31.21 132.783
-31.1772 132.805
-31.1422 132.815
-31.111 132.846
-31.0801 132.878
-31.048 132.905
-31.0167 132.936
-30.9862 132.97
-30.9541 132.997
-30.9194 133.009
-30.8869 133.034
-30.8552 133.062
-30.8205 133.075
-30.7898 133.109
-30.7633 133.167
-30.7285 133.179
-30.7023 133.238
-30.6749 133.291
-30.6387 133.296
-30.6024 133.3
-30.5672 133.31
-30.5394 133.361
-30.509 133.398
-30.4786 133.435
-30.4463 133.462
-29.5756 134.86
-29.3686 136.504
-29.3437 136.581
-29.3275 136.708
-29.3283 136.936
-29.3203 137.113
-29.3066 137.257
-29.2877 137.37
-29.27 137.491
-29.255 137.628
-29.2484 137.815
-29.2183 137.863
