-21.9783 180.096
-21.92 179.988
-21.8647 179.91
-21.8019 179.757
-21.7389 179.601
-21.6818 179.503
-21.6264 179.422
-21.5736 179.368
-20.8564 178.311
-20.8082 178.298
-20.7533 178.218
-20.698 178.132
-20.6491 178.113
-20.5975 178.065
-20.545 178.008
-20.497 177.998
-20.4427 177.922
-20.3945 177.909
-20.2915 177.814
-20.243 177.798
-20.1883 177.715
-20.1368 177.667
-20.0857 177.623
-20.0376 177.61
-19.9865 177.566
-19.9381 177.55
-19.8841 177.474
-19.8351 177.452
-19.7847 177.414
-19.7367 177.401
-19.6863 177.363
-19.6379 177.348
-19.587 177.303
-19.5369 177.269
-19.4892 177.259
-19.4377 177.209
-19.3897 177.196
-19.3423 177.19
-19.2946 177.181
-19.2426 177.124
-19.1949 177.115
-19.1475 177.109
-19.0998 177.099
-19.0519 177.087
-19.0011 177.043
-18.9515 177.011
-18.9046 177.012
-18.8567 176.999
-18.8063 176.958
-18.7578 176.939
-18.709 176.917
-18.66 176.892
-18.6116 176.873
-18.5651 176.877
-18.5183 176.877
-18.4709 176.871
-18.4225 176.852
-18.3738 176.831
-18.3278 176.84
-18.2802 176.831
-18.2321 176.816
-18.1845 176.806
-18.1377 176.807
-18.0912 176.81
-18.0428 176.791
-17.9944 176.773
-17.9447 176.738
-17.8977 176.735
-17.8525 176.755
-17.8057 176.755
-17.7571 176.733
-17.7101 176.73
-17.663 176.727
-17.6168 176.734
-17.5708 176.744
-17.5237 176.741
-17.4762 176.732
-17.4297 176.735
-17.3842 176.751
-17.3374 176.751
-17.2893 176.736
-17.2407 176.714
-17.1917 176.686
-17.1451 176.689
-17.0996 176.705
-17.0546 176.728
-17.0063 176.709
-16.9601 176.716
-16.9128 176.71
-16.8652 176.7
-16.8192 176.71
-16.7732 176.72
-16.7269 176.727
-16.6788 176.711
-16.634 176.737
-16.5895 176.766
-16.5412 176.747
-16.4941 176.744
-16.4488 176.763
-16.4039 176.789
-16.3569 176.786
-16.313 176.824
-16.2669 176.834
-16.2198 176.831
-16.1713 176.809
-16.1247 176.813
-16.0793 176.832
-16.0339 176.852
-15.9888 176.874
-15.9429 176.887
-15.896 176.887
-15.8504 176.903
-15.8042 176.913
-15.7574 176.914
-15.7108 176.917
-15.6649 176.93
-15.6189 176.943
-15.573 176.956
-15.5289 176.994
-15.4832 177.011
-15.4368 177.017
-15.3906 177.027
-15.3448 177.043
-15.3007 177.082
-15.2554 177.104
-15.2078 177.095
-15.1625 177.118
-15.1185 177.159
-15.0722 177.169
-15.0262 177.182
-14.9806 177.201
-14.9359 177.234
-14.8916 177.272
-14.8458 177.288
-14.7997 177.301
-14.755 177.334
-14.7087 177.343
-14.6643 177.382
-14.618 177.392
-14.5736 177.43
-14.5277 177.447
-14.4831 177.482
-14.4385 177.517
-14.3926 177.534
-14.3464 177.547
-14.3019 177.585
-14.2562 177.605
-14.2142 177.682
-14.1708 177.737
-14.1248 177.753
-14.0802 177.792
-14.0336 177.798
-13.9894 177.843
-13.9432 177.856
-13.901 177.934
-13.8575 177.989
-13.811 177.998
-13.7665 178.04
-13.72 178.05
-13.679 178.147
-13.633 178.166
-12.9277 178.997
-12.8859 179.091
