-24.8698 83.9006
-24.8437 83.9005
5.49127 99.6602
5.52143 99.6642
5.55019 99.6342
5.57985 99.6264
5.63664 99.5508
5.97893 99.1651
6.00858 99.16
6.03805 99.151
6.18273 99.0502
6.21229 99.0438
6.24184 99.0374
6.29717 98.9457
6.32607 98.9264
6.35547 98.9174
6.38454 98.9019
6.41355 98.8852
6.44217 98.8608
6.47027 98.826
6.49969 98.8183
6.52784 98.7848
6.55718 98.7759
6.58601 98.7566
6.61553 98.7515
6.64454 98.7361
6.67341 98.7182
6.70273 98.7092
6.73086 98.6771
6.76036 98.672
6.78973 98.6643
6.81736 98.6233
6.84644 98.6105
6.87452 98.5784
6.90318 98.5579
6.93251 98.5503
6.9613 98.5323
6.99 98.5132
7.01864 98.4927
7.04815 98.4889
7.07628 98.4595
7.10558 98.4518
7.13529 98.4519
7.16486 98.4494
7.19289 98.4187
7.22224 98.4124
7.2518 98.4099
7.28143 98.4087
7.31028 98.3934
7.3389 98.3742
7.36744 98.3538
7.39569 98.3283
7.42435 98.3104
7.45403 98.3105
7.48429 98.3208
7.5128 98.3004
7.54196 98.2915
7.57119 98.2839
7.60011 98.2712
7.62911 98.2597
7.65818 98.2496
7.68687 98.233
7.71607 98.2254
7.7449 98.2115
7.77394 98.2013
7.80291 98.1899
7.83255 98.19
7.86197 98.1862
7.89062 98.1697
7.91972 98.1608
7.94928 98.1596
7.97861 98.1546
8.0077 98.1457
8.03686 98.1381
8.06555 98.1229
8.09439 98.1102
8.12418 98.1128
8.15373 98.1116
8.18271 98.1015
8.21122 98.0837
8.24028 98.0749
8.26965 98.0711
8.29911 98.0686
8.32815 98.0598
8.3572 98.051
8.38648 98.0459
8.41609 98.046
8.44537 98.041
8.47481 98.0385
8.50426 98.036
8.53361 98.0323
8.56247 98.0209
8.59199 98.0197
8.62109 98.0122
8.64993 98.0008
8.67944 97.9996
8.70895 97.9984
8.73727 97.9794
8.76618 97.9693
8.79654 97.9808
8.82631 97.9834
8.85754 98.0077
8.88774 98.0167
8.91682 98.0091
8.9452 97.9914
8.97435 97.9851
9.0035 97.9788
9.03283 97.9751
9.06251 97.9764
9.09245 97.9816
9.12222 97.9842
9.15127 97.9767
9.18032 97.9691
9.20964 97.9654
9.23914 97.9642
9.26926 97.9719
9.2993 97.9783
9.32853 97.9733
9.35747 97.9645
9.38697 97.9633
9.41682 97.9672
9.44714 97.9775
9.47737 97.9865
9.50705 97.9878
9.5359 97.9777
9.56465 97.9663
9.59367 97.9588
9.62334 97.9602
9.65349 97.9679
9.68354 97.9743
9.71312 97.9744
9.74328 97.9821
9.77362 97.9924
9.80445 98.009
9.83452 98.0155
9.86382 98.0117
9.89312 98.008
9.9229 98.0107
9.95278 98.0146
9.98267 98.0185
10.0126 98.0236
10.0422 98.0237
10.0718 98.0238
10.1015 98.0252
10.1315 98.0304
10.1618 98.0394
10.192 98.0471
10.2218 98.0497
10.2515 98.0511
10.2814 98.055
10.3119 98.0666
10.3418 98.0705
10.3716 98.0731
10.4011 98.0719
10.4319 98.0873
10.4635 98.1129
10.4935 98.1181
10.5228 98.1144
10.5524 98.1144
10.5828 98.1235
10.6142 98.1465
10.6444 98.153
10.6744 98.1582
10.7051 98.1711
10.7348 98.1724
10.7646 98.1751
10.795 98.1841
10.8262 98.2033
10.8569 98.2162
10.8876 98.2291
10.9186 98.2458
10.9492 98.2574
10.98 98.2715
11.0103 98.2793
11.0412 98.2947
11.0718 98.3063
11.1019 98.3115
11.1332 98.3308
11.1634 98.3373
11.1936 98.3438
11.2233 98.3452
11.2541 98.3581
11.2843 98.3646
11.3144 98.3698
11.3453 98.384
11.3764 98.4007
11.4064 98.4046
11.4378 98.4252
11.4706 98.4612
11.5008 98.4677
11.5306 98.4691
11.5618 98.4859
11.5947 98.5232
11.6263 98.5438
11.657 98.5555
11.6895 98.5877
11.7212 98.6096
11.7524 98.6264
11.7827 98.6329
11.8139 98.6497
11.8448 98.6627
11.8753 98.6718
11.9059 98.6822
11.9376 98.7041
11.9683 98.7145
12 98.7365
12.0319 98.7598
12.0642 98.7882
12.0998 98.8515
12.1299 98.8555
12.1601 98.8607
12.1914 98.8776
12.2218 98.8841
12.256 98.932
12.2871 98.9463
12.3194 98.9735
12.3503 98.9852
12.3837 99.0241
12.4173 99.0643
12.4491 99.0864
12.481 99.1085
12.5132 99.1332
12.548 99.1864
12.5816 99.2254
12.6134 99.2463
12.6451 99.2658
12.6758 99.275
12.7078 99.2972
12.7411 99.3336
12.7719 99.3428
12.8054 99.3806
12.8388 99.4171
12.9425 99.562
12.9746 99.5842
13.0066 99.6052
13.0408 99.6497
13.0731 99.6733
13.105 99.6929
13.1359 99.7035
13.1713 99.7585
13.2108 99.8541
13.2451 99.8974
13.2788 99.9355
13.3113 99.9605
13.4533 100.179
13.489 100.234
13.5232 100.275
13.5577 100.319
13.592 100.361
13.6256 100.396
