-24.8717 83.9097
-24.8428 83.8965
4.21981 137.594
4.25685 137.532
4.29482 137.508
4.33175 137.443
4.36883 137.385
4.48089 137.249
4.51827 137.206
4.55585 137.172
4.59279 137.114
5.115 136.563
5.15308 136.555
5.1904 136.521
5.22802 136.497
5.26531 136.463
5.37702 136.359
5.41444 136.331
5.45253 136.324
5.4898 136.293
5.52604 136.229
5.56397 136.218
5.6014 136.193
5.63945 136.186
5.67679 136.159
5.71462 136.146
5.75117 136.095
5.78869 136.074
5.82614 136.05
5.8635 136.025
5.90128 136.012
5.9384 135.98
5.97631 135.972
6.0129 135.925
6.05087 135.919
6.08868 135.908
6.12582 135.878
6.16317 135.855
6.20127 135.853
6.23922 135.846
6.27624 135.815
6.3131 135.779
6.35024 135.751
6.38894 135.766
6.42655 135.751
6.46343 135.717
6.50094 135.7
6.53852 135.686
6.57649 135.681
6.61414 135.669
6.65138 135.645
6.68926 135.639
6.72665 135.62
6.76394 135.599
6.80172 135.59
6.83958 135.584
6.87752 135.58
6.91521 135.569
6.95289 135.559
6.99006 135.535
7.02722 135.512
7.06488 135.502
7.10288 135.499
7.14036 135.485
7.17853 135.487
7.21627 135.478
7.25418 135.474
7.2919 135.466
7.32989 135.464
7.3677 135.457
7.40542 135.449
7.44223 135.419
7.47966 135.404
7.51635 135.373
7.55386 135.36
7.59219 135.366
7.63061 135.375
7.66914 135.385
7.70692 135.379
7.74356 135.347
7.78114 135.337
7.81919 135.337
7.85704 135.333
7.89518 135.335
7.93323 135.335
7.97099 135.328
8.00932 135.335
8.04727 135.332
8.0865 135.358
8.11131 135.076
8.16469 135.402
8.19656 135.271
8.23499 135.28
8.27503 135.322
8.31328 135.326
8.35285 135.357
8.39028 135.345
8.42781 135.334
8.46565 135.33
8.50411 135.338
8.54277 135.351
8.5803 135.34
8.61803 135.334
8.65586 135.33
8.6939 135.33
8.73215 135.334
8.77051 135.34
8.80898 135.349
8.84713 135.351
8.88561 135.359
8.92344 135.355
8.96138 135.353
8.99953 135.355
9.03691 135.342
9.07528 135.348
9.11355 135.352
9.15226 135.365
9.19087 135.376
9.22925 135.382
9.2673 135.382
9.30592 135.392
9.34488 135.409
9.38362 135.422
9.42237 135.434
9.46066 135.438
9.49895 135.443
9.53748 135.451
9.57659 135.47
9.61548 135.485
9.6532 135.478
9.69091 135.472
9.72779 135.451
9.76681 135.467
9.80631 135.493
9.84486 135.501
9.88451 135.528
9.92319 135.539
9.96164 135.545
9.99996 135.549
10.0404 135.589
10.0788 135.596
10.1173 135.602
10.1556 135.606
10.1942 135.615
10.2342 135.646
10.2731 135.659
10.3119 135.671
10.3506 135.68
10.3897 135.697
10.43 135.732
10.4683 135.737
10.5067 135.741
10.5452 135.747
10.5851 135.774
10.624 135.787
10.6642 135.821
10.7036 135.842
10.7432 135.865
10.7817 135.869
10.8211 135.89
10.8605 135.909
10.9004 135.937
10.9404 135.967
10.9804 135.994
11.0195 136.009
11.0598 136.043
11.1001 136.074
11.1388 136.083
11.1802 136.132
11.2191 136.142
11.2591 136.17
11.2984 136.187
11.3386 136.216
11.3792 136.252
11.4192 136.28
11.4582 136.29
11.4985 136.322
11.5386 136.35
11.579 136.382
11.6197 136.418
11.6604 136.454
11.7007 136.484
11.741 136.514
11.7821 136.554
11.8638 136.628
11.9062 136.688
11.9488 136.75
11.9898 136.789
12.0306 136.823
12.0694 136.829
12.1114 136.882
12.1525 136.921
12.1937 136.962
12.3186 137.099
12.4485 137.302
12.4893 137.335
12.5324 137.399
12.5758 137.468
12.6157 137.487
12.6607 137.576
12.7045 137.649
12.7481 137.718
12.792 137.791
12.8818 137.962
12.9253 138.029
12.9713 138.129
13.0171 138.225
13.0593 138.272
