-19.0882 141.543
-19.0478 141.53
-18.9075 141.313
-18.8614 141.246
-18.8184 141.209
-18.7724 141.142
-18.7288 141.098
-18.6861 141.063
-18.6414 141.008
-18.5054 140.825
-18.4617 140.778
-18.4203 140.754
-18.3806 140.746
-18.3318 140.651
-18.2921 140.642
-18.2524 140.633
-18.2078 140.579
-18.1649 140.539
-18.0799 140.467
-18.0352 140.41
-17.9953 140.399
-17.9534 140.368
-17.9108 140.331
-17.8691 140.303
-17.8268 140.268
-17.7867 140.254
-17.7448 140.224
-17.7028 140.191
-17.6607 140.158
-17.6211 140.15
-17.5784 140.11
-17.5351 140.064
-17.4957 140.058
-17.4564 140.052
-17.4142 140.017
-17.3724 139.986
-17.3327 139.975
-17.289 139.925
-17.2484 139.906
-17.2073 139.882
-17.1684 139.88
-17.127 139.851
-17.087 139.838
-17.0471 139.825
-17.0069 139.81
-16.9678 139.806
-16.9268 139.782
-16.8869 139.769
-16.8432 139.717
-16.8033 139.704
-16.7648 139.706
-16.7262 139.706
-16.6836 139.665
-16.6424 139.639
-16.6028 139.628
-16.5631 139.617
-16.5232 139.604
-16.4834 139.591
-16.4437 139.58
-16.4032 139.561
-16.3646 139.561
-16.3252 139.552
-16.2855 139.541
-16.2473 139.546
-16.2085 139.544
-16.1686 139.531
-16.1288 139.518
-16.0874 139.487
-16.0467 139.466
-16.0075 139.459
-15.9683 139.453
-15.9295 139.451
-15.8903 139.444
-15.8497 139.423
-15.8105 139.416
-15.7719 139.416
-15.7335 139.419
-15.6947 139.416
-15.6553 139.408
-15.6159 139.399
-15.5763 139.388
-15.5366 139.375
-15.4978 139.373
-15.4586 139.367
-15.4194 139.361
-15.3808 139.361
-15.3418 139.356
-15.3032 139.356
-15.2646 139.356
-15.226 139.357
-15.1877 139.361
-15.1493 139.363
-15.1109 139.365
-15.0723 139.366
-15.0329 139.357
-14.9941 139.355
-14.9559 139.359
-14.9176 139.364
-14.8796 139.37
-14.8423 139.385
-14.8036 139.386
-14.7643 139.377
-14.7244 139.362
-14.6852 139.355
-14.6471 139.362
-14.6078 139.353
-14.5692 139.353
-14.5322 139.373
-14.497 139.414
-14.4556 139.382
-14.4152 139.36
-14.3764 139.358
-14.339 139.373
-14.3007 139.378
-14.2635 139.395
-14.2247 139.393
-14.1864 139.397
-14.1485 139.406
-14.1114 139.426
-14.0737 139.437
-14.0352 139.439
-13.9955 139.426
-13.9561 139.417
-13.9184 139.428
-13.8816 139.452
-13.8438 139.463
-13.8065 139.481
-13.7682 139.485
-13.7297 139.487
-13.6917 139.496
-13.6537 139.505
-13.6159 139.516
-13.5779 139.525
-13.5392 139.525
-13.5007 139.527
-13.4632 139.542
-13.4257 139.557
-13.3877 139.566
-13.3495 139.573
-13.3119 139.588
-13.2754 139.617
-13.2382 139.636
-13.2001 139.645
-13.1617 139.649
-13.1238 139.66
-13.0862 139.676
-13.0487 139.691
-13.0109 139.704
-12.973 139.715
-12.9352 139.728
-12.8984 139.754
-12.8611 139.774
-12.8236 139.792
-12.786 139.807
-12.7488 139.829
-12.7113 139.846
-12.6734 139.857
-12.6355 139.871
-12.5971 139.875
-12.5591 139.886
-12.5227 139.919
-12.4862 139.952
-12.4482 139.963
-12.4113 139.989
-12.3745 140.017
-12.3367 140.033
-12.2993 140.053
-12.2615 140.068
-12.2262 140.118
-12.188 140.127
-12.1499 140.138
-12.1144 140.187
-12.0771 140.209
-12.0402 140.237
-12.0028 140.259
-11.9652 140.277
-11.9285 140.31
-11.8916 140.338
-11.8534 140.349
-11.8178 140.398
-11.7795 140.407
-11.7416 140.422
-11.7045 140.448
-11.6674 140.477
-11.6297 140.495
-11.5944 140.55
-11.5582 140.592
-11.5217 140.629
-11.4848 140.66
-11.4481 140.696
-11.4133 140.76
-11.377 140.802
-11.3386 140.811
-11.301 140.833
-11.2648 140.877
-11.2289 140.926
-11.1913 140.948
-11.1542 140.979
-11.1177 141.019
-11.0827 141.083
-11.0459 141.118
-11.009 141.154
-10.9724 141.194
-10.9376 141.263
-10.7203 141.548
-10.6838 141.592
-10.6498 141.679
-10.6129 141.717
-10.5748 141.735
-10.5409 141.825
-10.331 142.262
-10.2957 142.331
-10.2588 142.374
-10.2254 142.478
-10.1903 142.552
-10.1544 142.613
-10.1163 142.636
