-24.87 83.9017
-24.8434 83.8995
4.16454 148.926
4.20458 148.879
4.24471 148.838
4.3643 148.684
4.56384 148.454
4.60476 148.452
4.72393 148.303
4.76388 148.264
4.804 148.233
4.84461 148.221
4.88528 148.211
4.92517 148.172
4.96422 148.102
5.00485 148.092
5.04489 148.06
5.08472 148.021
5.1238 147.956
5.16433 147.944
5.20431 147.912
5.24503 147.907
5.28486 147.871
5.32466 147.835
5.36459 147.803
5.405 147.789
5.44569 147.784
5.48566 147.755
5.52605 147.74
5.5652 147.685
5.60578 147.677
5.64571 147.648
5.68606 147.634
5.72596 147.605
5.76659 147.6
5.80715 147.593
5.84687 147.559
5.88642 147.52
5.92611 147.487
5.96672 147.482
6.00677 147.46
6.04713 147.448
6.08749 147.436
6.12744 147.412
6.1681 147.409
6.20884 147.409
6.24909 147.395
6.28893 147.368
6.32893 147.346
6.36907 147.329
6.40938 147.317
6.44985 147.31
6.48998 147.293
6.52993 147.272
6.5697 147.245
6.60998 147.233
6.65007 147.216
6.6906 147.211
6.73129 147.211
6.77172 147.204
6.81197 147.192
6.85222 147.18
6.89201 147.156
6.93207 147.139
6.97257 147.134
7.01315 147.131
7.05374 147.129
7.09414 147.122
7.13435 147.11
7.17483 147.105
7.21578 147.112
7.25608 147.102
7.29656 147.097
7.33684 147.088
7.37665 147.066
7.41721 147.064
7.45768 147.059
7.49834 147.059
7.5389 147.056
7.57946 147.054
7.62041 147.061
7.66117 147.063
7.70112 147.046
7.74067 147.02
7.78132 147.02
7.82146 147.008
7.86231 147.012
7.89804 146.897
7.94226 146.981
7.98207 146.962
8.02354 146.981
8.06334 146.962
8.10344 146.95
8.14439 146.957
8.18513 146.959
8.2264 146.973
8.26725 146.978
8.3081 146.983
8.34906 146.99
8.39024 147.002
8.4311 147.007
8.47262 147.026
8.51381 147.038
8.55457 147.04
8.59511 147.037
8.63586 147.04
8.67685 147.047
8.71761 147.049
8.75826 147.049
8.79902 147.051
8.83978 147.054
8.88077 147.061
8.92211 147.075
8.96276 147.075
9.00353 147.077
9.045 147.094
9.08649 147.111
9.12785 147.125
9.16863 147.127
9.20929 147.127
9.25019 147.132
9.29182 147.151
9.33309 147.163
9.37388 147.165
9.41491 147.172
9.45607 147.182
9.49934 147.232
9.54064 147.244
9.58107 147.239
9.6215 147.234
9.66293 147.249
9.70463 147.268
9.74633 147.287
9.78752 147.296
9.82873 147.306
9.87032 147.323
9.91218 147.344
9.95495 147.383
9.99605 147.39
10.037 147.394
10.0783 147.404
10.1192 147.409
10.1606 147.421
10.2045 147.478
10.2468 147.507
10.2884 147.521
10.3309 147.553
10.3719 147.557
10.4126 147.557
10.4547 147.581
10.4961 147.593
10.539 147.629
10.5814 147.658
10.6225 147.665
10.6651 147.697
10.7083 147.738
10.7511 147.774
10.7929 147.79
10.8354 147.819
10.8765 147.824
10.9178 147.834
10.9616 147.884
11.0035 147.901
11.0453 147.918
11.09 147.983
11.134 148.036
11.1754 148.046
11.2172 148.06
11.2614 148.116
11.303 148.128
11.3444 148.138
11.3887 148.193
11.4309 148.215
11.4763 148.288
11.521 148.348
11.5629 148.365
11.6044 148.375
11.6495 148.441
11.6934 148.489
11.7365 148.523
11.7798 148.559
11.825 148.628
11.8674 148.649
11.9129 148.72
11.9605 148.823
12.0046 148.871
12.0477 148.903
12.0896 148.918
12.1369 149.013
12.1814 149.067
12.2252 149.108
12.2706 149.174
12.317 149.255
12.3633 149.333
12.4074 149.378
12.4537 149.456
12.5982 149.769
