-18.7046 130.556
-18.6667 130.545
-17.9544 129.388
-17.9121 129.334
-17.5839 128.986
-17.5424 128.938
-17.5049 128.926
-17.4652 128.894
-17.4257 128.863
-17.3845 128.817
-17.3468 128.803
-17.3049 128.75
-17.2624 128.69
-17.2248 128.677
-17.1857 128.65
-17.1465 128.622
-17.1071 128.591
-17.0681 128.564
-17.0293 128.539
-16.992 128.528
-16.9512 128.484
-16.9136 128.471
-16.8747 128.444
-16.8375 128.434
-16.7959 128.381
-16.7589 128.373
-16.7179 128.326
-16.6786 128.295
-16.6415 128.286
-16.6028 128.261
-16.5661 128.255
-16.5288 128.244
-16.4904 128.221
-16.4517 128.196
-16.4129 128.169
-16.3759 128.16
-16.3371 128.133
-16.2981 128.105
-16.2609 128.093
-16.2232 128.078
-16.1866 128.073
-16.1493 128.061
-16.1106 128.035
-16.0724 128.014
-16.035 128
-15.9954 127.964
-15.9582 127.953
-15.9218 127.949
-15.8849 127.941
-15.8472 127.924
-15.81 127.913
-15.7717 127.89
-15.7349 127.883
-15.6989 127.883
-15.6626 127.881
-15.6247 127.862
-15.5868 127.843
-15.5499 127.833
-15.5131 127.826
-15.4759 127.814
-15.4384 127.799
-15.4019 127.794
-15.3644 127.778
-15.3276 127.771
-15.2901 127.756
-15.2539 127.754
-15.2177 127.752
-15.1806 127.741
-15.1435 127.729
-15.1064 127.718
-15.0702 127.716
-15.0336 127.71
-14.9963 127.697
-14.9598 127.691
-14.9234 127.688
-14.8866 127.68
-14.8499 127.672
-14.8132 127.665
-14.7772 127.665
-14.7415 127.669
-14.7058 127.672
-14.6696 127.67
-14.6329 127.663
-14.5958 127.652
-14.5591 127.644
-14.5225 127.638
-14.4865 127.638
-14.4503 127.636
-14.4136 127.629
-14.3774 127.627
-14.3412 127.625
-14.3048 127.621
-14.2688 127.621
-14.2324 127.617
-14.1964 127.617
-14.1605 127.619
-14.1247 127.621
-14.0893 127.629
-14.0536 127.633
-14.0179 127.636
-13.9822 127.64
-13.9458 127.636
-13.9086 127.623
-13.872 127.615
-13.8366 127.623
-13.8002 127.619
-13.7637 127.614
-13.7291 127.631
-13.6963 127.668
-13.6589 127.653
-13.6237 127.663
-13.5878 127.665
-13.5529 127.678
-13.5166 127.676
-13.4811 127.682
-13.445 127.682
-13.4088 127.68
-13.3737 127.691
-13.3379 127.695
-13.3022 127.699
-13.2664 127.702
-13.2304 127.702
-13.1945 127.704
-13.1601 127.725
-13.125 127.736
-13.0892 127.74
-13.053 127.738
-13.0167 127.736
-12.9808 127.738
-12.9457 127.75
-12.9114 127.772
-12.8759 127.78
-12.8401 127.784
-12.8047 127.791
-12.7696 127.805
-12.7343 127.814
-12.6992 127.827
-12.664 127.839
-12.6285 127.846
-12.5931 127.856
-12.5578 127.865
-12.5221 127.871
-12.4867 127.88
-12.4512 127.888
-12.4164 127.905
-12.3813 127.918
-12.3458 127.926
-12.3105 127.937
-12.2751 127.947
-12.2404 127.966
-12.205 127.975
-12.1704 127.996
-12.1352 128.007
-12.1 128.021
-12.0667 128.059
-12.0317 128.074
-11.9962 128.083
-11.9623 128.114
-11.927 128.125
-11.8917 128.137
-11.8565 128.15
-11.8231 128.188
-11.7876 128.198
-11.7515 128.199
-11.7155 128.201
-11.6809 128.224
-11.6467 128.251
-11.6124 128.277
-11.5771 128.291
-11.5423 128.31
-11.5066 128.317
-11.472 128.34
-11.4368 128.356
-11.4034 128.396
-11.3683 128.411
-11.3339 128.438
-11.2999 128.47
-11.2646 128.484
-11.2298 128.505
-11.1954 128.531
-11.1598 128.541
-11.1252 128.566
-11.0909 128.594
-11.0582 128.646
-11.0239 128.677
-10.9883 128.686
-10.9542 128.719
-10.9211 128.767
-10.8858 128.782
-10.8499 128.788
-10.8166 128.834
-10.7826 128.868
-10.7481 128.897
-10.7135 128.924
-10.6777 128.932
-10.6433 128.963
-10.5762 129.049
-10.5406 129.061
-10.5061 129.09
-10.4718 129.122
-10.4387 129.174
-10.4044 129.207
-10.2698 129.383
-10.2355 129.418
-10.1998 129.431
-10.1664 129.479
-10.1351 129.563
-10.0668 129.64
-10.0337 129.694
-9.99926 129.729
-9.96485 129.764
-9.93219 129.828
-9.89869 129.879
-9.86422 129.914
-9.82985 129.951
-9.79511 129.982
-9.59938 130.39
-9.56496 130.429
-9.53155 130.486
-9.40432 130.829
-9.37111 130.892
