10.1152 138.735
10.1543 138.733
10.1935 138.733
10.2924 135.769
10.3264 135.693
10.3593 135.6
10.3939 135.534
10.4279 135.46
10.4624 135.394
10.4968 135.327
10.5308 135.255
10.5955 135.057
10.6314 135.017
10.6676 134.981
10.7016 134.912
10.7342 134.819
10.7689 134.76
10.803 134.693
10.8372 134.628
10.8729 134.588
10.9076 134.532
10.9447 134.513
10.9796 134.461
11.0134 134.392
11.0489 134.35
11.0849 134.315
11.1209 134.281
11.1549 134.216
11.1887 134.15
11.2246 134.114
11.2594 134.064
11.2963 134.046
11.3326 134.017
11.3685 133.983
11.4026 133.923
11.4381 133.884
11.4735 133.844
11.5097 133.815
11.5458 133.786
11.5816 133.753
11.6173 133.718
11.6518 133.666
11.6882 133.641
11.7224 133.585
11.7594 133.571
11.7949 133.533
11.8316 133.515
11.867 133.478
11.9029 133.447
11.9393 133.424
11.9757 133.401
12.0124 133.383
12.0485 133.356
12.0847 133.331
12.1202 133.296
12.1561 133.267
12.1926 133.247
12.2272 133.201
12.2642 133.187
12.3 133.158
12.336 133.131
12.3732 133.121
12.409 133.092
12.4448 133.064
12.482 133.053
12.5193 133.045
12.5544 133.008
12.5913 132.994
12.6286 132.986
12.6635 132.946
12.7003 132.932
12.7362 132.905
12.7733 132.895
12.8092 132.869
12.8461 132.856
12.8833 132.848
12.9179 132.805
12.955 132.795
12.9912 132.774
13.0281 132.762
13.065 132.75
13.1016 132.733
13.138 132.715
13.175 132.705
13.2117 132.69
13.2481 132.672
13.2851 132.662
13.3223 132.654
13.3586 132.635
13.3951 132.619
13.4316 132.603
13.4681 132.586
13.5053 132.578
13.5426 132.572
13.5794 132.56
13.6153 132.537
13.6528 132.533
13.6904 132.531
13.7275 132.523
13.7638 132.505
13.8002 132.488
13.837 132.476
13.8736 132.462
13.911 132.458
13.9484 132.454
13.9855 132.446
14.0209 132.417
14.0578 132.407
14.0952 132.403
14.1324 132.397
14.17 132.395
14.2074 132.391
14.2432 132.368
14.2801 132.358
14.317 132.348
14.3536 132.336
14.3921 132.344
14.4289 132.334
14.4658 132.323
14.5008 132.293
14.5403 132.313
14.5795 132.33
14.6216 132.381
14.6596 132.383
14.698 132.391
14.7336 132.367
14.7715 132.369
14.808 132.354
14.8444 132.34
14.8822 132.34
14.9193 132.334
14.9552 132.314
14.9926 132.31
15.0308 132.316
15.0695 132.326
15.1065 132.318
15.1451 132.328
15.1832 132.332
15.2203 132.326
15.2571 132.316
15.2961 132.33
15.3352 132.345
15.3729 132.345
15.4102 132.34
15.4477 132.338
15.4854 132.339
15.5237 132.345
15.5631 132.363
15.601 132.365
15.6376 132.353
15.6763 132.363
15.714 132.363
15.7517 132.363
15.79 132.369
15.8283 132.375
15.8656 132.371
15.9045 132.384
15.943 132.392
15.9817 132.402
16.0202 132.41
16.0589 132.42
16.0976 132.431
16.1355 132.433
16.1736 132.437
16.2127 132.451
16.251 132.457
16.2898 132.468
16.3281 132.474
16.3664 132.48
16.4049 132.488
16.4461 132.523
16.4846 132.531
16.5232 132.539
16.5613 132.543
16.5994 132.547
16.6376 132.552
16.6778 132.576
16.7184 132.605
16.7567 132.611
16.7947 132.613
16.8341 132.629
16.8733 132.644
16.9133 132.666
16.9521 132.677
16.9919 132.697
17.0324 132.724
17.0712 132.734
17.1096 132.74
17.1484 132.75
17.1887 132.775
17.229 132.8
17.2678 132.81
17.3088 132.841
17.3493 132.867
17.3899 132.894
17.4281 132.898
17.4689 132.927
17.5073 132.933
17.5481 132.962
17.5864 132.966
17.6272 132.995
17.6665 133.009
17.7098 133.061
17.7487 133.071
17.79 133.104
17.828 133.106
17.8692 133.137
17.9107 133.172
17.9527 133.211
18.0786 133.327
18.117 133.331
18.1553 133.335
18.199 133.388
18.2382 133.401
18.2819 133.455
18.3209 133.465
18.3653 133.525
18.5354 133.693
18.5765 133.722
18.6185 133.759
18.6606 133.796
18.7048 133.852
18.7464 133.886
18.7856 133.896
18.8284 133.94
19.0468 134.194
19.0923 134.26
19.366 134.66
