13.8602 150.309
13.9024 150.316
13.9442 150.316
13.9412 146.368
13.9785 146.32
14.0111 146.21
14.0434 146.098
14.074 145.963
14.1111 145.915
14.1492 145.879
14.1843 145.806
14.2192 145.73
14.2537 145.649
14.2898 145.59
14.3236 145.5
14.3604 145.45
14.3979 145.41
14.4343 145.355
14.4712 145.308
14.5082 145.261
14.5445 145.207
14.5834 145.185
14.6182 145.112
14.6532 145.042
14.6906 145.001
14.7287 144.971
14.766 144.931
14.8009 144.86
14.8375 144.811
14.8721 144.738
14.9113 144.722
14.9474 144.668
14.9852 144.635
15.0247 144.623
15.0627 144.593
15.0995 144.548
15.1369 144.511
15.1748 144.48
15.2127 144.45
15.2498 144.41
15.2871 144.372
15.324 144.33
15.3596 144.272
15.3982 144.251
15.4362 144.223
15.4754 144.209
15.513 144.176
15.5504 144.141
15.5876 144.104
15.6242 144.059
15.6627 144.038
15.7019 144.024
15.7392 143.989
15.7775 143.966
15.8152 143.936
15.8537 143.915
15.8918 143.889
15.9305 143.871
15.9665 143.822
16.0054 143.805
16.0428 143.773
16.0805 143.743
16.1199 143.733
16.1573 143.701
16.1949 143.671
16.2331 143.647
16.2721 143.633
16.3104 143.612
16.3496 143.601
16.3876 143.575
16.4268 143.564
16.4659 143.552
16.5034 143.522
16.5407 143.489
16.5799 143.478
16.619 143.466
16.6575 143.448
16.6971 143.441
16.737 143.438
16.7755 143.42
16.8134 143.394
16.8493 143.348
16.8869 143.32
16.9268 143.318
16.9683 143.332
17.0089 143.336
17.0471 143.315
17.0831 143.271
17.1213 143.251
17.161 143.246
17.201 143.244
17.2402 143.234
17.2784 143.214
17.3179 143.207
17.3567 143.193
17.3953 143.176
17.4338 143.16
17.4713 143.133
17.5103 143.121
17.5493 143.109
17.5874 143.089
17.6244 143.056
17.6647 143.059
17.7052 143.063
17.7462 143.072
17.7854 143.063
17.8246 143.054
17.8635 143.042
17.9023 143.028
17.943 143.035
17.9842 143.047
18.0255 143.058
18.0674 143.077
18.1077 143.079
18.1462 143.063
18.1849 143.049
18.224 143.039
18.2611 143.009
18.3014 143.012
18.3428 143.025
18.3838 143.035
18.4227 143.023
18.4612 143.007
18.5015 143.009
18.5436 143.03
18.5851 143.044
18.6264 143.055
18.6667 143.057
18.7067 143.057
18.7466 143.055
18.7859 143.048
18.825 143.039
18.8646 143.034
18.9047 143.034
18.9459 143.045
18.9877 143.062
19.0282 143.066
19.0688 143.071
19.1086 143.068
19.1479 143.061
19.1882 143.064
19.2288 143.068
19.2691 143.07
19.3089 143.068
19.349 143.068
19.3898 143.075
19.4318 143.093
19.4716 143.091
19.5122 143.095
19.5534 143.107
19.5943 143.114
19.6348 143.118
19.6751 143.12
19.7172 143.139
19.7572 143.139
19.7983 143.148
19.8411 143.173
19.8822 143.182
19.9228 143.187
19.9631 143.189
20.0062 143.217
20.0491 143.242
20.0894 143.244
20.1295 143.244
20.1701 143.249
20.2109 143.256
20.2538 143.281
20.2942 143.283
20.3371 143.309
20.3782 143.318
20.4191 143.325
20.4602 143.334
20.5037 143.364
20.5474 143.396
20.5875 143.396
20.6287 143.405
20.6727 143.44
20.7157 143.465
20.7566 143.472
20.8001 143.502
20.8413 143.512
20.8849 143.542
20.9258 143.548
20.9662 143.551
21.0103 143.585
21.0579 143.65
21.0991 143.659
21.1414 143.678
21.1802 143.666
21.2271 143.724
21.2675 143.726
21.3085 143.733
21.3527 143.768
21.3972 143.805
21.441 143.835
21.486 143.877
21.5281 143.893
21.5746 143.947
21.6159 143.956
21.6603 143.991
21.704 144.021
21.7456 144.033
21.7933 144.095
21.8386 144.137
21.8832 144.174
21.9249 144.186
21.9696 144.223
22.0138 144.256
22.0613 144.317
22.1041 144.337
22.152 144.401
22.1974 144.443
22.2425 144.482
22.2882 144.527
22.3336 144.569
22.3822 144.637
22.4305 144.702
22.4726 144.716
22.5244 144.81
22.5676 144.833
22.6152 144.892
22.66 144.927
22.7056 144.969
