-24.8724 83.9128
-24.8439 83.9015
-6.7688 152.568
-6.50376 152.163
-6.41621 152.044
-6.3732 152.007
-6.33105 151.994
-6.28832 151.964
-6.24527 151.924
-5.77176 151.447
-5.68611 151.367
-5.64437 151.363
-5.60256 151.355
-5.5165 151.258
-5.47472 151.25
-5.43293 151.243
-5.39014 151.2
-5.3478 151.173
-5.30596 151.163
-5.2635 151.131
-5.22161 151.118
-5.17917 151.086
-5.13653 151.046
-5.09406 151.011
-5.05173 150.981
-5.00988 150.969
-4.96811 150.959
-4.92588 150.932
-4.88398 150.917
-4.84229 150.91
-4.80022 150.887
-4.75783 150.853
-4.71584 150.833
-4.67405 150.821
-4.6317 150.786
-4.58986 150.771
-4.54815 150.761
-4.50644 150.751
-4.4645 150.731
-4.42268 150.717
-4.38111 150.712
-4.33954 150.707
-4.29756 150.685
-4.25571 150.667
-4.21375 150.645
-4.17181 150.623
-4.1302 150.615
-4.0886 150.608
-4.04689 150.596
-4.00503 150.576
-3.96333 150.564
-3.9218 150.559
-3.88027 150.554
-3.83843 150.534
-3.79665 150.517
-3.75493 150.502
-3.71327 150.49
-3.67161 150.478
-3.63005 150.47
-3.58855 150.465
-3.54666 150.441
-3.50526 150.441
-3.46442 150.471
-3.42301 150.471
-3.3811 150.444
-3.33947 150.431
-3.29784 150.419
-3.2564 150.417
-3.21491 150.412
-3.17339 150.404
-3.13182 150.395
-3.09042 150.395
-3.04915 150.402
-3.00779 150.405
-2.96636 150.403
-2.92476 150.39
-2.88333 150.388
-2.84204 150.396
-2.80091 150.413
-2.75932 150.401
-2.71785 150.396
-2.67479 150.282
-2.63324 150.269
-2.59267 150.327
-2.55215 150.389
-2.51082 150.394
-2.46932 150.387
-2.42737 150.344
-2.38556 150.312
-2.34408 150.305
-2.30314 150.34
-2.26199 150.36
-2.22072 150.37
-2.17947 150.382
-2.13842 150.412
-2.0971 150.42
-2.05567 150.417
-2.01423 150.415
-1.97293 150.425
-1.93168 150.44
-1.89055 150.468
-1.84923 150.478
-1.80781 150.478
-1.76639 150.478
-1.72499 150.48
-1.68369 150.493
-1.64235 150.503
-1.60099 150.511
-1.55962 150.518
-1.51823 150.523
-1.4769 150.536
-1.43552 150.543
-1.39409 150.543
-1.35267 150.546
-1.31136 150.564
-1.27 150.576
-1.22864 150.589
-1.18736 150.614
-1.14606 150.639
-1.10463 150.644
-1.06318 150.646
-1.02175 150.651
-0.980329 150.659
-0.939009 150.686
-0.897638 150.706
-0.856223 150.719
-0.814859 150.744
-0.773441 150.759
-0.732036 150.779
-0.690603 150.794
-0.649182 150.814
-0.607786 150.844
-0.566345 150.864
-0.524864 150.874
-0.483357 150.877
-0.441894 150.897
-0.400459 150.932
-0.358965 150.947
-0.317483 150.972
-0.275964 150.982
-0.234467 151.01
-0.192945 151.028
-0.151431 151.06
-0.109898 151.088
-0.0683455 151.103
-0.0267836 151.113
0.0147808 151.133
0.0563541 151.151
0.0979459 151.211
0.139544 151.229
0.181175 151.281
0.222784 151.284
0.264439 151.327
0.306072 151.339
0.347735 151.367
0.389401 151.39
0.431153 151.45
0.472859 151.478
0.514633 151.528
0.556329 151.541
0.598096 151.576
0.639815 151.591
0.681617 151.629
0.723437 151.667
0.765273 151.705
0.807126 151.743
0.849038 151.791
0.891018 151.849
0.93281 151.861
0.974856 151.925
1.0167 151.942
1.05855 151.96
1.10066 152.023
1.14274 152.076
1.18496 152.15
1.22703 152.193
1.2691 152.234
1.3114 152.305
1.35357 152.353
1.39572 152.396
1.43791 152.442
1.48037 152.521
1.52281 152.592
1.56508 152.638
1.64998 152.765
1.69256 152.839
1.90674 153.289
1.94962 153.372
1.9919 153.392
2.03508 153.497
2.29966 154.512
2.34215 154.525
