-7.76975 127.492
-7.7322 127.462
-7.60838 127.136
-7.57166 127.121
-7.53379 127.081
-7.49558 127.034
-7.45695 126.978
-7.41729 126.899
-7.37846 126.837
-7.29967 126.687
-7.26231 126.655
-7.22376 126.597
-7.18524 126.539
-7.14784 126.505
-7.1092 126.444
-7.07285 126.433
-7.03591 126.408
-6.92101 126.241
-6.84631 126.17
-6.80802 126.112
-6.77167 126.099
-6.73414 126.058
-6.69607 126.004
-6.6589 125.971
-6.62173 125.937
-6.58451 125.902
-6.54768 125.876
-6.50987 125.826
-6.47331 125.806
-6.43584 125.763
-6.39899 125.735
-6.36209 125.706
-6.32594 125.694
-6.28928 125.67
-6.2524 125.641
-6.21539 125.608
-6.17847 125.576
-6.14171 125.548
-6.10511 125.524
-6.06816 125.491
-6.03136 125.462
-5.99465 125.434
-5.95795 125.406
-5.9212 125.377
-5.88529 125.369
-5.84883 125.347
-5.81217 125.319
-5.77546 125.29
-5.73951 125.281
-5.70362 125.273
-5.66654 125.233
-5.63054 125.222
-5.59335 125.178
-5.55737 125.166
-5.52093 125.143
-5.48489 125.13
-5.44847 125.106
-5.41277 125.102
-5.37656 125.084
-5.34054 125.071
-5.30472 125.063
-5.26853 125.045
-5.23216 125.021
-5.19629 125.012
-5.16012 124.993
-5.12402 124.977
-5.08805 124.964
-5.05215 124.953
-5.01636 124.945
-4.98005 124.922
-4.94399 124.905
-4.9081 124.894
-4.87234 124.887
-4.83623 124.868
-4.80025 124.854
-4.76427 124.839
-4.72858 124.833
-4.69272 124.822
-4.65682 124.809
-4.62103 124.8
-4.5853 124.793
-4.54924 124.775
-4.51347 124.765
-4.47791 124.763
-4.44203 124.751
-4.40621 124.74
-4.3705 124.732
-4.33444 124.712
-4.29864 124.701
-4.26334 124.708
-4.22785 124.708
-4.1923 124.706
-4.15685 124.708
-4.12131 124.706
-4.08552 124.695
-4.04964 124.68
-4.01363 124.66
-3.97824 124.664
-3.94275 124.664
-3.90717 124.66
-3.87132 124.645
-3.8356 124.636
-3.79999 124.631
-3.76433 124.623
-3.72872 124.618
-3.69311 124.612
-3.65772 124.616
-3.62224 124.616
-3.58668 124.612
-3.55099 124.603
-3.51552 124.603
-3.48013 124.606
-3.44457 124.603
-3.40898 124.597
-3.3735 124.597
-3.33803 124.597
-3.30252 124.595
-3.26689 124.588
-3.2315 124.591
-3.19599 124.589
-3.16078 124.602
-3.1255 124.611
-3.09002 124.611
-3.05469 124.618
-3.01929 124.622
-2.98374 124.618
-2.9478 124.594
-2.91261 124.609
-2.87721 124.612
-2.8419 124.621
-2.80653 124.627
-2.77098 124.623
-2.73541 124.617
-2.7 124.621
-2.66468 124.63
-2.6292 124.63
-2.59379 124.634
-2.55834 124.635
-2.5228 124.632
-2.48726 124.628
-2.45181 124.63
-2.41643 124.635
-2.38106 124.642
-2.3457 124.649
-2.31052 124.669
-2.27515 124.677
-2.23974 124.682
-2.20444 124.695
-2.16908 124.704
-2.13359 124.704
-2.09807 124.702
-2.06263 124.705
-2.02734 124.72
-1.99206 124.736
-1.95669 124.745
-1.92116 124.743
-1.88566 124.743
-1.85032 124.756
-1.81509 124.778
-1.77974 124.791
-1.74444 124.809
-1.70914 124.827
-1.67369 124.832
-1.63821 124.836
-1.60277 124.843
-1.56733 124.851
-1.53193 124.861
-1.49646 124.867
-1.46112 124.885
-1.42574 124.9
-1.39059 124.94
-1.35522 124.958
-1.31968 124.958
-1.28406 124.949
-1.24858 124.956
-1.21324 124.98
-1.17789 125.003
-1.14254 125.029
-1.10707 125.04
-1.07169 125.064
-1.03623 125.078
-1.00082 125.1
-0.965407 125.124
-0.929951 125.142
-0.894488 125.161
-0.858915 125.162
-0.823461 125.184
-0.787997 125.206
-0.752443 125.213
-0.716973 125.237
-0.681493 125.261
-0.645949 125.274
-0.6104 125.287
-0.574956 125.325
-0.53939 125.338
-0.503868 125.364
-0.468315 125.384
-0.432715 125.393
-0.39717 125.421
-0.361619 125.45
-0.326049 125.478
-0.290472 125.507
-0.254877 125.535
-0.219228 125.542
-0.18361 125.568
-0.148026 125.621
-0.112355 125.63
-0.0767072 125.662
-0.0410396 125.687
-0.00536329 125.717
0.0303262 125.746
0.066029 125.776
0.101745 125.802
0.137474 125.831
0.173214 125.859
0.208975 125.898
0.244764 125.951
0.280557 125.985
0.316358 126.012
0.352171 126.04
0.388038 126.092
0.42386 126.109
0.459713 126.137
0.495624 126.183
0.531527 126.218
0.567505 126.274
0.60345 126.311
0.6394 126.345
0.675404 126.389
0.711373 126.419
0.747378 126.454
0.928241 126.747
0.96436 126.781
1.0005 126.817
1.03693 126.897
1.073 126.914
