-17.7357 134.523
-17.6968 134.515
-17.6103 134.416
-17.569 134.385
-17.4822 134.283
-17.4429 134.271
-17.3995 134.219
-17.3603 134.208
-17.3197 134.184
-17.1084 133.976
-17.0662 133.934
-17.0252 133.905
-16.9877 133.91
-16.9499 133.912
-16.9119 133.913
-16.7003 133.695
-16.6615 133.687
-16.6228 133.679
-16.5842 133.673
-16.5436 133.646
-16.4596 133.563
-16.4211 133.558
-16.3826 133.552
-16.3442 133.548
-16.3043 133.527
-16.263 133.492
-16.2217 133.457
-16.1834 133.453
-16.1455 133.453
-16.1068 133.445
-15.9814 133.324
-15.9435 133.324
-15.9066 133.335
-15.8687 133.335
-15.8297 133.323
-15.7889 133.292
-15.7481 133.261
-15.7094 133.253
-15.6716 133.253
-15.6333 133.249
-15.5933 133.227
-15.5552 133.225
-15.5151 133.2
-15.4753 133.18
-15.434 133.143
-15.3994 133.178
-15.3617 133.181
-15.3212 133.152
-15.2805 133.121
-15.2406 133.099
-15.2037 133.109
-15.166 133.112
-15.1265 133.093
-15.0853 133.056
-15.0483 133.067
-15.0107 133.069
-14.9715 133.055
-14.9331 133.049
-14.8962 133.06
-14.8604 133.083
-14.8198 133.052
-14.7806 133.038
-14.7424 133.034
-14.7044 133.032
-14.6655 133.02
-14.6258 132.999
-14.5883 133.004
-14.5503 133.002
-14.5121 132.998
-14.4735 132.99
-14.4353 132.986
-14.3982 132.995
-14.3602 132.993
-14.3211 132.979
-14.2836 132.983
-14.2456 132.981
-14.2067 132.969
-14.169 132.971
-14.132 132.982
-14.0947 132.988
-14.057 132.991
-14.0191 132.991
-13.9818 132.997
-13.9436 132.994
-13.9052 132.988
-13.8673 132.988
-13.8303 132.998
-13.7938 133.015
-13.7558 133.013
-13.7176 133.009
-13.6794 133.006
-13.6413 133.004
-13.6021 132.987
-13.5622 132.963
-13.5244 132.963
-13.487 132.97
-13.4535 133.024
-13.4157 133.026
-13.3757 132.999
-13.3373 132.993
-13.3004 133.006
-13.2639 133.023
-13.2255 133.017
-13.1866 133.005
-13.1497 133.017
-13.1126 133.028
-13.0754 133.036
-13.0394 133.061
-13.0023 133.072
-12.9652 133.082
-12.928 133.091
-12.8921 133.118
-12.855 133.129
-12.818 133.141
-12.7809 133.152
-12.743 133.152
-12.7047 133.148
-12.6685 133.171
-12.6329 133.203
-12.5956 133.211
-12.5581 133.218
-12.5225 133.249
-12.4857 133.264
-12.4486 133.276
-12.4117 133.291
-12.3739 133.293
-12.3367 133.304
-12.2995 133.315
-12.2632 133.338
-12.2257 133.344
-12.1878 133.346
-12.1516 133.372
-12.1161 133.405
-12.0786 133.414
-12.0409 133.418
-12.0047 133.443
-11.9676 133.456
-11.9297 133.458
-11.893 133.477
-11.8568 133.502
-11.8198 133.517
-11.7828 133.532
-11.7478 133.576
-11.7118 133.605
-11.6746 133.618
-11.6368 133.622
-11.599 133.627
-11.563 133.656
-11.5269 133.686
-11.4905 133.711
-11.4532 133.721
-11.4165 133.743
-11.3791 133.753
-11.3431 133.785
-11.3071 133.816
-11.2698 133.829
-11.2348 133.875
-11.1986 133.905
-11.1612 133.915
-11.1239 133.928
-11.0878 133.96
-11.0528 134.008
-11.0153 134.019
-10.9789 134.046
-10.9416 134.059
-10.9071 134.116
-10.871 134.15
-10.8351 134.185
-10.7991 134.219
-10.7627 134.249
-10.725 134.257
-10.6905 134.316
-10.6534 134.333
-10.6186 134.388
-10.5811 134.401
-10.5461 134.454
-10.5098 134.486
-10.4374 134.554
-10.3656 134.632
-10.3309 134.691
-10.2944 134.721
-10.2567 134.732
-10.222 134.793
-10.1843 134.804
-10.1492 134.859
-10.1135 134.904
-9.82994 135.311
-9.448 136.059
-9.41315 136.127
-9.02907 137.65
-8.85386 136.533
-8.81486 136.529
