0.809741 154.26
0.851974 154.175
1.18827 153.454
1.23054 153.431
1.27244 153.351
1.31433 153.275
1.35634 153.221
1.3982 153.149
1.44009 153.085
1.48229 153.068
1.52409 152.999
1.56605 152.953
1.608 152.91
1.64996 152.869
1.69153 152.785
1.7332 152.716
1.77532 152.701
1.81729 152.671
1.85916 152.63
1.90064 152.551
1.94236 152.501
1.98421 152.465
2.026 152.425
2.06782 152.389
2.10982 152.372
2.15139 152.316
2.19331 152.293
2.2347 152.225
2.27671 152.212
2.31877 152.205
2.36022 152.147
2.40173 152.096
2.44364 152.079
2.48548 152.056
2.52714 152.021
2.56875 151.983
2.61062 151.966
2.65231 151.935
2.69427 151.925
2.73558 151.87
2.77734 151.847
2.81876 151.802
2.86057 151.785
2.9023 151.762
2.94424 151.755
2.98603 151.737
3.02762 151.707
3.06939 151.69
3.11099 151.662
3.15242 151.624
3.19412 151.604
3.23606 151.599
3.27775 151.579
3.31965 151.572
3.3611 151.54
3.40299 151.532
3.44465 151.512
3.48639 151.497
3.52812 151.482
3.56975 151.462
3.61133 151.44
3.653 151.422
3.6947 151.408
3.7363 151.388
3.77785 151.365
3.81929 151.338
3.86101 151.325
3.90293 151.323
3.94481 151.318
3.98662 151.311
4.02807 151.286
4.06961 151.266
4.11136 151.256
4.15311 151.246
4.19458 151.224
4.23603 151.201
4.27776 151.191
4.31965 151.189
4.36149 151.184
4.40326 151.177
4.44469 151.154
4.48628 151.139
4.5281 151.135
4.56997 151.132
4.61185 151.13
4.65379 151.13
4.6956 151.125
4.7371 151.108
4.77873 151.095
4.82034 151.083
4.86164 151.058
4.90298 151.036
4.94484 151.033
4.98688 151.039
5.02893 151.044
5.07052 151.031
5.11191 151.011
5.15328 150.992
5.19519 150.992
5.23682 150.982
5.27825 150.965
5.32078 150.987
5.36373 151.025
5.40508 151.005
5.44629 150.98
5.48862 150.995
5.53096 151.011
5.57353 151.033
5.61567 151.041
5.65744 151.036
5.69936 151.036
5.74128 151.037
5.7829 151.027
5.82482 151.027
5.86689 151.032
5.90927 151.047
5.9515 151.057
5.99413 151.08
6.03653 151.095
6.07838 151.093
6.12031 151.093
6.16257 151.103
6.20474 151.111
6.24668 151.111
6.28853 151.109
6.33055 151.112
6.37274 151.119
6.41551 151.145
6.45762 151.15
6.49948 151.147
6.54177 151.158
6.58406 151.168
6.6267 151.188
6.669 151.198
6.71148 151.214
6.75361 151.219
6.79593 151.229
6.83807 151.234
6.88012 151.237
6.92253 151.249
6.96595 151.29
7.00811 151.295
7.05027 151.3
7.09252 151.308
7.13562 151.338
7.17798 151.348
7.22025 151.356
7.26319 151.382
7.30556 151.392
7.34765 151.394
7.39052 151.417
7.4332 151.435
7.4755 151.443
7.51947 151.493
7.56228 151.514
7.6048 151.526
7.64793 151.554
7.69116 151.585
7.73361 151.595
7.77697 151.628
7.81953 151.641
7.86281 151.671
7.90528 151.681
7.94849 151.709
7.99087 151.717
8.03451 151.755
8.07828 151.796
8.12068 151.803
8.16415 151.836
8.20786 151.874
8.25147 151.91
8.29423 151.925
8.33755 151.953
8.38043 151.971
8.42421 152.009
8.46879 152.065
8.51115 152.07
8.55397 152.086
8.59781 152.124
8.64189 152.167
8.68542 152.198
8.72828 152.213
8.77218 152.252
8.81761 152.323
8.86143 152.359
8.90434 152.374
9.21689 152.734
9.25978 152.747
9.30404 152.788
9.34966 152.857
9.39408 152.901
9.43864 152.947
9.48485 153.027
9.53085 153.101
9.57537 153.145
9.89736 153.645
9.94419 153.73
10.038 153.901
