-24.87 83.9017
-24.8434 83.8995
-13.8758 138.371
-13.8366 138.363
-13.3855 138.018
-13.3034 137.951
-13.264 137.941
-13.2213 137.885
-13.1823 137.878
-13.1409 137.84
-13.1004 137.814
-13.0616 137.81
-13.0209 137.78
-12.9807 137.756
-12.9416 137.748
-12.9014 137.724
-12.8616 137.707
-12.8213 137.682
-12.7822 137.673
-12.7434 137.669
-12.7034 137.648
-12.6642 137.637
-12.622 137.586
-12.5831 137.58
-12.544 137.571
-12.5039 137.548
-12.4642 137.531
-12.4238 137.503
-12.3837 137.479
-12.3445 137.469
-12.3043 137.443
-12.2651 137.433
-12.2262 137.427
-12.1875 137.422
-12.1487 137.416
-12.1097 137.408
-12.0692 137.378
-12.0303 137.372
-11.99 137.344
-11.951 137.336
-11.912 137.327
-11.872 137.304
-11.8331 137.295
-11.7932 137.274
-11.7548 137.274
-11.7162 137.27
-11.6772 137.262
-11.6384 137.256
-11.5976 137.219
-11.5584 137.207
-11.5203 137.211
-11.4828 137.224
-11.4447 137.229
-11.406 137.225
-11.3671 137.216
-11.328 137.206
-11.2887 137.191
-11.2499 137.185
-11.2119 137.192
-11.1726 137.177
-11.1339 137.173
-11.0951 137.166
-11.0568 137.167
-11.0181 137.163
-10.9796 137.161
-10.941 137.157
-10.9021 137.148
-10.8635 137.144
-10.825 137.142
-10.7866 137.142
-10.7477 137.134
-10.7091 137.13
-10.6703 137.124
-10.6326 137.135
-10.5946 137.141
-10.5565 137.146
-10.5181 137.146
-10.4801 137.153
-10.4428 137.17
-10.5766 140.039
-10.3653 137.158
-10.3269 137.158
-10.2892 137.169
-10.2523 137.195
-10.2149 137.212
-10.1754 137.193
-10.1375 137.202
-10.0984 137.189
-10.0607 137.202
-10.022 137.196
-9.98332 137.192
-9.94394 137.175
-9.90519 137.169
-9.86631 137.16
-9.82792 137.16
-9.78929 137.156
-9.75055 137.15
-9.71192 137.146
-9.67353 137.146
-9.63622 137.166
-9.59866 137.181
-9.56086 137.192
-9.52305 137.203
-9.48512 137.211
-9.44695 137.216
-9.40971 137.238
-9.37269 137.264
-9.33463 137.27
-9.29644 137.275
-9.2587 137.288
-9.22142 137.309
-9.18379 137.325
-9.14581 137.334
-9.10805 137.347
-9.07018 137.358
-9.03196 137.362
-8.99396 137.371
-8.95629 137.386
-8.91895 137.408
-8.88137 137.425
-8.84357 137.438
-8.80554 137.447
-8.76773 137.46
-8.72959 137.467
-8.69155 137.476
-8.6535 137.484
-8.6162 137.508
-8.57878 137.53
-8.54167 137.558
-8.50424 137.58
-8.46626 137.591
-8.42807 137.598
-8.38999 137.607
-8.35262 137.63
-8.31535 137.657
-8.27755 137.672
-8.24015 137.696
-8.20264 137.718
-8.16482 137.733
-8.12779 137.765
-8.09005 137.783
-8.05351 137.826
-8.01505 137.829
-7.97678 137.835
-7.93901 137.853
-7.9026 137.901
-7.86442 137.91
-7.82681 137.931
-7.789 137.949
-7.75176 137.979
-7.7145 138.01
-7.67666 138.027
-7.6392 138.054
-7.60181 138.082
-7.56423 138.106
-7.52625 138.121
-7.48902 138.154
-7.45168 138.185
-7.41359 138.198
-7.37706 138.248
-7.3394 138.272
-7.30283 138.322
-7.26497 138.342
-7.22809 138.386
-7.18993 138.399
-7.15257 138.432
-7.11547 138.471
-7.07808 138.504
-7.04103 138.546
-7.00449 138.601
-6.96627 138.614
-6.92882 138.647
-6.89144 138.682
-6.85405 138.717
-6.81673 138.755
-6.78067 138.825
-6.74398 138.88
-6.70559 138.891
-6.66812 138.926
-6.63171 138.99
-6.59527 139.054
-6.55717 139.073
-6.52052 139.133
-6.48312 139.173
-6.44554 139.208
-6.40818 139.25
-6.37161 139.314
-6.33509 139.38
-6.29775 139.424
-6.26095 139.484
-6.22372 139.533
-6.18811 139.628
-6.15138 139.692
-6.11493 139.765
-6.0783 139.834
-6.04072 139.876
-5.68002 140.8
-5.52462 142.116
-5.48571 142.137
-5.44583 142.126
