-5.49732 129.179
-5.45527 129.037
-5.4147 128.937
-5.37491 128.858
-5.33655 128.821
-4.43319 127.063
-4.39507 127.013
-4.20581 126.8
-4.16762 126.743
-4.13058 126.728
-4.09258 126.676
-4.05511 126.644
-4.01785 126.619
-3.9805 126.59
-3.94356 126.577
-3.90571 126.527
-3.86826 126.493
-3.83082 126.459
-3.79308 126.411
-3.75628 126.402
-3.71889 126.367
-3.68157 126.335
-3.64389 126.287
-3.60651 126.251
-3.56914 126.215
-3.53184 126.181
-3.49442 126.141
-3.45779 126.135
-3.42107 126.126
-3.38386 126.094
-3.34675 126.065
-3.31022 126.064
-3.27317 126.037
-3.23608 126.009
-3.19945 126.001
-3.16208 125.958
-3.12527 125.941
-3.08815 125.908
-3.05125 125.886
-3.01435 125.863
-2.97769 125.852
-2.94103 125.841
-2.90394 125.807
-2.86723 125.792
-2.82995 125.746
-2.79343 125.741
-2.75692 125.735
-2.72037 125.728
-2.68355 125.705
-2.64698 125.696
-2.60979 125.65
-2.57317 125.637
-2.53643 125.616
-2.49998 125.613
-2.46326 125.592
-2.42678 125.586
-2.38998 125.56
-2.35334 125.543
-2.31668 125.524
-2.28014 125.513
-2.2433 125.481
-2.2066 125.459
-2.1702 125.455
-2.13376 125.449
-2.09734 125.444
-2.06088 125.436
-2.02443 125.429
-1.98803 125.425
-1.95147 125.409
-1.91503 125.401
-1.87845 125.382
-1.84199 125.373
-1.80564 125.371
-1.76926 125.368
-1.73273 125.351
-1.69635 125.347
-1.66 125.345
-1.62361 125.34
-1.58716 125.329
-1.55066 125.312
-1.5142 125.299
-1.47784 125.295
-1.44156 125.299
-1.40528 125.303
-1.36893 125.299
-1.33248 125.286
-1.29617 125.286
-1.25985 125.286
-1.22336 125.266
-1.187 125.26
-1.15068 125.258
-1.11425 125.243
-1.07784 125.23
-1.04158 125.236
-1.00533 125.244
-0.968901 125.227
-0.932496 125.212
-0.896196 125.212
-0.859907 125.214
-0.823618 125.216
-0.787349 125.222
-0.751036 125.22
-0.714663 125.207
-0.678334 125.201
-0.642008 125.196
-0.605614 125.175
-0.56938 125.188
-0.533211 125.219
-0.496968 125.234
-0.460612 125.221
-0.424275 125.211
-0.387986 125.215
-0.351707 125.223
-0.315413 125.227
-0.279108 125.227
-0.242794 125.223
-0.206485 125.222
-0.170177 125.22
-0.133873 125.22
-0.0975716 125.222
-0.06129 125.241
-0.0249959 125.256
0.0113109 125.264
0.0476284 125.258
0.0839423 125.256
0.120255 125.266
0.15657 125.27
0.192888 125.274
0.229211 125.283
0.265525 125.278
0.301834 125.268
0.338155 125.272
0.37448 125.278
0.410842 125.302
0.447215 125.327
0.483603 125.354
0.519976 125.369
0.556316 125.369
0.592623 125.358
0.628925 125.346
0.665259 125.347
0.701635 125.358
0.738008 125.367
0.774371 125.373
0.810769 125.387
0.847147 125.394
0.88361 125.419
0.920027 125.432
0.956569 125.468
0.993004 125.481
1.0294 125.487
1.06583 125.497
1.10218 125.495
1.13858 125.499
1.17514 125.527
1.21165 125.548
1.24817 125.567
1.28453 125.564
1.32093 125.566
1.35736 125.571
1.39393 125.594
1.4304 125.604
1.46695 125.623
1.50345 125.634
1.54007 125.659
1.5767 125.684
1.61324 125.697
1.65006 125.739
1.6866 125.75
1.7231 125.758
1.75953 125.758
1.79618 125.779
1.8327 125.787
1.86922 125.794
1.90594 125.819
1.94251 125.831
1.9792 125.851
2.016 125.88
2.05269 125.899
2.08922 125.905
2.12619 125.945
2.16337 126
2.20018 126.025
2.23705 126.054
2.27396 126.084
2.31063 126.096
2.34748 126.121
2.3844 126.149
2.42128 126.174
2.71711 126.396
2.75416 126.425
2.79155 126.473
2.8288 126.511
2.86639 126.569
2.90338 126.59
2.94021 126.601
3.39038 127.124
3.42717 127.126
3.46404 127.131
