-24.8704 83.9037
-24.8439 83.9015
-2.82876 144.244
-1.6466 141.978
-1.52638 141.797
-1.48666 141.772
-1.44708 141.763
-1.40729 141.727
-1.3673 141.664
-1.32777 141.657
-1.2882 141.646
-1.20828 141.506
-1.16862 141.474
-1.12915 141.47
-1.08955 141.445
-1.0499 141.409
-0.852021 141.261
-0.693979 141.148
-0.654579 141.142
-0.615183 141.135
-0.575699 141.101
-0.536174 141.05
-0.496711 141.012
-0.457289 140.983
-0.417923 140.971
-0.378568 140.962
-0.339216 140.954
-0.299812 140.913
-0.260468 140.9
-0.221132 140.889
-0.181777 140.855
-0.14244 140.826
-0.103129 140.817
-0.0638179 140.797
-0.0245186 140.793
0.0147789 140.784
0.0540672 140.752
0.0933427 140.723
0.132616 140.71
0.171871 140.683
0.211122 140.663
0.250379 140.654
0.289629 140.643
0.328878 140.634
0.368127 140.627
0.407339 140.605
0.446546 140.585
0.48578 140.578
0.525011 140.572
0.564225 140.561
0.603427 140.547
0.642574 140.521
0.681778 140.512
0.720969 140.501
0.760098 140.476
0.799276 140.465
0.83847 140.458
0.877672 140.454
0.916883 140.452
0.956058 140.443
0.995191 140.427
1.03438 140.423
1.07354 140.414
1.11276 140.414
1.15196 140.412
1.19113 140.405
1.23023 140.389
1.26937 140.381
1.30856 140.378
1.34775 140.376
1.38696 140.376
1.42612 140.372
1.46527 140.365
1.50438 140.354
1.54346 140.341
1.58264 140.339
1.62179 140.334
1.66093 140.327
1.70012 140.327
1.73944 140.341
1.77871 140.348
1.81786 140.343
1.8571 140.348
1.89647 140.363
1.93513 140.314
1.97384 140.272
2.01305 140.274
2.05199 140.254
2.09104 140.243
2.13069 140.283
2.16993 140.288
2.20942 140.312
2.24875 140.323
2.28823 140.346
2.32757 140.357
2.36653 140.339
2.40548 140.321
2.44473 140.326
2.48391 140.326
2.5231 140.326
2.56232 140.328
2.60161 140.335
2.64107 140.352
2.6803 140.355
2.71932 140.344
2.75851 140.344
2.79802 140.364
2.83732 140.37
2.87652 140.37
2.91583 140.377
2.95521 140.388
2.99449 140.393
3.03373 140.395
3.07309 140.404
3.11237 140.408
3.15157 140.408
3.19102 140.422
3.23047 140.435
3.26993 140.449
3.30918 140.451
3.34852 140.458
3.38812 140.478
3.4276 140.491
3.46717 140.509
3.5068 140.529
3.54611 140.533
3.58539 140.536
3.62476 140.542
3.6644 140.563
3.70387 140.574
3.74325 140.58
3.78278 140.594
3.8227 140.625
3.86219 140.636
3.90169 140.647
3.94119 140.659
3.9809 140.679
4.02031 140.685
4.06003 140.706
4.09961 140.719
4.13935 140.739
4.17942 140.773
4.21886 140.779
4.25846 140.793
4.29834 140.818
4.33796 140.831
4.3778 140.853
4.41749 140.869
4.45747 140.896
4.49734 140.918
4.537 140.932
4.5773 140.97
4.61708 140.988
4.65747 141.028
4.69728 141.046
4.73692 141.058
4.77698 141.084
4.817 141.109
4.85666 141.12
4.89669 141.145
4.93674 141.17
4.97667 141.19
5.01705 141.226
5.05777 141.273
5.09858 141.323
5.13817 141.33
5.17822 141.352
5.21822 141.372
5.2587 141.408
5.29898 141.438
5.33969 141.481
5.38076 141.535
5.42075 141.553
5.462 141.612
5.50278 141.655
5.54267 141.668
5.58384 141.722
5.62461 141.763
5.66547 141.806
5.70627 141.847
5.74687 141.881
5.78742 141.913
5.82909 141.978
5.87004 142.021
5.91101 142.065
5.95269 142.128
5.99371 142.171
6.03459 142.21
6.07541 142.246
6.11718 142.31
6.1582 142.351
6.28449 142.563
6.41139 142.785
6.45332 142.847
6.53835 143
6.58071 143.071
6.62336 143.149
6.66714 143.258
6.70961 143.329
6.75125 143.377
