-28.7534 152.15
-28.7064 152.112
-28.6659 152.118
-28.6212 152.096
-28.5791 152.091
-28.5322 152.054
-28.48 151.982
-28.4319 151.937
-28.3858 151.905
-28.3434 151.898
-28.2977 151.868
-28.255 151.858
-28.2085 151.824
-28.1621 151.789
-28.1242 151.812
-28.077 151.772
-28.0309 151.74
-27.9842 151.703
-27.9382 151.671
-27.8951 151.659
-27.8528 151.652
-27.8064 151.617
-27.7634 151.605
-27.7141 151.551
-27.6715 151.541
-27.6288 151.531
-27.5836 151.504
-27.5403 151.49
-27.4951 151.463
-27.4499 151.436
-27.4084 151.434
-27.3668 151.432
-27.3249 151.427
-27.2784 151.39
-27.2318 151.353
-27.1939 151.376
-27.1448 151.322
-27.1011 151.305
-27.0557 151.275
-27.0142 151.273
-26.9734 151.276
-26.9315 151.271
-26.8886 151.259
-26.8432 151.23
-26.7992 151.21
-26.7598 151.223
-26.7183 151.221
-26.6743 151.202
-26.6332 151.202
-26.591 151.195
-26.5491 151.191
-26.5066 151.181
-26.463 151.164
-26.4211 151.16
-26.38 151.16
-26.3388 151.161
-26.2973 151.159
-26.2548 151.149
-26.2126 151.142
-26.1717 151.145
-26.1306 151.145
-26.0863 151.123
-26.0421 151.101
-26.0013 151.104
-25.9608 151.11
-25.9196 151.11
-25.8788 151.113
-25.8373 151.111
-25.7955 151.107
-25.7536 151.102
-25.7131 151.108
-25.6713 151.103
-25.6288 151.094
-25.5873 151.092
-25.5454 151.087
-25.5039 151.085
-25.4637 151.093
-25.4236 151.101
-25.3824 151.101
-25.3412 151.102
-25.2994 151.097
-25.2572 151.09
-25.217 151.098
-25.1778 151.114
-25.137 151.117
-25.0964 151.122
-25.0562 151.13
-25.015 151.13
-24.9745 151.136
-24.9349 151.149
-24.8924 151.139
-24.8505 151.135
-24.8113 151.15
-24.7694 151.146
-24.7295 151.156
-24.6873 151.149
-24.6478 151.162
-24.6069 151.165
-24.5643 151.155
-24.5244 151.166
-24.4838 151.171
-24.4426 151.172
-24.4023 151.18
-24.3621 151.188
-24.3215 151.193
-24.2818 151.206
-24.2441 151.234
-24.2042 151.244
-24.1642 151.255
-24.1242 151.265
-24.0858 151.288
-24.0471 151.309
-24.008 151.327
-23.9709 151.36
-23.9312 151.372
-23.893 151.398
-23.852 151.401
-23.812 151.411
-23.7741 151.439
-23.7344 151.452
-23.6975 151.488
-23.6565 151.491
-23.6158 151.496
-23.5779 151.524
-23.5384 151.54
-23.4983 151.55
-23.4582 151.561
-23.4196 151.584
-23.382 151.614
-23.3431 151.635
-23.3032 151.648
-23.265 151.673
-23.2285 151.714
-23.1889 151.73
-23.1525 151.77
-23.1113 151.773
-23.0709 151.781
-23.031 151.794
-22.9935 151.827
-22.9533 151.838
-22.9158 151.871
-22.8753 151.879
-22.8341 151.882
-22.7237 151.999
-22.6828 152.005
-22.6419 152.01
-22.6085 152.079
-22.5718 152.12
-22.5345 152.155
-22.4945 152.169
-22.4577 152.209
-22.4243 152.278
-22.3839 152.289
-22.3456 152.317
-22.3085 152.355
-22.2684 152.368
-22.2316 152.409
-21.7817 152.846
-21.7406 152.852
-21.6969 152.835
-21.2022 153.648
-21.1615 153.659
-20.8661 156.779
-20.8349 156.886
-20.8098 157.051
-20.7847 157.216
-20.7538 157.329
-20.723 157.441
-20.689 157.525
