-1.81904 171.875
-1.77312 171.869
-1.54017 171.383
-1.30954 171.099
-1.26355 171.051
-1.07918 170.749
-1.03331 170.701
-0.987691 170.701
-0.94209 170.704
-0.804792 170.592
-0.758866 170.505
-0.713119 170.457
-0.667536 170.451
-0.621773 170.387
-0.576162 170.366
-0.530578 170.351
-0.484861 170.282
-0.439301 170.267
-0.393684 170.222
-0.348086 170.177
-0.302497 170.126
-0.256988 170.114
-0.211484 170.102
-0.165934 170.042
-0.120446 170.024
-0.0749506 169.982
-0.0294742 169.943
0.0159796 169.931
0.0614283 169.886
0.106859 169.847
0.152288 169.844
0.197706 169.826
0.243096 169.784
0.2885 169.772
0.333883 169.748
0.379279 169.739
0.424639 169.712
0.470011 169.697
0.515358 169.673
0.560623 169.619
0.605973 169.607
0.651318 169.595
0.696666 169.586
0.741934 169.553
0.787167 169.514
0.83247 169.499
0.877801 169.493
0.923118 169.484
0.968417 169.472
1.01364 169.445
1.05893 169.433
1.10425 169.429
1.14956 169.423
1.1948 169.405
1.2401 169.399
1.28531 169.378
1.33053 169.36
1.37576 169.345
1.42107 169.342
1.46634 169.336
1.51166 169.336
1.55696 169.332
1.60219 169.32
1.64743 169.311
1.69265 169.299
1.73796 169.299
1.78313 169.281
1.82833 169.269
1.87356 169.26
1.91872 169.245
1.96399 169.241
2.00937 169.25
2.05461 169.244
2.09977 169.229
2.14503 169.226
2.19017 169.211
2.2353 169.196
2.28084 169.219
2.32619 169.225
2.37109 169.189
2.41598 169.153
2.46125 169.153
2.50722 169.212
2.55318 169.268
2.59887 169.3
2.64385 169.273
2.68896 169.258
2.73415 169.249
2.77929 169.237
2.82423 169.21
2.86935 169.198
2.91464 169.198
2.96004 169.206
3.00545 169.215
3.05095 169.23
3.09632 169.235
3.14153 169.229
3.18695 169.238
3.23233 169.243
3.27762 169.243
3.32286 169.24
3.36806 169.234
3.41344 169.239
3.45897 169.254
3.50441 169.263
3.54985 169.271
3.59529 169.28
3.64074 169.288
3.6864 169.309
3.73201 169.326
3.77747 169.335
3.82278 169.335
3.86809 169.334
3.91372 169.352
3.95941 169.372
4.00484 169.378
4.05038 169.39
4.09581 169.395
4.1413 169.404
4.18726 169.436
4.23294 169.454
4.27844 169.462
4.32408 169.477
4.36953 169.483
4.41511 169.494
4.46069 169.506
4.50685 169.544
4.55315 169.588
4.59933 169.627
4.64489 169.635
4.69019 169.632
4.73568 169.638
4.78198 169.679
4.82809 169.711
4.87361 169.717
4.91919 169.726
4.96547 169.764
5.01121 169.779
5.05745 169.814
5.10377 169.852
5.14947 169.864
5.19582 169.903
5.24138 169.908
5.28776 169.947
5.3343 169.991
5.38003 170.003
5.42638 170.038
5.47289 170.08
5.51857 170.088
5.56425 170.097
5.65761 170.189
5.7042 170.23
5.75 170.242
5.7967 170.287
5.84317 170.322
5.88983 170.364
6.02955 170.477
6.07619 170.515
6.12224 170.533
6.1689 170.571
