-24.8704 83.9037
-24.8437 83.9005
-14.2314 108.188
-14.1986 108.178
-13.8738 107.791
-13.6575 107.527
-13.5532 107.431
-13.5191 107.406
-13.4851 107.381
-13.3139 107.245
-13.2797 107.219
-13.2462 107.199
-13.2138 107.19
-13.1784 107.151
-13.1462 107.143
-13.1125 107.121
-13.0804 107.116
-13.0468 107.094
-12.9085 106.965
-12.8762 106.957
-12.8089 106.912
-12.777 106.907
-12.7116 106.882
-12.6785 106.865
-12.645 106.843
-12.613 106.837
-12.5781 106.801
-12.5442 106.775
-12.5121 106.768
-12.4772 106.73
-12.4452 106.724
-12.4133 106.72
-12.3801 106.701
-12.3484 106.698
-12.3149 106.676
-12.2481 106.633
-12.2146 106.61
-12.1816 106.592
-12.1501 106.592
-12.1183 106.588
-12.0866 106.585
-12.0547 106.581
-12.0215 106.56
-11.9886 106.544
-11.9563 106.534
-11.9232 106.515
-11.8913 106.51
-11.8587 106.497
-11.8254 106.475
-11.7932 106.466
-11.7615 106.463
-11.7288 106.449
-11.6957 106.429
-11.6634 106.418
-11.6316 106.414
-11.5993 106.404
-11.5674 106.398
-11.535 106.387
-11.5031 106.381
-11.4708 106.371
-11.4384 106.359
-11.4072 106.361
-11.3754 106.356
-11.343 106.345
-11.3104 106.33
-11.2783 106.322
-11.246 106.311
-11.2145 106.31
-11.1829 106.307
-11.1511 106.303
-11.1197 106.303
-11.0882 106.301
-11.0564 106.297
-11.0245 106.291
-10.9923 106.281
-10.9602 106.272
-10.9283 106.267
-10.8964 106.259
-10.8644 106.252
-10.8327 106.248
-10.8011 106.246
-10.7686 106.232
-10.7367 106.226
-10.7051 106.223
-10.6738 106.225
-10.6433 106.236
-10.6125 106.243
-10.5805 106.236
-10.548 106.222
-10.5166 106.222
-10.4852 106.222
-10.4536 106.219
-10.4222 106.219
-10.3911 106.223
-10.3601 106.227
-10.3289 106.23
-10.2971 106.226
-10.2654 106.222
-10.234 106.221
-10.2033 106.23
-10.1719 106.23
-10.1399 106.223
-10.1084 106.221
-10.0769 106.22
-10.046 106.227
-10.0149 106.231
-9.98351 106.231
-9.95231 106.234
-9.92122 106.239
-9.89012 106.243
-9.85818 106.236
-9.82688 106.237
-9.79712 106.26
-9.7657 106.26
-9.73335 106.247
-9.70163 106.243
-9.67042 106.246
-9.63981 106.257
-9.609 106.266
-9.57819 106.274
-9.54716 106.28
-9.51574 106.28
-9.48411 106.277
-9.45288 106.28
-9.42135 106.279
-9.38953 106.273
-9.35899 106.286
-9.32825 106.296
-9.29721 106.302
-9.26557 106.299
-9.23433 106.302
-9.20319 106.306
-9.17204 106.31
-9.14099 106.316
-9.11012 106.325
-9.08003 106.345
-9.04992 106.365
-9.02037 106.394
-8.98977 106.407
-8.9584 106.408
-8.92693 106.408
-8.89556 106.41
-8.86409 106.41
-8.833 106.415
-8.80162 106.417
-8.77071 106.425
-8.73979 106.434
-8.70906 106.446
-8.67804 106.453
-8.64656 106.453
-8.61554 106.46
-8.58524 106.479
-8.5542 106.486
-8.52316 106.493
-8.4923 106.503
-8.46215 106.525
-8.43137 106.537
-8.40013 106.541
-8.3689 106.545
-8.33907 106.573
-8.30826 106.584
-8.27719 106.591
-8.24654 106.606
-8.21555 106.615
-8.1848 106.628
-8.15371 106.635
-8.1233 106.654
-8.09331 106.68
-8.06314 106.703
-8.03245 106.717
-8.00141 106.726
-7.97062 106.739
-7.9394 106.745
-7.90843 106.755
-7.87854 106.784
-7.84781 106.799
-7.81807 106.831
-7.78707 106.841
-7.75581 106.847
-7.72522 106.864
-7.69453 106.88
-7.66342 106.889
-7.63345 106.918
-7.6025 106.929
-7.57194 106.948
-7.54161 106.972
-7.5108 106.986
-7.48101 107.02
-7.45089 107.047
-7.42043 107.069
-7.38942 107.081
-7.35927 107.109
-7.32801 107.116
-7.29768 107.141
-7.26734 107.166
-7.23752 107.201
-7.20654 107.214
-7.17586 107.233
-7.14501 107.249
-7.11462 107.274
-7.08383 107.291
-7.05319 107.312
-7.02261 107.334
-6.99209 107.357
-6.96223 107.394
-6.93192 107.421
-6.90166 107.451
-6.87175 107.487
-6.84074 107.502
-6.81081 107.539
-6.78028 107.564
-6.74974 107.589
-6.71998 107.63
-6.68877 107.642
-6.65848 107.673
-6.62817 107.703
-6.5975 107.727
-6.56682 107.751
-6.53703 107.793
-6.50715 107.835
-6.47601 107.849
-6.44624 107.894
-6.41645 107.938
-6.38664 107.982
-6.35532 107.994
-6.32507 108.03
-6.29468 108.062
-6.26446 108.099
-6.23397 108.13
-6.20432 108.181
-6.17451 108.228
-6.14469 108.275
-6.11452 108.316
-6.08374 108.342
-6.05334 108.378
-6.02473 108.455
-5.99422 108.49
-5.96402 108.531
-5.93342 108.564
-5.90413 108.628
-5.87425 108.679
-5.84553 108.758
-5.81479 108.79
-5.78477 108.839
-5.29057 110.2
-5.15657 110.967
-5.12451 110.981
