31.8626 124.51
31.8325 124.182
31.8493 124.088
31.8726 124.028
31.6531 121.549
31.6699 121.46
31.6846 121.361
31.7093 121.311
31.7337 121.26
31.7595 121.215
31.7787 121.139
31.7994 121.071
31.8183 120.993
31.8426 120.942
31.8657 120.885
31.8889 120.829
31.9109 120.767
31.9352 120.717
31.9623 120.68
31.9919 120.655
32.0146 120.597
32.0387 120.546
32.0651 120.506
32.0841 120.431
32.1115 120.396
32.1388 120.361
32.1629 120.31
32.1873 120.261
32.215 120.228
32.243 120.197
32.2659 120.141
32.2888 120.085
32.3136 120.038
32.3408 120.004
32.3695 119.976
32.3945 119.931
32.4163 119.87
32.4402 119.819
32.4707 119.8
32.5011 119.781
32.5265 119.738
32.5577 119.723
32.5841 119.685
32.6119 119.653
32.639 119.619
32.6636 119.572
32.694 119.553
32.7192 119.51
32.7452 119.47
32.7748 119.448
32.8011 119.41
32.8289 119.379
32.8577 119.353
32.8855 119.322
32.9158 119.303
32.9439 119.274
32.9727 119.248
33.0001 119.216
33.0277 119.185
33.0595 119.173
33.0894 119.152
33.1163 119.118
33.1406 119.072
33.1701 119.049
33.2004 119.031
33.2295 119.007
33.2601 118.99
33.291 118.974
33.3186 118.943
33.3413 118.89
33.3711 118.87
33.3998 118.844
33.4318 118.834
33.4631 118.82
33.4925 118.798
33.5219 118.776
33.5543 118.768
33.5802 118.73
33.6077 118.699
33.636 118.672
33.666 118.653
33.6954 118.631
33.7247 118.609
33.757 118.601
33.7863 118.579
33.8138 118.548
33.8415 118.519
33.8708 118.497
33.8993 118.472
33.9286 118.45
33.959 118.433
33.9871 118.405
34.0175 118.389
34.0459 118.363
34.0713 118.324
34.1013 118.305
34.1332 118.295
34.1658 118.289
34.1954 118.268
34.2268 118.257
34.2598 118.252
34.2924 118.245
34.3227 118.228
34.3557 118.223
34.3875 118.213
34.4213 118.211
34.455 118.21
34.4876 118.203
34.5187 118.19
34.5501 118.178
34.5815 118.166
34.6141 118.16
34.6459 118.15
34.6777 118.139
34.7052 118.111
34.7346 118.09
34.7699 118.096
34.8044 118.098
34.8338 118.077
34.8648 118.064
34.8974 118.057
34.9307 118.054
34.9624 118.044
34.9895 118.014
35.02 117.998
35.0502 117.982
35.0831 117.977
