-24.87 83.9017
-24.8432 83.8985
17.1504 172.246
17.1939 172.214
17.2367 172.174
17.2795 172.133
17.3197 172.062
18.3722 170.416
18.4171 170.407
18.8613 169.764
18.9084 169.782
18.9506 169.745
18.9983 169.769
19.0397 169.724
19.0816 169.684
19.1268 169.681
19.1675 169.629
19.2088 169.583
19.2509 169.547
19.2958 169.54
19.3373 169.498
19.378 169.446
19.4186 169.395
19.4598 169.349
19.5043 169.34
19.5466 169.307
19.5906 169.291
19.6328 169.258
19.6765 169.239
19.721 169.23
19.7632 169.197
19.8077 169.187
19.8528 169.184
19.8947 169.147
19.9392 169.138
19.9807 169.099
20.0255 169.092
20.0676 169.059
20.1095 169.023
20.1518 168.992
20.1957 168.977
20.2372 168.937
20.2798 168.91
20.3251 168.91
20.3701 168.906
20.4133 168.885
20.4562 168.861
20.5018 168.863
20.5438 168.83
20.5858 168.797
20.6304 168.79
20.6745 168.778
20.7182 168.762
20.7602 168.729
20.8 168.675
20.8443 168.666
20.8901 168.671
20.9356 168.674
20.9809 168.673
21.0258 168.67
21.0707 168.667
21.1147 168.654
21.1586 168.642
21.202 168.624
21.2475 168.626
21.2912 168.611
21.3354 168.601
21.3806 168.601
21.4246 168.589
21.4667 168.558
21.51 168.54
21.5552 168.54
21.6 168.536
21.6458 168.542
21.6875 168.508
21.7302 168.484
21.7838 168.564
21.8344 168.614
21.8758 168.578
21.9187 168.557
21.962 168.539
22.0059 168.526
22.3384 171.215
22.0924 168.49
22.1356 168.471
22.1798 168.462
22.2256 168.467
22.2723 168.482
22.3162 168.47
22.3603 168.46
22.4061 168.466
22.4509 168.462
22.4954 168.456
22.5399 168.449
22.5841 168.44
22.6292 168.44
22.6743 168.439
22.7194 168.439
22.7656 168.447
22.8117 168.456
22.8581 168.467
22.9036 168.47
22.9487 168.469
22.9935 168.466
23.0409 168.486
23.0871 168.495
23.1349 168.518
23.182 168.535
23.2285 168.547
23.2736 168.546
23.3184 168.543
23.3636 168.542
23.4107 168.56
23.4572 168.571
23.504 168.586
23.5502 168.594
23.5957 168.597
23.6401 168.59
23.6853 168.59
23.7342 168.622
23.781 168.637
23.8289 168.66
23.8751 168.668
23.9227 168.689
23.972 168.724
24.0182 168.733
24.063 168.729
24.1113 168.756
24.1586 168.773
24.2055 168.788
24.257 168.841
24.3043 168.858
24.3501 168.864
24.395 168.86
24.4419 168.875
24.4917 168.913
24.5408 168.945
24.5885 168.966
24.6383 169.004
24.6842 169.01
24.7334 169.042
24.7808 169.06
24.8335 169.122
24.8809 169.14
24.9269 169.145
24.9735 169.157
25.0231 169.192
25.0698 169.204
25.1205 169.248
25.1709 169.29
25.2183 169.307
25.2716 169.373
25.3232 169.423
25.3714 169.447
25.424 169.506
25.4708 169.518
25.5161 169.517
25.5629 169.529
25.6108 169.549
25.665 169.621
25.7163 169.669
25.7684 169.722
25.8239 169.803
25.8707 169.815
25.9217 169.859
25.9743 169.916
26.0299 169.997
26.0817 170.048
26.1389 170.141
26.4618 170.535
26.5151 170.595
26.5718 170.683
26.6228 170.725
26.6757 170.782
