-34.9959 158.425
-34.9516 158.418
-34.902 158.381
-34.8596 158.384
-34.8168 158.385
-34.7692 158.359
-34.7182 158.314
-34.672 158.295
-34.6273 158.285
-34.5792 158.256
-34.3846 158.127
-34.3409 158.122
-34.2976 158.121
-34.2496 158.092
-34.2063 158.09
-34.1569 158.053
-34.1132 158.048
-34.0699 158.046
-34.0267 158.044
-33.9825 158.037
-33.9345 158.008
-33.8871 157.982
-33.8429 157.975
-33.7983 157.965
-33.755 157.963
-33.7136 157.972
-33.6671 157.951
-33.6225 157.941
-33.5783 157.934
-33.5346 157.929
-33.4918 157.93
-33.4505 157.939
-33.4072 157.937
-33.363 157.93
-33.3189 157.923
-33.271 157.894
-33.2223 157.859
-33.179 157.857
-33.1358 157.856
-33.0916 157.848
-33.048 157.844
-33.002 157.826
-32.9574 157.816
-32.9137 157.811
-32.8705 157.809
-32.8272 157.807
-32.7831 157.8
-32.7367 157.779
-32.6953 157.788
-32.6543 157.8
-32.6124 157.806
-32.5719 157.82
-32.5282 157.816
-32.4827 157.8
-32.4399 157.801
-32.398 157.807
-32.3557 157.811
-32.3133 157.814
-32.2714 157.821
-32.2246 157.797
-32.18 157.787
-32.1403 157.807
-32.098 157.81
-32.0556 157.814
-32.0146 157.825
-31.9713 157.823
-31.9258 157.808
-31.8839 157.814
-31.8358 157.783
-31.7961 157.802
-31.7559 157.819
-31.7082 157.79
-31.6632 157.778
-31.623 157.795
-31.5815 157.804
-31.5457 157.848
-31.5216 157.965
-31.4848 158.003
-31.4411 157.999
-31.3947 157.978
-31.351 157.973
-31.3124 158.001
-31.2717 158.015
-31.2249 157.992
-31.1864 158.02
-31.0814 157.632
-31.0356 157.613
-31.0663 158.076
-31.0255 158.091
-30.9852 158.108
-30.944 158.119
-30.9019 158.126
-30.8607 158.137
-30.8233 158.173
-30.783 158.19
-30.7409 158.196
-30.6988 158.203
-30.6567 158.209
-30.6179 158.237
-30.5801 158.27
-30.5379 158.276
-30.4954 158.28
-30.4537 158.289
-30.4128 158.303
-30.3757 158.342
-30.3373 158.373
-30.299 158.403
-30.2572 158.412
-30.2154 158.421
-30.1783 158.46
-30.1403 158.493
-30.0989 158.505
-30.0588 158.525
-30.0207 158.558
-29.9827 158.592
-29.9408 158.601
-29.8998 158.615
-29.8651 158.67
-29.824 158.685
-29.783 158.699
-29.7461 158.741
-29.7088 158.78
-29.671 158.816
-29.6304 158.833
-29.5917 158.864
-29.5498 158.873
-29.5128 158.915
-29.4754 158.954
-29.4335 158.963
-29.3972 159.01
-29.3594 159.046
-29.3174 159.055
-29.284 159.122
-29.2485 159.175
-29.2085 159.197
-29.1746 159.261
-29.1326 159.27
-29.091 159.282
-29.0534 159.321
-28.9494 159.499
-28.9069 159.506
-28.6102 159.856
-28.5365 159.949
-27.7932 161.488
-27.3779 160.709
-27.3588 160.888
-27.3363 161.042
-27.3221 161.258
-27.3065 161.463
-27.2711 161.525
-27.2249 161.509
