-4.8994 143.688
-4.85996 143.697
-4.65297 141.873
-3.55313 139.986
-3.51358 139.953
-3.47294 139.865
-3.43373 139.848
-3.39471 139.839
-3.35475 139.782
-3.31511 139.741
-3.27528 139.688
-3.23617 139.673
-3.1967 139.638
-3.15693 139.585
-3.11794 139.574
-3.07899 139.566
-3.03919 139.509
-2.99976 139.472
-2.96084 139.463
-2.92151 139.43
-2.88212 139.393
-2.84293 139.367
-2.804 139.356
-2.76427 139.295
-2.72487 139.254
-2.68563 139.221
-2.64671 139.208
-2.6076 139.182
-2.56859 139.162
-2.52972 139.151
-2.49099 139.149
-2.45175 139.112
-2.41225 139.056
-2.37339 139.043
-2.33435 139.017
-2.29553 139.006
-2.25656 138.984
-2.21775 138.973
-2.1787 138.943
-2.13968 138.914
-2.10092 138.906
-2.06221 138.901
-2.02327 138.877
-1.98422 138.843
-1.9452 138.81
-1.90645 138.799
-1.86775 138.793
-1.82902 138.784
-1.79019 138.765
-1.75141 138.749
-1.71263 138.734
-1.67386 138.719
-1.63499 138.693
-1.59626 138.68
-1.55741 138.654
-1.51871 138.643
-1.48 138.63
-1.44137 138.626
-1.40272 138.619
-1.36404 138.608
-1.32527 138.587
-1.28652 138.565
-1.24784 138.552
-1.20916 138.539
-1.17053 138.53
-1.1318 138.509
-1.09312 138.491
-1.05461 138.5
-1.01603 138.498
-0.977419 138.491
-0.93874 138.472
-0.900166 138.469
-0.861604 138.469
-0.823032 138.467
-0.784513 138.476
-0.745919 138.469
-0.707299 138.456
-0.668694 138.445
-0.63012 138.441
-0.591548 138.436
-0.553017 138.443
-0.514475 138.447
-0.475857 138.427
-0.437272 138.417
-0.398728 138.419
-0.360182 138.421
-0.321611 138.412
-0.283044 138.403
-0.244485 138.397
-0.205946 138.401
-0.167411 138.409
-0.128873 138.418
-0.0903142 138.409
-0.0517452 138.381
-0.0131998 138.375
0.0253389 138.381
0.0638784 138.415
0.10243 138.428
0.140979 138.419
0.179522 138.408
0.218059 138.395
0.256597 138.389
0.295146 138.393
0.333689 138.393
0.37224 138.397
0.410768 138.389
0.449319 138.393
0.487898 138.408
0.526461 138.414
0.564984 138.405
0.603477 138.388
0.642025 138.39
0.680596 138.399
0.719163 138.405
0.757749 138.415
0.796305 138.418
0.834889 138.426
0.873496 138.439
0.912078 138.445
0.95064 138.447
0.989192 138.447
1.02778 138.453
1.06634 138.455
1.10494 138.462
1.14359 138.479
1.18223 138.492
1.22077 138.487
1.25938 138.496
1.29796 138.498
1.3365 138.496
1.37526 138.521
1.41394 138.536
1.45254 138.54
1.49123 138.555
1.53003 138.583
1.56867 138.59
1.60738 138.605
1.64605 138.615
1.68472 138.624
1.72336 138.63
1.76203 138.639
1.80077 138.654
1.83944 138.662
1.87824 138.681
1.9169 138.688
1.95561 138.698
1.99464 138.737
2.03344 138.754
2.07212 138.761
2.11073 138.761
2.14941 138.767
2.18829 138.788
2.22722 138.814
2.26606 138.831
2.30487 138.846
2.344 138.885
2.38281 138.898
2.4215 138.902
2.46049 138.928
2.49959 138.96
2.5386 138.986
2.57744 138.999
2.61638 139.018
2.65536 139.04
2.69444 139.068
2.73331 139.081
2.77235 139.105
2.8114 139.128
2.85032 139.143
2.8895 139.174
2.92865 139.202
2.96788 139.234
3.00713 139.266
3.04603 139.277
3.08519 139.303
3.12413 139.316
3.16385 139.372
3.20277 139.383
3.24241 139.433
3.28147 139.45
3.32139 139.513
3.36084 139.55
3.40031 139.587
3.43946 139.607
3.47846 139.617
3.51835 139.674
3.55766 139.7
3.59747 139.75
3.63663 139.767
3.67616 139.802
3.71571 139.837
3.75531 139.874
3.7948 139.905
3.83495 139.966
4.31637 140.597
4.35627 140.634
4.39624 140.674
4.43769 140.773
4.47826 140.834
4.51785 140.856
4.55863 140.925
4.68208 141.166
4.72311 141.239
