0.62554 149.723
0.666874 149.647
0.708279 149.6
0.749672 149.556
0.79093 149.482
0.873328 149.329
0.91449 149.256
0.955738 149.207
0.996866 149.138
1.03794 149.064
1.07914 149.02
1.12034 148.979
1.16152 148.937
1.20268 148.896
1.24386 148.859
1.28481 148.791
1.32568 148.715
1.36688 148.691
1.40786 148.637
1.44908 148.62
1.49012 148.579
1.5309 148.508
1.57187 148.465
1.61307 148.45
1.65393 148.397
1.69502 148.372
1.7358 148.314
1.77675 148.278
1.81768 148.241
1.85884 148.229
1.89978 148.195
1.94065 148.157
1.9813 148.098
2.02239 148.084
2.06348 148.07
2.10443 148.043
2.14531 148.012
2.18626 147.988
2.22686 147.934
2.26793 147.922
2.30879 147.893
2.34975 147.874
2.39035 147.826
2.43135 147.812
2.47207 147.775
2.51274 147.737
2.55372 147.722
2.59479 147.715
2.63562 147.691
2.67641 147.665
2.71733 147.648
2.75806 147.619
2.79889 147.598
2.83982 147.583
2.88082 147.574
2.92152 147.545
2.96235 147.526
3.00341 147.521
3.04427 147.504
3.08461 147.456
3.12517 147.423
3.1662 147.418
3.20731 147.418
3.2483 147.411
3.28891 147.382
3.3295 147.353
3.37047 147.346
3.41135 147.335
3.45209 147.315
3.49296 147.304
3.53396 147.299
3.57491 147.292
3.61545 147.263
3.6562 147.246
3.69719 147.242
3.73807 147.232
3.779 147.225
3.82003 147.223
3.86101 147.218
3.90188 147.209
3.94245 147.185
3.98326 147.173
4.02391 147.154
4.06419 147.118
4.10488 147.101
4.14609 147.109
4.1872 147.111
4.22809 147.104
4.26903 147.1
4.31003 147.097
4.35097 147.093
4.39179 147.083
4.4325 147.069
4.47343 147.064
4.51448 147.064
4.55505 147.045
4.59562 147.026
4.6363 147.012
4.6768 146.99
4.71777 146.988
4.75831 146.969
4.79977 146.986
4.8408 146.986
4.88182 146.986
4.92279 146.984
4.96312 146.958
5.00389 146.948
5.04536 146.965
5.08743 147.004
5.12794 146.985
5.16917 146.992
5.21047 147.002
5.25178 147.012
5.29302 147.019
5.33405 147.019
5.37551 147.034
5.41724 147.058
5.45836 147.061
5.49913 147.051
5.54025 147.054
5.58158 147.064
5.62263 147.064
5.66368 147.064
5.70502 147.074
5.74644 147.086
5.78779 147.096
5.82915 147.105
5.87036 147.11
5.91119 147.103
5.95194 147.094
5.993 147.094
6.03459 147.111
6.07636 147.133
6.11829 147.159
6.15975 147.172
6.20075 147.169
6.24182 147.169
6.28378 147.196
6.32526 147.208
6.36651 147.213
6.40841 147.238
6.44975 147.245
6.49101 147.25
6.53218 147.252
6.57352 147.26
6.61623 147.306
6.65776 147.318
6.69981 147.345
6.74136 147.357
6.78273 147.364
6.82393 147.367
6.86487 147.362
6.90625 147.369
6.94853 147.401
6.99001 147.411
7.03213 147.438
7.07444 147.469
7.11585 147.476
7.15736 147.486
7.1997 147.518
7.24197 147.547
7.28359 147.559
7.32607 147.593
7.36742 147.598
7.40992 147.632
7.45147 147.642
7.49274 147.645
7.53615 147.7
7.57802 147.718
7.62058 147.752
7.66277 147.776
7.70447 147.788
7.74737 147.83
7.78999 147.864
7.83161 147.874
7.87405 147.903
7.916 147.92
7.95959 147.976
8.00238 148.013
8.0453 148.052
8.08718 148.066
8.1296 148.093
8.17119 148.101
8.21426 148.142
8.25735 148.184
8.30046 148.225
8.34187 148.228
8.38468 148.262
8.42773 148.301
8.47069 148.338
8.51388 148.379
8.5572 148.423
8.60188 148.497
8.64502 148.536
8.68818 148.575
9.16972 149.124
9.4872 149.667
9.57864 149.831
9.62291 149.883
9.66998 149.99
9.71633 150.082
