-5.17576 133.123
-5.13433 133.016
-5.09328 132.919
-5.05315 132.85
-4.24851 131.165
-4.21056 131.153
-4.17219 131.125
-4.1342 131.111
-4.09513 131.055
-3.40354 130.38
-3.36543 130.35
-3.32747 130.326
-3.28985 130.318
-3.25173 130.286
-3.21376 130.26
-3.17607 130.249
-3.13756 130.195
-3.09982 130.179
-3.06146 130.131
-3.02378 130.117
-2.98546 130.069
-2.94787 130.059
-2.91003 130.035
-2.87245 130.025
-2.83408 129.972
-2.79603 129.934
-2.7583 129.914
-2.72059 129.894
-2.68302 129.882
-2.64549 129.872
-2.60773 129.849
-2.57002 129.827
-2.5326 129.823
-2.49513 129.815
-2.45734 129.787
-2.41987 129.78
-2.38235 129.768
-2.34447 129.732
-2.30708 129.728
-2.26967 129.722
-2.23211 129.706
-2.19436 129.677
-2.1567 129.653
-2.11925 129.643
-2.08176 129.629
-2.044 129.596
-2.00664 129.592
-1.96929 129.588
-1.93194 129.584
-1.89452 129.574
-1.85696 129.553
-1.81945 129.535
-1.78207 129.527
-1.74464 129.515
-1.70702 129.486
-1.66968 129.48
-1.63232 129.472
-1.595 129.468
-1.5576 129.456
-1.52011 129.435
-1.48278 129.429
-1.44544 129.421
-1.40808 129.411
-1.37081 129.411
-1.3336 129.417
-1.29627 129.41
-1.25885 129.392
-1.22153 129.384
-1.18419 129.374
-1.14681 129.358
-1.10958 129.363
-1.07237 129.369
-1.03493 129.343
-0.997532 129.321
-0.960287 129.321
-0.923016 129.318
-0.885746 129.314
-0.848502 129.314
-0.811246 129.312
-0.773947 129.302
-0.736641 129.29
-0.699392 129.289
-0.662133 129.285
-0.624829 129.271
-0.587524 129.255
-0.550316 129.261
-0.513074 129.259
-0.475789 129.246
-0.438516 129.234
-0.401282 129.232
-0.364048 129.23
-0.326837 129.236
-0.289654 129.254
-0.252504 129.29
-0.215246 129.282
-0.177941 129.249
-0.140712 129.251
-0.103478 129.251
-0.0662473 129.253
-0.0290014 129.241
0.00822431 129.249
0.0454569 129.251
0.0826855 129.271
0.119924 129.279
0.157166 129.285
0.194409 129.285
0.231655 129.291
0.268906 129.299
0.306161 129.307
0.343417 129.314
0.380679 129.322
0.417934 129.324
0.455187 129.324
0.492426 129.318
0.529682 129.32
0.566944 129.324
0.604209 129.328
0.641469 129.33
0.678777 129.346
0.716057 129.352
0.753325 129.354
0.790633 129.366
0.827991 129.388
0.865295 129.396
0.902603 129.404
0.939945 129.418
0.977345 129.442
1.01468 129.452
1.05195 129.45
1.08922 129.449
1.12662 129.467
1.16393 129.471
1.20126 129.477
1.23874 129.505
1.27623 129.533
1.31373 129.56
1.35109 129.567
1.38841 129.569
1.42579 129.577
1.46335 129.607
1.50073 129.615
1.538 129.609
1.57529 129.605
1.61282 129.629
1.65035 129.651
1.68774 129.657
1.72513 129.663
1.76256 129.673
1.80037 129.719
1.83784 129.731
1.87549 129.759
1.91291 129.765
1.95033 129.771
1.98824 129.819
2.02591 129.845
2.06338 129.853
2.1009 129.865
2.1388 129.907
2.17628 129.915
2.21375 129.922
2.25146 129.946
2.28896 129.954
2.32679 129.986
2.36458 130.014
2.40213 130.024
2.43992 130.05
2.47765 130.072
2.51552 130.102
2.55319 130.118
2.59105 130.146
2.62889 130.173
2.6668 130.203
2.70451 130.219
2.7428 130.271
2.78076 130.301
2.81841 130.311
2.85635 130.339
4.40816 132.384
