-24.8692 83.8976
-24.8428 83.8965
5.4849 151.967
5.5237 151.866
5.5612 151.722
5.60006 151.627
5.63896 151.533
5.67743 151.428
5.71655 151.345
5.75579 151.267
5.795 151.189
5.83588 151.167
5.87519 151.094
5.91454 151.024
5.95355 150.944
5.99253 150.863
6.03236 150.811
6.07151 150.739
6.11145 150.691
6.15072 150.624
6.19061 150.576
6.22925 150.492
6.26959 150.459
6.30975 150.422
6.34981 150.382
6.38978 150.34
6.42904 150.277
6.46956 150.253
6.50878 150.19
6.54952 150.173
6.58948 150.133
6.62829 150.061
6.66856 150.032
6.70943 150.019
6.7479 149.94
6.78624 149.858
6.82609 149.819
6.86636 149.791
6.90635 149.757
6.94615 149.717
6.98675 149.7
7.0267 149.665
7.06682 149.636
7.10731 149.616
7.14759 149.591
7.18843 149.581
7.22842 149.549
7.268 149.507
7.30776 149.47
7.3476 149.435
7.38781 149.411
7.42821 149.391
7.46811 149.359
7.5075 149.315
7.54737 149.283
7.58813 149.273
7.62877 149.26
7.66871 149.231
7.70884 149.206
7.74926 149.189
7.78967 149.172
7.82977 149.147
7.87047 149.137
7.90931 149.083
7.94958 149.063
7.98837 149.009
8.02893 148.997
8.07002 148.997
8.111 148.994
8.15155 148.982
8.19026 148.928
8.23069 148.913
8.27143 148.906
8.31216 148.899
8.35279 148.889
8.39186 148.845
8.43258 148.837
8.47329 148.83
8.51412 148.825
8.55516 148.825
8.59519 148.803
8.63487 148.773
8.67579 148.771
8.71647 148.763
8.75635 148.739
8.79669 148.724
8.83701 148.709
8.87779 148.704
8.91916 148.711
8.96029 148.714
9.00071 148.701
9.03983 148.662
9.08024 148.65
9.12088 148.643
9.16176 148.64
9.20287 148.642
9.24448 148.654
9.28657 148.676
9.32635 148.652
9.36575 148.62
9.40563 148.598
9.44575 148.581
9.48524 148.551
9.52647 148.556
9.56744 148.556
9.60829 148.554
9.64863 148.541
9.68934 148.536
9.72993 148.529
9.77064 148.524
9.81224 148.536
9.85334 148.538
9.89651 148.58
9.93879 148.604
9.9799 148.606
10.02 148.589
10.0588 148.55
10.0993 148.54
10.141 148.555
10.182 148.554
10.222 148.537
10.2623 148.525
10.303 148.52
10.3439 148.52
10.3856 148.532
10.4264 148.529
10.4669 148.522
10.5078 148.519
10.5483 148.512
10.5891 148.509
10.6302 148.512
10.6714 148.517
10.7127 148.521
10.7536 148.521
10.7947 148.523
10.8366 148.54
10.878 148.548
10.9193 148.552
10.9608 148.562
11.0023 148.572
11.0431 148.569
11.0851 148.586
11.1264 148.591
11.1675 148.593
11.2092 148.605
11.2504 148.61
11.2917 148.615
11.3328 148.617
11.3739 148.619
11.4156 148.631
11.4573 148.643
11.4984 148.646
11.5394 148.646
11.5816 148.665
11.6233 148.677
11.6661 148.706
11.708 148.721
11.7496 148.73
11.7915 148.745
11.8331 148.755
11.8758 148.781
11.9181 148.801
11.9595 148.808
12.0008 148.813
12.044 148.847
12.0863 148.866
12.1284 148.883
12.1707 148.903
12.213 148.922
12.2547 148.932
12.2966 148.946
12.3382 148.953
12.3795 148.958
12.4222 148.982
12.4645 149.002
12.509 149.053
12.5507 149.063
12.5924 149.073
12.6356 149.104
12.6789 149.138
12.721 149.153
12.7642 149.185
12.807 149.209
12.8491 149.224
12.8925 149.258
12.9355 149.285
12.9767 149.287
13.0209 149.331
13.067 149.402
13.1088 149.412
13.1507 149.424
13.1948 149.466
13.2385 149.503
13.2823 149.539
13.3241 149.549
13.3665 149.566
13.4108 149.61
13.4564 149.672
13.4981 149.679
13.5424 149.723
13.587 149.77
13.6286 149.775
13.6746 149.841
13.721 149.913
13.7632 149.925
13.8051 149.935
13.8518 150.009
13.898 150.075
13.9407 150.095
13.9895 150.196
14.0313 150.204
14.0774 150.268
14.1225 150.317
14.1667 150.357
14.2116 150.404
14.4426 150.722
14.8289 151.426
14.872 151.446
