-16.6727 148.511
-16.6249 148.437
-16.5283 148.281
-16.4804 148.206
-16.3362 147.974
-16.2912 147.931
-16.2466 147.892
-16.1993 147.822
-16.1543 147.778
-16.1119 147.764
-16.0674 147.725
-15.9722 147.575
-15.9275 147.534
-15.8802 147.461
-15.8349 147.413
-15.7904 147.372
-15.7464 147.339
-15.7019 147.298
-15.658 147.264
-15.6143 147.233
-15.57 147.195
-15.5255 147.154
-15.4817 147.12
-15.2629 146.955
-15.2166 146.89
-15.175 146.884
-15.1309 146.845
-15.089 146.834
-15.0453 146.8
-15.0018 146.769
-14.9581 146.736
-14.9141 146.698
-14.8722 146.686
-14.8262 146.624
-14.7867 146.641
-14.7412 146.584
-14.7001 146.582
-14.6592 146.582
-14.6154 146.546
-14.5738 146.537
-14.5299 146.499
-14.4861 146.463
-14.443 146.435
-14.402 146.433
-14.3607 146.428
-14.3174 146.397
-14.276 146.39
-14.2342 146.379
-14.1911 146.35
-14.1473 146.312
-14.1056 146.301
-14.0644 146.296
-14.0213 146.268
-13.9801 146.263
-13.9354 146.213
-13.8935 146.199
-13.852 146.19
-13.8097 146.171
-13.7685 146.167
-13.7272 146.16
-13.686 146.156
-13.6452 146.156
-13.6038 146.149
-13.5611 146.123
-13.5203 146.124
-13.4791 146.119
-13.4365 146.096
-13.3957 146.096
-13.3542 146.087
-13.3118 146.066
-13.2703 146.056
-13.2292 146.052
-13.188 146.048
-13.1472 146.048
-13.1062 146.046
-13.0651 146.041
-13.0238 146.035
-12.9801 145.994
-12.9383 145.98
-12.8978 145.985
-12.8572 145.988
-12.8165 145.991
-12.7751 145.982
-12.7326 145.958
-12.6911 145.949
-12.6503 145.949
-12.611 145.971
-12.5697 145.964
-12.5283 145.955
-12.4867 145.944
-12.4434 145.908
-12.4007 145.88
-12.3599 145.88
-12.3202 145.897
-12.2802 145.91
-12.2377 145.884
-12.195 145.855
-12.1526 145.832
-12.1104 145.811
-12.072 145.847
-12.0339 145.888
-11.9945 145.91
-11.9537 145.91
-11.9135 145.92
-11.8705 145.887
-11.8274 145.851
-11.7863 145.847
-11.7444 145.83
-11.7044 145.843
-11.6654 145.872
-11.627 145.911
-11.5877 145.935
-11.5483 145.957
-11.5078 145.962
-11.4672 145.967
-11.4274 145.984
-11.3868 145.987
-11.3452 145.975
-11.3046 145.98
-11.2657 146.012
-11.2268 146.043
-11.1876 146.07
-11.1474 146.082
-11.107 146.09
-11.066 146.088
-11.0255 146.095
-10.986 146.117
-10.9455 146.125
-10.9036 146.109
-10.8642 146.133
-10.8249 146.16
-10.7847 146.172
-10.7451 146.194
-10.7043 146.197
-10.6644 146.214
-10.6254 146.248
-10.5856 146.267
-10.5455 146.282
-10.5054 146.297
-10.4646 146.3
-10.4244 146.312
-10.384 146.322
-10.3444 146.346
-10.3044 146.364
-10.2648 146.388
-10.2243 146.395
-10.1836 146.401
-10.1438 146.423
-10.1046 146.454
-10.0645 146.471
-10.0241 146.481
-9.9844 146.506
-9.94406 146.518
-9.90398 146.535
-9.86466 146.567
-9.82456 146.584
-9.78445 146.602
-9.74548 146.641
-9.70561 146.663
-9.66546 146.68
-9.62493 146.69
-9.58578 146.726
-9.54587 146.748
-9.50656 146.783
-9.46699 146.812
-9.42654 146.824
-9.3872 146.859
-9.34759 146.888
-9.30735 146.905
-9.26785 146.937
-9.22844 146.971
-9.18866 146.998
-9.14995 147.047
-9.1105 147.081
-9.07031 147.101
-9.03083 147.135
-8.99146 147.172
-8.95112 147.189
-8.91253 147.243
-8.87229 147.263
-8.83331 147.309
-8.7927 147.322
-8.75334 147.361
-8.71546 147.432
-8.67652 147.481
-8.63699 147.518
-8.59608 147.526
-8.55765 147.587
-8.51729 147.607
-8.47892 147.67
-8.43953 147.712
-8.40001 147.752
-8.36058 147.793
-8.32146 147.843
-8.28297 147.907
-8.24381 147.956
-8.20451 148.003
-8.16627 148.074
-8.12715 148.126
-8.0881 148.18
-8.04904 148.235
-8.00931 148.274
-7.96967 148.316
-7.93001 148.358
-7.89107 148.418
-7.85158 148.465
-7.81475 148.576
-7.23282 150.722
-7.19055 150.715
-7.14981 150.748
