11.8362 133.581
11.8698 133.517
11.9301 133.294
11.9667 133.273
11.9985 133.187
12.0319 133.123
12.0651 133.057
12.0963 132.962
12.1291 132.893
12.1623 132.827
12.1957 132.765
12.2312 132.733
12.266 132.692
12.2967 132.593
12.3303 132.536
12.3657 132.503
12.399 132.442
12.434 132.405
12.4689 132.367
12.5003 132.281
12.5354 132.246
12.5706 132.212
12.6037 132.151
12.6388 132.116
12.6734 132.075
12.7085 132.041
12.7437 132.008
12.7757 131.933
12.8099 131.889
12.846 131.868
12.8807 131.83
12.9175 131.82
12.9507 131.763
12.9851 131.72
13.02 131.686
13.055 131.654
13.0901 131.621
13.1251 131.589
13.16 131.555
13.1933 131.5
13.2292 131.48
13.2632 131.436
13.2992 131.415
13.3331 131.371
13.3702 131.365
13.4069 131.355
13.4402 131.303
13.4747 131.266
13.5098 131.236
13.5463 131.224
13.5803 131.182
13.617 131.172
13.6535 131.16
13.6875 131.118
13.7238 131.104
13.7587 131.073
13.7935 131.041
13.8301 131.031
13.8644 130.993
13.901 130.983
13.9374 130.971
13.9713 130.929
14.0075 130.915
14.0439 130.903
14.0796 130.883
14.1143 130.851
14.149 130.819
14.1845 130.797
14.2205 130.781
14.2554 130.753
14.2916 130.739
14.3274 130.721
14.3638 130.709
14.399 130.685
14.4341 130.659
14.4708 130.651
14.5074 130.643
14.5435 130.629
14.5782 130.599
14.614 130.581
14.651 130.577
14.6878 130.571
14.724 130.559
14.7603 130.547
14.7964 130.533
14.8324 130.519
14.8679 130.499
14.9035 130.48
14.9397 130.468
14.9763 130.46
15.0123 130.446
15.0487 130.436
15.0845 130.42
15.1205 130.406
15.1569 130.396
15.1929 130.382
15.2289 130.368
15.2651 130.356
15.3014 130.346
15.3382 130.34
15.3747 130.332
15.4108 130.32
15.4462 130.301
15.4829 130.295
15.5194 130.287
15.5567 130.287
15.5945 130.293
15.6314 130.289
15.6668 130.269
15.7034 130.263
15.7397 130.253
15.7753 130.235
15.8102 130.211
15.8454 130.189
15.8834 130.197
15.921 130.201
15.958 130.199
15.996 130.207
16.033 130.205
16.0693 130.196
16.1054 130.184
16.144 130.198
16.1804 130.19
16.2172 130.186
16.2539 130.18
16.2911 130.18
16.3307 130.204
16.3671 130.196
16.4031 130.184
16.4392 130.172
16.4764 130.172
16.5142 130.178
16.5524 130.188
16.5898 130.19
16.627 130.19
16.6645 130.192
16.7017 130.192
16.7391 130.194
16.7759 130.19
16.8127 130.186
16.8493 130.18
16.8882 130.196
16.926 130.202
16.963 130.2
17.0006 130.204
17.0383 130.208
17.0757 130.21
17.1137 130.218
17.1513 130.222
17.1884 130.22
17.2256 130.22
17.263 130.222
17.3019 130.238
17.3399 130.246
17.3774 130.248
17.415 130.252
17.4531 130.26
17.4917 130.274
17.5304 130.288
17.5685 130.296
17.607 130.308
17.6468 130.332
17.684 130.332
17.72 130.32
17.7568 130.316
17.7947 130.322
17.8334 130.336
17.8715 130.344
17.9089 130.346
17.9475 130.358
17.9856 130.366
18.0239 130.376
18.0622 130.386
18.1016 130.406
18.1402 130.418
18.1794 130.436
18.2177 130.445
18.2559 130.453
18.2953 130.473
18.3343 130.489
18.3727 130.499
18.4117 130.515
18.4514 130.537
18.4905 130.553
18.5298 130.571
18.5697 130.595
18.6092 130.615
18.6474 130.623
18.6856 130.631
18.7233 130.635
18.7613 130.641
18.8009 130.661
18.8438 130.711
18.8825 130.723
18.9209 130.733
18.9591 130.741
19.0012 130.783
19.0397 130.793
19.08 130.819
19.1208 130.849
19.1602 130.867
19.2026 130.912
19.2406 130.918
19.2793 130.93
19.3211 130.968
19.3606 130.986
19.4009 131.012
19.442 131.044
19.4829 131.074
19.5222 131.09
19.5633 131.122
19.6052 131.161
19.6447 131.179
19.6861 131.213
19.7266 131.239
19.7657 131.253
19.8095 131.307
19.851 131.342
19.892 131.372
19.9333 131.404
19.975 131.441
20.0175 131.483
20.0603 131.527
20.1038 131.578
20.144 131.6
20.1844 131.624
20.2262 131.661
20.2693 131.707
20.3124 131.754
20.3549 131.794
20.3973 131.835
20.4415 131.89
20.4867 131.952
20.5304 132.003
20.5714 132.032
20.6182 132.107
20.664 132.174
20.7073 132.221
20.7527 132.284
20.7978 132.345
20.8428 132.404
20.8885 132.47
20.9352 132.543
20.9846 132.637
21.0309 132.707
21.078 132.783
21.1313 132.908
21.1765 132.967
21.2204 133.017
