-20.6636 128.699
-20.6217 128.653
-20.3433 128.161
-20.2978 128.085
-20.2563 128.041
-20.2128 127.981
-20.1704 127.93
-20.129 127.886
-20.0865 127.833
-20.0459 127.795
-20.0029 127.738
-19.9593 127.676
-19.9166 127.621
-19.8742 127.568
-19.836 127.549
-19.7943 127.502
-19.752 127.45
-19.7131 127.425
-19.6706 127.37
-19.629 127.323
-19.5911 127.306
-19.551 127.271
-19.5087 127.218
-19.4695 127.19
-19.4285 127.147
-19.3911 127.134
-19.3494 127.085
-19.3096 127.051
-19.2704 127.023
-19.2311 126.993
-19.1912 126.959
-19.1519 126.929
-19.113 126.903
-19.0759 126.892
-19.0366 126.862
-18.998 126.837
-18.9614 126.83
-18.9223 126.802
-18.8813 126.757
-18.8436 126.74
-18.8026 126.695
-18.7649 126.679
-18.7266 126.656
-18.6876 126.628
-18.6504 126.615
-18.6101 126.576
-18.5735 126.568
-18.537 126.561
-18.4983 126.535
-18.46 126.512
-18.4228 126.499
-18.3826 126.46
-18.3452 126.445
-18.3068 126.421
-18.269 126.403
-18.2329 126.399
-18.1966 126.393
-18.1597 126.382
-18.1217 126.362
-18.0831 126.336
-18.0464 126.326
-18.0101 126.321
-17.9744 126.321
-17.9367 126.302
-17.8979 126.274
-17.8614 126.267
-17.8241 126.252
-17.7864 126.233
-17.7501 126.228
-17.7147 126.23
-17.6766 126.207
-17.6387 126.187
-17.6018 126.176
-17.5641 126.157
-17.5275 126.148
-17.4894 126.126
-17.453 126.118
-17.4171 126.116
-17.3811 126.113
-17.3449 126.107
-17.3078 126.094
-17.2714 126.087
-17.2342 126.072
-17.1977 126.064
-17.1609 126.053
-17.1237 126.038
-17.0879 126.037
-17.0521 126.035
-17.0157 126.027
-16.9789 126.016
-16.9429 126.012
-16.907 126.011
-16.8716 126.012
-16.8364 126.016
-16.8004 126.012
-16.7638 126.003
-16.7274 125.996
-16.6912 125.99
-16.6555 125.99
-16.6205 125.996
-16.5841 125.988
-16.5468 125.972
-16.5108 125.968
-16.4751 125.968
-16.4395 125.968
-16.4037 125.966
-16.3669 125.955
-16.3321 125.962
-16.2972 125.97
-16.2612 125.966
-16.2256 125.966
-16.1905 125.971
-16.1547 125.97
-16.1196 125.975
-16.0846 125.981
-16.0482 125.973
-16.0124 125.971
-15.9777 125.981
-15.9435 125.995
-15.9088 126.005
-15.8735 126.008
-15.8369 125.999
-15.8008 125.993
-15.7669 126.012
-15.7328 126.027
-15.6947 126.003
-15.6567 125.979
-15.6251 126.019
-15.5894 126.019
-15.5512 125.993
-15.517 126.008
-15.4846 126.042
-15.4473 126.025
-15.4124 126.032
-15.376 126.025
-15.3411 126.032
-15.3061 126.04
-15.2706 126.041
-15.2355 126.047
-15.2014 126.064
-15.1663 126.069
-15.1324 126.088
-15.0983 126.104
-15.0628 126.106
-15.0271 126.106
-14.9916 126.108
-14.9566 126.116
-14.9218 126.125
-14.8869 126.134
-14.8519 126.141
-14.8185 126.166
-14.7831 126.169
-14.7479 126.175
-14.7133 126.186
-14.6784 126.195
-14.6435 126.204
-14.6082 126.208
-14.5735 126.219
-14.5388 126.23
-14.5046 126.247
-14.4705 126.266
-14.4358 126.277
-14.4007 126.284
-14.3657 126.292
-14.3311 126.305
-14.2972 126.325
-14.2629 126.342
-14.2284 126.355
-14.1934 126.364
-14.1585 126.374
-14.125 126.4
-14.0903 126.411
-14.0555 126.422
-14.0215 126.442
-13.9869 126.455
-13.9519 126.465
-13.9174 126.48
-13.8837 126.504
-13.8499 126.526
-13.8155 126.543
-13.7818 126.567
-13.7476 126.586
-13.7116 126.584
-13.6769 126.597
-13.6446 126.638
-13.6107 126.661
-13.5774 126.69
-13.5441 126.72
-13.5095 126.735
-13.4735 126.733
-13.4388 126.746
-13.4054 126.776
-13.3716 126.801
-13.3368 126.814
-13.3031 126.84
-13.269 126.861
-13.2343 126.876
-13.2021 126.921
-13.169 126.954
-13.1351 126.979
-13.1 126.988
-13.0671 127.026
-13.0333 127.052
-13.0008 127.093
-12.9685 127.138
-12.9343 127.161
-12.8991 127.17
-12.8651 127.195
-12.8314 127.223
-12.7979 127.253
-12.7651 127.292
-12.733 127.341
-12.6989 127.366
-12.6638 127.377
-12.6302 127.407
-12.5967 127.439
-12.5646 127.49
-12.531 127.521
-12.4973 127.551
-12.4643 127.59
-12.431 127.626
-12.397 127.653
-12.3647 127.702
-12.3311 127.734
-12.2978 127.77
-12.2643 127.804
-12.2319 127.854
-12.197 127.869
-12.1649 127.922
-12.1316 127.96
-12.0996 128.015
-12.0657 128.045
-12.032 128.078
-12.0002 128.137
-11.965 128.15
-11.9329 128.205
-11.776 128.535
-11.7439 128.593
-11.7117 128.65
-11.648 128.773
-11.6161 128.834
-11.4609 129.209
-11.4304 129.294
-11.3984 129.358
-11.3682 129.447
-11.3086 129.639
-11.1648 131.833
