16.2793 152.775
16.3207 152.764
16.3618 152.751
16.2786 149.322
16.311 149.216
16.3473 149.157
16.5771 148.47
16.6177 148.463
16.6577 148.448
16.7898 148.077
16.8269 148.031
16.8674 148.024
16.9025 147.956
16.9679 147.769
17.0051 147.725
17.0445 147.706
17.0808 147.652
17.1177 147.606
17.1517 147.529
17.1888 147.485
17.2258 147.442
17.2613 147.381
17.3004 147.359
17.3367 147.309
17.3753 147.282
17.4125 147.241
17.4474 147.176
17.4848 147.137
17.5224 147.101
17.5625 147.091
17.6003 147.058
17.6374 147.017
17.6725 146.954
17.7093 146.911
17.7466 146.872
17.7868 146.865
17.8243 146.829
17.8611 146.786
17.8981 146.745
17.9342 146.694
17.9741 146.685
18.0134 146.668
18.0508 146.632
18.0884 146.598
18.1253 146.557
18.1622 146.517
18.2007 146.493
18.2415 146.493
18.2814 146.483
18.3197 146.457
18.3572 146.423
18.3966 146.409
18.4346 146.38
18.4706 146.332
18.5083 146.301
18.5487 146.296
18.589 146.291
18.6283 146.277
18.6648 146.234
18.7034 146.212
18.7423 146.193
18.7784 146.148
18.818 146.136
18.8561 146.11
18.8956 146.098
18.9354 146.088
18.9729 146.057
19.0112 146.033
19.0502 146.016
19.0888 145.995
19.128 145.981
19.1667 145.961
19.207 145.957
19.2469 145.949
19.2854 145.928
19.3231 145.899
19.3623 145.885
19.4005 145.861
19.4382 145.833
19.4784 145.828
19.5185 145.823
19.558 145.811
19.5969 145.794
19.6358 145.778
19.6739 145.754
19.7128 145.737
19.7529 145.732
19.793 145.727
19.8327 145.718
19.8708 145.694
19.9099 145.68
19.9487 145.663
19.987 145.642
20.0266 145.632
20.0665 145.625
20.104 145.596
20.1433 145.585
20.1839 145.584
20.2235 145.575
20.2666 145.598
20.3075 145.601
20.3471 145.591
20.3845 145.563
20.4225 145.539
20.4649 145.555
20.5029 145.532
20.544 145.536
20.5843 145.534
20.6233 145.52
20.6636 145.517
20.7023 145.5
20.7453 145.522
20.7853 145.517
20.8259 145.517
20.8667 145.519
20.9086 145.531
20.9506 145.543
20.9903 145.535
21.0295 145.523
21.0707 145.528
21.1118 145.533
21.1521 145.53
21.1921 145.526
21.2329 145.528
21.274 145.532
21.3151 145.537
21.3571 145.549
21.3987 145.558
21.4396 145.561
21.4801 145.56
21.5204 145.558
21.561 145.558
21.6026 145.567
21.6435 145.57
21.6852 145.579
21.7268 145.588
21.7666 145.581
21.8069 145.579
21.8483 145.586
21.8894 145.59
21.9311 145.6
21.9722 145.604
22.0144 145.618
22.0559 145.625
22.0961 145.623
22.1364 145.621
22.1798 145.644
22.2207 145.646
22.2613 145.646
22.3024 145.651
22.3455 145.672
22.3878 145.686
22.4298 145.698
22.4713 145.705
22.5121 145.707
22.5565 145.738
22.5985 145.75
22.6411 145.766
22.6849 145.792
22.7252 145.79
22.7655 145.787
22.8067 145.792
22.8516 145.828
22.8966 145.863
22.9378 145.868
22.9781 145.865
23.0226 145.896
23.0641 145.903
23.1088 145.936
23.1506 145.946
23.1951 145.977
23.2375 145.991
23.2853 146.048
23.3268 146.055
23.3678 146.057
23.4126 146.09
23.4536 146.093
23.4948 146.097
23.5403 146.135
23.5825 146.147
23.6271 146.178
23.672 146.211
23.7166 146.242
23.7591 146.256
23.8037 146.287
23.8463 146.301
23.894 146.356
23.9356 146.363
23.9806 146.397
24.1223 146.547
24.1636 146.552
24.2128 146.616
