-5.45557 126.331
-4.94317 124.879
-4.90723 124.867
-4.83098 124.7
-4.79351 124.636
-4.75562 124.558
-4.71965 124.541
-4.6826 124.488
-4.64622 124.457
-4.60986 124.426
-4.57135 124.323
-4.53504 124.292
-4.49863 124.257
-4.46176 124.206
-4.42602 124.194
-4.27749 123.942
-4.24132 123.911
-4.20521 123.882
-4.16902 123.849
-4.13241 123.8
-4.09673 123.786
-4.06011 123.735
-4.02346 123.683
-3.98679 123.629
-3.95112 123.613
-3.91532 123.591
-3.87976 123.578
-3.84348 123.537
-3.80748 123.506
-3.77146 123.474
-3.73567 123.45
-3.6999 123.427
-3.6643 123.411
-3.62799 123.364
-3.59263 123.357
-3.55694 123.335
-3.52113 123.308
-3.48571 123.297
-3.44956 123.254
-3.41359 123.218
-3.3776 123.18
-3.34186 123.154
-3.30625 123.132
-3.27038 123.098
-3.23449 123.062
-3.19892 123.041
-3.16365 123.033
-3.1282 123.017
-3.09262 122.994
-3.05697 122.967
-3.02134 122.94
-2.98603 122.929
-2.9509 122.927
-2.91563 122.918
-2.87953 122.865
-2.84379 122.829
-2.80871 122.829
-2.77377 122.836
-2.73822 122.809
-2.70246 122.77
-2.66718 122.757
-2.632 122.75
-2.59692 122.748
-2.56162 122.734
-2.52619 122.711
-2.49088 122.695
-2.45515 122.652
-2.41984 122.634
-2.38481 122.634
-2.34978 122.634
-2.31449 122.616
-2.2793 122.605
-2.24402 122.588
-2.20882 122.575
-2.1736 122.561
-2.13839 122.546
-2.10312 122.527
-2.06811 122.527
-2.03314 122.528
-1.99804 122.521
-1.96276 122.5
-1.92754 122.482
-1.89251 122.478
-1.85747 122.475
-1.82248 122.475
-1.78747 122.473
-1.75236 122.462
-1.71719 122.446
-1.68215 122.441
-1.64697 122.423
-1.61188 122.412
-1.57677 122.4
-1.54178 122.398
-1.50678 122.394
-1.4717 122.384
-1.4366 122.369
-1.4015 122.355
-1.36654 122.355
-1.33167 122.366
-1.29671 122.365
-1.26165 122.355
-1.22665 122.349
-1.19167 122.348
-1.15672 122.347
-1.12169 122.339
-1.08663 122.324
-1.05165 122.321
-1.01668 122.319
-0.981707 122.315
-0.946709 122.308
-0.911782 122.312
-0.876929 122.327
-0.841934 122.32
-0.806972 122.318
-0.772039 122.322
-0.737097 122.324
-0.702074 122.309
-0.667049 122.293
-0.632152 122.304
-0.597304 122.327
-0.562445 122.35
-0.52746 122.343
-0.492485 122.337
-0.45747 122.319
-0.422485 122.309
-0.387569 122.319
-0.352604 122.314
-0.317651 122.312
-0.282694 122.308
-0.247732 122.301
-0.21279 122.303
-0.177867 122.317
-0.142947 122.336
-0.107983 122.327
-0.0730139 122.31
-0.0380599 122.301
-0.00311914 122.308
0.0318222 122.322
0.0667709 122.325
0.101721 122.332
0.136673 122.334
0.171624 122.332
0.206577 122.336
0.241538 122.344
0.276495 122.348
0.311462 122.357
0.346426 122.362
0.381393 122.367
0.416355 122.369
0.451329 122.376
0.486311 122.385
0.521301 122.395
0.556275 122.399
0.591239 122.399
0.626233 122.407
0.661263 122.425
0.696266 122.434
0.731273 122.443
0.766292 122.453
0.801283 122.457
0.836284 122.462
0.871279 122.465
0.906265 122.467
0.941329 122.483
0.976429 122.504
1.01159 122.534
1.04667 122.548
1.08168 122.552
1.11668 122.552
1.15168 122.552
1.18668 122.553
1.22178 122.568
1.25688 122.582
1.29207 122.606
1.32726 122.629
1.36239 122.644
1.39759 122.667
1.4327 122.677
1.46786 122.693
1.50298 122.704
1.53816 122.72
1.57334 122.736
1.60848 122.746
1.64363 122.759
1.67892 122.783
1.71426 122.812
1.74953 122.833
1.78482 122.855
1.82007 122.872
1.85543 122.899
1.89071 122.917
1.92584 122.922
1.961 122.929
1.99633 122.95
2.03168 122.972
2.06687 122.981
2.10212 122.993
2.13765 123.027
2.1731 123.054
2.20839 123.068
2.24384 123.093
2.27927 123.116
2.31454 123.127
2.35009 123.157
2.38581 123.198
2.42139 123.228
2.45678 123.244
2.49222 123.264
2.52776 123.289
2.56341 123.321
2.59897 123.346
2.63449 123.368
2.66992 123.384
2.70578 123.425
2.74157 123.461
2.77725 123.489
2.81288 123.515
2.99269 123.721
3.02884 123.77
3.06461 123.797
3.71793 124.604
3.75431 124.644
3.79062 124.68
3.82699 124.719
3.86425 124.793
3.90115 124.852
3.93808 124.91
