-20.034 131.783
-19.9067 131.658
-19.7796 131.533
-19.7411 131.523
-19.7025 131.513
-19.6144 131.4
-19.5735 131.37
-19.5317 131.332
-19.4908 131.302
-19.4526 131.294
-19.4117 131.264
-19.3683 131.212
-19.3267 131.176
-19.288 131.164
-19.2447 131.112
-19.2086 131.122
-19.1689 131.102
-19.1286 131.076
-19.087 131.038
-19.0432 130.982
-19.0027 130.954
-18.9645 130.946
-18.9266 130.94
-18.8894 130.941
-18.8464 130.891
-18.7267 130.821
-18.6858 130.789
-18.6456 130.763
-18.6082 130.761
-18.5708 130.76
-18.5329 130.754
-18.495 130.748
-18.4575 130.746
-18.4176 130.722
-18.3773 130.695
-18.3367 130.665
-18.2986 130.657
-18.259 130.635
-18.2184 130.605
-18.1804 130.598
-18.1423 130.59
-18.1 130.544
-18.0622 130.538
-18.0246 130.534
-17.9867 130.529
-17.9471 130.507
-17.9086 130.495
-17.8708 130.489
-17.8338 130.492
-17.7949 130.476
-17.7567 130.466
-17.7191 130.462
-17.6817 130.46
-17.6441 130.457
-17.6049 130.439
-17.568 130.441
-17.528 130.415
-17.4892 130.4
-17.4513 130.394
-17.4123 130.376
-17.3734 130.36
-17.3356 130.355
-17.2982 130.353
-17.2611 130.353
-17.2237 130.351
-17.1861 130.348
-17.146 130.32
-17.1082 130.314
-17.0715 130.318
-17.0341 130.316
-16.9971 130.319
-16.9601 130.321
-16.9219 130.311
-16.8837 130.301
-16.8466 130.302
-16.8102 130.31
-16.7728 130.308
-16.7357 130.308
-16.6989 130.313
-16.6625 130.321
-16.6251 130.319
-16.5863 130.303
-16.5457 130.27
-16.508 130.264
-16.4704 130.26
-16.4342 130.27
-16.398 130.281
-16.3615 130.287
-16.3247 130.291
-16.2873 130.289
-16.2503 130.291
-16.2127 130.288
-16.1751 130.284
-16.1379 130.284
-16.1004 130.28
-16.063 130.279
-16.026 130.281
-15.987 130.263
-15.9522 130.287
-15.9192 130.332
-15.882 130.332
-15.8423 130.306
-15.8045 130.3
-15.7685 130.312
-15.7322 130.323
-15.6952 130.325
-15.6578 130.323
-15.6206 130.323
-15.5823 130.312
-15.5443 130.304
-15.5075 130.308
-15.4706 130.312
-15.434 130.319
-15.3969 130.321
-15.3623 130.349
-15.3281 130.381
-15.2918 130.391
-15.2546 130.392
-15.2171 130.39
-15.1801 130.392
-15.1441 130.406
-15.1082 130.421
-15.0731 130.445
-15.0368 130.455
-15.0001 130.461
-14.9637 130.472
-14.929 130.5
-14.893 130.514
-14.8561 130.518
-14.8208 130.541
-14.7848 130.555
-14.7477 130.557
-14.7118 130.574
-14.6767 130.598
-14.6401 130.606
-14.6035 130.614
-14.5664 130.617
-14.5298 130.625
-14.4946 130.649
-14.4598 130.678
-14.4239 130.694
-14.39 130.734
-14.3541 130.751
-14.3173 130.757
-14.2803 130.761
-14.245 130.786
-14.2096 130.808
-14.1747 130.836
-14.138 130.845
-14.1022 130.863
-14.0651 130.867
-14.0285 130.876
-13.9935 130.904
-13.9574 130.92
-13.9243 130.971
-13.8876 130.979
-13.8539 131.024
-13.8174 131.034
-13.7823 131.063
-13.7455 131.071
-13.7089 131.081
-13.6755 131.13
-13.6389 131.14
-13.6036 131.167
-13.5667 131.173
-13.5314 131.2
-13.4966 131.232
-13.4619 131.267
-13.427 131.3
-13.3901 131.306
-13.32 131.367
-13.25 131.43
-13.2133 131.441
-13.1777 131.465
-13.145 131.526
-13.11 131.559
-13.0733 131.57
-13.038 131.598
-13.0029 131.631
-12.9674 131.658
-12.9324 131.69
-12.8275 131.793
-12.7924 131.826
-12.6869 131.922
-12.6519 131.957
-12.4131 132.292
-11.2366 133.902
-11.1988 133.907
