-24.8698 83.9006
-24.8437 83.9005
-9.44451 155.102
-8.72593 154.208
-8.68318 154.195
-8.50684 154.023
-8.46472 154.024
-8.24428 153.798
-8.20198 153.793
-8.15682 153.721
-8.11311 153.683
-8.07062 153.673
-8.02683 153.632
-7.98435 153.622
-7.93952 153.556
-7.89717 153.548
-7.85472 153.538
-7.81027 153.479
-7.76804 153.474
-7.7256 153.464
-7.68317 153.454
-7.63961 153.416
-7.59658 153.391
-7.55407 153.378
-7.51055 153.34
-7.46836 153.335
-7.42397 153.274
-7.38159 153.264
-7.33852 153.236
-7.29586 153.218
-7.25282 153.19
-7.21066 153.185
-7.16754 153.155
-7.1252 153.145
-7.08295 153.137
-7.041 153.138
-6.99895 153.135
-6.95493 153.079
-6.91252 153.067
-6.87039 153.062
-6.82827 153.057
-6.78615 153.052
-6.74366 153.037
-6.70136 153.027
-6.65898 153.014
-6.61597 152.984
-6.57271 152.946
-6.53088 152.949
-6.4894 152.962
-6.44782 152.972
-6.40529 152.954
-6.36268 152.934
-6.3205 152.927
-6.27773 152.902
-6.23523 152.884
-6.1929 152.871
-6.15091 152.869
-6.10875 152.862
-6.06676 152.859
-6.02469 152.854
-5.98246 152.844
-5.94048 152.842
-5.89841 152.837
-5.85627 152.83
-5.81413 152.822
-5.77215 152.82
-5.73001 152.812
-5.68788 152.805
-5.64598 152.805
-5.60416 152.808
-5.56225 152.808
-5.52035 152.808
-5.47852 152.811
-5.43647 152.806
-5.39449 152.804
-5.35302 152.819
-5.31133 152.827
-5.26921 152.82
-5.22687 152.804
-5.18497 152.805
-5.14327 152.812
-5.1015 152.818
-5.06021 152.841
-5.01727 152.803
-4.97516 152.795
-4.93359 152.808
-4.89208 152.824
-4.85049 152.837
-4.80864 152.839
-4.76646 152.829
-4.72403 152.809
-4.68199 152.804
-4.64033 152.815
-4.59854 152.82
-4.55663 152.82
-4.51483 152.825
-4.4731 152.833
-4.43166 152.854
-4.38973 152.854
-4.34787 152.856
-4.30623 152.869
-4.26471 152.887
-4.22295 152.895
-4.18095 152.893
-4.13896 152.89
-4.09725 152.901
-4.05558 152.914
-4.01375 152.919
-3.97186 152.922
-3.93013 152.932
-3.88887 152.965
-3.84723 152.981
-3.80543 152.989
-3.76362 152.997
-3.72196 153.012
-3.6802 153.022
-3.63838 153.03
-3.59645 153.033
-3.55458 153.038
-3.51275 153.046
-3.47139 153.079
-3.42997 153.11
-3.3883 153.128
-3.34667 153.149
-3.30489 153.162
-3.26325 153.182
-3.22146 153.195
-3.17958 153.203
-3.13761 153.206
-3.09644 153.257
-3.05471 153.275
-3.0128 153.283
-2.97122 153.311
-2.92946 153.329
-2.88757 153.34
-2.84615 153.381
-2.80467 153.42
-2.76295 153.443
-2.72126 153.469
-2.67936 153.482
-2.63732 153.484
-2.59531 153.49
-2.55365 153.521
-2.5117 153.531
-2.46964 153.534
-2.42809 153.575
-2.38687 153.644
-2.34485 153.652
-2.30296 153.67
-2.26152 153.727
-2.21963 153.748
-2.17791 153.784
-2.1365 153.849
-2.09442 153.856
-2.05223 153.854
-2.01014 153.862
-1.96841 153.903
-1.92706 153.983
-1.88539 154.035
-1.84357 154.074
-1.802 154.141
-1.75992 154.157
-1.7178 154.17
-1.67582 154.198
-1.63415 154.263
-1.59258 154.344
-1.55067 154.388
-1.50855 154.409
-1.46673 154.468
-1.42458 154.489
-1.38279 154.559
-1.3406 154.578
-1.29871 154.64
-1.25675 154.697
-1.21484 154.765
-1.17256 154.781
-1.13063 154.854
-1.08868 154.929
-1.04654 154.977
-1.00438 155.024
-0.79387 155.406
-0.751654 155.479
-0.667209 155.65
-0.624934 155.737
-0.58252 155.792
-0.455632 156.158
-0.413009 156.185
