-24.8694 83.8986
-24.843 83.8975
7.24676 144.817
7.2843 144.751
7.32351 144.728
7.434 144.485
7.57227 143.956
7.93141 143.037
7.97055 143.024
8.0056 142.918
8.04235 142.851
8.08082 142.824
8.1198 142.808
8.2672 142.561
8.34021 142.426
8.37823 142.391
8.41719 142.378
8.45507 142.341
8.52784 142.207
8.56686 142.195
8.60346 142.134
8.64125 142.097
8.67935 142.068
8.71822 142.054
8.75429 141.984
8.79178 141.943
8.8296 141.909
8.86729 141.872
8.90508 141.838
8.94262 141.8
8.98152 141.788
9.01801 141.729
9.05527 141.686
9.09275 141.648
9.13045 141.614
9.16964 141.609
9.20766 141.582
9.2465 141.571
9.28426 141.539
9.32201 141.507
9.35832 141.449
9.39664 141.428
9.43411 141.392
9.47192 141.363
9.51081 141.354
9.54872 141.327
9.58747 141.315
9.62512 141.284
9.663 141.257
9.7016 141.243
9.73835 141.196
9.77694 141.182
9.81564 141.171
9.85347 141.144
9.89103 141.112
9.92959 141.099
9.96751 141.074
10.0063 141.065
10.0451 141.056
10.0836 141.042
10.1206 141.002
10.159 140.986
10.197 140.963
10.2356 140.952
10.2733 140.925
10.3118 140.911
10.3495 140.885
10.3876 140.864
10.4262 140.853
10.4642 140.833
10.5021 140.81
10.541 140.803
10.5793 140.788
10.618 140.779
10.6567 140.77
10.6952 140.758
10.7331 140.736
10.7711 140.716
10.8095 140.702
10.8476 140.684
10.8863 140.675
10.9254 140.673
10.9644 140.671
11.0036 140.67
11.042 140.657
11.0805 140.646
11.1182 140.621
11.1557 140.594
11.1939 140.578
11.2335 140.585
11.2731 140.592
11.312 140.587
11.3506 140.578
11.3892 140.569
11.428 140.562
11.4663 140.549
11.5047 140.537
11.5435 140.531
11.5826 140.531
11.6214 140.524
11.6598 140.512
11.6984 140.503
11.7368 140.492
11.7745 140.47
11.8136 140.47
11.8514 140.45
11.8747 140.213
11.9167 140.256
11.9543 140.233
12.0151 140.554
12.0552 140.567
12.2101 142.262
12.2499 142.267
12.168 140.498
12.2062 140.484
12.2438 140.462
12.2842 140.48
12.3237 140.484
12.3627 140.482
12.4015 140.477
12.4408 140.479
12.4798 140.477
12.5191 140.479
12.5586 140.483
12.5977 140.483
12.6369 140.483
12.6762 140.485
12.7155 140.487
12.7543 140.483
12.7935 140.483
12.8331 140.489
12.8732 140.503
12.913 140.511
12.952 140.509
12.9911 140.509
13.0314 140.525
13.0706 140.524
13.1105 140.535
13.1489 140.524
13.1883 140.529
13.2283 140.54
13.2668 140.531
13.3073 140.548
13.3473 140.559
13.3866 140.561
13.4261 140.566
13.4668 140.586
13.5073 140.604
13.5469 140.61
13.587 140.621
13.6265 140.626
13.6656 140.625
13.7051 140.63
13.7448 140.636
13.7855 140.656
13.8254 140.665
13.8654 140.676
13.9067 140.703
13.9473 140.721
13.9863 140.718
14.0258 140.723
14.0667 140.745
14.1093 140.787
14.1487 140.789
14.1882 140.794
14.2286 140.809
14.2705 140.843
14.3122 140.874
14.352 140.881
14.3917 140.887
14.4329 140.912
14.473 140.923
14.5143 140.947
14.5542 140.956
14.5945 140.969
14.6369 141.007
14.6766 141.014
14.7168 141.025
14.7584 141.054
14.7986 141.065
14.8382 141.07
14.8817 141.121
14.9219 141.132
14.9619 141.141
15.0033 141.166
15.0436 141.179
15.0873 141.231
15.1302 141.273
15.1708 141.289
15.2127 141.32
15.2576 141.385
15.3002 141.424
15.3422 141.455
15.3826 141.468
15.4253 141.507
15.4685 141.552
15.5088 141.563
15.5501 141.585
15.5912 141.605
15.6339 141.644
15.6762 141.677
15.7211 141.74
15.7636 141.777
15.806 141.81
15.849 141.851
15.8934 141.907
15.9362 141.946
15.9775 141.966
16.0201 142.002
16.0654 142.068
16.1085 142.109
16.2433 142.29
16.2863 142.328
16.3287 142.36
16.3713 142.394
16.4181 142.474
16.464 142.544
