-5.47633 161.589
-5.42981 161.513
-5.38525 161.508
-5.29386 161.413
-5.20271 161.323
-5.1582 161.318
-5.11296 161.285
-5.06766 161.249
-5.02281 161.229
-4.97761 161.196
-4.93243 161.162
-4.88775 161.149
-4.84238 161.107
-4.79779 161.096
-4.75266 161.063
-4.70808 161.052
-4.66284 161.013
-4.61735 160.963
-4.57299 160.96
-4.52864 160.958
-4.4832 160.908
-4.4386 160.894
-4.39383 160.872
-4.34875 160.836
-4.3043 160.828
-4.25986 160.82
-4.21482 160.784
-4.16985 160.751
-4.12549 160.745
-4.0806 160.715
-4.03613 160.704
-3.99179 160.699
-3.9475 160.696
-3.90315 160.691
-3.8577 160.63
-3.81332 160.622
-3.76894 160.613
-3.72462 160.608
-3.67988 160.581
-3.63541 160.567
-3.59069 160.539
-3.54593 160.509
-3.50204 160.526
-3.45765 160.515
-3.41262 160.468
-3.36805 160.446
-3.32368 160.435
-3.27931 160.424
-3.23514 160.424
-3.1911 160.433
-3.14711 160.444
-3.10302 160.45
-3.05866 160.439
-3.01409 160.414
-2.96992 160.415
-2.92566 160.409
-2.88115 160.387
-2.83694 160.385
-2.79278 160.385
-2.74837 160.369
-2.70405 160.358
-2.66 160.366
-2.61569 160.355
-2.5706 160.286
-2.52652 160.292
-2.48241 160.295
-2.43837 160.304
-2.39384 160.273
-2.34894 160.212
-2.30491 160.221
-2.26045 160.193
-2.21098 159.731
-2.16586 159.634
-2.12229 159.673
-2.08328 160.133
-2.03931 160.147
-1.99575 160.2
-1.95199 160.237
-1.90788 160.24
-1.86388 160.254
-1.81987 160.268
-1.77578 160.274
-1.73186 160.299
-1.6879 160.321
-1.64372 160.319
-1.59973 160.338
-1.55587 160.375
-1.51165 160.369
-1.46753 160.375
-1.42351 160.395
-1.37943 160.409
-1.3353 160.415
-1.29112 160.415
-1.24699 160.424
-1.20299 160.452
-1.15896 160.477
-1.11492 160.502
-1.07077 160.511
-1.02669 160.533
-0.982608 160.556
-0.938468 160.57
-0.894212 160.562
-0.850013 160.565
-0.805987 160.607
-0.761883 160.635
-0.717676 160.641
-0.673466 160.646
-0.629264 160.655
-0.585011 160.649
-0.540795 160.655
-0.496659 160.689
-0.452569 160.745
-0.408349 160.759
-0.364091 160.759
-0.319838 160.762
-0.27561 160.779
-0.23137 160.793
-0.187174 160.844
-0.142916 160.861
-0.0986699 160.897
-0.0543928 160.914
-0.0101139 160.942
0.0341817 160.957
0.0784829 160.979
0.122797 161.024
0.16712 161.035
0.21146 161.069
0.255793 161.075
0.300134 161.086
0.344526 161.134
0.388885 161.146
0.433236 161.149
0.477678 161.199
0.52209 161.225
0.566447 161.222
0.610767 161.205
0.655095 161.194
0.699655 161.262
0.744425 161.385
0.789047 161.45
0.833554 161.476
0.878007 161.484
0.922729 161.558
0.96741 161.614
1.10148 161.758
1.14617 161.798
1.1907 161.807
1.28024 161.9
1.32501 161.943
1.36985 161.994
1.41472 162.045
1.45976 162.118
1.50437 162.124
1.72972 162.44
1.95634 162.816
2.00143 162.856
