1.64483 119
1.67915 118.962
1.71326 118.905
1.74703 118.817
1.7807 118.724
1.81479 118.674
1.84879 118.618
1.88293 118.577
1.91698 118.529
1.95089 118.47
1.98454 118.393
2.01862 118.354
2.05251 118.301
2.08644 118.253
2.12031 118.202
2.15416 118.15
2.18814 118.111
2.22164 118.038
2.25536 117.983
2.28945 117.956
2.32347 117.925
2.35716 117.873
2.39087 117.823
2.42513 117.812
2.45881 117.762
2.49244 117.711
2.52634 117.679
2.56017 117.644
2.59412 117.616
2.62778 117.572
2.66165 117.542
2.69516 117.491
2.72906 117.464
2.76288 117.434
2.79678 117.408
2.83064 117.381
2.86442 117.351
2.898 117.31
2.93207 117.297
2.96556 117.253
2.99958 117.238
3.03313 117.199
3.06686 117.17
3.10055 117.14
3.13429 117.113
3.16805 117.088
3.20177 117.061
3.23547 117.034
3.26945 117.02
3.30288 116.982
3.3368 116.967
3.37024 116.93
3.40418 116.916
3.43763 116.881
3.47162 116.871
3.50535 116.849
3.53922 116.834
3.57281 116.807
3.60654 116.787
3.64027 116.767
3.67395 116.745
3.7075 116.718
3.74111 116.695
3.77508 116.687
3.80901 116.677
3.84264 116.655
3.87623 116.631
3.91005 116.618
3.94374 116.6
3.97729 116.576
4.01105 116.561
4.04441 116.531
4.07802 116.511
4.11157 116.489
4.14548 116.481
4.17929 116.469
4.21314 116.459
4.24676 116.441
4.28041 116.424
4.31425 116.414
4.34817 116.408
4.38214 116.403
4.41587 116.389
4.44939 116.369
4.48321 116.359
4.51706 116.351
4.55067 116.334
4.58411 116.313
4.6178 116.299
4.65143 116.284
4.68532 116.278
4.71888 116.261
4.75265 116.251
4.78652 116.245
4.82034 116.236
4.8542 116.23
4.88801 116.221
4.92186 116.215
4.95561 116.205
4.98924 116.191
5.02298 116.181
5.05682 116.175
5.0906 116.166
5.12421 116.153
5.15765 116.135
5.19136 116.125
5.22536 116.123
5.25941 116.123
5.29346 116.123
5.32745 116.122
5.36138 116.118
5.39526 116.113
5.42901 116.105
5.46246 116.088
5.49632 116.084
5.53024 116.08
5.56435 116.082
5.59851 116.085
5.63249 116.084
5.66623 116.075
5.69989 116.065
5.73368 116.059
5.76747 116.052
5.80138 116.049
5.83541 116.049
5.8699 116.06
5.90446 116.074
5.93915 116.09
5.97333 116.094
6.00718 116.089
6.03997 116.057
6.0738 116.052
6.10778 116.051
6.14168 116.047
6.17572 116.047
6.20989 116.051
6.24393 116.051
6.27776 116.046
6.31152 116.039
6.34535 116.034
6.37945 116.036
6.41356 116.037
6.44752 116.036
6.4817 116.039
6.5161 116.048
6.5505 116.056
6.58439 116.053
6.618 116.043
6.65211 116.044
6.68637 116.049
6.72077 116.058
6.75496 116.061
6.78901 116.061
6.8229 116.058
6.85656 116.049
6.89098 116.058
6.92548 116.068
6.95999 116.078
6.99403 116.078
7.02824 116.081
7.06252 116.086
7.09688 116.093
7.1314 116.103
7.16616 116.118
7.20046 116.123
7.23483 116.129
7.26945 116.141
7.30368 116.144
7.33798 116.149
7.37237 116.156
7.40733 116.174
7.44214 116.189
7.4763 116.191
7.5107 116.198
7.54495 116.201
7.57911 116.203
7.61344 116.208
7.64777 116.213
7.68278 116.231
7.71737 116.241
7.75308 116.273
7.78761 116.281
7.82196 116.286
7.85701 116.305
7.89155 116.313
7.92635 116.326
7.9609 116.335
7.99562 116.346
8.0316 116.381
8.06598 116.386
8.10046 116.393
8.13584 116.416
8.17114 116.438
8.20564 116.445
8.24023 116.453
8.27537 116.472
8.31052 116.49
8.34522 116.5
8.37974 116.507
8.41603 116.545
8.45037 116.549
8.48472 116.552
8.52029 116.577
8.55616 116.607
8.59167 116.631
8.62699 116.651
8.66175 116.661
8.69632 116.668
8.73273 116.706
8.7678 116.721
8.80434 116.762
8.84012 116.788
8.87551 116.809
8.91023 116.817
8.94504 116.827
8.98126 116.861
9.01619 116.872
9.05214 116.901
9.08809 116.93
9.12498 116.973
9.16127 117.007
9.19717 117.034
9.23185 117.041
9.26716 117.058
9.30268 117.078
9.3381 117.096
9.37541 117.145
9.52215 117.297
9.55851 117.329
9.5936 117.341
9.63106 117.39
9.66843 117.438
9.70464 117.466
9.74075 117.493
9.77666 117.517
9.92474 117.678
