-24.8696 83.8996
-24.8434 83.8995
18.9127 142.525
18.9633 142.629
19.004 142.641
19.0336 142.547
19.0289 142.13
19.0625 142.076
19.0919 141.983
19.3919 142.938
19.4329 142.952
19.4584 142.456
19.4968 142.447
19.6555 141.735
19.6913 141.704
19.7167 141.577
19.747 141.496
19.78 141.439
19.8172 141.421
19.8517 141.378
20.0379 140.941
20.0748 140.921
20.1068 140.858
20.1385 140.793
20.1728 140.75
20.2073 140.71
20.2423 140.674
20.275 140.618
20.3099 140.582
20.3431 140.531
20.3744 140.464
20.4062 140.401
20.444 140.39
20.4799 140.363
20.5145 140.325
20.5452 140.254
20.579 140.209
20.6132 140.169
20.6454 140.111
20.6789 140.064
20.7144 140.035
20.7507 140.013
20.7883 140.002
20.8238 139.973
20.8583 139.935
20.8901 139.875
20.9263 139.852
20.9596 139.806
20.9959 139.784
21.031 139.752
21.0661 139.721
21.1034 139.708
21.1388 139.679
21.1752 139.659
21.21 139.626
21.2467 139.608
21.2815 139.575
21.316 139.539
21.3507 139.506
21.385 139.468
21.4221 139.455
21.4598 139.446
21.4942 139.41
21.5297 139.384
21.5644 139.351
21.6002 139.326
21.6365 139.306
21.6709 139.271
21.7085 139.262
21.7461 139.253
21.7832 139.24
21.8172 139.202
21.8529 139.178
21.8891 139.158
21.9231 139.12
21.9604 139.109
21.9974 139.096
22.0328 139.069
22.067 139.034
22.1035 139.017
22.1399 138.999
22.1763 138.981
22.2138 138.972
22.2508 138.959
22.2869 138.939
22.3244 138.93
22.3619 138.921
22.3988 138.908
22.4355 138.892
22.4707 138.866
22.5071 138.848
22.544 138.835
22.5792 138.808
22.6155 138.791
22.6535 138.786
22.2021 135.01
22.2459 135.056
22.7649 138.753
22.8012 138.735
22.8378 138.72
22.8749 138.709
22.9117 138.695
22.9474 138.673
22.9805 138.632
23.0193 138.634
23.0579 138.633
23.0949 138.622
22.9493 137.232
23.1671 138.585
23.2062 138.589
23.247 138.606
23.2841 138.595
23.3176 138.558
23.3541 138.543
23.3961 138.569
23.4387 138.599
23.486 138.664
23.5327 138.725
23.5695 138.712
23.6048 138.687
23.6386 138.652
23.6765 138.648
23.7094 138.606
23.7429 138.569
23.7784 138.547
23.8205 138.573
23.8569 138.557
24.0651 139.799
24.1172 139.896
24.1717 140.01
24.0054 138.517
24.043 138.511
24.0815 138.51
24.1196 138.508
24.1572 138.501
24.1936 138.486
24.2314 138.481
24.2705 138.485
24.308 138.479
24.3459 138.474
24.384 138.472
24.4219 138.467
24.461 138.471
24.5009 138.482
24.5397 138.484
24.5781 138.484
24.6172 138.488
24.6563 138.492
24.6953 138.496
24.7335 138.494
24.7698 138.478
24.8079 138.476
26.0057 146.658
24.8832 138.465
24.9204 138.456
24.9586 138.453
24.9995 138.47
25.0439 138.512
25.0832 138.518
25.1217 138.518
25.1582 138.504
25.1964 138.502
25.2348 138.502
25.2729 138.499
25.3117 138.501
25.3504 138.503
25.3917 138.523
25.4321 138.535
25.4714 138.542
25.5121 138.557
25.5518 138.565
25.5915 138.574
25.6309 138.58
25.67 138.584
25.7113 138.604
25.7508 138.61
25.7895 138.612
25.8283 138.614
25.8709 138.642
25.9097 138.644
25.9498 138.654
25.9944 138.696
26.0335 138.7
26.0726 138.704
26.112 138.71
26.1537 138.732
26.1922 138.732
26.2316 138.738
26.2717 138.749
26.3138 138.772
26.3572 138.805
26.3966 138.811
26.4368 138.822
26.4759 138.826
26.518 138.85
26.5581 138.86
26.6013 138.891
26.6444 138.921
26.6875 138.951
26.7277 138.962
26.7679 138.973
26.8137 139.021
26.8529 139.025
26.8944 139.044
26.9312 139.033
26.9775 139.083
27.019 139.103
27.0609 139.124
27.1001 139.128
27.1397 139.135
27.1823 139.161
27.23 139.22
27.2739 139.254
27.3142 139.265
27.3568 139.291
27.3968 139.3
27.4841 139.365
27.5323 139.426
27.5764 139.461
27.6174 139.476
27.6646 139.531
27.707 139.555
27.7536 139.605
27.7936 139.614
27.8364 139.64
27.8813 139.68
27.9697 139.75
29.1424 141.244
