12.2846 138.927
12.324 138.929
12.3634 138.931
12.5011 140.344
12.5693 137.42
12.6054 137.381
12.6388 137.305
12.9331 136.556
12.9691 136.519
13.003 136.455
13.0365 136.387
13.0721 136.346
13.1079 136.308
13.1396 136.216
13.1747 136.169
13.2087 136.109
13.2449 136.077
13.2794 136.024
13.3137 135.968
13.3493 135.93
13.3839 135.879
13.4195 135.841
13.4541 135.79
13.4875 135.724
13.5217 135.669
13.5585 135.648
13.5963 135.639
13.6321 135.605
13.6656 135.542
13.7025 135.523
13.7371 135.474
13.772 135.43
13.807 135.387
13.8421 135.345
13.8793 135.33
13.9146 135.292
13.9496 135.25
13.9844 135.206
14.0218 135.193
14.057 135.155
14.0918 135.111
14.1284 135.09
14.1643 135.06
14.1997 135.024
14.2347 134.984
14.2713 134.963
14.3077 134.94
14.3434 134.909
14.3797 134.886
14.415 134.85
14.451 134.823
14.4883 134.81
14.5253 134.795
14.5613 134.768
14.5963 134.73
14.6321 134.701
14.6691 134.686
14.7055 134.665
14.7416 134.64
14.7782 134.621
14.8134 134.586
14.8507 134.575
14.8876 134.561
14.9242 134.542
14.9593 134.506
14.9958 134.487
15.0318 134.462
15.0684 134.444
15.1058 134.435
15.1431 134.425
15.1803 134.414
15.2174 134.402
15.2526 134.368
15.2893 134.352
15.3263 134.339
15.3617 134.308
15.3989 134.297
15.4357 134.283
15.4719 134.262
15.5097 134.258
15.5469 134.247
15.5829 134.224
15.6195 134.208
15.6561 134.191
15.6937 134.185
15.7301 134.166
15.7657 134.139
15.8036 134.137
15.8415 134.135
15.8788 134.127
15.916 134.116
15.9525 134.1
15.9896 134.089
16.0266 134.077
16.0629 134.058
16.0998 134.045
16.1361 134.027
16.1718 134.002
16.2085 133.987
16.2446 133.966
16.282 133.96
16.3195 133.954
16.357 133.948
16.3944 133.942
16.4317 133.933
16.4681 133.917
16.5047 133.902
16.5426 133.9
16.5802 133.896
16.6177 133.89
16.6575 133.908
16.6933 133.885
16.7299 133.871
16.7663 133.854
16.807 133.881
16.8488 133.919
16.8864 133.915
16.9232 133.902
16.9635 133.925
17.0011 133.921
17.0377 133.906
17.0739 133.888
17.1117 133.886
17.1504 133.892
17.1888 133.896
17.226 133.888
17.2642 133.89
17.3027 133.894
17.3397 133.884
17.3777 133.884
17.4164 133.89
17.4544 133.89
17.4918 133.884
17.5313 133.898
17.5706 133.911
17.6078 133.902
17.6454 133.898
17.6836 133.9
17.7229 133.913
17.7631 133.933
17.8003 133.925
17.8374 133.917
17.8759 133.921
17.915 133.931
17.9533 133.933
17.9913 133.933
18.0291 133.931
18.0671 133.931
18.1049 133.929
18.1432 133.931
18.1839 133.956
18.2226 133.963
18.2601 133.958
18.2988 133.965
18.3382 133.977
18.3767 133.981
18.4152 133.985
18.4536 133.99
18.4924 133.996
18.5315 134.006
18.5702 134.012
18.6096 134.025
18.6493 134.039
18.6889 134.054
18.7283 134.067
18.7686 134.087
18.8071 134.092
18.8452 134.092
18.8839 134.098
18.9236 134.112
18.9647 134.139
19.0041 134.152
19.0438 134.166
19.0825 134.173
19.122 134.185
19.1622 134.204
19.2016 134.216
19.2409 134.227
19.2801 134.237
19.3208 134.26
19.3617 134.285
19.4005 134.291
19.4417 134.319
19.4833 134.35
19.524 134.373
19.5612 134.365
19.6019 134.387
19.6414 134.4
19.6829 134.429
19.7217 134.436
19.7654 134.484
19.8052 134.498
19.8467 134.527
19.8878 134.553
19.9264 134.557
19.9687 134.592
20.011 134.628
20.0518 134.651
20.0904 134.655
20.1303 134.67
20.1724 134.703
20.217 134.758
20.2559 134.764
20.2968 134.787
20.3392 134.823
20.3851 134.888
20.4245 134.898
20.4667 134.932
20.5087 134.964
20.5512 134.999
20.5929 135.029
20.6347 135.058
20.677 135.092
20.7195 135.128
20.7618 135.161
20.8046 135.199
20.8475 135.237
20.8937 135.303
20.9366 135.341
20.9795 135.379
21.024 135.429
21.0667 135.465
21.1096 135.503
21.1534 135.548
21.1995 135.611
21.242 135.645
21.2882 135.709
21.3347 135.774
21.3778 135.813
21.4235 135.872
21.4704 135.94
