-7.0746 139.513
-7.03476 139.504
-5.87402 136.783
-5.83387 136.746
-5.79277 136.682
-5.75347 136.669
-5.71337 136.632
-5.6711 136.531
-5.62997 136.462
-5.59023 136.434
-5.55078 136.415
-5.51092 136.383
-5.47149 136.364
-5.43214 136.347
-5.39286 136.332
-5.35312 136.302
-5.31243 136.242
-5.27157 136.175
-5.23295 136.18
-5.19313 136.146
-5.11204 136.028
-5.07234 135.996
-5.03324 135.983
-4.99382 135.96
-4.95543 135.971
-4.91439 135.892
-4.75705 135.803
-4.71662 135.741
-4.67778 135.735
-4.63852 135.713
-4.59892 135.679
-4.5594 135.647
-4.52064 135.643
-4.48142 135.622
-4.4425 135.612
-4.40352 135.599
-4.36349 135.546
-4.3247 135.54
-4.28596 135.536
-4.2468 135.514
-4.20791 135.504
-4.16865 135.478
-4.12935 135.451
-4.09001 135.421
-4.05121 135.413
-4.0124 135.405
-3.97325 135.381
-3.9339 135.35
-3.89516 135.343
-3.85648 135.339
-3.81731 135.314
-3.77853 135.306
-3.73981 135.299
-3.70052 135.268
-3.6613 135.238
-3.62222 135.215
-3.58334 135.2
-3.54451 135.187
-3.50533 135.158
-3.46669 135.154
-3.42806 135.15
-3.38942 135.146
-3.35075 135.139
-3.31216 135.137
-3.27366 135.14
-3.23507 135.138
-3.19632 135.127
-3.15705 135.089
-3.11823 135.075
-3.0797 135.075
-3.04116 135.075
-3.00251 135.069
-2.96375 135.056
-2.92526 135.058
-2.88658 135.05
-2.84772 135.031
-2.80897 135.019
-2.77041 135.017
-2.73196 135.021
-2.6934 135.019
-2.65477 135.013
-2.61615 135.007
-2.57732 134.988
-2.5387 134.981
-2.50019 134.982
-2.46163 134.98
-2.4229 134.965
-2.38413 134.948
-2.34562 134.948
-2.30732 134.963
-2.26859 134.949
-2.22996 134.94
-2.19105 134.911
-2.15221 134.885
-2.11362 134.879
-2.0752 134.886
-2.03673 134.888
-1.99857 134.916
-1.96052 134.954
-1.92178 134.935
-1.88314 134.925
-1.84465 134.927
-1.80638 134.948
-1.76784 134.946
-1.7295 134.963
-1.69111 134.976
-1.65261 134.978
-1.61404 134.974
-1.57547 134.97
-1.53705 134.981
-1.49876 135.007
-1.46031 135.015
-1.42175 135.013
-1.38307 134.996
-1.34466 135.011
-1.30626 135.028
-1.26779 135.037
-1.22932 135.046
-1.1908 135.05
-1.15237 135.065
-1.11383 135.067
-1.07531 135.072
-1.03679 135.076
-0.998194 135.07
-0.959655 135.072
-0.921179 135.085
-0.882697 135.098
-0.844328 135.132
-0.805818 135.143
-0.767281 135.149
-0.728731 135.154
-0.690148 135.152
-0.651642 135.167
-0.613084 135.171
-0.57454 135.18
-0.535985 135.186
-0.497419 135.19
-0.458865 135.199
-0.420326 135.214
-0.381769 135.225
-0.343246 135.25
-0.30468 135.263
-0.266113 135.278
-0.227531 135.289
-0.18897 135.315
-0.150374 135.326
-0.111768 135.332
-0.0731747 135.353
-0.0345589 135.36
0.00405872 135.369
0.0426664 135.411
0.0812993 135.422
0.119938 135.458
0.158592 135.488
0.197249 135.497
0.235925 135.527
0.274589 135.529
0.313276 135.551
0.351953 135.557
0.390677 135.592
0.429365 135.598
0.468106 135.628
0.506806 135.635
0.545482 135.631
0.584238 135.656
0.623127 135.723
0.661882 135.738
0.700695 135.768
0.739522 135.798
0.778287 135.809
0.817242 135.865
0.85613 135.899
0.894926 135.91
0.933952 135.968
0.972779 135.981
1.01184 136.037
1.05063 136.039
1.08943 136.043
1.12827 136.054
1.1674 136.11
1.20659 136.172
1.24547 136.183
1.4017 136.315
1.55824 136.456
1.59763 136.516
1.63657 136.523
1.67605 136.588
1.71509 136.603
1.75455 136.661
1.83371 136.793
1.87277 136.804
