-24.8719 83.9108
-24.8454 83.9086
-4.80713 140.457
-4.76633 140.397
-4.56466 140.173
-4.36361 139.953
-4.32377 139.922
-4.28395 139.892
-4.24328 139.825
-4.0837 139.68
-4.04407 139.653
-4.00471 139.638
-3.9643 139.576
-3.92511 139.567
-3.88554 139.541
-3.84587 139.51
-3.80665 139.499
-3.76696 139.466
-3.72781 139.457
-3.68763 139.4
-3.64807 139.372
-3.60885 139.359
-3.56877 139.304
-3.52962 139.293
-3.49011 139.264
-3.45105 139.258
-3.412 139.251
-3.37201 139.196
-3.33288 139.185
-3.29335 139.153
-3.25424 139.142
-3.21448 139.096
-3.17551 139.091
-3.13646 139.083
-3.09694 139.048
-3.05744 139.013
-3.01845 139.006
-2.97909 138.978
-2.93973 138.949
-2.90076 138.943
-2.86143 138.914
-2.82247 138.908
-2.78365 138.91
-2.74469 138.904
-2.70546 138.88
-2.66607 138.845
-2.62699 138.829
-2.58786 138.81
-2.54886 138.799
-2.51 138.797
-2.47116 138.797
-2.43215 138.784
-2.39325 138.78
-2.35425 138.767
-2.31498 138.734
-2.27598 138.721
-2.23702 138.71
-2.19796 138.69
-2.15909 138.686
-2.12028 138.686
-2.08117 138.662
-2.04232 138.658
-2.00354 138.66
-1.96473 138.66
-1.92577 138.647
-1.88656 138.61
-1.84772 138.606
-1.80892 138.606
-1.77006 138.599
-1.73113 138.586
-1.69229 138.582
-1.65354 138.587
-1.61475 138.587
-1.57588 138.578
-1.53695 138.563
-1.49812 138.558
-1.45937 138.563
-1.42065 138.572
-1.38179 138.563
-1.34293 138.554
-1.30408 138.546
-1.26527 138.544
-1.22646 138.539
-1.18765 138.537
-1.1489 138.542
-1.11015 138.548
-1.07134 138.544
-1.03252 138.54
-0.993698 138.533
-0.954925 138.535
-0.916233 138.553
-0.877578 138.579
-0.838716 138.566
-0.799778 138.536
-0.760921 138.52
-0.722156 138.525
-0.683361 138.523
-0.644585 138.525
-0.605791 138.523
-0.566991 138.519
-0.528199 138.516
-0.489427 138.521
-0.450671 138.532
-0.411883 138.532
-0.3731 138.534
-0.334306 138.532
-0.29553 138.539
-0.256757 138.55
-0.217976 138.558
-0.179193 138.569
-0.140402 138.576
-0.101599 138.572
-0.0627998 138.57
-0.0240038 138.578
0.0147958 138.605
0.0536042 138.616
0.0924149 138.62
0.131225 138.62
0.170039 138.624
0.208852 138.627
0.247664 138.627
0.286492 138.638
0.325326 138.649
0.364174 138.664
0.403023 138.677
0.44189 138.695
0.480746 138.706
0.519608 138.717
0.558447 138.719
0.597302 138.726
0.636184 138.739
0.675046 138.745
0.713921 138.754
0.752892 138.785
0.791809 138.8
0.830712 138.811
0.86962 138.822
0.908612 138.848
0.947533 138.859
0.986435 138.866
1.02535 138.875
1.06431 138.89
1.10331 138.91
1.14233 138.932
1.18128 138.943
1.2202 138.947
1.25916 138.958
1.29827 138.989
1.33735 139.013
1.37641 139.033
1.41542 139.046
1.45443 139.06
1.49357 139.086
1.53279 139.121
1.57179 139.13
1.61096 139.156
1.65014 139.183
1.68918 139.194
1.72821 139.203
1.76761 139.249
1.80679 139.271
1.84626 139.319
1.88513 139.311
1.92465 139.361
1.96375 139.372
2.00316 139.41
2.04248 139.439
2.08176 139.463
2.12095 139.478
2.16038 139.514
2.19981 139.547
2.23894 139.556
2.27862 139.607
2.31788 139.624
2.35763 139.677
2.39712 139.711
2.43642 139.728
2.47582 139.753
2.5151 139.768
2.55504 139.828
2.59481 139.875
2.63449 139.914
2.67383 139.93
2.71341 139.961
2.75279 139.979
2.79275 140.032
2.83262 140.079
2.87284 140.146
2.91262 140.183
2.95237 140.219
2.99275 140.29
3.03258 140.328
3.07239 140.364
3.11268 140.426
3.15265 140.469
3.19316 140.54
3.23317 140.583
3.27304 140.616
3.39487 140.829
3.43543 140.894
3.47615 140.966
3.51682 141.033
4.15041 142.914
4.19001 142.908
4.22987 142.912
4.26924 142.896
