-10.0895 139.45
-9.61667 138.605
-9.49031 138.409
-9.3669 138.263
-9.32647 138.227
-9.28605 138.19
-9.24415 138.126
-9.20377 138.09
-9.16466 138.077
-9.12317 138.019
-9.04107 137.918
-8.91891 137.784
-8.88022 137.777
-8.83868 137.715
-8.79989 137.707
-8.75872 137.651
-8.71843 137.613
-8.67946 137.6
-8.63845 137.547
-8.59961 137.536
-8.55853 137.481
-8.5196 137.468
-8.47857 137.413
-8.4385 137.377
-8.39939 137.36
-8.35998 137.336
-8.3217 137.336
-8.28302 137.328
-8.24302 137.292
-8.20221 137.239
-8.16315 137.222
-8.12289 137.179
-8.08425 137.171
-8.04492 137.147
-8.0058 137.128
-7.96619 137.099
-7.92738 137.086
-7.88789 137.058
-7.84831 137.029
-7.80894 137.003
-7.77026 136.993
-7.73082 136.965
-7.69196 136.95
-7.65282 136.929
-7.61407 136.916
-7.57541 136.906
-7.53648 136.889
-7.49728 136.866
-7.45856 136.853
-7.41928 136.828
-7.38093 136.823
-7.34195 136.804
-7.30343 136.796
-7.26491 136.787
-7.22613 136.773
-7.1877 136.766
-7.14893 136.751
-7.10964 136.724
-7.07114 136.716
-7.03274 136.709
-6.99373 136.688
-6.95422 136.654
-6.91497 136.627
-6.87642 136.616
-6.83813 136.612
-6.79993 136.61
-6.76172 136.608
-6.72335 136.602
-6.68499 136.595
-6.64687 136.595
-6.60834 136.585
-6.56974 136.572
-6.53114 136.559
-6.49247 136.544
-6.45396 136.534
-6.41578 136.532
-6.37752 136.528
-6.33918 136.521
-6.30037 136.502
-6.26196 136.494
-6.22379 136.492
-6.18554 136.487
-6.14722 136.481
-6.1089 136.475
-6.07073 136.473
-6.03264 136.473
-5.99462 136.475
-5.95668 136.479
-5.91881 136.485
-5.88079 136.487
-5.84226 136.475
-5.80409 136.472
-5.76593 136.47
-5.7277 136.466
-5.68939 136.46
-5.65145 136.464
-5.61301 136.453
-5.57478 136.449
-5.53704 136.46
-5.49874 136.453
-5.46011 136.436
-5.42189 136.432
-5.38354 136.424
-5.34593 136.438
-5.30784 136.438
-5.27035 136.457
-5.23226 136.457
-5.19468 136.474
-5.15678 136.48
-5.11894 136.489
-5.08072 136.484
-5.04212 136.467
-5.00428 136.476
-4.96619 136.476
-4.92809 136.476
-4.89018 136.482
-4.85226 136.488
-4.81477 136.509
-4.77696 136.52
-4.73903 136.526
-4.70093 136.526
-4.66282 136.526
-4.62489 136.532
-4.58684 136.534
-4.54878 136.536
-4.51073 136.538
-4.47268 136.54
-4.4349 136.553
-4.39711 136.566
-4.35927 136.576
-4.32137 136.584
-4.28367 136.601
-4.2456 136.603
-4.20748 136.603
-4.16961 136.614
-4.13174 136.624
-4.09387 136.635
-4.05614 136.652
-4.01835 136.666
-3.98041 136.675
-3.94237 136.679
-3.90437 136.685
-3.86676 136.708
-3.82894 136.723
-3.79098 136.731
-3.7532 136.748
-3.71523 136.757
-3.6772 136.763
-3.63931 136.775
-3.60119 136.778
-3.56342 136.796
-3.52578 136.822
-3.48813 136.847
-3.45016 136.858
-3.41219 136.868
-3.37447 136.891
-3.33665 136.91
-3.29866 136.921
-3.26103 136.95
-3.22343 136.982
-3.18546 136.995
-3.14752 137.009
-3.10996 137.045
-3.07216 137.069
-3.03423 137.085
-2.99652 137.115
-2.95846 137.126
-2.92028 137.13
-2.88218 137.138
-2.84436 137.164
-2.80656 137.191
-2.76854 137.206
-2.7311 137.257
-2.69296 137.265
-2.65511 137.293
-2.61692 137.299
-2.57912 137.331
-2.54134 137.365
-2.50351 137.397
-2.46529 137.403
-2.42747 137.437
-2.38957 137.467
-2.35142 137.479
-2.31386 137.534
-2.27595 137.566
-2.23802 137.598
-2.1998 137.609
-2.16216 137.664
-2.12433 137.707
-2.08661 137.76
-2.04842 137.777
-2.0104 137.809
-1.97235 137.839
-1.93428 137.869
-1.89625 137.903
-1.82025 137.982
-1.78217 138.016
-1.74434 138.076
-1.70622 138.11
-1.66792 138.127
-1.62996 138.181
-1.59182 138.217
-1.47783 138.387
-1.43966 138.43
