-17.2498 128.572
-17.2125 128.56
-16.5216 127.467
-16.4824 127.435
-16.4411 127.382
-16.4002 127.333
-16.3629 127.32
-16.3239 127.289
-16.2839 127.248
-16.2406 127.175
-16.2033 127.162
-16.1622 127.109
-16.1231 127.077
-16.084 127.045
-16.0425 126.989
-16.0039 126.961
-15.9653 126.933
-15.9283 126.921
-15.8867 126.863
-15.8457 126.811
-15.8068 126.779
-15.768 126.749
-15.7313 126.74
-15.6925 126.71
-15.6524 126.665
-15.6151 126.65
-15.5764 126.62
-15.5387 126.6
-15.5022 126.592
-15.4639 126.566
-15.425 126.534
-15.3884 126.525
-15.3508 126.506
-15.3124 126.478
-15.2741 126.452
-15.2364 126.432
-15.1964 126.387
-15.1584 126.363
-15.1221 126.357
-15.0855 126.348
-15.0459 126.307
-15.0088 126.292
-14.9693 126.251
-14.9327 126.242
-14.8961 126.232
-14.8583 126.21
-14.8204 126.186
-14.7823 126.16
-14.7455 126.149
-14.7086 126.136
-14.6704 126.108
-14.6342 126.102
-14.598 126.097
-14.5615 126.088
-14.5248 126.076
-14.4871 126.054
-14.4497 126.036
-14.4127 126.021
-14.375 125.998
-14.3392 125.997
-14.303 125.991
-14.2663 125.98
-14.2297 125.969
-14.1922 125.948
-14.1559 125.941
-14.1186 125.922
-14.0818 125.909
-14.0456 125.904
-14.009 125.893
-13.9724 125.882
-13.9362 125.876
-13.9006 125.876
-13.8646 125.872
-13.8282 125.863
-13.7914 125.85
-13.7548 125.839
-13.7187 125.833
-13.6822 125.824
-13.6458 125.815
-13.6098 125.811
-13.574 125.809
-13.5375 125.798
-13.5003 125.78
-13.4634 125.765
-13.427 125.756
-13.3913 125.755
-13.3552 125.75
-13.3196 125.75
-13.2844 125.755
-13.2485 125.752
-13.2121 125.742
-13.176 125.737
-13.1408 125.742
-13.1058 125.75
-13.0694 125.74
-13.0329 125.729
-12.9966 125.722
-12.961 125.722
-12.9257 125.726
-12.8906 125.733
-12.8553 125.737
-12.8197 125.737
-12.7836 125.731
-12.7475 125.725
-12.7114 125.72
-12.6759 125.722
-12.6413 125.735
-12.6051 125.727
-12.5695 125.727
-12.5344 125.735
-12.4998 125.747
-12.4659 125.77
-12.4291 125.755
-12.3926 125.744
-12.3574 125.749
-12.321 125.74
-12.2864 125.753
-12.252 125.769
-12.2168 125.775
-12.1821 125.788
-12.1472 125.797
-12.1115 125.797
-12.075 125.786
-12.0393 125.786
-12.0035 125.784
-11.9677 125.782
-11.9319 125.78
-11.8966 125.784
-11.8613 125.79
-11.8265 125.801
-11.7922 125.819
-11.7576 125.834
-11.7229 125.847
-11.6871 125.845
-11.6514 125.845
-11.6159 125.847
-11.5806 125.852
-11.5463 125.871
-11.5109 125.874
-11.4749 125.871
-11.4391 125.869
-11.4033 125.867
-11.3683 125.876
-11.3346 125.904
-11.2993 125.909
-11.2636 125.909
-11.2285 125.919
-11.1943 125.939
-11.1591 125.946
-11.1238 125.952
-11.0886 125.959
-11.0533 125.965
-11.019 125.985
-10.9845 126.004
-10.9497 126.017
-10.9144 126.022
-10.8795 126.035
-10.845 126.052
-10.81 126.063
-10.7755 126.081
-10.7408 126.096
-10.7064 126.117
-10.6718 126.133
-10.637 126.148
-10.6022 126.161
-10.5682 126.189
-10.5326 126.191
-10.4975 126.2
-10.4628 126.217
-10.4286 126.241
-10.3942 126.261
-10.3594 126.276
-10.3256 126.308
-10.2904 126.317
-10.2554 126.328
-10.2214 126.356
-10.1885 126.403
-10.1531 126.408
-10.1177 126.416
-10.0824 126.423
-10.0482 126.449
-10.014 126.475
-9.97845 126.479
-9.94413 126.503
-9.91003 126.531
-9.87604 126.561
-9.84181 126.587
-9.80698 126.604
-9.77353 126.643
-9.73846 126.656
-9.70441 126.686
-9.67012 126.712
-9.63581 126.738
-9.60172 126.768
-9.56661 126.781
-9.5334 126.826
-9.49938 126.858
-9.46502 126.884
-9.42964 126.894
-9.39526 126.92
-9.3612 126.952
-9.32602 126.965
-9.29292 127.014
-9.2599 127.064
-9.22611 127.102
-9.19219 127.137
-9.1576 127.162
-9.12193 127.168
-9.08754 127.196
-8.98791 127.344
-8.95304 127.365
-8.91753 127.375
-8.88473 127.433
-8.85129 127.48
-8.81575 127.49
-8.7803 127.501
-8.74733 127.558
-8.68152 127.675
-8.64745 127.713
-8.61296 127.743
-8.57998 127.802
-8.54546 127.832
-8.51193 127.881
-8.08068 128.655
-7.8227 129.332
