-24.8696 83.8996
-24.8428 83.8965
2.10414 152.11
2.14567 152.087
2.30774 151.666
2.34857 151.595
2.38965 151.547
2.71485 150.978
2.75584 150.94
2.79678 150.9
3.04122 150.608
3.08179 150.553
3.12303 150.541
3.16334 150.474
3.20439 150.451
3.24466 150.384
3.28542 150.347
3.32673 150.342
3.44738 150.148
3.48818 150.118
3.52943 150.113
3.57054 150.101
3.6107 150.039
3.65174 150.024
3.69287 150.014
3.73301 149.955
3.77403 149.94
3.81478 149.913
3.85583 149.9
3.89574 149.834
3.93625 149.797
3.97737 149.789
4.01848 149.782
4.059 149.747
4.09957 149.715
4.14039 149.695
4.18092 149.663
4.22139 149.629
4.26229 149.614
4.30239 149.564
4.34327 149.55
4.38426 149.54
4.42542 149.537
4.46599 149.51
4.50696 149.5
4.54674 149.441
4.58757 149.426
4.62876 149.426
4.66989 149.424
4.71089 149.416
4.7514 149.389
4.79163 149.352
4.83217 149.328
4.87315 149.32
4.91419 149.315
4.95516 149.308
4.99553 149.279
5.03603 149.254
5.07692 149.244
5.11766 149.229
5.15847 149.217
5.199 149.195
5.23938 149.168
5.28017 149.156
5.32109 149.148
5.36207 149.143
5.40249 149.119
5.44311 149.101
5.48416 149.099
5.52535 149.101
5.56646 149.101
5.60736 149.094
5.64796 149.077
5.68854 149.06
5.72943 149.052
5.77038 149.047
5.81118 149.037
5.85213 149.032
5.89331 149.035
5.93441 149.035
6.03692 150.953
6.01637 149.027
6.05739 149.025
6.09817 149.015
6.13878 149
6.17947 148.988
6.22056 148.988
6.26173 148.99
6.30274 148.988
6.34367 148.983
6.38484 148.985
6.42685 149.012
6.46753 149
6.51118 149.073
6.55048 149.022
6.58985 148.973
6.63024 148.953
6.67176 148.965
6.71267 148.96
6.75393 148.965
6.79501 148.965
6.83601 148.963
6.877 148.96
6.91863 148.975
6.95981 148.977
7.00052 148.967
7.04198 148.977
7.08344 148.987
7.12424 148.979
7.16495 148.969
7.20594 148.967
7.24731 148.974
7.28878 148.984
7.32986 148.984
7.37047 148.971
7.41126 148.964
7.45283 148.976
7.49431 148.986
7.53559 148.991
7.57698 148.998
7.61846 149.008
7.65955 149.008
7.70105 149.017
7.74265 149.03
7.78487 149.056
7.82648 149.069
7.86758 149.068
7.90931 149.083
7.95125 149.103
7.99246 149.105
8.03378 149.11
8.07521 149.117
8.11643 149.119
8.15797 149.129
8.19962 149.141
8.24085 149.144
8.28218 149.149
8.32374 149.158
8.36606 149.185
8.40884 149.222
8.45042 149.232
8.49156 149.232
8.53336 149.246
8.57529 149.263
8.61711 149.278
8.6595 149.305
8.70203 149.334
8.74364 149.344
8.78537 149.356
8.82769 149.381
8.87002 149.405
8.91143 149.41
8.95342 149.427
8.99625 149.461
9.03815 149.476
9.08076 149.506
9.12231 149.513
9.16387 149.52
9.20724 149.564
9.25027 149.601
9.29209 149.613
9.33416 149.631
9.37685 149.66
9.41944 149.687
9.46154 149.704
9.50452 149.739
9.54814 149.786
9.59103 149.818
9.63356 149.842
9.67545 149.854
9.71761 149.872
9.76183 149.928
9.80401 149.946
9.84841 150.005
9.89022 150.015
9.93256 150.034
9.97557 150.066
10.0203 150.131
10.0627 150.15
10.1075 150.215
10.1495 150.227
10.1926 150.259
10.2359 150.296
10.2811 150.366
10.3237 150.388
10.3686 150.452
10.4108 150.467
10.454 150.499
10.4977 150.542
10.5433 150.616
10.589 150.691
10.6312 150.706
10.6762 150.768
10.7202 150.813
10.7658 150.885
10.8097 150.927
10.8535 150.967
10.9921 151.21
11.1306 151.445
11.1745 151.485
11.2175 151.508
