12.0337 117.802
12.0687 117.809
12.1037 117.816
12.0674 116.088
12.0984 116.052
12.1303 116.025
12.1622 115.999
12.1938 115.969
12.2062 115.706
12.2353 115.646
12.3702 115.23
12.3992 115.173
12.4289 115.123
12.457 115.055
12.4858 114.996
12.5153 114.945
12.546 114.909
12.5755 114.859
12.6025 114.78
12.6307 114.715
12.663 114.699
12.6927 114.652
12.7198 114.575
12.7502 114.538
12.7781 114.471
12.8071 114.418
12.8378 114.384
12.8661 114.322
12.897 114.291
12.928 114.262
12.9571 114.21
12.9878 114.178
13.0176 114.134
13.0473 114.091
13.0764 114.041
13.107 114.008
13.1384 113.984
13.1697 113.958
13.1987 113.909
13.2292 113.875
13.2585 113.828
13.2894 113.799
13.3186 113.753
13.3492 113.72
13.3806 113.698
13.4117 113.672
13.4424 113.642
13.472 113.6
13.5038 113.582
13.5342 113.549
13.5646 113.517
13.5954 113.488
13.6258 113.456
13.6562 113.424
13.6876 113.402
13.7196 113.387
13.7491 113.346
13.7811 113.331
13.8132 113.317
13.8441 113.292
13.8729 113.244
13.9049 113.229
13.9362 113.207
13.9669 113.18
13.9965 113.14
14.0273 113.115
14.0596 113.104
14.0912 113.086
14.1235 113.075
14.1531 113.037
14.1838 113.01
14.2154 112.992
14.2479 112.984
14.279 112.962
14.3102 112.94
14.3423 112.929
14.3739 112.912
14.4052 112.891
14.4359 112.866
14.4665 112.839
14.4984 112.824
14.5297 112.805
14.5612 112.788
14.5932 112.775
14.6241 112.752
14.6551 112.729
14.6859 112.706
14.7171 112.685
14.7498 112.68
14.7822 112.673
14.8139 112.657
14.8448 112.635
14.8758 112.613
14.9078 112.602
14.9394 112.586
14.9723 112.583
15.0042 112.57
15.0361 112.558
15.0672 112.537
15.0992 112.526
15.1306 112.509
15.1628 112.499
15.1956 112.496
15.2285 112.493
15.2602 112.479
15.2925 112.471
15.3237 112.452
15.3558 112.443
15.3882 112.435
15.4193 112.416
15.4515 112.407
15.484 112.401
15.5159 112.39
15.5476 112.375
15.5792 112.361
15.6117 112.355
15.6446 112.354
15.6773 112.349
15.7079 112.325
15.7396 112.313
15.7721 112.307
15.8047 112.302
15.8373 112.297
15.8692 112.286
15.9015 112.278
15.9346 112.279
15.9679 112.28
16.001 112.28
16.0338 112.277
16.065 112.26
16.0969 112.249
16.1293 112.243
16.1617 112.237
16.1924 112.215
16.2244 112.205
16.259 112.218
16.2917 112.215
16.3225 112.194
16.3526 112.168
16.3866 112.176
16.4227 112.202
16.4517 112.166
16.4853 112.171
16.5175 112.163
16.5497 112.156
16.5823 112.151
16.6146 112.145
16.6465 112.134
16.6803 112.14
16.7135 112.142
16.747 112.145
16.7808 112.151
16.8139 112.152
16.8466 112.148
16.8795 112.147
16.9126 112.147
16.9457 112.147
16.9787 112.147
17.0118 112.147
17.0451 112.149
17.078 112.147
17.1103 112.141
17.1434 112.141
17.1768 112.145
17.2097 112.143
17.2428 112.143
17.2765 112.148
17.3097 112.15
17.343 112.151
17.3764 112.155
17.4097 112.156
17.4428 112.156
17.4759 112.156
17.5088 112.155
17.5416 112.153
17.5757 112.161
17.6105 112.176
17.6445 112.184
17.6785 112.191
17.7122 112.196
17.7455 112.198
17.7786 112.198
17.8118 112.2
17.8453 112.203
17.879 112.208
17.9132 112.217
17.9479 112.23
17.9816 112.235
18.0146 112.235
18.0485 112.241
18.0834 112.256
18.1167 112.257
18.1498 112.257
18.1835 112.262
18.2189 112.281
18.2534 112.292
18.2881 112.305
18.3212 112.305
18.3553 112.313
18.39 112.326
18.4237 112.331
18.4572 112.334
18.4923 112.35
18.5269 112.361
18.562 112.377
18.5965 112.388
18.6323 112.408
18.6654 112.409
18.6989 112.412
18.7333 112.421
18.7688 112.44
18.8046 112.461
18.8392 112.472
18.8768 112.507
18.911 112.515
18.9444 112.517
18.9779 112.52
19.0138 112.541
19.0496 112.561
19.085 112.579
19.1197 112.59
19.1555 112.611
19.1899 112.62
19.2256 112.639
19.2598 112.647
19.2953 112.665
19.3291 112.67
19.3634 112.678
19.4014 112.714
19.4378 112.738
19.4722 112.748
19.5107 112.788
19.5452 112.797
19.5816 112.821
19.6178 112.844
19.6517 112.848
19.6881 112.872
19.7272 112.915
19.7615 112.923
19.7962 112.935
19.8353 112.978
19.8716 113
19.9079 113.023
20.095 113.174
20.205 113.248
