-16.2199 165.062
-16.1224 164.968
-16.0793 164.991
-16.0313 164.954
-15.9805 164.879
-15.9344 164.865
-15.8863 164.825
-15.8382 164.785
-15.7922 164.771
-15.7468 164.766
-15.6992 164.732
-15.6514 164.695
-15.6051 164.678
-15.5571 164.638
-15.5122 164.639
-15.4673 164.639
-15.4165 164.562
-15.3703 164.545
-15.3233 164.517
-15.2782 164.514
-15.2329 164.509
-15.1859 164.481
-15.1395 164.461
-15.0942 164.456
-15.0489 164.451
-15.0015 164.417
-14.9556 164.403
-14.9073 164.357
-14.8593 164.314
-14.813 164.295
-14.7688 164.304
-14.7258 164.331
-14.6808 164.328
-14.6335 164.294
-14.5878 164.283
-14.5423 164.275
-14.4973 164.273
-14.451 164.253
-14.4054 164.242
-14.3581 164.208
-14.3139 164.217
-14.2691 164.218
-14.2236 164.21
-14.178 164.199
-14.1328 164.194
-14.0873 164.186
-14.0405 164.157
-13.9939 164.132
-13.9491 164.132
-13.9053 164.147
-13.8593 164.131
-13.8139 164.123
-13.7677 164.103
-13.7227 164.101
-13.6784 164.11
-13.6336 164.11
-13.5882 164.102
-13.543 164.097
-13.4987 164.106
-13.4535 164.101
-13.4076 164.084
-13.3605 164.05
-13.3144 164.031
-13.2686 164.017
-13.2227 164
-13.1758 163.969
-13.1312 163.972
-13.0849 163.95
-13.0388 163.93
-12.9928 163.911
-12.9467 163.891
-12.8734 163.441
-12.8566 163.883
-12.8165 163.959
-12.7688 163.913
-12.7197 163.845
-12.6695 163.759
-12.6367 163.952
-12.5953 164.008
-12.5531 164.051
-12.5095 164.072
-12.4662 164.098
-12.4226 164.119
-12.3798 164.154
-12.3359 164.169
-12.2913 164.176
-12.2451 164.153
-12.1999 164.148
-12.1565 164.174
-12.1132 164.201
-12.0705 164.239
-12.027 164.262
-11.9838 164.292
-11.9387 164.289
-11.8935 164.284
-11.8476 164.267
-11.8027 164.268
-11.7603 164.312
-11.7162 164.327
-11.6718 164.336
-11.6298 164.388
-11.5855 164.4
-11.5412 164.412
-11.4971 164.427
-11.4528 164.44
-11.4091 164.463
-11.3656 164.49
-11.3234 164.539
-11.2789 164.549
-11.2339 164.549
-11.1894 164.558
-11.1451 164.57
-11.1018 164.603
-11.0585 164.635
-11.014 164.644
-10.9698 164.659
-10.9265 164.692
-10.8821 164.704
-10.8392 164.745
-10.7968 164.795
-10.754 164.839
-10.7093 164.845
-10.6641 164.843
-10.621 164.881
-10.5767 164.896
-10.5336 164.934
-10.4907 164.978
-10.4473 165.011
-10.4025 165.017
-10.3596 165.061
-10.3153 165.079
-10.2724 165.123
-10.2279 165.135
-10.1884 165.25
-10.1437 165.259
-10.1003 165.294
-10.0561 165.315
-10.0132 165.362
-9.96846 165.372
-9.92497 165.407
-9.6665 165.679
-9.62345 165.726
-9.57901 165.744
-9.53565 165.786
-9.49417 165.868
-9.44955 165.883
-9.36351 165.984
-9.10814 166.361
-8.22961 168.253
-8.18343 168.244
-8.13725 168.236
