-24.8702 83.9027
-24.8432 83.8985
22.9496 153.077
22.9892 153.058
23.0247 153.007
23.0559 152.92
23.0849 152.815
23.0894 152.51
23.0936 152.203
23.1262 152.13
23.656 152.381
23.6893 152.315
23.7793 152.039
23.9852 151.699
24.0211 151.656
24.0574 151.615
24.0936 151.575
24.2633 151.285
24.2923 151.189
24.3319 151.177
24.3697 151.149
24.4096 151.138
24.4415 151.066
24.4801 151.045
24.5126 150.978
24.5486 150.937
24.5846 150.897
24.6248 150.889
24.7228 150.694
24.7594 150.659
24.8002 150.656
24.8397 150.643
24.8765 150.611
24.913 150.575
24.9492 150.538
24.986 150.505
25.0248 150.488
25.0576 150.425
25.0967 150.41
25.1362 150.397
25.1729 150.365
25.209 150.327
25.2414 150.262
25.2814 150.255
25.3211 150.244
25.3592 150.222
25.3985 150.209
25.4379 150.196
25.4742 150.161
25.5112 150.131
25.5471 150.094
25.5834 150.059
25.622 150.041
25.659 150.011
25.6979 149.996
25.7318 149.944
25.7714 149.934
25.8086 149.906
25.8482 149.896
25.8881 149.888
25.925 149.858
25.9645 149.848
26.0045 149.841
26.0416 149.813
26.0808 149.8
26.118 149.773
26.1558 149.75
26.1953 149.74
26.2349 149.73
26.2737 149.715
26.3111 149.69
26.3479 149.66
26.3863 149.643
26.4251 149.627
26.4629 149.605
26.5027 149.597
26.5411 149.58
26.5795 149.562
26.6183 149.547
26.6595 149.549
26.7018 149.559
26.7398 149.539
26.775 149.499
26.8162 149.501
26.856 149.493
26.8951 149.481
26.9324 149.456
26.9736 149.458
27.0148 149.46
27.0517 149.433
27.0907 149.42
27.1319 149.422
27.172 149.417
27.2085 149.387
27.245 149.357
27.2844 149.347
27.327 149.359
27.3617 149.317
27.3956 149.27
27.4432 149.316
27.5354 149.665
27.5918 149.77
27.5808 149.418
27.6129 149.359
27.6515 149.344
27.689 149.321
27.7298 149.321
27.7695 149.313
28.0485 150.912
27.8466 149.283
27.887 149.28
27.9274 149.278
27.9686 149.28
28.0097 149.282
28.0501 149.279
28.0909 149.279
28.1309 149.273
28.1709 149.268
28.2113 149.265
28.2509 149.258
28.2913 149.255
28.3328 149.259
28.3743 149.264
28.415 149.263
28.4561 149.265
28.4984 149.275
28.5399 149.279
28.581 149.281
28.6214 149.279
28.6617 149.276
28.7032 149.28
28.7447 149.285
28.7862 149.289
28.8281 149.296
28.8707 149.308
28.9119 149.31
28.9515 149.302
28.9911 149.295
29.0303 149.285
29.0695 149.274
29.1148 149.303
29.1597 149.33
29.2005 149.329
29.2428 149.339
29.285 149.348
29.3235 149.333
29.3669 149.35
29.4088 149.357
29.4503 149.361
29.4972 149.4
29.536 149.388
29.5768 149.387
29.6202 149.404
29.6625 149.413
29.7052 149.425
29.7503 149.452
29.793 149.464
29.8369 149.483
29.8776 149.482
29.9196 149.489
29.9623 149.501
30.0046 149.511
30.0493 149.535
30.0909 149.539
30.1396 149.588
30.1891 149.642
30.2306 149.646
30.2714 149.646
30.3146 149.66
30.3609 149.694
30.4021 149.696
30.4433 149.698
30.4865 149.712
30.5369 149.771
30.5809 149.79
30.6298 149.839
30.673 149.853
30.7175 149.875
30.7603 149.887
30.8036 149.901
30.8505 149.938
30.8982 149.979
30.9452 150.016
31.0269 150.015
31.0681 150.017
31.12 150.083
31.167 150.12
31.2153 150.164
31.264 150.211
31.3135 150.262
31.3552 150.267
31.4011 150.296
31.4457 150.318
31.4924 150.352
31.54 150.391
31.5934 150.465
31.689 150.546
31.7371 150.588
31.7843 150.624
32.0305 150.866
32.077 150.898
32.1248 150.937
32.2393 151.126
32.5009 151.451
32.5566 151.535
32.73 151.823
