-36.1173 124.958
-36.0812 124.953
-36.0409 124.929
-36.0048 124.924
-35.9659 124.905
-35.929 124.896
-35.888 124.869
-35.8474 124.843
-35.8101 124.833
-35.7704 124.811
-35.7347 124.807
-35.6999 124.807
-35.6638 124.801
-35.6278 124.796
-35.5889 124.778
-35.5524 124.77
-35.5188 124.776
-35.4844 124.777
-35.4431 124.748
-35.4054 124.736
-35.3633 124.703
-35.3277 124.699
-35.2925 124.697
-35.2561 124.69
-35.2208 124.688
-35.1848 124.683
-35.148 124.673
-35.1128 124.672
-35.0768 124.666
-35.0415 124.664
-35.0051 124.657
-34.9671 124.642
-34.9311 124.637
-34.8959 124.635
-34.8579 124.62
-34.8219 124.615
-34.7871 124.615
-34.7523 124.615
-34.7171 124.613
-34.6835 124.618
-34.6495 124.622
-34.6131 124.614
-34.5759 124.603
-34.5411 124.603
-34.5071 124.607
-34.4719 124.605
-34.4363 124.601
-34.4011 124.599
-34.3651 124.594
-34.3295 124.59
-34.2947 124.59
-34.2598 124.59
-34.2254 124.592
-34.1914 124.595
-34.1562 124.594
-34.1229 124.601
-34.0904 124.612
-34.056 124.613
-34.0208 124.611
-33.9856 124.61
-33.9515 124.613
-33.9178 124.618
-33.8853 124.629
-33.8513 124.633
-33.8168 124.635
-33.7804 124.627
-33.7444 124.622
-33.7123 124.634
-33.6805 124.649
-33.6465 124.652
-33.6135 124.661
-33.5833 124.683
-33.5503 124.692
-33.5151 124.69
-33.4844 124.71
-33.4499 124.712
-33.4147 124.71
-33.3852 124.735
-33.3491 124.73
-33.3166 124.741
-33.2828 124.746
-33.2487 124.75
-33.2161 124.76
-33.1786 124.748
-33.1433 124.746
-33.1111 124.758
-33.0758 124.757
-33.0398 124.751
-33.0053 124.753
-32.9749 124.775
-32.9464 124.805
-32.9145 124.82
-32.8833 124.838
-32.8529 124.86
-32.8202 124.871
-32.7834 124.861
-32.744 124.84
-32.711 124.849
-32.6802 124.869
-32.6463 124.874
-32.6122 124.878
-32.5809 124.896
-32.5505 124.918
-32.5189 124.934
-32.4865 124.947
-32.4527 124.952
-32.4181 124.954
-32.3839 124.957
-32.3496 124.961
-32.3165 124.97
-32.2849 124.986
-32.2517 124.995
-32.2201 125.012
-32.1906 125.039
-32.1593 125.057
-32.125 125.061
-32.0922 125.072
-32.0591 125.081
-32.0285 125.103
-31.996 125.115
-31.9639 125.13
-31.9333 125.152
-31.9019 125.17
-31.8694 125.183
-31.8384 125.203
-31.8099 125.236
-31.777 125.247
-31.7427 125.25
-31.7116 125.27
-31.6809 125.292
-31.6477 125.301
-31.6166 125.321
-31.584 125.334
-31.5565 125.373
-31.5247 125.389
-31.4946 125.415
-31.4631 125.433
-31.4306 125.446
-31.4012 125.475
-31.3715 125.502
-31.3392 125.517
-31.3102 125.548
-31.2776 125.561
-31.2506 125.603
-31.2194 125.623
-31.1889 125.647
-31.1559 125.658
-31.1218 125.664
-31.0937 125.7
-31.0604 125.71
-31.0301 125.735
-31.0006 125.765
-30.9683 125.779
-30.9409 125.82
-30.9089 125.836
-30.8839 125.89
-30.8544 125.919
-30.8244 125.947
-30.7945 125.975
-30.7649 126.004
-30.7317 126.015
-30.7014 126.041
-30.675 126.087
-30.6428 126.104
-30.6171 126.154
-30.5832 126.161
-30.5528 126.187
-30.527 126.237
-30.4937 126.248
-30.4682 126.3
-30.4388 126.331
-30.4136 126.385
-30.3863 126.428
-30.359 126.47
-30.3233 126.468
-30.2889 126.474
-30.2602 126.509
-30.2346 126.561
-30.2085 126.612
-30.1801 126.649
-30.1509 126.682
-30.1224 126.719
-30.0466 126.883
-30.0136 126.897
-29.9881 126.951
-29.9341 127.042
-29.901 127.055
-29.8751 127.108
-29.8465 127.145
-29.8265 127.229
-29.7957 127.256
-29.7657 127.286
-29.7435 127.359
-29.7162 127.404
-29.6909 127.46
-29.6666 127.522
-29.618 127.647
-29.5848 127.66
-29.4752 128.039
-29.4459 128.075
-29.4197 128.129
-29.3997 128.216
-29.5104 130.848
-29.5593 131.532
-29.5322 131.586
-29.5142 131.691
