-24.8724 83.9128
-24.8437 83.9005
14.6522 130.067
15.2773 128.482
15.3085 128.425
15.3428 128.402
15.4918 128.053
15.5264 128.035
15.5547 127.95
15.5861 127.898
15.6213 127.887
15.6546 127.856
15.7768 127.618
15.8117 127.604
15.8429 127.553
15.8758 127.518
15.9065 127.463
15.9401 127.436
15.9752 127.424
16.0082 127.392
16.0387 127.334
16.0692 127.277
16.1025 127.248
16.1353 127.214
16.1686 127.185
16.2357 127.134
16.2682 127.098
16.2987 127.042
16.3312 127.006
16.3646 126.98
16.3982 126.955
16.4626 126.879
16.4957 126.85
16.5287 126.82
16.5618 126.791
16.5978 126.791
16.6313 126.767
16.6635 126.729
16.6958 126.693
16.7288 126.664
16.7629 126.645
16.7979 126.636
16.8311 126.609
16.8637 126.577
16.8981 126.562
16.9298 126.52
16.9641 126.505
16.9955 126.461
17.0301 126.448
17.0636 126.425
17.0974 126.405
17.1319 126.391
17.165 126.365
17.1979 126.337
17.231 126.31
17.2653 126.295
17.299 126.274
17.3341 126.267
17.3673 126.242
17.4002 126.214
17.4334 126.189
17.4678 126.176
17.5006 126.148
17.5336 126.122
17.567 126.099
17.6029 126.099
17.6371 126.084
17.6721 126.076
17.7073 126.071
17.7413 126.054
17.7726 126.012
17.8072 126.001
17.8426 125.997
17.8771 125.986
17.9098 125.958
17.9444 125.946
17.981 125.954
18.0154 125.941
18.048 125.912
18.0825 125.901
18.1185 125.903
18.1543 125.903
18.1891 125.893
18.2242 125.888
18.2577 125.867
18.2915 125.85
18.3254 125.833
18.3586 125.811
18.3927 125.796
18.4269 125.783
18.4618 125.775
18.498 125.779
18.5335 125.777
18.5691 125.775
18.602 125.751
18.6352 125.728
18.6692 125.713
18.7045 125.709
18.7393 125.702
18.7746 125.698
18.8104 125.698
18.8468 125.703
18.8829 125.707
18.9178 125.7
18.9533 125.698
18.9877 125.686
19.023 125.683
19.0607 125.699
19.0984 125.716
19.1333 125.709
19.169 125.709
19.2027 125.692
19.2346 125.66
19.2683 125.643
19.3016 125.622
19.3359 125.611
19.3719 125.613
19.4078 125.615
19.4446 125.624
19.4794 125.617
19.5144 125.611
19.5499 125.609
19.5858 125.611
19.6215 125.611
19.6565 125.605
19.6918 125.601
19.7277 125.603
19.7641 125.609
19.7995 125.607
19.8341 125.597
19.8688 125.59
19.9029 125.577
19.9381 125.573
19.974 125.575
20.0118 125.591
20.0487 125.601
20.0841 125.599
20.1193 125.595
20.155 125.595
20.1916 125.602
20.228 125.608
20.2651 125.619
20.3018 125.627
20.3379 125.63
20.3736 125.63
20.4088 125.626
20.445 125.63
20.4816 125.638
20.5178 125.641
20.5539 125.645
20.5901 125.649
20.6263 125.652
20.6636 125.665
20.7017 125.684
20.7386 125.693
20.7741 125.691
20.81 125.693
20.846 125.695
20.8814 125.693
20.9161 125.685
20.952 125.687
20.9885 125.693
21.0256 125.704
21.065 125.732
21.1039 125.756
21.1413 125.769
21.1775 125.773
21.2152 125.788
21.2529 125.803
21.294 125.844
21.3298 125.844
21.3655 125.844
21.4032 125.859
21.4404 125.87
21.4756 125.866
21.5128 125.877
21.5511 125.896
21.5885 125.909
21.6265 125.926
21.6633 125.933
21.6992 125.935
21.736 125.942
21.7748 125.965
21.813 125.984
21.8503 125.995
21.8873 126.004
21.9282 126.042
21.9662 126.058
22.0066 126.092
22.0431 126.098
22.083 126.128
22.1229 126.158
22.162 126.182
22.2012 126.206
22.2372 126.208
22.2753 126.225
22.3126 126.236
22.35 126.248
22.3905 126.281
22.4318 126.321
22.4715 126.349
22.5084 126.357
22.5452 126.364
22.5842 126.387
22.624 126.415
22.6645 126.449
22.7017 126.458
22.7418 126.488
22.7856 126.545
22.826 126.577
22.8655 126.603
22.906 126.635
22.9488 126.684
22.986 126.694
23.0281 126.737
23.0653 126.746
23.1028 126.758
23.143 126.788
23.1865 126.841
23.2708 126.928
23.3119 126.964
23.3594 127.044
23.3978 127.061
23.4384 127.093
23.4785 127.121
23.523 127.18
23.5706 127.26
23.609 127.277
23.65 127.311
23.6891 127.332
23.7337 127.391
23.7792 127.456
24.1058 127.959
24.1482 128.001
