5.64405 160.344
5.68923 160.38
5.73372 160.391
5.77735 160.372
5.93081 159.577
5.97116 159.453
6.01154 159.332
6.05261 159.235
6.09388 159.147
6.13629 159.098
6.17859 159.046
6.25735 158.755
6.30057 158.736
6.34215 158.665
6.5486 158.28
6.63144 158.141
6.67358 158.095
6.71489 158.025
6.75808 158.011
6.8826 157.824
6.92442 157.772
6.96528 157.694
7.00725 157.648
7.04977 157.618
7.09179 157.575
7.13399 157.537
7.17723 157.529
7.21931 157.488
7.25842 157.367
7.30103 157.342
7.34343 157.313
7.38572 157.28
7.42869 157.267
7.47075 157.229
7.51392 157.221
7.68112 157.048
7.72298 157.008
7.76503 156.973
7.80801 156.962
7.85088 156.949
7.89236 156.901
7.93521 156.887
7.97795 156.871
8.01851 156.801
8.06024 156.761
8.10316 156.75
8.14629 156.745
8.18842 156.715
8.23065 156.688
8.27142 156.627
8.31429 156.616
8.35738 156.611
8.40036 156.603
8.44094 156.538
8.48286 156.506
8.52581 156.498
8.5684 156.482
8.61041 156.453
8.65228 156.421
8.69544 156.418
8.73871 156.418
8.78043 156.383
8.82155 156.335
8.863 156.295
8.90588 156.287
8.94851 156.273
8.99126 156.263
9.03388 156.249
9.07699 156.247
9.11849 156.209
9.15997 156.172
9.20107 156.126
9.24289 156.097
9.28721 156.121
9.33306 156.177
9.37703 156.193
9.4196 156.18
9.46102 156.142
9.5037 156.131
9.54625 156.118
9.58879 156.105
9.63107 156.086
9.67412 156.083
9.71678 156.073
9.7589 156.051
9.80181 156.046
9.84499 156.046
9.88762 156.035
9.92932 156.006
9.97059 155.968
10.0135 155.963
10.0558 155.947
10.0975 155.918
10.1385 155.878
10.1807 155.859
10.2197 155.779
10.2629 155.782
10.3078 155.816
10.3531 155.856
10.3987 155.904
10.4434 155.933
10.484 155.885
10.524 155.827
10.5667 155.819
10.6125 155.869
10.6559 155.874
10.6986 155.866
10.743 155.89
10.7862 155.89
10.8294 155.893
10.8732 155.903
10.9167 155.911
10.9597 155.908
11.0028 155.908
11.0475 155.935
11.0921 155.961
11.1352 155.961
11.1781 155.956
11.2217 155.964
11.2665 155.993
11.3109 156.014
11.3542 156.017
11.3968 156.009
11.4398 156.006
11.4845 156.032
11.5286 156.048
11.5715 156.043
11.6148 156.045
11.6584 156.053
11.7 156.027
11.7429 156.024
11.7879 156.053
11.8316 156.064
11.8754 156.074
11.9204 156.103
11.964 156.111
12.0072 156.111
12.0505 156.114
12.0955 156.143
12.1393 156.154
12.1843 156.183
12.2293 156.212
12.273 156.22
12.315 156.201
12.358 156.198
12.4035 156.236
12.4493 156.275
12.4933 156.289
12.5386 156.321
12.5821 156.326
12.6255 156.328
12.6685 156.326
12.7138 156.358
12.7596 156.398
12.8037 156.411
12.8485 156.435
12.8921 156.44
12.9379 156.48
12.9819 156.49
13.0274 156.525
13.071 156.53
13.1164 156.562
13.1607 156.578
13.2065 156.616
13.2527 156.658
13.2965 156.666
13.3405 156.677
13.3857 156.706
13.4298 156.717
13.4778 156.786
13.5217 156.794
13.5674 156.829
13.6137 156.872
13.8425 157.046
13.8862 157.051
14.0249 157.172
14.0695 157.188
14.1177 157.255
14.1648 157.306
14.2134 157.379
14.2574 157.387
14.6864 157.9
14.7286 157.88
14.7749 157.918
