-10.9881 123.418
-10.6295 122.848
-10.5919 122.816
-10.5557 122.803
-10.5169 122.752
-10.4777 122.696
-10.4404 122.667
-10.2451 122.386
-10.2094 122.381
-10.1726 122.357
-10.1365 122.345
-10.0977 122.291
-10.0605 122.26
-10.0222 122.214
-9.98603 122.199
-9.94812 122.158
-9.91232 122.149
-9.87514 122.118
-9.83785 122.086
-9.79932 122.034
-9.76252 122.009
-9.72653 121.997
-9.68806 121.945
-9.65085 121.912
-9.6132 121.873
-9.57736 121.862
-9.54042 121.834
-9.5047 121.825
-9.467 121.784
-9.43141 121.776
-9.39473 121.751
-9.35893 121.741
-9.32117 121.698
-9.28506 121.682
-9.2482 121.653
-9.21157 121.628
-9.17516 121.607
-9.13951 121.598
-9.10249 121.566
-9.06664 121.553
-9.031 121.545
-8.99432 121.518
-8.95755 121.489
-8.9212 121.468
-8.88549 121.457
-8.84823 121.42
-8.81367 121.429
-8.77817 121.422
-8.74115 121.388
-8.70536 121.375
-8.66907 121.354
-8.633 121.336
-8.59753 121.329
-8.56226 121.326
-8.5267 121.317
-8.49094 121.304
-8.454 121.271
-8.41836 121.26
-8.38291 121.253
-8.34727 121.242
-8.31096 121.219
-8.27524 121.207
-8.23971 121.198
-8.20438 121.192
-8.16848 121.176
-8.13239 121.157
-8.09688 121.148
-8.06147 121.141
-8.02578 121.129
-7.99047 121.123
-7.95497 121.114
-7.91902 121.097
-7.88362 121.09
-7.84832 121.084
-7.81266 121.072
-7.77736 121.066
-7.74207 121.061
-7.70641 121.049
-7.67094 121.04
-7.63548 121.031
-7.60028 121.027
-7.56527 121.027
-7.53016 121.026
-7.49496 121.022
-7.4596 121.015
-7.42423 121.008
-7.38844 120.992
-7.35274 120.978
-7.31755 120.974
-7.28263 120.976
-7.24761 120.976
-7.21226 120.969
-7.17692 120.962
-7.14182 120.96
-7.10681 120.96
-7.07171 120.958
-7.03645 120.953
-7.00136 120.951
-6.96643 120.953
-6.93142 120.953
-6.8964 120.953
-6.86131 120.951
-6.82613 120.948
-6.79096 120.944
-6.75586 120.942
-6.72077 120.94
-6.68575 120.94
-6.65058 120.937
-6.61541 120.933
-6.58016 120.928
-6.54515 120.928
-6.51059 120.939
-6.47588 120.946
-6.44085 120.946
-6.40628 120.956
-6.37103 120.951
-6.33571 120.944
-6.30061 120.942
-6.26552 120.94
-6.23071 120.945
-6.19583 120.949
-6.1608 120.949
-6.12592 120.953
-6.09103 120.956
-6.05615 120.96
-6.02168 120.974
-5.98692 120.981
-5.95202 120.984
-5.91719 120.99
-5.8825 120.998
-5.84766 121.004
-5.81275 121.007
-5.77784 121.011
-5.74286 121.013
-5.70807 121.02
-5.67329 121.027
-5.6385 121.034
-5.60344 121.034
-5.56865 121.041
-5.53398 121.051
-5.49917 121.058
-5.46436 121.065
-5.42968 121.076
-5.39518 121.092
-5.36074 121.11
-5.3261 121.122
-5.29108 121.124
-5.25606 121.126
-5.22134 121.136
-5.18662 121.147
-5.15183 121.156
-5.11734 121.173
-5.08278 121.189
-5.04798 121.198
-5.01311 121.205
-4.97806 121.207
-4.94301 121.209
-4.90854 121.228
-4.87412 121.25
-4.83934 121.26
-4.80439 121.266
-4.76988 121.285
-4.73498 121.292
-4.70018 121.303
-4.66527 121.31
-4.63051 121.322
-4.5957 121.333
-4.56169 121.37
-4.52761 121.406
-4.49255 121.409
-4.45797 121.429
-4.4238 121.463
-4.38941 121.49
-4.35474 121.507
-4.31966 121.511
-4.28467 121.518
-4.24973 121.527
-4.21514 121.548
-4.18069 121.575
-4.14627 121.604
-4.11155 121.621
-4.07662 121.632
-4.04159 121.639
-4.00752 121.682
-3.97252 121.691
-3.93794 121.716
-3.90331 121.739
-3.86843 121.753
-3.83432 121.798
-3.79983 121.829
-3.76497 121.845
-3.73014 121.863
-3.69552 121.889
-3.66147 121.939
-3.62656 121.956
-3.59169 121.974
-3.55643 121.975
-3.52129 121.982
-3.48707 122.029
-3.45254 122.063
-3.41786 122.092
-3.38363 122.14
-3.34856 122.153
-3.31369 122.174
-3.27889 122.2
-3.24427 122.234
-3.21002 122.286
-3.17594 122.347
-3.14123 122.38
-3.10631 122.403
-3.07105 122.41
-3.03615 122.436
-2.93214 122.549
-2.72413 122.804
-2.68882 122.815
-2.65386 122.846
-2.58568 123.009
-2.55062 123.038
-2.51558 123.069
-2.2733 123.505
-2.2381 123.536
-2.20289 123.567
-2.16774 123.604
-2.09963 123.833
-2.06471 123.892
-2.0293 123.918
-1.99371 123.931
-1.66209 126.219
-1.62373 126.036
-1.58687 125.981
