-0.119185 141.257
-0.0790812 141.089
-0.0390773 140.957
0.000849273 140.864
0.0407463 140.731
0.0805814 140.645
0.120379 140.559
0.239471 140.215
0.279144 140.174
1.30082 138.61
1.33976 138.55
1.37905 138.544
1.41823 138.522
1.45745 138.506
1.49643 138.462
1.5353 138.407
1.57456 138.401
1.61343 138.35
1.6526 138.335
1.69161 138.304
1.73082 138.295
1.76977 138.26
1.80871 138.225
1.84736 138.164
1.88649 138.151
1.92512 138.091
1.96408 138.065
2.00324 138.059
2.04236 138.048
2.08104 138
2.12008 137.984
2.15871 137.934
2.19781 137.925
2.2369 137.917
2.27558 137.875
2.31467 137.866
2.35371 137.856
2.3927 137.84
2.43118 137.788
2.46982 137.749
2.50877 137.733
2.54772 137.718
2.58678 137.712
2.62552 137.683
2.66444 137.668
2.7032 137.642
2.7422 137.633
2.7812 137.625
2.81989 137.596
2.85868 137.575
2.89769 137.568
2.93667 137.56
2.97518 137.523
3.01356 137.479
3.05266 137.479
3.09161 137.47
3.13056 137.462
3.16965 137.462
3.20852 137.449
3.24761 137.449
3.28638 137.432
3.32499 137.406
3.36399 137.401
3.40295 137.395
3.44144 137.364
3.48022 137.349
3.51899 137.334
3.55784 137.323
3.59668 137.313
3.63548 137.3
3.67458 137.302
3.71359 137.3
3.75228 137.282
3.7906 137.248
3.82946 137.239
3.86855 137.241
3.90735 137.231
3.94562 137.196
3.98446 137.187
4.02374 137.198
4.06282 137.2
4.10175 137.196
4.14063 137.19
4.17961 137.188
4.21869 137.19
4.25777 137.192
4.29675 137.19
4.33567 137.186
4.37449 137.177
4.4133 137.169
4.4515 137.136
4.49068 137.143
4.52904 137.117
4.56799 137.115
4.60711 137.119
4.64709 137.156
4.68674 137.18
4.726 137.189
4.76543 137.204
4.8034 137.165
4.84183 137.143
4.88049 137.13
4.91968 137.137
4.95881 137.141
4.99801 137.148
5.0374 137.161
5.07673 137.172
5.11587 137.176
5.15489 137.177
5.19391 137.177
5.23306 137.181
5.27208 137.181
5.31097 137.177
5.35025 137.186
5.38967 137.199
5.42883 137.203
5.46778 137.201
5.50667 137.197
5.54562 137.195
5.58471 137.197
5.62387 137.201
5.66352 137.221
5.7029 137.232
5.74221 137.241
5.78152 137.249
5.82034 137.243
5.85929 137.241
5.89861 137.25
5.93889 137.287
5.97829 137.298
6.01704 137.289
6.05548 137.272
6.09511 137.289
6.13475 137.307
6.17463 137.331
6.21483 137.363
6.25419 137.372
6.29332 137.374
6.33315 137.396
6.37245 137.403
6.41167 137.407
6.45176 137.436
6.49179 137.462
6.53094 137.464
6.57026 137.471
6.61064 137.506
6.64988 137.51
6.68888 137.508
6.72804 137.51
6.76804 137.534
6.80764 137.547
6.84782 137.576
6.88726 137.585
6.92738 137.611
6.9676 137.639
7.00706 137.648
7.04721 137.674
7.08676 137.685
7.12614 137.692
7.16562 137.701
7.20554 137.721
7.24583 137.749
7.28649 137.786
7.32708 137.821
7.3675 137.852
7.4072 137.865
7.44829 137.911
7.48782 137.92
7.52727 137.927
7.56784 137.96
7.60767 137.975
7.6477 137.995
7.68736 138.006
7.72788 138.037
7.76861 138.072
8.05267 138.285
8.09472 138.347
8.1357 138.385
8.17526 138.391
8.21605 138.424
8.46482 138.701
8.50468 138.712
8.67194 138.915
