-24.8702 83.9027
-24.8437 83.9005
-3.12371 134.187
-2.42989 133.269
-2.39143 133.21
-2.35292 133.144
-2.3152 133.134
-2.27723 133.106
-2.23892 133.05
-2.2012 133.038
-2.16283 132.975
-2.12485 132.94
-1.93532 132.781
-1.89748 132.75
-1.85985 132.738
-1.82202 132.708
-1.78403 132.661
-1.74645 132.651
-1.63304 132.549
-1.59539 132.529
-1.55789 132.523
-1.52013 132.488
-1.48258 132.476
-1.44474 132.429
-1.40728 132.425
-1.36961 132.395
-1.33188 132.356
-1.2944 132.346
-1.25696 132.342
-1.21931 132.31
-1.1816 132.265
-1.14417 132.259
-1.1067 132.247
-1.06917 132.225
-1.03165 132.202
-0.994213 132.192
-0.956781 132.182
-0.919342 132.17
-0.88181 132.14
-0.844375 132.125
-0.806897 132.101
-0.769496 132.091
-0.732099 132.081
-0.694586 132.043
-0.657221 132.037
-0.619873 132.035
-0.582491 132.023
-0.545065 131.996
-0.507664 131.974
-0.470308 131.964
-0.432967 131.958
-0.395634 131.954
-0.358262 131.932
-0.320891 131.906
-0.283557 131.894
-0.246231 131.883
-0.208908 131.871
-0.171599 131.867
-0.134276 131.847
-0.0969736 131.843
-0.059674 131.841
-0.022374 131.835
0.0149233 131.831
0.0522183 131.823
0.0895059 131.805
0.126793 131.799
0.164079 131.795
0.20136 131.787
0.238616 131.763
0.275913 131.773
0.313201 131.775
0.350486 131.775
0.387758 131.769
0.424994 131.749
0.462242 131.737
0.499462 131.717
0.536796 131.737
0.574028 131.723
0.611267 131.713
0.648539 131.713
0.68582 131.715
0.723042 131.703
0.760278 131.695
0.797547 131.695
0.834806 131.693
0.872085 131.695
0.909429 131.709
0.946812 131.729
0.984078 131.727
1.02136 131.727
1.05861 131.723
1.09586 131.719
1.13321 131.731
1.17077 131.772
1.20811 131.78
1.24502 131.727
1.282 131.687
1.31906 131.661
1.35655 131.689
1.39382 131.689
1.43109 131.689
1.4684 131.693
1.50565 131.691
1.54287 131.685
1.58021 131.693
1.61752 131.697
1.6548 131.698
1.69211 131.702
1.72953 131.716
1.76701 131.736
1.80445 131.75
1.84175 131.752
1.87893 131.742
1.9163 131.75
1.95373 131.762
1.99107 131.766
2.02836 131.766
2.0656 131.762
2.10281 131.756
2.14013 131.758
2.17744 131.76
2.21473 131.76
2.25207 131.764
2.2895 131.775
2.32707 131.795
2.36448 131.803
2.40189 131.811
2.43951 131.833
2.47696 131.843
2.51439 131.851
2.55179 131.857
2.58926 131.868
2.6267 131.876
2.66402 131.876
2.70149 131.886
2.73933 131.918
2.77689 131.932
2.81438 131.942
2.85209 131.965
2.8896 131.975
2.92693 131.975
2.96431 131.977
3.0019 131.991
3.03949 132.005
3.07695 132.011
3.11455 132.025
3.15239 132.052
3.19012 132.072
3.22783 132.09
3.26551 132.106
3.30307 132.117
3.34064 132.127
3.37837 132.145
3.41664 132.19
3.45432 132.204
3.49204 132.22
3.52947 132.222
3.56691 132.224
3.60456 132.236
3.64304 132.287
3.68088 132.307
3.7194 132.358
3.757 132.366
3.79488 132.387
3.83258 132.399
3.87057 132.423
3.90819 132.431
3.94624 132.458
3.9843 132.484
4.02208 132.499
4.06021 132.527
4.09855 132.564
4.13676 132.594
4.17488 132.621
4.21311 132.651
4.25151 132.688
4.28926 132.698
4.32681 132.7
4.36498 132.727
4.40469 132.813
4.44311 132.847
4.48085 132.855
4.51935 132.892
4.55749 132.915
4.59624 132.96
4.63456 132.988
4.67296 133.019
4.71188 133.068
4.74979 133.081
4.78846 133.12
4.82766 133.177
4.86636 133.216
4.90532 133.263
4.94353 133.284
4.98264 133.335
5.02147 133.376
5.06039 133.419
5.09987 133.481
5.13858 133.516
5.17799 133.574
5.21736 133.629
5.25619 133.667
5.29523 133.71
5.33492 133.774
5.37465 133.838
5.41434 133.9
5.45413 133.964
5.49328 134.008
5.53392 134.097
5.57373 134.159
5.61295 134.203
5.65472 134.323
5.69408 134.369
5.734 134.431
6.10933 135.411
6.20347 135.914
6.24166 135.914
6.27969 135.91
