-4.99835 142.784
-4.95744 142.75
-4.74151 142.141
-4.70043 142.093
-4.65901 142.032
-4.61815 141.991
-4.45054 141.654
-4.40908 141.584
-4.36848 141.548
-4.32779 141.507
-4.28581 141.412
-4.24458 141.347
-4.20449 141.329
-4.16336 141.266
-4.1221 141.196
-4.08133 141.147
-4.04105 141.118
-4.00123 141.109
-3.96091 141.078
-3.92046 141.039
-3.87998 140.999
-3.83903 140.936
-3.79797 140.867
-3.7576 140.829
-3.71663 140.762
-3.6764 140.728
-3.63659 140.715
-3.5961 140.668
-3.55626 140.652
-3.5159 140.61
-3.47543 140.561
-3.43558 140.543
-3.39552 140.514
-3.3554 140.481
-3.3152 140.443
-3.27539 140.425
-3.23506 140.379
-3.19532 140.363
-3.15522 140.328
-3.11529 140.301
-3.07569 140.292
-3.03608 140.283
-2.99577 140.232
-2.95607 140.217
-2.91583 140.168
-2.87608 140.148
-2.83616 140.117
-2.79633 140.09
-2.75675 140.079
-2.717 140.057
-2.67736 140.042
-2.63753 140.013
-2.59774 139.987
-2.55813 139.971
-2.5183 139.94
-2.47861 139.918
-2.43911 139.909
-2.39955 139.896
-2.36009 139.89
-2.32034 139.861
-2.28078 139.846
-2.24122 139.83
-2.20155 139.806
-2.16187 139.78
-2.12234 139.764
-2.08286 139.753
-2.04318 139.725
-2.00369 139.711
-1.9643 139.707
-1.92487 139.698
-1.88541 139.688
-1.84583 139.663
-1.80629 139.643
-1.76688 139.635
-1.72749 139.628
-1.68806 139.617
-1.64857 139.6
-1.60915 139.589
-1.5697 139.574
-1.53033 139.567
-1.49098 139.563
-1.45157 139.552
-1.41207 139.528
-1.37273 139.523
-1.33342 139.524
-1.29403 139.513
-1.25459 139.493
-1.21522 139.484
-1.17592 139.484
-1.13665 139.489
-1.09735 139.489
-1.05801 139.483
-1.01862 139.467
-0.979232 139.452
-0.939901 139.446
-0.900572 139.439
-0.861256 139.435
-0.82192 139.426
-0.782549 139.409
-0.743222 139.4
-0.703916 139.396
-0.664645 139.4
-0.62534 139.396
-0.586044 139.394
-0.546762 139.396
-0.507472 139.397
-0.468169 139.392
-0.428863 139.386
-0.389558 139.379
-0.35023 139.36
-0.310933 139.353
-0.27168 139.373
-0.232409 139.387
-0.193122 139.391
-0.153826 139.389
-0.114529 139.385
-0.075234 139.383
-0.0359342 139.356
0.0033543 139.348
0.0426432 139.357
0.0819357 139.364
0.121234 139.375
0.160533 139.379
0.199829 139.38
0.239134 139.386
0.278464 139.406
0.317771 139.409
0.357085 139.413
0.39642 139.427
0.435762 139.44
0.475093 139.447
0.514414 139.449
0.553751 139.456
0.593091 139.463
0.632458 139.477
0.671807 139.483
0.711159 139.49
0.750514 139.497
0.789893 139.508
0.829307 139.526
0.868698 139.537
0.908072 139.544
0.947437 139.549
0.986854 139.562
1.02625 139.571
1.06565 139.58
1.10503 139.585
1.14441 139.589
1.18378 139.592
1.22323 139.605
1.26264 139.612
1.30218 139.637
1.34173 139.661
1.38117 139.67
1.42061 139.679
1.46021 139.706
1.49978 139.728
1.53917 139.729
1.57864 139.738
1.61813 139.749
1.65757 139.753
1.69701 139.758
1.73686 139.805
1.77642 139.821
1.81613 139.85
1.8556 139.854
1.8953 139.881
1.9348 139.888
1.9746 139.921
2.01414 139.93
2.05363 139.935
2.09338 139.962
2.13323 139.995
2.17279 140.005
2.21255 140.029
2.25213 140.038
2.292 140.07
2.33194 140.105
2.37186 140.139
2.41141 140.144
2.45133 140.175
2.49127 140.207
2.53093 140.218
2.57124 140.274
2.61093 140.285
2.65088 140.314
2.69085 140.344
2.73056 140.355
2.77062 140.389
2.81073 140.425
2.85086 140.461
2.89097 140.494
2.93121 140.535
2.97142 140.573
3.01154 140.605
3.05126 140.611
3.0914 140.643
3.1316 140.677
3.17193 140.717
3.21224 140.756
3.25257 140.794
3.29275 140.824
3.33315 140.864
3.37349 140.9
3.69944 141.319
3.73986 141.351
3.77968 141.353
4.11039 141.903
4.15133 141.949
4.19283 142.018
4.23382 142.063
