-12.004 145.546
-11.6061 144.962
-11.5213 144.883
-11.4771 144.816
-11.4348 144.777
-11.3909 144.715
-11.3504 144.703
-11.3099 144.694
-11.2663 144.634
-11.2223 144.567
-11.1812 144.547
-11.1395 144.517
-11.0978 144.487
-11.0556 144.448
-11.015 144.434
-10.9289 144.328
-10.8873 144.299
-10.8474 144.296
-10.8057 144.264
-10.7617 144.193
-10.7198 144.159
-10.6798 144.154
-10.6383 144.124
-10.5976 144.108
-10.5542 144.047
-10.5136 144.031
-10.4727 144.01
-10.4329 144.01
-10.3911 143.974
-10.3493 143.937
-10.3089 143.926
-10.2685 143.914
-10.2277 143.894
-10.1869 143.875
-10.1461 143.855
-10.1033 143.8
-10.0643 143.812
-10.0245 143.809
-9.98222 143.764
-9.94077 143.732
-9.89997 143.711
-9.85968 143.7
-9.81827 143.668
-9.77762 143.65
-9.73624 143.618
-9.69635 143.613
-9.65622 143.604
-9.61609 143.595
-9.5756 143.579
-9.53426 143.547
-9.49475 143.55
-9.45464 143.541
-9.41418 143.525
-9.37395 143.513
-9.3341 143.509
-9.29341 143.488
-9.25237 143.461
-9.21218 143.45
-9.17233 143.445
-9.13226 143.436
-9.09138 143.411
-9.05108 143.397
-9.01137 143.395
-8.97143 143.388
-8.93137 143.379
-8.89166 143.377
-8.85184 143.373
-8.81169 143.361
-8.77164 143.352
-8.73105 143.332
-8.69069 143.316
-8.65044 143.302
-8.60976 143.279
-8.57018 143.279
-8.53093 143.286
-8.49157 143.291
-8.4521 143.293
-8.41262 143.295
-8.37261 143.286
-8.33261 143.277
-8.29303 143.277
-8.25345 143.277
-8.21345 143.268
-8.17377 143.266
-8.13367 143.255
-8.09368 143.246
-8.05421 143.248
-8.01505 143.257
-7.97577 143.264
-7.93589 143.257
-7.89561 143.241
-7.85593 143.239
-7.81705 143.255
-7.77906 143.291
-7.73879 143.275
-7.69861 143.262
-7.65923 143.266
-7.6212 143.303
-7.58248 143.323
-7.54433 143.357
-7.50377 143.334
-7.46283 143.303
-7.42296 143.296
-7.38337 143.296
-7.34303 143.278
-7.30381 143.287
-7.26487 143.303
-7.22509 143.298
-7.18568 143.303
-7.14645 143.312
-7.10722 143.321
-7.06843 143.341
-7.02901 143.346
-6.98931 143.343
-6.94988 143.348
-6.91054 143.355
-6.87111 143.359
-6.8315 143.359
-6.79241 143.373
-6.75306 143.38
-6.71387 143.391
-6.674 143.384
-6.63472 143.393
-6.59544 143.402
-6.55632 143.416
-6.51703 143.425
-6.47806 143.443
-6.4386 143.448
-6.39913 143.452
-6.35974 143.459
-6.32075 143.477
-6.28167 143.493
-6.24251 143.507
-6.20326 143.518
-6.16392 143.528
-6.12498 143.548
-6.08579 143.562
-6.04667 143.578
-6.00731 143.587
-5.96803 143.598
-5.92866 143.607
-5.88937 143.619
-5.85044 143.641
-5.81173 143.671
-5.77256 143.687
-5.73383 143.717
-5.69501 143.744
-5.65588 143.762
-5.61661 143.776
-5.57782 143.806
-5.53818 143.808
-5.49818 143.799
-5.4593 143.826
-5.42055 143.858
-5.38124 143.872
-5.34226 143.897
-5.30327 143.922
-5.26386 143.933
-5.22458 143.949
-5.18549 143.972
-5.14666 144.004
-5.10788 144.039
-5.06837 144.048
-5.0295 144.08
-4.99145 144.142
-4.9521 144.158
-4.91306 144.185
-4.8735 144.194
-4.83394 144.203
-4.795 144.236
-4.75597 144.265
-4.71706 144.3
-4.67819 144.336
-4.63859 144.346
-4.59958 144.378
-4.56066 144.415
-4.52174 144.451
-4.48274 144.486
-4.44441 144.548
-4.40486 144.562
-4.36581 144.596
-4.05415 144.928
-4.01495 144.963
-3.97574 144.998
-3.93657 145.035
-3.78133 145.26
-3.74205 145.297
-3.70234 145.313
-3.66356 145.376
-3.62537 145.469
-3.5862 145.515
-3.54702 145.562
-3.50814 145.625
-3.46882 145.666
-3.3533 145.928
-3.3144 145.998
