-29.968 139.241
-29.9243 139.209
-29.5471 138.562
-29.5076 138.553
-29.1719 138.141
-29.1235 138.079
-29.0799 138.045
-29.0359 138.009
-28.9933 137.982
-28.9493 137.945
-28.9007 137.882
-28.8575 137.85
-28.8132 137.812
-28.7633 137.74
-28.7201 137.708
-28.6808 137.699
-28.6387 137.674
-28.6001 137.67
-28.5525 137.611
-28.5086 137.575
-28.4701 137.571
-28.3336 137.431
-28.2909 137.401
-28.2523 137.397
-28.2138 137.393
-28.1708 137.362
-28.1237 137.305
-28.0841 137.294
-28.0405 137.258
-27.9979 137.229
-27.9584 137.218
-27.9131 137.172
-27.8749 137.17
-27.8361 137.164
-27.7973 137.158
-27.751 137.105
-27.7115 137.094
-27.6693 137.067
-27.6312 137.065
-27.5921 137.057
-27.5499 137.029
-27.5118 137.027
-27.4693 136.998
-27.4269 136.969
-27.3874 136.958
-27.349 136.954
-27.3069 136.927
-27.2645 136.898
-27.2251 136.887
-27.183 136.86
-27.1423 136.841
-27.1038 136.837
-27.0664 136.839
-27.0277 136.833
-26.988 136.82
-26.9499 136.818
-26.9108 136.81
-26.8688 136.783
-26.8278 136.762
-26.7894 136.758
-26.7517 136.758
-26.7136 136.756
-26.6749 136.75
-26.6355 136.739
-26.5971 136.735
-26.5568 136.719
-26.5158 136.698
-26.4768 136.689
-26.439 136.69
-26.4023 136.696
-26.3636 136.69
-26.3245 136.681
-26.2865 136.679
-26.2484 136.677
-26.2075 136.657
-26.1688 136.65
-26.1295 136.64
-26.0901 136.63
-26.0537 136.638
-26.0172 136.647
-25.9782 136.638
-25.9398 136.634
-25.9008 136.626
-25.8609 136.611
-25.8231 136.611
-25.7854 136.612
-25.7467 136.605
-25.709 136.606
-25.6722 136.612
-25.6351 136.616
-25.5983 136.623
-25.563 136.64
-25.5262 136.646
-25.4881 136.644
-25.4482 136.629
-25.4092 136.621
-25.3715 136.621
-25.3328 136.615
-25.295 136.615
-25.2603 136.636
-25.2241 136.647
-25.1854 136.641
-25.148 136.643
-25.1127 136.66
-25.0786 136.685
-25.0445 136.71
-25.007 136.713
-24.9689 136.711
-24.9278 136.688
-24.8891 136.681
-24.8546 136.705
-24.8196 136.724
-24.7836 136.736
-24.7449 136.73
-24.708 136.737
-24.6705 136.739
-24.636 136.762
-24.5985 136.764
-24.5592 136.754
-24.5214 136.754
-24.4836 136.754
-24.4443 136.744
-24.4068 136.746
-24.3705 136.757
-24.3333 136.761
-24.2966 136.769
-24.2582 136.765
-24.2198 136.761
-24.1835 136.772
-24.1492 136.797
-24.1155 136.827
-24.0786 136.833
-24.0407 136.833
-24.0026 136.831
-23.9648 136.831
-23.9278 136.838
-23.8929 136.859
-23.8594 136.891
-23.8248 136.914
-23.7886 136.927
-23.7487 136.912
-23.7129 136.927
-23.6777 136.946
-23.6438 136.976
-23.6094 137.001
-23.5747 137.024
-23.5391 137.041
-23.5047 137.067
-23.4685 137.08
-23.4309 137.082
-23.3927 137.08
-23.3545 137.078
-23.318 137.089
-23.2824 137.106
-23.2499 137.146
-23.2148 137.167
-23.1794 137.186
-23.1443 137.207
-23.1103 137.237
-23.0772 137.273
-23.0404 137.282
-23.0027 137.284
-22.9661 137.295
-22.9313 137.318
-22.8972 137.348
-22.8612 137.363
-22.8294 137.41
-22.7925 137.418
-22.7582 137.446
-22.7215 137.457
-22.6899 137.506
-22.6533 137.516
-22.62 137.553
-22.5834 137.563
-22.5492 137.593
-22.512 137.6
-22.4803 137.649
-22.4431 137.655
-22.4058 137.662
-22.3724 137.698
-22.3421 137.758
-22.3076 137.785
-22.2706 137.794
-22.2363 137.824
-22.199 137.83
-21.2699 138.966
-21.2384 139.023
-21.2021 139.04
-21.1715 139.105
-21.1407 139.168
-21.1033 139.177
-21.0167 139.416
-20.9847 139.47
-20.9535 139.531
-20.9236 139.603
-20.8923 139.664
-20.8592 139.71
-20.8235 139.734
-20.7927 139.799
-20.6299 140.386
