0.584413 124.421
0.620291 124.408
0.762287 123.991
0.797923 123.947
0.833604 123.918
0.869049 123.841
0.904406 123.753
0.939996 123.718
0.975474 123.665
1.01099 123.622
1.04628 123.546
1.08163 123.483
1.11699 123.427
1.15229 123.367
1.18762 123.314
1.22318 123.297
1.2585 123.248
1.29371 123.188
1.329 123.141
1.36435 123.104
1.39954 123.05
1.43505 123.037
1.47021 122.984
1.50536 122.932
1.54049 122.881
1.57592 122.864
1.61121 122.834
1.64632 122.787
1.68158 122.756
1.71682 122.725
1.75186 122.676
1.78705 122.644
1.82225 122.613
1.85744 122.582
1.89263 122.553
1.92762 122.508
1.96293 122.492
1.99787 122.445
2.03318 122.431
2.0682 122.393
2.10327 122.36
2.1383 122.326
2.17346 122.303
2.20879 122.294
2.24384 122.263
2.27892 122.236
2.31396 122.207
2.34894 122.175
2.38395 122.146
2.41906 122.125
2.45414 122.101
2.48939 122.091
2.52444 122.067
2.55941 122.038
2.59461 122.026
2.62938 121.986
2.66465 121.979
2.69987 121.969
2.73451 121.924
2.76976 121.917
2.80505 121.911
2.83999 121.886
2.87489 121.859
2.90987 121.838
2.94504 121.827
2.98007 121.809
3.01523 121.799
3.05018 121.777
3.08501 121.75
3.11988 121.725
3.15497 121.713
3.19017 121.706
3.22521 121.691
3.26019 121.674
3.29522 121.659
3.33018 121.641
3.36527 121.631
3.40029 121.616
3.43538 121.606
3.47035 121.59
3.50542 121.579
3.54054 121.57
3.57545 121.552
3.61047 121.54
3.64532 121.52
3.68021 121.502
3.71534 121.495
3.75046 121.488
3.78545 121.476
3.82053 121.467
3.85564 121.46
3.89075 121.453
3.92577 121.442
3.96061 121.424
3.99562 121.413
4.03071 121.406
4.0658 121.399
4.10089 121.392
4.13561 121.371
4.17055 121.358
4.20572 121.355
4.24093 121.353
4.276 121.346
4.31116 121.342
4.34633 121.339
4.38139 121.332
4.4167 121.334
4.45195 121.334
4.48696 121.325
4.52176 121.309
4.55686 121.303
4.59191 121.296
4.62695 121.289
4.66199 121.282
4.69718 121.28
4.73254 121.284
4.76779 121.284
4.80298 121.282
4.83823 121.282
4.8732 121.273
4.90828 121.268
4.94347 121.266
4.97872 121.266
5.01396 121.266
5.04961 121.279
5.0852 121.29
5.12028 121.284
5.15524 121.275
5.18996 121.259
5.22497 121.252
5.26021 121.252
5.29515 121.243
5.33106 121.263
5.3663 121.263
5.40155 121.263
5.43667 121.26
5.47179 121.256
5.5066 121.244
5.54184 121.244
5.57753 121.256
5.61302 121.263
5.64833 121.265
5.68358 121.265
5.71902 121.27
5.7544 121.274
5.78978 121.278
5.82496 121.276
5.86015 121.274
5.89526 121.271
5.93065 121.274
5.9663 121.285
6.00196 121.296
6.03735 121.299
6.07274 121.303
6.10814 121.306
6.14402 121.322
6.18013 121.344
6.21567 121.351
6.25108 121.355
6.28657 121.36
6.32191 121.362
6.35711 121.36
6.39252 121.364
6.4283 121.376
6.46424 121.392
6.49981 121.399
6.53546 121.408
6.57104 121.415
6.60685 121.428
6.64252 121.437
6.67803 121.442
6.71332 121.442
6.74877 121.446
6.7846 121.458
6.82121 121.489
6.85698 121.499
6.89307 121.517
6.92861 121.523
6.96432 121.532
7.00139 121.571
7.03799 121.6
7.07364 121.607
7.10913 121.61
7.14479 121.618
7.18077 121.632
7.21611 121.632
7.25178 121.639
7.28794 121.657
7.32404 121.673
7.36064 121.7
7.39659 121.713
7.43237 121.722
7.46815 121.731
7.50445 121.75
7.54111 121.777
7.57812 121.811
7.61394 121.82
7.65019 121.838
7.68681 121.863
7.72273 121.874
7.75936 121.899
7.7961 121.926
7.83285 121.953
7.86916 121.971
7.90485 121.977
7.94072 121.986
7.97687 122
8.01441 122.041
8.05141 122.072
8.08843 122.103
8.12621 122.148
8.16232 122.16
8.19881 122.18
8.23484 122.191
8.27183 122.22
8.30969 122.265
8.34546 122.27
8.38143 122.279
8.56922 122.469
8.60634 122.498
8.64337 122.525
8.68051 122.554
8.71646 122.561
8.75333 122.585
8.83158 122.712
8.8688 122.741
8.90573 122.765
8.94423 122.815
8.9815 122.844
9.25179 123.201
9.29018 123.247
9.32653 123.258
9.36496 123.304
9.40756 123.419
9.44648 123.472
9.48258 123.478
9.51922 123.492
