-23.8865 158.796
-23.8429 158.788
-23.795 158.746
-23.3937 158.248
-23.3502 158.24
-23.3073 158.238
-23.1122 158.029
-23.0687 158.022
-23.0222 157.988
-22.975 157.948
-22.9275 157.906
-22.8806 157.869
-22.8332 157.827
-22.7854 157.783
-22.7383 157.743
-22.6949 157.736
-22.6487 157.704
-22.6014 157.662
-22.5574 157.649
-22.5134 157.636
-22.4655 157.589
-22.4221 157.582
-22.3793 157.579
-22.3354 157.566
-22.2836 157.485
-22.2372 157.451
-22.1978 157.478
-22.1551 157.475
-22.1094 157.446
-22.0633 157.415
-22.0194 157.402
-21.9728 157.366
-21.9269 157.334
-21.8839 157.329
-21.8406 157.322
-21.797 157.312
-21.751 157.28
-21.7051 157.249
-21.6616 157.239
-21.6165 157.215
-21.5727 157.202
-21.5294 157.195
-21.4867 157.192
-21.4432 157.182
-21.397 157.148
-21.3518 157.122
-21.3091 157.12
-21.2656 157.11
-21.2229 157.107
-21.1808 157.11
-21.1387 157.113
-21.0938 157.09
-21.0497 157.074
-21.0067 157.069
-20.9638 157.064
-20.9197 157.049
-20.8771 157.046
-20.8355 157.055
-20.7923 157.047
-20.7494 157.042
-20.7053 157.027
-20.6607 157.006
-20.6175 156.998
-20.5748 156.996
-20.5322 156.993
-20.4898 156.994
-20.4463 156.983
-20.4037 156.981
-20.3618 156.987
-20.3178 156.971
-20.2719 156.937
-20.2292 156.935
-20.1885 156.951
-20.1483 156.972
-20.1062 156.975
-20.0635 156.973
-20.022 156.981
-19.9809 156.994
-19.9391 157
-19.8945 156.979
-19.8516 156.974
-19.813 157.011
-19.7722 157.027
-19.7324 157.053
-19.6895 157.048
-19.646 157.038
-19.6015 157.017
-19.5586 157.012
-19.5201 157.052
-19.4803 157.079
-19.4382 157.081
-19.3934 157.058
-19.3486 157.035
-19.3062 157.035
-19.2622 157.019
-19.2193 157.014
-19.1774 157.02
-19.1344 157.015
-19.093 157.026
-19.0547 157.068
-19.0139 157.084
-18.9732 157.103
-18.931 157.105
-18.8871 157.09
-18.8444 157.087
-18.8042 157.111
-18.763 157.125
-18.7223 157.143
-18.6812 157.157
-18.6394 157.165
-18.5972 157.168
-18.556 157.181
-18.5153 157.2
-18.4753 157.226
-18.4334 157.232
-18.3916 157.24
-18.3496 157.245
-18.3081 157.256
-18.2671 157.272
-18.2274 157.301
-18.1871 157.325
-18.1463 157.344
-18.105 157.357
-18.063 157.363
-18.0209 157.368
-17.9787 157.371
-17.9366 157.377
-17.8953 157.39
-17.8557 157.422
-17.8156 157.449
-17.7759 157.481
-17.7365 157.515
-17.6968 157.547
-17.6547 157.552
-17.6126 157.558
-17.5715 157.574
-17.531 157.598
-17.4908 157.625
-17.4501 157.646
-17.4106 157.681
-17.3694 157.697
-17.3301 157.734
-17.2903 157.766
-17.2484 157.774
-17.2067 157.785
-17.169 157.841
-17.1282 157.862
-17.0867 157.876
-17.0483 157.923
-17.0067 157.937
-16.9652 157.95
-16.926 157.99
-16.8868 158.03
-16.8475 158.07
-16.8058 158.081
-16.7665 158.121
-16.7274 158.164
-16.6874 158.196
-16.6479 158.234
-16.606 158.244
-16.5669 158.287
-16.5275 158.327
-16.4886 158.373
-16.4492 158.413
-16.4078 158.429
-16.3706 158.496
-16.3295 158.517
-16.2921 158.582
-16.2524 158.619
-16.2133 158.665
-16.1718 158.681
-16.1349 158.753
-16.0958 158.799
-16.0564 158.842
-15.9025 159.06
-15.7875 159.232
-15.7482 159.278
-15.7119 159.362
-15.6724 159.405
-15.6326 159.445
-15.5936 159.497
-15.5591 159.605
-15.5205 159.662
-15.4838 159.743
-15.4499 159.859
-15.4108 159.911
-15.3712 159.957
