-24.8698 83.9006
-24.843 83.8975
8.25083 120.495
8.28471 120.48
8.4362 120.074
8.4693 120.046
8.50248 120.02
8.53652 120.01
8.56862 119.964
8.59877 119.884
8.63102 119.843
8.66364 119.808
8.69752 119.796
8.82237 119.562
8.85419 119.515
8.98239 119.347
9.01372 119.294
9.30356 118.962
9.33625 118.934
9.36799 118.891
9.40024 118.857
9.43373 118.843
9.46711 118.828
9.50113 118.823
9.53258 118.776
9.56626 118.766
9.59918 118.744
9.69528 118.636
9.72805 118.612
9.76167 118.602
9.7954 118.593
9.82682 118.549
9.85954 118.525
9.89159 118.491
9.92396 118.462
9.95731 118.448
9.99133 118.445
10.0253 118.442
10.0565 118.395
10.0887 118.365
10.1208 118.332
10.1536 118.31
10.1874 118.305
10.22 118.281
10.2526 118.258
10.2862 118.249
10.3176 118.207
10.3512 118.198
10.3848 118.19
10.4164 118.152
10.4502 118.147
10.4842 118.145
10.5168 118.122
10.549 118.095
10.5824 118.083
10.6153 118.066
10.6477 118.04
10.6809 118.027
10.7136 118.006
10.7461 117.984
10.7794 117.972
10.8114 117.942
10.8442 117.923
10.878 117.92
10.9113 117.908
10.9453 117.907
10.979 117.901
11.0124 117.891
11.0456 117.879
11.0793 117.874
11.1122 117.857
11.1456 117.849
11.179 117.839
11.2113 117.815
11.2439 117.795
11.2775 117.788
11.3114 117.787
11.3457 117.79
11.3793 117.783
11.412 117.765
11.4443 117.741
11.4773 117.727
11.5101 117.711
11.5437 117.706
11.5778 117.706
11.6116 117.702
11.6439 117.68
11.6762 117.657
11.7093 117.645
11.7434 117.647
11.7775 117.647
11.8113 117.643
11.8453 117.643
11.8789 117.638
11.912 117.626
11.9454 117.618
11.9789 117.611
12.0121 117.601
12.0461 117.601
12.0806 117.606
12.1144 117.605
12.1483 117.603
12.1829 117.61
12.2181 117.625
12.2523 117.627
12.2873 117.638
12.322 117.647
12.3552 117.637
12.3884 117.627
12.4234 117.639
12.4587 117.654
12.5069 117.826
12.5237 117.617
12.5539 117.571
12.588 117.573
12.622 117.573
12.6568 117.581
12.6905 117.578
12.7229 117.559
12.7561 117.549
12.7895 117.543
12.8231 117.538
12.8572 117.539
12.8918 117.546
12.9255 117.543
12.9591 117.538
12.9932 117.539
13.0275 117.543
13.0615 117.543
13.0954 117.541
13.1291 117.538
13.1631 117.538
13.1969 117.536
13.2309 117.536
13.2662 117.551
13.3013 117.563
13.3348 117.558
13.3679 117.548
13.4021 117.55
13.4374 117.565
13.4735 117.589
13.5086 117.6
13.542 117.594
13.5752 117.585
13.6094 117.587
13.6441 117.595
13.6789 117.604
13.7138 117.614
13.7486 117.622
13.7828 117.624
13.8177 117.634
13.8539 117.658
13.8886 117.666
13.9224 117.663
13.9557 117.656
13.9904 117.663
14.0255 117.675
14.0597 117.677
14.0948 117.688
14.1294 117.695
14.1639 117.7
14.1989 117.71
14.2345 117.727
14.2701 117.744
14.3048 117.751
14.3398 117.761
14.3754 117.778
14.4095 117.778
14.4433 117.776
14.4782 117.785
14.5143 117.807
14.5498 117.822
14.5852 117.836
14.62 117.844
14.6555 117.859
14.6917 117.882
14.7277 117.902
14.7625 117.909
14.7968 117.912
14.8317 117.921
14.8668 117.931
14.9044 117.966
14.9428 118.01
14.9775 118.017
15.0139 118.041
15.0487 118.048
15.0872 118.092
15.1223 118.102
15.1581 118.119
15.1929 118.126
15.228 118.136
15.2624 118.14
15.2984 118.158
15.3368 118.201
15.3737 118.228
15.41 118.25
15.4471 118.279
15.4838 118.305
15.519 118.315
15.5573 118.356
15.5925 118.366
15.6286 118.385
15.6638 118.395
15.7002 118.417
15.7371 118.443
15.7739 118.468
15.8116 118.502
15.849 118.533
15.8874 118.574
15.9227 118.584
15.9594 118.608
15.9959 118.631
16.0315 118.644
16.0712 118.696
16.1117 118.756
16.1508 118.802
16.1871 118.821
16.222 118.828
16.2585 118.848
16.2956 118.876
16.3347 118.92
16.373 118.958
16.4109 118.992
16.4493 119.03
16.4887 119.078
16.5286 119.13
16.5663 119.161
16.6058 119.209
16.6459 119.263
16.684 119.297
16.7244 119.352
16.7646 119.406
16.8024 119.437
16.8426 119.49
16.8854 119.567
16.9263 119.625
16.966 119.674
17.0066 119.729
17.0482 119.794
17.0896 119.856
17.1292 119.903
17.1703 119.962
17.2118 120.025
17.2599 120.147
17.3013 120.208
