-18.671 129.976
-18.6331 129.966
-18.4118 129.632
-18.3708 129.593
-18.3326 129.579
-18.2933 129.556
-18.2533 129.526
-18.2128 129.491
-18.1702 129.438
-18.1301 129.407
-17.9257 129.214
-17.8857 129.183
-17.8459 129.153
-17.806 129.122
-17.7634 129.068
-17.7254 129.054
-17.6831 129.001
-17.6434 128.972
-17.6062 128.966
-17.5663 128.935
-17.5258 128.898
-17.4862 128.869
-17.4486 128.86
-17.4094 128.834
-17.3718 128.825
-17.3307 128.782
-17.2926 128.766
-17.2515 128.724
-17.214 128.714
-17.1767 128.706
-17.1353 128.66
-17.0976 128.648
-17.0564 128.604
-17.0189 128.594
-16.9812 128.582
-16.9421 128.557
-16.9026 128.528
-16.8633 128.501
-16.8247 128.48
-16.7874 128.472
-16.749 128.453
-16.7115 128.443
-16.6739 128.432
-16.6348 128.407
-16.5962 128.385
-16.559 128.378
-16.5216 128.368
-16.4828 128.345
-16.4452 128.333
-16.4064 128.31
-16.368 128.291
-16.331 128.285
-16.2938 128.278
-16.2548 128.252
-16.2178 128.247
-16.1812 128.245
-16.1427 128.224
-16.1044 128.204
-16.0666 128.191
-16.0296 128.185
-15.9924 128.177
-15.9526 128.143
-15.9158 128.139
-15.8794 128.139
-15.8436 128.145
-15.8059 128.131
-15.767 128.106
-15.7299 128.099
-15.6931 128.095
-15.6563 128.091
-15.6199 128.091
-15.5831 128.087
-15.5453 128.072
-15.5074 128.057
-15.4699 128.045
-15.4337 128.047
-15.3976 128.051
-15.3611 128.049
-15.3236 128.038
-15.2859 128.024
-15.2495 128.024
-15.2138 128.032
-15.1778 128.036
-15.1405 128.026
-15.1028 128.013
-15.0652 127.999
-15.0282 127.994
-14.992 127.996
-14.9556 127.996
-14.9189 127.992
-14.8827 127.994
-14.8464 127.996
-14.8095 127.99
-14.772 127.979
-14.735 127.971
-14.6987 127.973
-14.663 127.981
-14.6271 127.986
-14.5907 127.986
-14.5542 127.985
-14.5178 127.985
-14.4819 127.99
-14.446 127.996
-14.4094 127.994
-14.3726 127.991
-14.3373 128.002
-14.3014 128.008
-14.2648 128.006
-14.2284 128.006
-14.1923 128.01
-14.1565 128.018
-14.1206 128.024
-14.0857 128.041
-14.0489 128.037
-14.0113 128.024
-13.9747 128.022
-13.9383 128.022
-13.9017 128.02
-13.8658 128.026
-13.8298 128.032
-13.7934 128.032
-13.7578 128.042
-13.7214 128.042
-13.6849 128.042
-13.6493 128.051
-13.6141 128.067
-13.5788 128.08
-13.5427 128.084
-13.5066 128.088
-13.4708 128.096
-13.4353 128.108
-13.3991 128.111
-13.3647 128.137
-13.3281 128.135
-13.291 128.127
-13.2555 128.139
-13.2198 128.148
-13.1836 128.152
-13.1476 128.158
-13.1129 128.179
-13.0773 128.191
-13.0435 128.224
-13.0073 128.228
-12.973 128.255
-12.9369 128.261
-12.9012 128.271
-12.8655 128.28
-12.8312 128.309
-12.7976 128.346
-12.7628 128.368
-12.7262 128.368
-12.6905 128.377
-12.655 128.391
-12.6201 128.412
-12.584 128.418
-12.5485 128.432
-12.5128 128.444
-12.4785 128.473
-12.4439 128.498
-12.4079 128.506
-12.3728 128.525
-12.337 128.535
-12.3029 128.568
-12.2684 128.595
-12.2322 128.601
-12.1968 128.617
-12.1619 128.64
-12.1276 128.671
-12.0917 128.681
-12.0551 128.681
-12.0191 128.689
-11.9844 128.716
-11.9491 128.734
-11.9156 128.777
-11.8795 128.785
-11.8449 128.812
-11.8089 128.822
-11.7759 128.872
-11.7402 128.886
-11.7075 128.941
-11.6732 128.974
-11.6382 128.997
-11.6024 129.011
-11.5662 129.017
-11.5299 129.023
-11.4947 129.045
-11.4603 129.078
-11.4285 129.148
-11.3933 129.17
-11.3595 129.213
-11.3233 129.221
-11.2875 129.235
-11.254 129.282
-11.2196 129.317
-11.185 129.348
-11.152 129.403
-11.116 129.415
-11.0812 129.445
-11.0477 129.494
-11.0116 129.506
-10.977 129.539
-10.9427 129.577
-10.9095 129.632
-10.8748 129.663
-10.8397 129.691
-10.8039 129.707
-10.7705 129.76
-10.7358 129.794
-9.93391 131.19
-9.64586 132.647
-9.60722 132.629
-9.56941 132.625
-9.53171 132.623
