-3.25974 142.612
-3.21946 142.61
-3.17864 142.577
-2.50952 140.83
-2.46912 140.791
-2.42868 140.748
-2.1446 140.327
-2.06419 140.249
-2.02399 140.208
-1.98389 140.175
-1.86324 140.034
-1.82313 139.993
-1.78286 139.935
-1.7431 139.924
-1.54323 139.746
-1.50336 139.717
-1.46367 139.706
-1.42355 139.645
-1.38364 139.605
-1.30394 139.536
-1.2643 139.525
-1.22446 139.487
-1.18446 139.425
-1.14468 139.39
-1.10494 139.359
-1.06536 139.35
-1.0257 139.328
-0.986136 139.319
-0.946561 139.308
-0.906671 139.241
-0.866702 139.155
-0.827217 139.152
-0.787766 139.157
-0.748314 139.162
-0.708869 139.169
-0.669333 139.155
-0.629766 139.133
-0.590087 139.08
-0.550522 139.051
-0.511024 139.038
-0.471467 139.005
-0.431938 138.976
-0.39249 138.972
-0.35305 138.97
-0.3136 138.963
-0.274143 138.952
-0.234632 138.91
-0.195188 138.897
-0.155759 138.891
-0.116317 138.871
-0.0768953 138.862
-0.0374719 138.847
0.00195499 138.814
0.0413571 138.809
0.0807584 138.796
0.120153 138.774
0.159542 138.765
0.19893 138.761
0.238314 138.755
0.277678 138.73
0.317028 138.704
0.356396 138.697
0.395768 138.695
0.435118 138.682
0.474415 138.647
0.513764 138.64
0.553122 138.638
0.592466 138.632
0.631794 138.621
0.671132 138.614
0.710474 138.61
0.749831 138.61
0.789136 138.597
0.828444 138.586
0.867786 138.584
0.907147 138.586
0.946478 138.582
0.985795 138.576
1.02506 138.56
1.06436 138.552
1.10367 138.545
1.14294 138.534
1.18224 138.528
1.22154 138.521
1.26088 138.521
1.30016 138.513
1.33944 138.506
1.37875 138.502
1.41795 138.484
1.45699 138.447
1.4961 138.42
1.53536 138.414
1.57493 138.445
1.61435 138.456
1.65373 138.463
1.69321 138.481
1.73264 138.492
1.77193 138.487
1.81124 138.485
1.85057 138.485
1.8899 138.486
1.92937 138.499
1.96884 138.512
2.00829 138.523
2.04758 138.519
2.08687 138.515
2.12631 138.524
2.16575 138.533
2.20509 138.533
2.24443 138.533
2.28388 138.542
2.3233 138.549
2.36273 138.555
2.40208 138.555
2.44139 138.553
2.48088 138.564
2.5206 138.591
2.56001 138.596
2.59924 138.587
2.6384 138.574
2.67778 138.576
2.71726 138.585
2.75697 138.609
2.79647 138.618
2.83586 138.621
2.87525 138.623
2.91471 138.63
2.95411 138.632
2.99358 138.639
3.03335 138.663
3.07294 138.677
3.11265 138.697
3.15241 138.719
3.1919 138.726
3.2314 138.732
3.27126 138.759
3.31089 138.772
3.35086 138.803
3.39042 138.812
3.42974 138.808
3.46913 138.808
3.50913 138.839
3.54875 138.85
3.58821 138.853
3.62841 138.893
3.66801 138.902
3.70765 138.913
3.74726 138.922
3.78766 138.969
3.82728 138.977
3.86681 138.982
3.90624 138.982
3.94587 138.991
3.98599 139.022
4.02668 139.078
4.06638 139.089
4.10655 139.12
4.14622 139.129
4.18625 139.154
4.22588 139.161
4.26561 139.172
4.30636 139.225
4.34617 139.239
4.38642 139.27
4.42685 139.308
4.46696 139.333
4.50653 139.335
4.5462 139.342
4.5864 139.368
4.62694 139.409
4.78896 139.556
4.82935 139.588
4.86976 139.619
5.39838 140.095
5.43914 140.131
5.48066 140.192
5.5216 140.233
5.56158 140.242
