-1.86191 141.207
-1.82148 141.133
-1.78108 141.059
-1.74036 140.949
-1.69978 140.848
-1.65922 140.744
-1.61916 140.691
-1.57896 140.619
-1.53862 140.527
-1.4987 140.481
-1.45858 140.407
-1.41849 140.333
-1.37845 140.262
-1.33873 140.229
-1.29881 140.166
-1.25887 140.097
-1.21911 140.051
-1.17927 139.988
-1.13959 139.946
-1.09983 139.889
-1.06017 139.844
-1.02039 139.776
-0.980779 139.731
-0.94122 139.694
-0.901655 139.652
-0.862011 139.59
-0.822373 139.524
-0.782922 139.493
-0.743548 139.477
-0.704075 139.436
-0.664687 139.411
-0.625278 139.378
-0.585948 139.365
-0.54648 139.306
-0.507026 139.242
-0.467722 139.224
-0.428366 139.183
-0.389083 139.165
-0.349736 139.112
-0.310478 139.097
-0.271203 139.066
-0.231938 139.033
-0.192684 138.998
-0.153443 138.961
-0.114216 138.919
-0.0750142 138.895
-0.0358262 138.887
0.00335853 138.874
0.042531 138.828
0.0816969 138.812
0.120839 138.771
0.159985 138.753
0.199126 138.738
0.23822 138.692
0.277342 138.677
0.316457 138.662
0.35551 138.618
0.394612 138.605
0.433718 138.596
0.472781 138.573
0.511834 138.549
0.550917 138.538
0.589931 138.507
0.629001 138.496
0.668043 138.479
0.707051 138.455
0.746094 138.442
0.785133 138.429
0.824115 138.405
0.863077 138.379
0.902106 138.368
0.941164 138.364
0.980198 138.355
1.01904 138.314
1.05802 138.299
1.09702 138.288
1.13604 138.282
1.17501 138.267
1.21394 138.247
1.2529 138.234
1.29191 138.228
1.33079 138.204
1.3697 138.187
1.40868 138.178
1.44769 138.174
1.48666 138.165
1.52561 138.154
1.5645 138.137
1.60342 138.124
1.64235 138.113
1.68135 138.109
1.72036 138.107
1.75933 138.101
1.79825 138.09
1.83714 138.077
1.87605 138.066
1.91496 138.055
1.95396 138.053
1.99296 138.051
2.03198 138.051
2.07093 138.045
2.10972 138.026
2.14852 138.008
2.18743 138
2.22639 137.995
2.26543 137.998
2.30442 137.996
2.3434 137.994
2.38236 137.989
2.42128 137.983
2.46023 137.979
2.49924 137.979
2.53801 137.962
2.57682 137.949
2.6158 137.947
2.65487 137.951
2.69401 137.96
2.73329 137.978
2.77251 137.991
2.8118 138.008
2.85029 137.976
2.88899 137.956
2.92749 137.926
2.96668 137.937
3.0058 137.944
3.04484 137.946
3.08385 137.946
3.12286 137.946
3.16187 137.946
3.20088 137.946
3.24017 137.962
3.27935 137.971
3.31857 137.982
3.35776 137.99
3.39678 137.991
3.43585 137.993
3.47504 138.002
3.51424 138.011
3.5534 138.017
3.59247 138.02
3.63168 138.028
3.67099 138.042
3.71007 138.044
3.74888 138.033
3.7881 138.042
3.82742 138.055
3.86656 138.06
3.90574 138.066
3.94508 138.079
3.98457 138.099
4.02372 138.104
4.06287 138.108
4.10223 138.121
4.14155 138.132
4.18066 138.135
4.22014 138.152
4.25968 138.172
4.29896 138.181
4.33841 138.196
4.37765 138.203
4.41733 138.227
4.4568 138.243
4.49622 138.256
4.53531 138.256
4.5748 138.271
4.61412 138.28
4.65345 138.289
4.69365 138.331
4.733 138.34
4.77229 138.346
4.81194 138.366
4.85148 138.381
4.89102 138.397
4.93064 138.414
4.96989 138.419
5.00983 138.448
5.04972 138.474
5.08911 138.483
5.12928 138.518
5.16933 138.549
5.20875 138.558
5.24798 138.56
5.288 138.589
5.32816 138.622
5.36841 138.657
5.40847 138.686
5.448 138.697
5.48801 138.723
5.52742 138.73
5.5669 138.739
5.60785 138.794
5.64827 138.831
5.6887 138.869
5.72893 138.9
5.76846 138.909
5.80807 138.92
5.84812 138.944
5.88781 138.957
5.92884 139.01
5.96945 139.05
6.0091 139.061
6.05042 139.121
6.09092 139.156
6.13068 139.17
6.17184 139.223
6.21232 139.256
6.25211 139.27
6.2934 139.325
6.3344 139.371
6.37495 139.405
6.41535 139.434
6.45624 139.476
6.49765 139.531
6.53859 139.574
6.57971 139.62
6.61986 139.64
6.65961 139.649
6.70044 139.687
6.7445 139.81
6.78463 139.828
6.82434 139.834
7.46629 141.039
7.50724 141.068
7.54925 141.123
7.59195 141.193
