-22.1378 136.47
-22.0984 136.458
-21.9511 136.194
-21.9139 136.199
-21.8729 136.174
-21.8338 136.163
-21.7774 136.017
-21.7341 135.973
-21.6956 135.967
-21.6574 135.963
-21.6154 135.93
-21.5709 135.876
-21.5261 135.82
-21.4871 135.809
-21.4489 135.805
-21.4102 135.797
-21.3657 135.743
-21.32 135.678
-21.281 135.668
-21.2369 135.616
-21.1526 135.544
-21.1144 135.54
-21.0758 135.531
-21.0312 135.476
-20.989 135.438
-20.9504 135.43
-20.9071 135.385
-20.8673 135.366
-20.8223 135.306
-20.7824 135.287
-20.7451 135.29
-20.7045 135.265
-20.6651 135.25
-20.6266 135.242
-20.5882 135.236
-20.5487 135.22
-20.5063 135.18
-20.4655 135.154
-20.4267 135.143
-20.3864 135.121
-20.3479 135.112
-20.3096 135.106
-20.2718 135.104
-20.2276 135.049
-20.1883 135.034
-20.1483 135.014
-20.1105 135.012
-20.0718 135.001
-20.0316 134.979
-19.9909 134.952
-19.9521 134.942
-19.9136 134.934
-19.8713 134.893
-19.8337 134.893
-19.7957 134.889
-19.757 134.878
-19.7185 134.87
-19.6784 134.848
-19.6402 134.841
-19.6005 134.823
-19.5625 134.819
-19.5214 134.788
-19.4825 134.776
-19.4445 134.772
-19.4075 134.776
-19.37 134.776
-19.3316 134.768
-19.2922 134.751
-19.254 134.745
-19.216 134.741
-19.178 134.737
-19.1387 134.721
-19.1 134.711
-19.0623 134.709
-19.0246 134.707
-18.9871 134.707
-18.9493 134.705
-18.9114 134.701
-18.8732 134.695
-18.8343 134.682
-18.7957 134.672
-18.758 134.67
-18.7207 134.672
-18.6832 134.672
-18.6452 134.668
-18.6071 134.662
-18.568 134.648
-18.5303 134.646
-18.4939 134.656
-18.4573 134.664
-18.4202 134.669
-18.3827 134.669
-18.345 134.667
-18.3075 134.667
-18.2693 134.661
-18.2314 134.656
-18.1932 134.65
-18.1553 134.646
-18.118 134.648
-18.08 134.644
-18.0423 134.642
-18.0057 134.651
-17.9697 134.665
-17.9342 134.684
-17.8973 134.69
-17.8607 134.698
-17.8218 134.686
-17.7837 134.68
-17.7472 134.69
-17.7101 134.694
-17.6715 134.684
-17.6353 134.696
-17.6012 134.729
-17.5654 134.746
-17.5291 134.758
-17.4912 134.754
-17.4515 134.734
-17.4135 134.73
-17.376 134.73
-17.3395 134.74
-17.3028 134.748
-17.2655 134.751
-17.2273 134.744
-17.1898 134.744
-17.1537 134.759
-17.119 134.788
-17.0819 134.792
-17.0443 134.792
-17.0093 134.817
-16.9738 134.838
-16.9372 134.848
-16.899 134.842
-16.8617 134.844
-16.8249 134.852
-16.789 134.869
-16.7522 134.877
-16.7155 134.885
-16.6803 134.91
-16.6443 134.927
-16.6069 134.929
-16.5691 134.927
-16.5346 134.958
-16.4976 134.964
-16.461 134.974
-16.4246 134.987
-16.3891 135.01
-16.3521 135.016
-16.3149 135.02
-16.2793 135.041
-16.2428 135.053
-16.2072 135.074
-16.1713 135.093
-16.1343 135.099
-16.0974 135.107
-16.0617 135.128
-16.0274 135.163
-15.9909 135.176
-15.9558 135.203
-15.9192 135.215
-15.8825 135.225
-15.8472 135.25
-15.8116 135.273
-15.7749 135.284
-15.7397 135.311
-15.7028 135.319
-15.667 135.34
-15.6306 135.354
-15.5973 135.402
-15.5603 135.41
-15.5241 135.427
-15.4906 135.473
-15.4538 135.483
-15.4187 135.512
-15.3832 135.537
-15.3462 135.546
-15.3114 135.579
-15.2766 135.612
-15.2416 135.644
-15.2053 135.66
-15.1694 135.681
-15.1342 135.71
-15.0994 135.744
-15.0641 135.773
-15.0294 135.808
-14.9924 135.817
-14.8529 135.953
-14.8179 135.986
-14.7829 136.02
-13.7896 137.336
-13.7546 137.376
-13.5951 137.776
-13.5595 137.811
-13.5259 137.87
-13.4958 137.975
-13.4652 138.076
-13.433 138.155
-13.4 138.224
-13.2544 139.34
-13.3022 140.482
-13.2633 140.482
-13.2242 140.48
