2.77164 133.078
2.80909 133.049
2.84681 133.037
2.88466 133.033
3.19876 131.579
3.23562 131.541
3.27259 131.509
3.48826 131.032
3.52461 130.977
3.74197 130.643
3.77802 130.583
3.81462 130.549
3.85071 130.494
3.88728 130.46
3.92384 130.426
3.96089 130.414
3.99643 130.338
4.03213 130.271
4.06914 130.259
4.17792 130.134
4.21445 130.104
4.25091 130.072
4.28725 130.036
4.32307 129.981
4.35938 129.945
4.39557 129.906
4.43159 129.86
4.46795 129.829
4.50468 129.811
4.54107 129.781
4.57745 129.752
4.61316 129.698
4.64996 129.685
4.68602 129.645
4.72279 129.631
4.7595 129.616
4.79535 129.57
4.83204 129.554
4.86786 129.509
4.90453 129.493
4.94043 129.452
4.9772 129.44
5.0139 129.427
5.0497 129.383
5.08632 129.368
5.1227 129.344
5.15906 129.321
5.19597 129.315
5.23257 129.299
5.26872 129.27
5.30504 129.246
5.34073 129.203
5.37747 129.193
5.41422 129.183
5.45037 129.156
5.48658 129.13
5.52331 129.121
5.55957 129.097
5.59628 129.087
5.63245 129.062
5.66868 129.038
5.70517 129.023
5.74165 129.007
5.7784 128.999
5.81473 128.98
5.8514 128.97
5.88793 128.957
5.92409 128.933
5.96039 128.914
5.99711 128.906
6.03368 128.894
6.0696 128.865
6.1063 128.857
6.14286 128.845
6.1794 128.834
6.21602 128.824
6.25226 128.804
6.28886 128.795
6.32562 128.789
6.36244 128.785
6.39903 128.775
6.43539 128.76
6.47182 128.746
6.50833 128.735
6.5449 128.725
6.58155 128.717
6.61811 128.707
6.65483 128.702
6.69147 128.694
6.7281 128.686
6.76498 128.684
6.80193 128.684
6.83823 128.669
6.87436 128.649
6.91098 128.641
6.94759 128.634
6.98436 128.63
7.02122 128.628
7.0579 128.622
7.0945 128.614
7.13068 128.597
7.16735 128.591
7.20437 128.593
7.24164 128.601
7.27866 128.603
7.31481 128.586
7.35043 128.556
7.38762 128.562
7.42489 128.57
7.462 128.574
7.49901 128.576
7.53647 128.588
7.57259 128.57
7.60871 128.553
7.64544 128.549
7.68227 128.547
7.71873 128.538
7.75584 128.542
7.7922 128.53
7.82902 128.528
7.86612 128.532
7.90341 128.54
7.94071 128.548
7.97763 128.548
8.01493 128.556
8.05223 128.563
8.08935 128.567
8.12627 128.567
8.16339 128.571
8.20041 128.573
8.23714 128.57
8.27396 128.568
8.31098 128.57
8.34801 128.572
8.38533 128.58
8.42285 128.591
8.46039 128.603
8.49762 128.609
8.53485 128.615
8.57209 128.621
8.60923 128.625
8.64637 128.629
8.68362 128.635
8.72076 128.639
8.75801 128.645
8.79547 128.654
8.83263 128.658
8.86978 128.662
8.90704 128.668
8.94451 128.678
8.98231 128.694
9.01959 128.7
9.05707 128.71
9.09446 128.717
9.13196 128.727
9.16946 128.737
9.20718 128.751
9.24436 128.755
9.28188 128.765
9.3204 128.792
9.35848 128.812
9.39568 128.816
9.43355 128.831
9.47121 128.843
9.50853 128.849
9.54642 128.865
9.58409 128.877
9.62165 128.886
9.66025 128.914
9.6984 128.934
9.73575 128.939
9.77322 128.947
9.81069 128.955
9.84898 128.977
9.88729 128.998
9.92501 129.01
9.96274 129.022
10.0011 129.044
10.0394 129.065
10.077 129.075
10.1156 129.101
10.1533 129.111
10.1934 129.16
10.231 129.17
10.2695 129.193
10.307 129.199
10.3459 129.229
10.3837 129.241
10.4221 129.262
10.4608 129.288
10.4996 129.316
10.5377 129.331
10.5777 129.377
10.6157 129.391
10.6547 129.42
10.6926 129.432
10.7329 129.481
10.7709 129.495
10.8096 129.519
10.8487 129.549
10.888 129.582
10.9269 129.608
10.9643 129.612
11.0036 129.646
11.0446 129.703
11.0841 129.737
11.1232 129.766
11.2438 129.899
11.283 129.929
11.3223 129.959
11.3613 129.985
11.3993 129.996
11.4404 130.052
11.48 130.086
11.5213 130.144
11.5627 130.203
11.6036 130.255
11.642 130.271
11.6829 130.323
11.7232 130.365
11.7632 130.403
11.8925 130.644
11.9304 130.653
11.9681 130.657
12.0072 130.681
