-24.87 83.9017
-24.8439 83.9015
6.87377 144.511
6.91227 144.469
6.95182 144.455
6.99154 144.446
7.47784 142.649
7.51597 142.612
7.55487 142.594
7.66338 142.349
7.84768 142.037
7.8844 141.974
7.9221 141.933
7.95979 141.892
7.99888 141.883
8.03633 141.837
8.07284 141.772
8.10994 141.72
8.14629 141.652
8.18427 141.62
8.22225 141.588
8.25968 141.545
8.37134 141.405
8.41041 141.398
8.44808 141.362
8.48562 141.324
8.52207 141.263
8.56066 141.247
8.59685 141.182
8.63333 141.123
8.67222 141.114
8.71021 141.087
8.74908 141.078
8.78661 141.042
8.86162 140.97
8.89922 140.937
8.93669 140.901
8.97516 140.885
9.01329 140.862
9.05095 140.831
9.08824 140.793
9.12703 140.784
9.16453 140.75
9.20086 140.694
9.23926 140.678
9.27813 140.672
9.317 140.665
9.35361 140.616
9.39198 140.6
9.42975 140.573
9.46871 140.569
9.50646 140.542
9.54469 140.524
9.58133 140.477
9.62038 140.475
9.66004 140.483
9.69848 140.47
9.73593 140.439
9.77275 140.396
9.81103 140.38
9.84782 140.338
9.88634 140.327
9.9251 140.32
9.96412 140.318
10.003 140.313
10.0406 140.286
10.078 140.255
10.1166 140.246
10.1543 140.222
10.1931 140.217
10.2319 140.21
10.2701 140.195
10.3083 140.179
10.3469 140.17
10.3854 140.161
10.424 140.152
10.462 140.134
10.4998 140.112
10.5369 140.079
10.5756 140.072
10.6145 140.07
10.6532 140.063
10.6905 140.034
10.7287 140.018
10.7675 140.014
10.8057 140
10.8449 140.003
10.884 140.002
10.9229 140
10.962 140
11.0012 140.002
11.0401 140
11.0782 139.984
11.1167 139.975
11.1553 139.969
11.1942 139.966
11.2327 139.957
11.2712 139.948
11.3087 139.924
11.3468 139.91
11.3842 139.884
11.4226 139.875
11.4609 139.864
11.5011 139.881
11.5375 139.841
11.5793 139.883
11.6453 140.292
11.6602 139.925
11.6974 139.899
11.7362 139.894
11.7752 139.894
11.8147 139.901
11.8542 139.907
11.8933 139.909
11.9322 139.907
11.9713 139.907
12.0098 139.9
12.0486 139.896
12.0879 139.9
12.1268 139.898
12.1652 139.889
12.204 139.886
12.2431 139.886
12.2826 139.893
12.3219 139.897
12.3614 139.904
12.4002 139.901
12.4397 139.908
12.4794 139.917
12.5186 139.919
12.5576 139.919
12.5969 139.923
12.636 139.923
12.6751 139.925
12.7147 139.931
12.755 139.949
12.7943 139.953
12.8337 139.958
12.8735 139.969
12.9128 139.973
12.9522 139.977
12.9914 139.979
13.0301 139.975
13.0696 139.981
13.1091 139.988
13.149 139.999
13.1902 140.028
13.2307 140.048
13.2699 140.05
13.3096 140.058
13.349 140.063
13.3884 140.067
13.4279 140.074
13.4683 140.091
13.5081 140.1
13.5486 140.12
13.5882 140.127
13.6281 140.138
13.6682 140.151
13.7086 140.168
13.7492 140.188
13.7892 140.199
13.8287 140.206
13.8697 140.23
13.9097 140.241
13.9505 140.263
13.9903 140.272
14.0302 140.283
14.0718 140.314
14.1137 140.35
14.1556 140.385
14.1954 140.394
14.2365 140.418
14.2763 140.427
14.3156 140.429
14.3549 140.431
14.3956 140.451
14.5199 140.536
14.5614 140.565
14.6029 140.593
14.6426 140.6
14.6841 140.629
14.7267 140.671
14.7689 140.707
14.8101 140.731
14.8498 140.738
14.9341 140.809
15.1475 141.015
15.1878 141.028
15.2276 141.035
15.2693 141.064
15.3115 141.097
15.3544 141.14
15.3983 141.194
15.4387 141.207
15.4834 141.27
15.5262 141.31
15.5705 141.369
15.6134 141.409
15.6538 141.422
15.6991 141.49
15.7451 141.566
15.7912 141.643
15.8332 141.672
15.8731 141.679
15.9151 141.708
15.9629 141.803
16.0065 141.85
16.0555 141.957
16.1002 142.015
16.1408 142.029
16.1845 142.076
16.3769 142.456
16.4705 142.615
