-8.20006 150.758
-8.15656 150.723
-8.11383 150.705
-8.06982 150.658
-7.57239 149.771
-7.53032 149.764
-6.9642 149.148
-6.92146 149.119
-6.87964 149.114
-6.83674 149.08
-6.66455 148.923
-6.6226 148.913
-6.53681 148.839
-6.4948 148.827
-6.45099 148.763
-6.40926 148.759
-6.36744 148.752
-6.32453 148.712
-6.28081 148.648
-6.23885 148.636
-6.19616 148.602
-6.0261 148.482
-5.98451 148.48
-5.943 148.48
-5.90141 148.478
-5.85787 148.415
-5.81599 148.403
-5.77342 148.368
-5.73163 148.359
-5.68901 148.322
-5.64558 148.258
-5.60418 148.261
-5.56257 148.257
-5.5211 148.257
-5.47964 148.257
-5.43744 148.233
-5.39498 148.199
-5.35281 148.174
-5.311 148.162
-5.2692 148.15
-5.22713 148.128
-5.18493 148.102
-5.14294 148.082
-5.10137 148.078
-5.05967 148.068
-5.01797 148.059
-4.97634 148.051
-4.93485 148.049
-4.89342 148.049
-4.8516 148.035
-4.80947 148.008
-4.76773 147.996
-4.726 147.984
-4.68421 147.97
-4.64273 147.968
-4.60175 147.985
-4.56009 147.975
-4.51831 147.961
-4.47671 147.954
-4.4353 147.954
-4.39365 147.945
-4.35166 147.92
-4.30968 147.896
-4.26776 147.874
-4.22676 147.892
-4.18553 147.899
-4.14401 147.895
-4.10245 147.887
-4.06105 147.888
-4.01921 147.868
-3.97728 147.844
-3.93589 147.844
-3.89439 147.84
-3.85279 147.83
-3.8114 147.83
-3.76981 147.821
-3.72802 147.801
-3.68663 147.802
-3.6454 147.809
-3.60367 147.792
-3.562 147.778
-3.52104 147.8
-3.47984 147.81
-3.43882 147.83
-3.39652 147.781
-3.35432 147.737
-3.31321 147.752
-3.27193 147.757
-3.23116 147.792
-3.18981 147.794
-3.14915 147.836
-3.10796 147.849
-3.06669 147.856
-3.02529 147.856
-2.98401 147.864
-2.9428 147.876
-2.90179 147.901
-2.86042 147.904
-2.81866 147.882
-2.77721 147.88
-2.73625 147.909
-2.69506 147.924
-2.65364 147.924
-2.6124 147.937
-2.57133 147.961
-2.53001 147.969
-2.48855 147.967
-2.44735 147.984
-2.40612 147.999
-2.36504 148.026
-2.32385 148.046
-2.28247 148.051
-2.24093 148.044
-2.19927 148.027
-2.15828 148.064
-2.11727 148.101
-2.07595 148.113
-2.03457 148.121
-1.99333 148.141
-1.95195 148.148
-1.91053 148.153
-1.86906 148.154
-1.82779 148.173
-1.78644 148.186
-1.74506 148.196
-1.70413 148.253
-1.66275 148.265
-1.62137 148.278
-1.57996 148.288
-1.53868 148.312
-1.49738 148.337
-1.45593 148.345
-1.41464 148.372
-1.37324 148.387
-1.33177 148.394
-1.29028 148.4
-1.24899 148.432
-1.20772 148.469
-1.16628 148.484
-1.12491 148.511
-1.08358 148.546
-1.04207 148.553
-1.00071 148.588
-0.959372 148.628
-0.918 148.665
-0.876585 148.697
-0.835042 148.707
-0.793398 148.698
-0.751816 148.7
-0.710387 148.737
-0.668931 148.772
-0.627519 148.822
-0.585935 148.832
-0.544453 148.872
-0.503045 148.939
-0.461428 148.949
-0.419974 149.016
-0.378322 149.021
-0.336681 149.031
-0.295102 149.071
-0.253501 149.108
-0.00355458 149.345
0.456542 149.913
0.498528 149.975
0.54044 149.99
1.17531 151.202
