-16.2693 161.788
-15.1948 159.908
-15.1501 159.897
-14.7664 159.463
-14.7216 159.449
-14.6773 159.442
-14.6276 159.362
-14.5806 159.319
-14.5366 159.317
-14.4925 159.312
-14.4466 159.282
-14.4018 159.269
-14.3525 159.192
-14.3058 159.152
-14.2593 159.114
-14.213 159.079
-14.1687 159.071
-14.1221 159.03
-14.0778 159.023
-13.9842 158.936
-13.9376 158.895
-13.8932 158.885
-13.8468 158.847
-13.8026 158.839
-13.7568 158.81
-13.7118 158.791
-13.6632 158.72
-13.6171 158.685
-13.5737 158.689
-13.5293 158.678
-13.4848 158.665
-13.4393 158.638
-13.3951 158.63
-13.3508 158.62
-13.3044 158.58
-13.2606 158.577
-13.2153 158.553
-13.1712 158.546
-13.1254 158.513
-13.081 158.503
-13.0362 158.484
-12.9915 158.468
-12.9468 158.453
-12.903 158.45
-12.8578 158.426
-12.8135 158.416
-12.7678 158.384
-12.7243 158.384
-12.6807 158.385
-12.6369 158.382
-12.5934 158.383
-12.5492 158.375
-12.5037 158.346
-12.4579 158.311
-12.4142 158.308
-12.3709 158.314
-12.3275 158.318
-12.2835 158.31
-12.2389 158.294
-12.1938 158.27
-12.1497 158.262
-12.1054 158.252
-12.0615 158.247
-12.0178 158.245
-11.9736 158.234
-11.9312 158.254
-11.8876 158.254
-11.8422 158.225
-11.7975 158.206
-11.7528 158.187
-11.7089 158.182
-11.665 158.177
-11.6205 158.162
-11.5766 158.157
-11.5335 158.165
-11.4906 158.177
-11.4466 158.169
-11.4016 158.145
-11.3564 158.118
-11.3124 158.11
-11.2696 158.124
-11.2257 158.119
-11.1806 158.093
-11.1371 158.093
-11.0915 158.058
-11.0467 158.037
-11.0013 158.005
-10.9564 157.981
-10.9106 157.941
-10.8748 158.079
-10.8325 158.102
-10.7915 158.148
-10.7518 158.22
-10.7097 158.247
-10.667 158.264
-10.6236 158.267
-10.5801 158.27
-10.537 158.279
-10.4933 158.279
-10.4496 158.277
-10.4066 158.288
-10.364 158.308
-10.3215 158.33
-10.2792 158.355
-10.2364 158.372
-10.1931 158.378
-10.1494 158.378
-10.1061 158.384
-10.0626 158.387
-10.0192 158.393
-9.97709 158.423
-9.93497 158.454
-9.89326 158.492
-9.85069 158.515
-9.80701 158.515
-9.7632 158.513
-9.71938 158.51
-9.67679 158.533
-9.635 158.571
-9.59198 158.585
-9.54869 158.594
-9.50605 158.616
-9.46461 158.663
-9.42116 158.669
-9.37717 158.664
-9.33358 158.667
-9.29143 158.7
-9.24861 158.72
-9.20656 158.756
-9.16333 158.767
-9.12177 158.814
-9.07993 158.856
-9.03756 158.886
-8.99366 158.884
-8.95026 158.893
-8.90936 158.956
-8.86619 158.97
-8.82277 158.979
-8.73911 159.067
-8.69553 159.073
-8.65207 159.082
-8.61153 159.156
-8.56804 159.165
-8.52576 159.201
-8.4825 159.215
-8.43924 159.229
-8.39703 159.268
-8.35611 159.338
-8.31398 159.379
-8.27043 159.388
-8.22676 159.394
-8.18309 159.4
-8.14344 159.502
-8.1002 159.519
-8.0582 159.566
-8.0163 159.616
-7.97392 159.655
-7.93153 159.694
-7.888 159.706
-7.84524 159.737
-7.50917 160.152
-7.42416 160.236
-6.84237 161.269
-6.79939 161.309
-6.38902 162.339
-6.34436 162.337
-6.29852 162.297
