-1.66935 133.746
-1.63111 133.723
-1.59274 133.686
-1.43557 133.102
-1.39736 133.063
-1.35918 133.026
-1.32084 132.967
-1.28266 132.926
-1.12864 132.551
-1.09062 132.513
-1.05262 132.476
-1.01449 132.415
-0.976198 132.325
-0.938391 132.309
-0.90033 132.248
-0.862296 132.187
-0.824277 132.124
-0.786296 132.063
-0.748553 132.045
-0.710692 132
-0.672887 131.964
-0.634994 131.903
-0.59721 131.863
-0.559458 131.826
-0.521642 131.767
-0.483852 131.709
-0.446228 131.695
-0.408485 131.638
-0.370821 131.602
-0.333184 131.57
-0.295574 131.543
-0.257954 131.507
-0.220339 131.465
-0.18274 131.421
-0.145198 131.405
-0.107626 131.356
-0.0701108 131.346
-0.0325838 131.314
0.00492933 131.282
0.042428 131.252
0.0799131 131.238
0.11739 131.21
0.154847 131.164
0.192302 131.146
0.22974 131.117
0.267167 131.089
0.304581 131.061
0.341977 131.029
0.37938 131.009
0.416735 130.969
0.454126 130.953
0.491486 130.927
0.528855 130.909
0.566171 130.875
0.603553 130.867
0.640938 130.861
0.678265 130.839
0.715536 130.805
0.752816 130.778
0.790085 130.75
0.827403 130.736
0.864726 130.724
0.901994 130.702
0.939273 130.684
0.976588 130.674
1.0138 130.646
1.05101 130.62
1.08827 130.604
1.12554 130.592
1.16276 130.572
1.20003 130.56
1.23726 130.545
1.27453 130.535
1.31181 130.527
1.34902 130.511
1.38617 130.487
1.42337 130.471
1.46054 130.453
1.4978 130.445
1.53498 130.429
1.57223 130.422
1.60943 130.41
1.64667 130.402
1.68387 130.39
1.72108 130.38
1.75822 130.364
1.79538 130.35
1.8325 130.332
1.86965 130.318
1.90685 130.311
1.94413 130.309
1.98131 130.299
2.01853 130.293
2.05565 130.279
2.09282 130.269
2.13003 130.263
2.16727 130.259
2.20448 130.253
2.24168 130.247
2.27878 130.234
2.31593 130.224
2.3531 130.216
2.39035 130.214
2.42754 130.208
2.46467 130.198
2.50186 130.192
2.53919 130.196
2.57646 130.196
2.61356 130.184
2.6507 130.177
2.68794 130.175
2.72525 130.177
2.76258 130.181
2.79969 130.171
2.83686 130.165
2.87423 130.171
2.91161 130.177
2.94878 130.171
2.98577 130.155
3.02283 130.143
3.0602 130.15
3.09769 130.161
3.1351 130.17
3.17215 130.158
3.20924 130.148
3.24639 130.142
3.28362 130.14
3.32081 130.136
3.35796 130.13
3.39522 130.13
3.43249 130.13
3.46976 130.13
3.50703 130.13
3.54438 130.134
3.58177 130.141
3.61917 130.147
3.6567 130.159
3.69419 130.169
3.73156 130.173
3.76897 130.179
3.80643 130.187
3.84385 130.193
3.88122 130.197
3.91855 130.199
3.95579 130.197
3.99336 130.209
4.03093 130.221
4.06842 130.229
4.10581 130.233
4.1431 130.233
4.1805 130.237
4.21829 130.257
4.25579 130.265
4.29314 130.267
4.3304 130.265
4.36801 130.277
4.40558 130.287
4.44352 130.311
4.48104 130.319
4.51852 130.325
4.55605 130.333
4.59359 130.341
4.63184 130.375
4.66934 130.381
4.70689 130.389
4.74434 130.393
4.78184 130.399
4.81981 130.421
4.85784 130.445
4.89536 130.452
4.93288 130.458
4.97053 130.468
5.00847 130.488
5.04649 130.51
5.08415 130.52
5.12182 130.53
5.15986 130.552
5.19803 130.578
5.23566 130.586
5.27385 130.612
5.31143 130.618
5.34964 130.644
5.38736 130.654
5.42553 130.678
5.46312 130.684
5.50118 130.704
5.53951 130.733
5.57732 130.745
5.61574 130.775
5.65343 130.783
5.69167 130.807
5.7293 130.813
5.76756 130.837
5.80611 130.869
5.84474 130.903
5.88317 130.932
5.92091 130.94
5.9593 130.966
5.99769 130.992
6.03567 131.006
6.07438 131.04
6.11376 131.093
6.1517 131.105
6.19201 131.181
6.22982 131.19
6.26831 131.216
6.30614 131.224
6.3442 131.238
6.38348 131.285
6.4224 131.321
6.46041 131.333
6.49999 131.386
6.53802 131.398
6.57779 131.454
6.61671 131.489
6.65542 131.517
6.69437 131.552
6.97078 131.872
7.0098 131.905
7.04757 131.907
7.2079 132.133
7.24694 132.163
7.36974 132.384
7.40949 132.429
7.45034 132.498
7.48951 132.529
7.52888 132.564
7.65446 132.833
7.69524 132.897
7.73735 132.989
7.77857 133.061
