-24.8722 83.9118
-24.8439 83.9015
5.36269 139.653
5.40185 139.657
5.44087 139.657
5.96741 137.947
6.0056 137.934
6.33289 137.374
6.66385 136.967
6.69987 136.905
6.73661 136.862
6.77274 136.804
6.81045 136.787
6.84672 136.733
6.88457 136.721
6.92063 136.663
6.95769 136.631
7.10537 136.492
7.14306 136.477
7.18031 136.451
7.21719 136.417
7.25432 136.39
7.29126 136.358
7.32801 136.321
7.43834 136.217
7.4765 136.215
7.55021 136.151
7.58677 136.113
7.62461 136.104
7.66152 136.075
7.69822 136.041
7.73415 135.99
7.77273 135.998
7.8093 135.962
7.8472 135.956
7.8849 135.945
7.92192 135.92
7.95912 135.898
7.99602 135.871
8.0332 135.85
8.07077 135.837
8.10814 135.82
8.1445 135.782
8.18184 135.765
8.21898 135.744
8.25661 135.733
8.29444 135.727
8.33257 135.727
8.36947 135.701
8.40626 135.674
8.44376 135.661
8.48063 135.636
8.51781 135.617
8.55539 135.606
8.59307 135.597
8.62991 135.572
8.66674 135.547
8.70429 135.536
8.74195 135.528
8.77886 135.504
8.81694 135.504
8.85502 135.504
8.89266 135.496
8.92932 135.468
8.96684 135.458
9.00458 135.452
9.04176 135.435
9.07949 135.428
9.11644 135.407
9.15438 135.405
9.19233 135.403
9.23015 135.399
9.26764 135.388
9.30365 135.35
9.34135 135.344
9.3795 135.346
9.41812 135.356
9.45685 135.369
9.49513 135.373
9.53166 135.346
9.56771 135.31
9.60528 135.301
9.6433 135.301
9.68157 135.305
9.71995 135.312
9.75691 135.293
9.79374 135.272
9.83128 135.263
9.86906 135.259
9.90708 135.259
9.94619 135.278
9.98507 135.292
10.022 135.273
10.0588 135.252
10.094 135.204
10.1305 135.179
10.166 135.137
10.2106 135.248
10.2492 135.258
10.2874 135.26
10.3239 135.235
10.3616 135.231
10.4004 135.243
10.4378 135.233
10.4757 135.231
10.5146 135.245
10.5527 135.247
10.5903 135.241
10.6283 135.241
10.6666 135.245
10.7049 135.249
10.743 135.251
10.7813 135.256
10.8194 135.258
10.8573 135.255
10.8956 135.26
10.9337 135.262
10.972 135.266
11.0102 135.268
11.0482 135.268
11.0859 135.263
11.1238 135.261
11.1628 135.276
11.2013 135.284
11.2398 135.29
11.278 135.295
11.3156 135.288
11.3537 135.288
11.3925 135.301
11.4332 135.341
11.4735 135.374
11.5118 135.378
11.5501 135.382
11.5886 135.389
11.6266 135.389
11.6641 135.38
11.7029 135.393
11.7424 135.414
11.7807 135.418
11.8192 135.424
11.858 135.435
11.8965 135.441
11.9355 135.455
11.9751 135.476
12.0138 135.487
12.0522 135.491
12.0905 135.495
12.1304 135.52
12.1695 135.535
12.2093 135.56
12.2479 135.567
12.2862 135.571
12.3249 135.579
12.3654 135.613
12.4044 135.625
12.4429 135.632
12.4819 135.644
12.5217 135.667
12.5603 135.673
12.5987 135.678
12.64 135.722
12.6803 135.751
12.7192 135.762
12.7576 135.766
12.7976 135.791
12.8379 135.821
12.877 135.833
12.9172 135.861
12.958 135.897
12.9969 135.907
13.0375 135.939
13.0782 135.973
13.1179 135.994
13.1571 136.006
13.1977 136.038
13.2378 136.063
13.2768 136.074
13.3174 136.106
13.3579 136.135
13.4007 136.195
13.4402 136.212
13.4802 136.235
13.5194 136.248
13.5599 136.277
13.5993 136.292
13.6414 136.341
13.6823 136.375
13.7229 136.404
13.7622 136.417
13.8038 136.46
13.847 136.521
13.8902 136.583
13.9328 136.636
13.9724 136.653
14.0116 136.664
14.054 136.715
14.0972 136.775
14.1373 136.796
14.1801 136.852
14.2239 136.918
14.2642 136.941
14.3074 137.001
14.3504 137.057
14.3902 137.074
14.4357 137.16
14.48 137.23
14.5214 137.267
14.5631 137.305
14.6067 137.368
14.6488 137.411
14.6952 137.505
