-3.90621 150.356
-3.8608 150.191
-3.81692 150.096
-3.03404 148.379
-2.99134 148.308
-2.94864 148.234
-2.90644 148.19
-2.86481 148.181
-2.82238 148.12
-2.78077 148.11
-2.73871 148.071
-2.56954 147.837
-2.52722 147.771
-2.44321 147.681
-2.40172 147.671
-2.27573 147.523
-2.23391 147.484
-2.19214 147.448
-2.15041 147.414
-2.10896 147.402
-2.06695 147.341
-2.02546 147.324
-1.98385 147.295
-1.94246 147.286
-1.90079 147.249
-1.85911 147.211
-1.81744 147.172
-1.77587 147.141
-1.73448 147.126
-1.69265 147.066
-1.65128 147.051
-1.60976 147.02
-1.56841 147.006
-1.52694 146.977
-1.4854 146.938
-1.44409 146.926
-1.40268 146.9
-1.36144 146.895
-1.31986 146.844
-1.27855 146.828
-1.23732 146.82
-1.19611 146.816
-1.1547 146.782
-1.11333 146.751
-1.07214 146.746
-1.03094 146.742
-0.989457 146.686
-0.948254 146.677
-0.907081 146.672
-0.86581 146.648
-0.824621 146.638
-0.783403 146.622
-0.742071 146.578
-0.700904 146.569
-0.659751 146.562
-0.618602 146.555
-0.577464 146.55
-0.536237 146.519
-0.495117 146.517
-0.453998 146.514
-0.412866 146.507
-0.371695 146.483
-0.330563 146.471
-0.289385 146.435
-0.248259 146.419
-0.207153 146.409
-0.166037 146.39
-0.124941 146.381
-0.0838467 146.369
-0.0427614 146.362
-0.0016855 146.367
0.0393941 146.367
0.0804745 146.357
0.121549 146.338
0.162617 146.324
0.203685 146.319
0.244744 146.307
0.285796 146.293
0.326863 146.296
0.367931 146.298
0.408975 146.286
0.450019 146.277
0.491037 146.258
0.532065 146.246
0.573112 146.243
0.614158 146.241
0.655189 146.234
0.6962 146.222
0.737215 146.213
0.778199 146.196
0.819204 146.187
0.860234 146.184
0.901222 146.172
0.942237 146.168
0.983181 146.149
1.02477 146.259
1.06523 146.147
1.10625 146.144
1.14743 146.171
1.18864 146.2
1.22984 146.226
1.27083 146.217
1.31199 146.234
1.35301 146.229
1.39402 146.225
1.43519 146.241
1.47639 146.261
1.51743 146.259
1.5585 146.261
1.59964 146.271
1.6408 146.283
1.68194 146.293
1.72309 146.302
1.7642 146.307
1.80527 146.308
1.84633 146.308
1.88742 146.31
1.92852 146.313
1.96968 146.322
2.01088 146.335
2.05218 146.356
2.0932 146.352
2.13425 146.349
2.1756 146.374
2.21679 146.383
2.2579 146.386
2.29913 146.398
2.34051 146.422
2.38169 146.43
2.42275 146.427
2.46382 146.425
2.505 146.432
2.54651 146.464
2.58806 146.498
2.6296 146.529
2.67065 146.524
2.71142 146.5
2.75274 146.515
2.79427 146.544
2.83567 146.563
2.8769 146.571
2.91851 146.602
2.95986 146.617
3.00145 146.646
3.04263 146.648
3.08377 146.648
3.12546 146.682
3.16733 146.726
3.20905 146.76
3.25038 146.77
3.292 146.796
3.33343 146.811
3.37508 146.838
3.41656 146.855
3.45823 146.881
3.49973 146.898
3.5411 146.908
3.58257 146.923
3.62428 146.95
3.66563 146.957
3.70759 146.996
3.74952 147.032
3.79103 147.047
3.83289 147.078
3.87412 147.079
3.9582 147.156
4.00083 147.222
4.04235 147.234
4.46243 147.552
4.50538 147.62
4.54772 147.661
4.5899 147.696
4.92932 148.024
4.97235 148.085
