-2.9683 139.717
-2.92779 139.664
-2.88651 139.563
-2.84524 139.461
-2.80443 139.383
-1.99638 137.911
-1.75844 137.65
-1.71876 137.597
-1.67933 137.567
-1.6398 137.526
-1.60053 137.508
-1.56089 137.452
-1.52147 137.417
-1.48206 137.38
-1.44269 137.347
-1.4031 137.287
-1.36379 137.256
-1.32468 137.248
-1.2856 137.244
-1.24632 137.213
-1.20702 137.179
-1.16771 137.14
-1.12826 137.079
-1.08902 137.046
-1.05 137.042
-1.01094 137.034
-0.971746 137.001
-0.932523 136.962
-0.893329 136.926
-0.854201 136.898
-0.81505 136.863
-0.776069 136.859
-0.736985 136.833
-0.697881 136.801
-0.658802 136.77
-0.619745 136.742
-0.580752 136.727
-0.541799 136.721
-0.502771 136.693
-0.463742 136.661
-0.424821 136.659
-0.385814 136.627
-0.346821 136.594
-0.307863 136.571
-0.268935 136.556
-0.230026 136.547
-0.191137 136.547
-0.152243 136.545
-0.11332 136.519
-0.0743984 136.485
-0.0355164 136.479
0.00336159 136.475
0.0422542 136.429
0.0811212 136.414
0.119982 136.406
0.158841 136.404
0.197689 136.382
0.236526 136.359
0.275365 136.348
0.314202 136.34
0.352987 136.297
0.391795 136.28
0.430583 136.256
0.469396 136.25
0.508211 136.246
0.547014 136.237
0.585819 136.231
0.62464 136.231
0.663427 136.22
0.702247 136.22
0.741058 136.218
0.77986 136.214
0.818599 136.195
0.857385 136.189
0.896177 136.184
0.934927 136.172
0.973639 136.152
1.01243 136.15
1.05122 136.148
1.08995 136.136
1.1287 136.127
1.16746 136.121
1.20625 136.119
1.24504 136.119
1.28378 136.11
1.32259 136.113
1.36144 136.119
1.40018 136.113
1.4388 136.089
1.4775 136.079
1.51627 136.077
1.55501 136.07
1.59379 136.07
1.63243 136.053
1.67102 136.032
1.70975 136.028
1.74857 136.032
1.78772 136.071
1.82649 136.069
1.86521 136.063
1.90375 136.039
1.9425 136.037
1.98133 136.041
2.02018 136.048
2.05915 136.065
2.09804 136.074
2.13675 136.068
2.17553 136.068
2.21447 136.081
2.25337 136.089
2.29213 136.087
2.33089 136.085
2.36968 136.085
2.40847 136.086
2.44729 136.088
2.48637 136.109
2.52535 136.122
2.56411 136.12
2.603 136.127
2.64199 136.14
2.68079 136.14
2.71955 136.138
2.75845 136.144
2.79776 136.177
2.83677 136.19
2.87551 136.186
2.91418 136.177
2.95309 136.184
2.99197 136.188
3.03086 136.192
3.06996 136.21
3.10896 136.221
3.14789 136.227
3.18706 136.247
3.22592 136.249
3.2649 136.258
3.30428 136.288
3.34315 136.29
3.38198 136.29
3.42135 136.318
3.46069 136.344
3.49924 136.329
3.53799 136.325
3.57735 136.351
3.61641 136.362
3.65539 136.368
3.69482 136.396
3.73422 136.422
3.77326 136.431
3.81268 136.457
3.85173 136.466
3.89065 136.468
3.92971 136.477
3.96954 136.52
4.00886 136.539
4.04848 136.572
4.08738 136.572
4.12637 136.576
4.16572 136.596
4.20492 136.609
4.24506 136.661
4.28407 136.665
4.32372 136.696
4.36285 136.704
4.40263 136.739
4.44237 136.772
4.48196 136.798
4.52112 136.806
4.56073 136.832
4.59996 136.843
4.63908 136.85
4.67826 136.859
4.71831 136.9
4.75785 136.922
4.79817 136.972
4.83768 136.991
4.87827 137.05
4.91835 137.089
4.9576 137.098
4.99826 137.157
5.03814 137.187
5.07741 137.196
5.11801 137.25
5.15812 137.287
5.39883 137.499
5.43905 137.537
5.47856 137.55
5.5195 137.609
5.55984 137.648
