-2.00857 143.694
-1.96752 143.617
-1.92642 143.534
-1.88514 143.43
-1.84389 143.324
-1.80289 143.239
-1.76207 143.168
-1.7213 143.099
-1.59878 142.848
-1.55838 142.807
-1.51777 142.739
-1.39593 142.51
-1.35553 142.453
-1.31548 142.439
-1.27525 142.401
-1.23484 142.334
-1.19465 142.296
-1.15432 142.232
-1.11397 142.162
-1.07395 142.141
-1.03365 142.071
-0.993394 142.003
-0.953315 141.962
-0.913346 141.939
-0.873443 141.928
-0.833449 141.896
-0.793396 141.849
-0.753258 141.776
-0.713308 141.742
-0.673381 141.711
-0.633459 141.677
-0.593467 141.618
-0.553637 141.602
-0.51382 141.589
-0.473904 141.537
-0.434089 141.517
-0.394201 141.46
-0.354384 141.427
-0.314589 141.397
-0.274832 141.384
-0.235059 141.355
-0.195298 141.326
-0.155558 141.305
-0.115822 141.279
-0.0760969 141.252
-0.0363857 141.234
0.0033195 141.18
0.0430083 141.164
0.0826869 141.139
0.122352 141.11
0.162017 141.095
0.201653 141.059
0.241289 141.034
0.280938 141.025
0.32058 141.014
0.360151 140.969
0.399766 140.954
0.439343 140.925
0.478955 140.914
0.51853 140.891
0.558123 140.878
0.597674 140.853
0.63727 140.845
0.676812 140.822
0.716389 140.811
0.755925 140.791
0.795481 140.778
0.83496 140.749
0.874458 140.726
0.914016 140.718
0.95357 140.709
0.993145 140.704
1.03263 140.684
1.07209 140.662
1.11159 140.647
1.15102 140.622
1.19048 140.604
1.22998 140.593
1.26947 140.58
1.30899 140.573
1.34855 140.571
1.38812 140.571
1.42763 140.563
1.46707 140.547
1.50657 140.538
1.54602 140.525
1.58547 140.512
1.62485 140.492
1.66425 140.474
1.70378 140.472
1.74334 140.472
1.78281 140.463
1.82227 140.454
1.86175 140.448
1.90126 140.444
1.94057 140.421
1.9799 140.401
2.01939 140.397
2.05891 140.395
2.09843 140.393
2.13789 140.386
2.17735 140.38
2.21684 140.375
2.25638 140.376
2.29589 140.373
2.33534 140.367
2.37485 140.365
2.41427 140.356
2.45363 140.343
2.49329 140.352
2.53292 140.359
2.57262 140.37
2.61213 140.368
2.65171 140.37
2.69122 140.368
2.73066 140.362
2.77007 140.353
2.80894 140.31
2.8483 140.299
2.88815 140.32
2.92787 140.331
2.96752 140.338
3.0071 140.34
3.04672 140.345
3.08653 140.361
3.12588 140.35
3.16543 140.35
3.20501 140.352
3.24492 140.372
3.2848 140.39
3.32448 140.397
3.364 140.395
3.40364 140.4
3.44333 140.407
3.48302 140.414
3.52284 140.427
3.56259 140.436
3.60229 140.443
3.642 140.45
3.68157 140.45
3.72123 140.455
3.76095 140.462
3.80071 140.471
3.84072 140.491
3.8805 140.5
3.92023 140.507
3.95992 140.512
3.99966 140.518
4.03945 140.527
4.0794 140.543
4.11946 140.564
4.15943 140.579
4.19972 140.609
4.23927 140.607
4.27883 140.605
4.31872 140.616
4.35855 140.625
4.39822 140.627
4.43839 140.65
4.47875 140.679
4.51855 140.686
4.55841 140.695
4.59873 140.722
4.63849 140.727
4.67866 140.747
4.71854 140.756
4.75843 140.766
4.7988 140.793
4.83937 140.827
4.87928 140.836
4.91975 140.865
4.96024 140.894
5.00004 140.899
5.04067 140.933
5.08062 140.942
5.12096 140.965
5.16085 140.972
5.20094 140.985
5.24203 141.033
5.2822 141.049
5.32226 141.06
5.36272 141.085
5.40333 141.114
5.44422 141.153
5.48493 141.185
5.52489 141.192
5.56569 141.226
5.60573 141.235
5.64648 141.266
5.68733 141.301
5.72905 141.362
5.7692 141.373
5.80921 141.38
5.85011 141.414
5.89147 141.462
5.93315 141.519
5.9732 141.526
6.01424 141.562
6.38539 141.92
6.42669 141.959
6.46898 142.025
6.50966 142.045
6.55175 142.105
6.59287 142.137
6.63317 142.146
6.67651 142.238
6.71794 142.277
6.84398 142.437
7.0151 142.722
7.18711 143.017
7.23021 143.091
