-6.9504 145.796
-6.90811 145.751
-6.86593 145.709
-6.73506 145.461
-6.69402 145.447
-6.65127 145.386
-6.6088 145.332
-6.56644 145.281
-6.52545 145.267
-6.48279 145.206
-6.43941 145.124
-6.39682 145.063
-6.35613 145.056
-6.31512 145.04
-6.27274 144.984
-6.23167 144.965
-6.18926 144.907
-6.1475 144.867
-6.10647 144.848
-6.06404 144.788
-6.02233 144.748
-5.9808 144.713
-5.9392 144.676
-5.89777 144.643
-5.85614 144.604
-5.81526 144.588
-5.7732 144.534
-5.73242 144.52
-5.69041 144.467
-5.64979 144.458
-5.60896 144.442
-5.56707 144.39
-5.52633 144.377
-5.48511 144.347
-5.44397 144.319
-5.40304 144.298
-5.3611 144.242
-5.32034 144.226
-5.27924 144.198
-5.23863 144.187
-5.19749 144.157
-5.15637 144.127
-5.11565 144.111
-5.07513 144.102
-5.03429 144.081
-4.99327 144.053
-4.9527 144.042
-4.91195 144.024
-4.87096 143.996
-4.82998 143.968
-4.78888 143.936
-4.74817 143.918
-4.70789 143.916
-4.66754 143.911
-4.62696 143.897
-4.58633 143.881
-4.5453 143.849
-4.50462 143.831
-4.46407 143.817
-4.42381 143.815
-4.38349 143.811
-4.34245 143.776
-4.30197 143.765
-4.26155 143.756
-4.22103 143.742
-4.18057 143.73
-4.1399 143.71
-4.09945 143.698
-4.05905 143.689
-4.01866 143.68
-3.97822 143.669
-3.93784 143.66
-3.8976 143.658
-3.85723 143.649
-3.81675 143.635
-3.77648 143.631
-3.7363 143.631
-3.69593 143.622
-3.65542 143.606
-3.61492 143.59
-3.57462 143.583
-3.53435 143.579
-3.49418 143.579
-3.45405 143.582
-3.41371 143.572
-3.37336 143.563
-3.33319 143.564
-3.29302 143.564
-3.25281 143.562
-3.21247 143.553
-3.17218 143.546
-3.13181 143.535
-3.0916 143.533
-3.05139 143.53
-3.01115 143.526
-2.97098 143.526
-2.93077 143.524
-2.89061 143.524
-2.8504 143.522
-2.81019 143.52
-2.77013 143.527
-2.73017 143.541
-2.68968 143.521
-2.64934 143.509
-2.60884 143.487
-2.56838 143.466
-2.52812 143.459
-2.48812 143.471
-2.44795 143.471
-2.40757 143.455
-2.36759 143.469
-2.32749 143.474
-2.28741 143.481
-2.24742 143.495
-2.20744 143.512
-2.16754 143.535
-2.12744 143.542
-2.08739 143.554
-2.04726 143.559
-2.00712 143.564
-1.96701 143.571
-1.92684 143.574
-1.88672 143.581
-1.84679 143.606
-1.80665 143.614
-1.76654 143.623
-1.72638 143.628
-1.68615 143.626
-1.64596 143.628
-1.60588 143.642
-1.56587 143.666
-1.52575 143.678
-1.48558 143.685
-1.44538 143.687
-1.40515 143.688
-1.36501 143.699
-1.32499 143.727
-1.28489 143.746
-1.24467 143.749
-1.20444 143.751
-1.16429 143.765
-1.12425 143.798
-1.08406 143.81
-1.04392 143.829
-1.00367 143.831
-0.963444 143.838
-0.923324 143.867
-0.88311 143.878
-0.84288 143.888
-0.80274 143.918
-0.762476 143.923
-0.722304 143.951
-0.682038 143.958
-0.64176 143.963
-0.601721 144.038
-0.561528 144.075
-0.521226 144.083
-0.480889 144.078
-0.440606 144.095
-0.400316 144.111
-0.359999 144.118
-0.319722 144.149
-0.279392 144.156
-0.239085 144.182
-0.198773 144.213
-0.15843 144.227
-0.118116 144.285
-0.0777483 144.297
-0.0373826 144.33
0.00300242 144.335
0.0433904 144.345
0.0837951 144.396
0.124215 144.431
0.164632 144.441
0.205054 144.451
0.245537 144.509
0.285986 144.524
0.326475 144.559
0.447981 144.639
0.610469 144.844
0.650914 144.826
0.691637 144.887
0.732298 144.925
0.772855 144.932
0.813424 144.942
0.85424 145.005
0.894996 145.05
0.935831 145.107
0.976486 145.124
1.01759 145.223
1.0584 145.261
1.09922 145.299
1.38642 145.693
1.42743 145.734
1.46842 145.769
1.80004 146.381
1.84134 146.426
