2.34292 137.018
2.38229 137.046
2.42115 137.036
2.46009 137.031
2.49903 137.027
2.61293 136.813
2.65067 136.731
2.68812 136.631
2.72556 136.534
2.76355 136.476
2.80054 136.355
2.91152 136.014
2.94888 135.928
2.98691 135.885
3.62561 134.92
3.66237 134.835
3.70061 134.823
3.73843 134.791
3.77556 134.728
3.81257 134.66
3.85015 134.62
4.26335 134.221
4.3015 134.213
4.33897 134.177
4.37706 134.167
4.41476 134.141
4.45187 134.093
4.48917 134.053
4.52635 134.01
4.56444 134.001
4.60164 133.959
4.63966 133.949
4.67717 133.92
4.71506 133.905
4.7526 133.878
4.79013 133.851
4.82822 133.845
4.86556 133.811
4.90282 133.776
4.94036 133.751
4.978 133.73
5.01595 133.72
5.05376 133.705
5.09102 133.672
5.12826 133.639
5.16561 133.61
5.20351 133.599
5.24071 133.566
5.27834 133.547
5.31596 133.529
5.35345 133.506
5.39112 133.489
5.42917 133.485
5.46722 133.481
5.50461 133.456
5.54225 133.439
5.57962 133.415
5.61758 133.408
5.65561 133.404
5.69254 133.367
5.73035 133.357
5.76836 133.353
5.80637 133.348
5.84438 133.344
5.88224 133.336
5.91932 133.305
5.95717 133.297
5.99502 133.289
6.03271 133.276
6.07055 133.268
6.10816 133.253
6.1454 133.229
6.18299 133.214
6.22088 133.208
6.25885 133.204
6.29688 133.202
6.33507 133.204
6.37218 133.177
6.40936 133.152
6.4466 133.13
6.48414 133.115
6.52239 133.119
6.56064 133.124
6.59833 133.113
6.63594 133.101
6.67354 133.089
6.7113 133.08
6.74921 133.076
6.7868 133.064
6.82454 133.056
6.86212 133.043
6.89944 133.025
6.93716 133.016
6.97506 133.012
7.01346 133.021
7.05178 133.027
7.08915 133.01
7.12627 132.988
7.16363 132.971
7.20176 132.973
7.24209 133.027
7.28077 133.042
7.31901 133.046
7.35707 133.046
7.3946 133.034
7.43176 133.013
7.47009 133.019
7.50906 133.04
7.54712 133.04
7.58527 133.042
7.62315 133.038
7.66148 133.045
7.7002 133.059
7.73854 133.065
7.77642 133.061
7.81401 133.051
7.85178 133.045
7.88974 133.043
7.92809 133.049
7.96663 133.06
8.00556 133.078
8.04353 133.076
8.08091 133.062
8.11946 133.072
8.15802 133.083
8.19648 133.091
8.23444 133.089
8.27271 133.093
8.31168 133.112
8.34924 133.101
8.3874 133.104
8.42588 133.112
8.46508 133.135
8.50366 133.145
8.54236 133.158
8.58127 133.174
8.61945 133.176
8.65721 133.17
8.69656 133.195
8.73602 133.222
8.77432 133.226
8.81219 133.222
8.85125 133.241
8.88966 133.247
8.92797 133.252
8.96628 133.256
9.0058 133.283
9.04445 133.293
9.08277 133.297
9.12109 133.302
9.16053 133.327
9.19986 133.349
9.23842 133.358
9.27676 133.362
9.31487 133.362
9.35537 133.406
9.39395 133.414
9.43219 133.416
9.47054 133.42
9.51064 133.456
9.55074 133.491
9.58912 133.495
9.62843 133.516
9.66704 133.525
9.70672 133.552
9.74523 133.558
9.78505 133.587
9.82488 133.617
9.86461 133.644
9.90326 133.652
9.94204 133.663
9.98216 133.696
10.0219 133.723
10.0602 133.725
10.0985 133.727
10.1387 133.761
10.1788 133.792
10.2188 133.824
10.2575 133.832
10.3381 133.901
10.3784 133.934
10.4182 133.962
10.4569 133.968
10.4978 134.012
10.5365 134.02
10.5782 134.075
10.6171 134.085
10.656 134.096
10.6965 134.132
10.74 134.216
10.9409 134.365
11.0648 134.504
11.2732 134.759
11.3139 134.793
11.3527 134.799
11.3918 134.81
