-8.16517 148.41
-8.1235 148.389
-8.08153 148.36
-8.0403 148.348
-7.82115 147.981
-7.77718 147.903
-7.73465 147.857
-7.69145 147.795
-7.65047 147.786
-7.6084 147.75
-7.56467 147.674
-7.52117 147.602
-7.4364 147.512
-7.39347 147.452
-7.35286 147.45
-7.26862 147.369
-7.22728 147.348
-7.18454 147.291
-7.14258 147.253
-7.10044 147.21
-7.0575 147.146
-7.01614 147.122
-6.97479 147.099
-6.93364 147.08
-6.89266 147.065
-6.8509 147.03
-6.80888 146.987
-6.76715 146.952
-6.72543 146.916
-6.6846 146.905
-6.60131 146.836
-6.55965 146.801
-6.51809 146.768
-6.47747 146.76
-6.43577 146.723
-6.39417 146.687
-6.35357 146.68
-6.31224 146.652
-6.27051 146.612
-6.22985 146.602
-6.18863 146.576
-6.14775 146.56
-6.10647 146.532
-6.06584 146.522
-6.02451 146.492
-5.98327 146.463
-5.94242 146.447
-5.90166 146.433
-5.8603 146.4
-5.81956 146.386
-5.77815 146.35
-5.73757 146.341
-5.69722 146.339
-5.65665 146.329
-5.61608 146.32
-5.57552 146.31
-5.5351 146.306
-5.49398 146.277
-5.45322 146.261
-5.41254 146.247
-5.37165 146.226
-5.33126 146.221
-5.29087 146.216
-5.25034 146.207
-5.20955 146.188
-5.16897 146.176
-5.12846 146.167
-5.08809 146.162
-5.04719 146.139
-5.00618 146.11
-4.96543 146.092
-4.92457 146.068
-4.88416 146.061
-4.84406 146.066
-4.80391 146.068
-4.76344 146.059
-4.72328 146.061
-4.68306 146.061
-4.64278 146.058
-4.60256 146.058
-4.56204 146.047
-4.52165 146.04
-4.48155 146.044
-4.44145 146.049
-4.40095 146.037
-4.36039 146.023
-4.31984 146.009
-4.27941 146
-4.23904 145.992
-4.19867 145.985
-4.15852 145.988
-4.11842 145.992
-4.07837 145.999
-4.03821 146.002
-3.99832 146.016
-3.958 146.011
-3.91754 145.999
-3.87687 145.978
-3.83647 145.968
-3.79607 145.959
-3.75665 145.996
-3.71683 146.015
-3.67657 146.013
-3.63669 146.029
-3.59615 146.013
-3.55579 146.006
-3.51586 146.02
-3.47537 146.005
-3.43507 146.001
-3.39495 146.005
-3.35487 146.012
-3.31479 146.019
-3.27457 146.019
-3.23453 146.028
-3.19431 146.028
-3.15401 146.024
-3.11384 146.026
-3.07386 146.04
-3.03376 146.047
-2.99378 146.061
-2.95367 146.068
-2.91344 146.068
-2.87326 146.07
-2.83299 146.068
-2.79277 146.067
-2.75261 146.072
-2.71256 146.084
-2.67248 146.093
-2.63249 146.109
-2.59252 146.128
-2.55239 146.135
-2.51228 146.144
-2.47207 146.147
-2.43179 146.144
-2.39161 146.149
-2.35152 146.16
-2.31128 146.16
-2.27124 146.177
-2.23123 146.195
-2.19109 146.205
-2.15129 146.242
-2.11119 146.256
-2.07106 146.268
-2.03106 146.291
-1.99092 146.303
-1.9508 146.317
-1.91057 146.321
-1.87039 146.331
-1.83022 146.342
-1.79011 146.359
-1.75024 146.401
-1.7103 146.439
-1.67029 146.469
-1.62997 146.469
-1.58968 146.471
-1.54945 146.481
-1.5093 146.499
-1.46926 146.532
-1.42914 146.558
-1.38883 146.56
-1.34871 146.588
-1.3085 146.605
-1.26828 146.621
-1.22813 146.649
-1.18791 146.668
-1.1478 146.706
-1.10768 146.743
-1.06741 146.76
-1.02709 146.769
-0.986974 146.814
-0.946679 146.83
-0.906351 146.842
-0.866247 146.899
-0.826015 146.934
-0.785635 146.941
-0.745336 146.967
-0.704986 146.984
-0.664705 147.019
-0.624517 147.083
-0.58414 147.102
-0.543802 147.135
-0.503442 147.165
-0.463111 147.21
-0.422857 147.291
-0.382432 147.317
-0.341946 147.322
-0.301517 147.355
-0.261083 147.393
-0.220628 147.428
-0.180171 147.473
-0.139652 147.483
-0.0991749 147.54
-0.0586427 147.556
-0.0181259 147.616
0.0224213 147.661
0.470128 148.337
0.510874 148.348
0.551798 148.428
0.592751 148.504
0.633637 148.548
0.674635 148.62
0.715773 148.723
