-24.8702 83.9027
-24.8434 83.8995
-7.20302 131.504
-7.16438 131.47
-7.12438 131.404
-7.08476 131.346
-7.0461 131.31
-6.92569 131.094
-6.88795 131.078
-6.84856 131.022
-6.80895 130.96
-6.77092 130.937
-6.61356 130.708
-6.57617 130.698
-6.53917 130.698
-6.50116 130.672
-6.3831 130.49
-6.34569 130.478
-6.30662 130.422
-6.26817 130.383
-6.23019 130.355
-6.19297 130.347
-6.15501 130.32
-5.96366 130.134
-5.92571 130.104
-5.88856 130.097
-5.85077 130.071
-5.81292 130.043
-5.77495 130.012
-5.73782 130.004
-5.69987 129.973
-5.62381 129.904
-5.5851 129.849
-5.54821 129.847
-5.51126 129.843
-5.47351 129.815
-5.43572 129.786
-5.39787 129.754
-5.36081 129.747
-5.32324 129.723
-5.28575 129.702
-5.24877 129.696
-5.21166 129.686
-5.17326 129.635
-5.13617 129.625
-5.0986 129.6
-5.06104 129.574
-5.02403 129.567
-4.98642 129.539
-4.94949 129.533
-4.91267 129.532
-4.87568 129.524
-4.83834 129.504
-4.8013 129.494
-4.76398 129.475
-4.72677 129.459
-4.68975 129.45
-4.65273 129.44
-4.61527 129.414
-4.57798 129.395
-4.54114 129.391
-4.50414 129.381
-4.46714 129.372
-4.42972 129.346
-4.3929 129.342
-4.35597 129.335
-4.31815 129.294
-4.28124 129.286
-4.24468 129.292
-4.20802 129.294
-4.17096 129.28
-4.13395 129.269
-4.0971 129.263
-4.06015 129.253
-4.02315 129.241
-3.98573 129.212
-3.94913 129.216
-3.9122 129.206
-3.87532 129.199
-3.83849 129.193
-3.80166 129.187
-3.76478 129.179
-3.72796 129.174
-3.69118 129.17
-3.65441 129.166
-3.61772 129.166
-3.5809 129.16
-3.54413 129.156
-3.50744 129.156
-3.47038 129.139
-3.43345 129.127
-3.39681 129.129
-3.36013 129.129
-3.32305 129.11
-3.28649 129.116
-3.24993 129.122
-3.21321 129.12
-3.17657 129.122
-3.13996 129.126
-3.10332 129.128
-3.0666 129.126
-3.02988 129.124
-2.99334 129.132
-2.95676 129.138
-2.92011 129.14
-2.88367 129.154
-2.84729 129.171
-2.8108 129.183
-2.77417 129.187
-2.73718 129.17
-2.70022 129.154
-2.66321 129.135
-2.62636 129.125
-2.58965 129.123
-2.55293 129.121
-2.51619 129.117
-2.47951 129.117
-2.44288 129.121
-2.4062 129.121
-2.36951 129.121
-2.333 129.133
-2.29659 129.153
-2.2599 129.153
-2.22313 129.147
-2.18644 129.147
-2.14985 129.155
-2.11324 129.161
-2.07664 129.169
-2.04007 129.179
-2.00352 129.19
-1.96675 129.185
-1.92991 129.173
-1.89325 129.177
-1.85665 129.185
-1.82008 129.197
-1.78347 129.204
-1.74693 129.22
-1.71037 129.234
-1.67386 129.254
-1.63733 129.271
-1.60071 129.281
-1.56408 129.291
-1.52752 129.309
-1.49089 129.318
-1.45433 129.338
-1.4177 129.35
-1.38103 129.358
-1.34446 129.377
-1.30778 129.385
-1.27105 129.387
-1.23425 129.382
-1.19757 129.389
-1.16096 129.409
-1.12428 129.419
-1.08769 129.443
-1.05101 129.454
-1.01432 129.466
-0.977603 129.474
-0.940988 129.5
-0.904271 129.51
-0.867528 129.515
-0.830866 129.537
-0.794134 129.547
-0.757435 129.565
-0.72072 129.581
-0.684109 129.622
-0.647365 129.636
-0.610584 129.642
-0.573844 129.659
-0.537096 129.677
-0.500327 129.691
-0.463546 129.703
-0.426803 129.73
-0.390054 129.76
-0.353277 129.784
-0.316451 129.79
-0.279622 129.796
-0.242864 129.845
-0.206032 129.859
-0.169213 129.888
-0.132358 129.896
-0.0955187 129.928
-0.0586639 129.958
-0.0218026 130.007
0.0150847 130.027
0.0519817 130.053
0.0888922 130.084
0.125816 130.114
0.16275 130.14
0.1997 130.17
0.236641 130.181
0.273634 130.225
0.31061 130.247
0.347604 130.273
0.384618 130.303
0.421654 130.336
0.458757 130.39
0.495834 130.426
0.532945 130.467
0.570024 130.493
0.607059 130.503
0.644224 130.547
0.681299 130.563
0.718538 130.617
0.755706 130.649
0.792797 130.661
0.829989 130.693
0.867336 130.752
0.9047 130.81
0.941981 130.848
0.979427 130.912
1.01677 130.954
1.05415 130.998
1.09149 131.034
1.12902 131.096
1.16644 131.136
1.20382 131.171
1.2414 131.229
1.27903 131.291
1.31674 131.359
1.3544 131.417
1.3919 131.454
1.42946 131.494
1.46745 131.583
1.50546 131.669
1.54334 131.738
1.58126 131.806
1.61913 131.867
1.65713 131.938
1.69518 132.011
1.73371 132.128
1.77203 132.219
1.92674 132.677
1.96512 132.755
2.08323 133.216
