-23.7202 146.608
-23.6747 146.565
-23.1085 145.887
-23.0612 145.829
-23.0205 145.822
-22.9314 145.748
-22.6112 145.416
-22.5709 145.412
-22.5294 145.398
-22.4816 145.333
-22.4379 145.301
-22.3967 145.29
-22.3529 145.258
-22.3086 145.221
-22.2652 145.191
-22.2244 145.182
-22.1801 145.145
-22.1359 145.108
-22.095 145.099
-22.052 145.071
-22.008 145.037
-21.9636 144.998
-21.9205 144.97
-21.8797 144.961
-21.8392 144.954
-21.7954 144.92
-21.7551 144.916
-21.7099 144.87
-21.6689 144.858
-21.627 144.84
-21.584 144.812
-21.5422 144.794
-21.5014 144.785
-21.4607 144.776
-21.4199 144.767
-21.3756 144.728
-21.3346 144.717
-21.2933 144.703
-21.2505 144.676
-21.2095 144.664
-21.1687 144.655
-21.1286 144.651
-21.0887 144.649
-21.0463 144.626
-21.0035 144.598
-20.9636 144.596
-20.9237 144.594
-20.8822 144.578
-20.8389 144.546
-20.7979 144.535
-20.757 144.524
-20.7171 144.521
-20.6762 144.51
-20.6326 144.476
-20.5927 144.474
-20.5534 144.476
-20.513 144.469
-20.472 144.458
-20.4319 144.454
-20.3926 144.456
-20.3542 144.468
-20.3141 144.463
-20.2727 144.447
-20.2315 144.434
-20.1929 144.443
-20.1525 144.436
-20.1116 144.425
-20.0712 144.418
-20.0316 144.419
-19.9915 144.414
-19.9514 144.41
-19.9113 144.405
-19.8709 144.398
-19.831 144.396
-19.7901 144.385
-19.7498 144.378
-19.7081 144.36
-19.6683 144.358
-19.6284 144.356
-19.5886 144.354
-19.5494 144.358
-19.5128 144.386
-19.4722 144.377
-19.4326 144.377
-19.3927 144.375
-19.3533 144.378
-19.3154 144.394
-19.278 144.415
-19.2376 144.408
-19.197 144.399
-19.1576 144.401
-19.1165 144.388
-19.0757 144.376
-19.0385 144.4
-18.9978 144.391
-18.9633 144.439
-18.9251 144.453
-18.8881 144.478
-18.8465 144.46
-18.8047 144.44
-18.7648 144.437
-18.7268 144.454
-18.6883 144.465
-18.6489 144.468
-18.6085 144.461
-18.5679 144.452
-18.5299 144.468
-18.4905 144.471
-18.4513 144.475
-18.4121 144.48
-18.3734 144.489
-18.3325 144.478
-18.2921 144.471
-18.2543 144.49
-18.2165 144.508
-18.1787 144.527
-18.1408 144.546
-18.1044 144.578
-18.0656 144.587
-18.0266 144.594
-17.9883 144.608
-17.9513 144.636
-17.9125 144.645
-17.8739 144.657
-17.8356 144.671
-17.7965 144.678
-17.7588 144.699
-17.7211 144.72
-17.6823 144.729
-17.6439 144.743
-17.605 144.753
-17.5664 144.764
-17.5276 144.774
-17.4894 144.79
-17.4498 144.792
-17.411 144.802
-17.3743 144.834
-17.3372 144.862
-17.2985 144.874
-17.2598 144.885
-17.2207 144.892
-17.1846 144.932
-17.1457 144.941
-17.1068 144.951
-17.0705 144.988
-17.0339 145.023
-16.995 145.032
-16.9577 145.06
-16.9207 145.09
-16.882 145.102
-16.8449 145.132
-16.8081 145.165
-16.771 145.195
-16.7296 145.179
-16.6561 145.246
-16.6192 145.279
-16.5829 145.319
-16.5464 145.356
-16.5071 145.363
-16.4702 145.396
-16.433 145.426
-16.3941 145.438
-16.3573 145.473
-16.3228 145.533
-16.2839 145.545
-16.2469 145.578
-16.2084 145.594
-16.1736 145.652
-16.1342 145.66
-16.0974 145.695
-16.0607 145.732
-16.0237 145.767
-15.9868 145.802
-15.6219 146.215
-15.5846 146.248
-15.5452 146.258
-15.5089 146.302
-15.4807 146.443
-15.4421 146.462
-15.4034 146.479
-15.3638 146.486
-15.3321 146.587
-15.2956 146.632
-15.2585 146.67
-15.1932 146.852
-15.1545 146.871
-15.1197 146.937
-15.0844 146.999
-15.0482 147.048
-15.0137 147.12
-14.9769 147.162
-14.9423 147.233
-14.9087 147.317
-14.8718 147.359
-14.8368 147.426
-14.5848 150.415
-14.5449 150.43
-14.5051 150.447
-14.4641 150.448
