-6.98632 132.022
-6.9483 132.01
-6.59995 130.811
-6.47609 130.506
-6.43624 130.439
-6.39846 130.423
-6.3592 130.369
-6.31857 130.28
-6.27883 130.212
-6.23836 130.125
-6.19876 130.06
-6.16002 130.016
-6.12063 129.955
-6.08141 129.898
-6.04221 129.841
-6.00474 129.829
-5.96551 129.77
-5.92624 129.708
-5.88685 129.643
-5.8467 129.557
-5.80908 129.539
-5.77182 129.531
-5.7333 129.488
-5.69494 129.449
-5.65591 129.39
-5.61703 129.335
-5.57893 129.302
-5.54072 129.265
-5.50265 129.231
-5.46466 129.2
-5.42676 129.171
-5.3888 129.139
-5.35085 129.108
-5.31285 129.075
-5.27435 129.026
-5.23703 129.012
-5.19843 128.96
-5.16049 128.926
-5.12257 128.893
-5.08472 128.862
-5.04702 128.835
-5.00981 128.823
-4.97206 128.794
-4.93426 128.763
-4.89654 128.734
-4.85876 128.702
-4.82118 128.677
-4.78344 128.646
-4.74564 128.613
-4.7085 128.601
-4.67102 128.578
-4.63349 128.553
-4.59637 128.541
-4.55886 128.516
-4.52136 128.491
-4.48432 128.481
-4.44678 128.454
-4.40937 128.431
-4.37223 128.417
-4.3344 128.378
-4.29734 128.367
-4.26006 128.347
-4.2229 128.332
-4.1858 128.318
-4.14845 128.295
-4.11115 128.274
-4.07422 128.266
-4.03685 128.241
-3.99953 128.218
-3.96256 128.208
-3.92555 128.197
-3.88836 128.177
-3.85126 128.162
-3.81427 128.15
-3.77733 128.141
-3.74053 128.137
-3.7036 128.127
-3.6663 128.102
-3.62919 128.085
-3.59218 128.071
-3.55518 128.058
-3.51831 128.05
-3.48145 128.042
-3.44459 128.035
-3.40761 128.021
-3.37058 128.006
-3.33373 127.998
-3.29693 127.992
-3.26013 127.987
-3.22328 127.979
-3.18629 127.964
-3.14941 127.954
-3.11246 127.94
-3.07575 127.939
-3.03912 127.941
-3.00229 127.933
-2.9654 127.921
-2.92847 127.908
-2.89151 127.892
-2.85474 127.887
-2.81811 127.889
-2.78144 127.889
-2.7447 127.885
-2.70794 127.879
-2.67117 127.873
-2.6344 127.868
-2.59767 127.864
-2.56104 127.866
-2.52431 127.862
-2.48746 127.851
-2.45076 127.849
-2.41407 127.847
-2.37713 127.829
-2.34035 127.822
-2.30361 127.816
-2.26698 127.818
-2.23035 127.82
-2.19366 127.818
-2.157 127.818
-2.12031 127.816
-2.08365 127.816
-2.04706 127.822
-2.0104 127.822
-1.97366 127.817
-1.93697 127.815
-1.90035 127.819
-1.86393 127.838
-1.82719 127.832
-1.79042 127.825
-1.75359 127.811
-1.71704 127.821
-1.68039 127.823
-1.64361 127.813
-1.60694 127.813
-1.57042 127.827
-1.53379 127.831
-1.49709 127.829
-1.4604 127.827
-1.42374 127.829
-1.38707 127.829
-1.35042 127.833
-1.3139 127.85
-1.27727 127.856
-1.24064 127.862
-1.20398 127.866
-1.16734 127.872
-1.13073 127.881
-1.09411 127.891
-1.0575 127.903
-1.02087 127.913
-0.984206 127.918
-0.947554 127.926
-0.910911 127.936
-0.874226 127.94
-0.837573 127.95
-0.800916 127.959
-0.764275 127.973
-0.727628 127.986
-0.690904 127.986
-0.654198 127.99
-0.617526 128.002
-0.5809 128.025
-0.544213 128.037
-0.507513 128.047
-0.470793 128.053
-0.434063 128.057
-0.397382 128.076
-0.360697 128.097
-0.323958 128.103
-0.287205 128.105
-0.250483 128.121
-0.21377 128.144
-0.177019 128.154
-0.140264 128.164
-0.103512 128.179
-0.0667492 128.193
-0.0299837 128.21
0.0067891 128.23
0.0435658 128.261
0.0803629 128.271
0.117165 128.28
0.153972 128.29
0.190792 128.317
0.227622 128.339
0.264451 128.349
0.301294 128.366
0.338154 128.389
0.375037 128.421
0.411908 128.436
0.448806 128.462
0.485684 128.473
0.522638 128.512
0.55953 128.522
0.596421 128.53
0.633323 128.54
0.670351 128.585
0.707349 128.616
0.744264 128.622
0.781182 128.628
0.818299 128.679
0.855351 128.71
0.892389 128.735
0.92938 128.749
0.966555 128.796
1.00361 128.817
1.04076 128.853
1.07777 128.863
1.11478 128.872
1.15207 128.923
1.18913 128.937
1.22615 128.945
1.26331 128.971
1.30069 129.025
1.37539 129.116
1.41266 129.147
1.44995 129.179
1.48706 129.189
1.59936 129.318
1.63667 129.344
1.67401 129.372
1.71143 129.407
1.74934 129.488
1.78679 129.522
1.8241 129.539
1.86207 129.618
1.93706 129.682
2.54581 130.641
2.58382 130.683
2.8619 131.666
2.90029 131.712
2.93978 131.822
3.01132 133.779
3.04948 133.783
3.0876 133.786
3.12579 133.792
3.1641 133.804
