1.18931 153.752
1.23201 153.747
1.27471 153.745
1.52057 152.309
2.55822 150.561
2.6001 150.551
2.88959 150.238
3.05487 150.078
3.13744 150
3.17969 150.023
3.22047 149.955
3.2621 149.94
3.30334 149.903
3.34427 149.848
3.38595 149.838
3.42758 149.826
3.46823 149.758
3.5093 149.716
3.5509 149.704
3.59212 149.671
3.63315 149.629
3.67471 149.617
3.71613 149.597
3.75726 149.562
3.79861 149.54
3.8397 149.505
3.88088 149.475
3.92245 149.465
3.96391 149.45
4.00485 149.411
4.04665 149.413
4.08825 149.406
4.12979 149.396
4.17106 149.373
4.21258 149.364
4.25405 149.351
4.29519 149.324
4.33608 149.287
4.37741 149.269
4.41873 149.252
4.46011 149.237
4.50107 149.205
4.54254 149.195
4.58412 149.19
4.62475 149.146
4.66596 149.126
4.70777 149.131
4.74952 149.133
4.79109 149.129
4.83259 149.121
4.87396 149.109
4.91456 149.067
4.95585 149.052
4.99726 149.042
5.03893 149.042
5.0806 149.042
5.1222 149.04
5.16353 149.027
5.20432 148.995
5.2455 148.978
5.28688 148.968
5.32873 148.976
5.37059 148.983
5.41182 148.968
5.45305 148.953
5.49448 148.946
5.53548 148.924
5.57697 148.919
5.61853 148.916
5.65958 148.897
5.70099 148.889
5.74285 148.897
5.78425 148.889
5.8246 148.847
5.86432 148.786
5.90539 148.768
5.9466 148.756
5.98998 148.813
6.03167 148.815
6.07446 148.852
6.11759 148.899
6.15722 148.838
6.19867 148.833
6.23964 148.813
6.28125 148.813
6.32244 148.801
6.36446 148.813
6.40657 148.828
6.44885 148.848
6.49105 148.865
6.5336 148.892
6.57514 148.89
6.6165 148.882
6.6583 148.887
6.70026 148.897
6.74224 148.907
6.78377 148.905
6.82478 148.887
6.86631 148.885
6.90838 148.897
6.95063 148.915
6.99298 148.935
7.0347 148.937
7.07633 148.937
7.11777 148.932
7.1594 148.932
7.2014 148.942
7.24397 148.967
7.28674 148.997
7.32771 148.979
7.36916 148.974
7.41118 148.984
7.45523 149.046
7.49805 149.076
7.53981 149.078
7.58126 149.073
7.62292 149.073
7.66477 149.078
7.70632 149.076
7.74818 149.081
7.79145 149.12
7.83424 149.148
7.87549 149.138
7.91891 149.18
7.96079 149.185
8.00247 149.185
8.04445 149.192
8.08665 149.205
8.12992 149.242
8.17203 149.252
8.21639 149.314
8.25831 149.319
8.30012 149.321
8.34323 149.354
8.38537 149.364
8.42829 149.391
8.47034 149.398
8.51361 149.433
8.55678 149.466
8.59929 149.483
8.64226 149.51
8.68423 149.515
8.72745 149.548
8.76976 149.56
8.81335 149.6
8.85684 149.637
8.89907 149.647
8.94224 149.677
8.98401 149.677
9.02754 149.715
9.07252 149.782
9.11467 149.789
9.15682 149.797
9.19898 149.804
9.24259 149.842
9.28779 149.912
9.63492 150.162
9.67881 150.202
9.72247 150.237
9.8128 150.365
9.85781 150.425
9.89999 150.43
9.94401 150.47
11.3845 153.592
