-24.8696 83.8996
-24.843 83.8975
7.74365 134.503
7.78161 134.505
7.81956 134.507
7.85724 134.503
7.91763 134.17
8.48538 132.674
8.51986 132.615
8.6565 132.358
8.69231 132.328
8.7278 132.291
8.96874 131.904
9.00515 131.888
9.04166 131.874
9.07848 131.866
9.11421 131.837
9.14818 131.777
9.2529 131.65
9.28833 131.617
9.32486 131.605
9.35925 131.555
9.39565 131.541
9.43001 131.491
9.46503 131.452
9.50014 131.416
9.53409 131.36
9.5694 131.328
9.60596 131.318
9.64216 131.302
9.67847 131.287
9.7142 131.263
9.75049 131.249
9.78596 131.221
9.82142 131.193
9.85486 131.131
9.89005 131.099
9.92534 131.069
9.9605 131.037
9.99708 131.029
10.0328 131.007
10.0681 130.977
10.1031 130.943
10.138 130.909
10.1732 130.879
10.2095 130.867
10.2449 130.841
10.2817 130.837
10.3172 130.813
10.3539 130.807
10.388 130.761
10.4243 130.749
10.4592 130.717
10.4947 130.693
10.5311 130.683
10.5675 130.675
10.6031 130.653
10.6392 130.639
10.6746 130.615
10.7103 130.595
10.7468 130.589
10.7829 130.575
10.8189 130.561
10.854 130.534
10.8901 130.52
10.9261 130.506
10.9618 130.488
10.9985 130.484
11.0349 130.476
11.0707 130.46
11.107 130.45
11.1427 130.432
11.1787 130.418
11.2148 130.406
11.2507 130.392
11.2871 130.384
11.3224 130.36
11.3586 130.35
11.3949 130.342
11.4304 130.322
11.4659 130.303
11.502 130.291
11.5386 130.287
11.5757 130.291
11.6123 130.287
11.6474 130.261
11.6836 130.251
11.7192 130.233
11.756 130.233
11.7931 130.237
11.8299 130.235
11.8661 130.227
11.9026 130.221
11.9393 130.219
11.9753 130.207
12.0117 130.201
12.0482 130.197
12.0844 130.187
12.1205 130.177
12.1569 130.171
12.1937 130.171
12.2301 130.165
12.2662 130.155
12.3031 130.155
12.3392 130.145
12.3752 130.135
12.4125 130.141
12.4493 130.141
12.4883 130.169
12.5245 130.161
12.5604 130.149
12.5968 130.143
12.6326 130.129
12.6702 130.139
12.7073 130.143
12.7438 130.139
12.7803 130.135
12.8168 130.131
12.8526 130.117
12.8891 130.113
12.9258 130.111
12.9623 130.107
12.9992 130.109
13.0368 130.119
13.0741 130.124
13.1113 130.128
13.1479 130.126
13.1844 130.122
13.2211 130.12
13.2584 130.126
13.2957 130.132
13.333 130.138
13.3701 130.142
13.4066 130.138
13.4434 130.138
13.4806 130.142
13.518 130.15
13.5563 130.167
13.5939 130.177
13.6312 130.183
13.6691 130.195
13.706 130.197
13.7432 130.201
13.7807 130.209
13.8187 130.222
13.8547 130.212
13.8914 130.21
13.9284 130.212
13.9664 130.226
14.0047 130.244
14.0424 130.254
14.0797 130.26
14.1177 130.273
14.1563 130.293
14.1945 130.309
14.2318 130.315
14.269 130.319
14.3064 130.325
14.3445 130.338
14.3827 130.354
14.4206 130.366
14.4587 130.38
14.4957 130.382
14.5329 130.386
14.5708 130.398
14.6096 130.419
14.6488 130.445
14.6865 130.455
14.7246 130.469
14.7633 130.488
14.8018 130.506
14.8397 130.518
14.8773 130.526
14.9174 130.562
14.9556 130.576
14.9939 130.591
15.0323 130.607
15.0708 130.625
15.1088 130.637
15.1472 130.653
15.1863 130.677
15.225 130.696
15.2629 130.706
15.3014 130.724
15.3422 130.766
15.381 130.786
15.4198 130.806
15.4588 130.827
15.4982 130.853
15.5389 130.893
15.5777 130.913
15.6171 130.939
15.6556 130.955
15.6944 130.975
15.7343 131.005
15.7773 131.068
15.8156 131.082
15.8532 131.088
15.8921 131.108
15.9334 131.152
15.9736 131.186
16.0136 131.216
16.0516 131.226
16.0938 131.28
16.1344 131.316
16.1739 131.342
16.2137 131.37
16.2549 131.412
16.2957 131.45
16.3375 131.498
16.3779 131.532
16.4188 131.57
16.4597 131.609
16.5024 131.665
16.5435 131.705
16.5838 131.737
16.6268 131.795
16.6679 131.836
16.7087 131.872
16.7538 131.951
16.7954 131.995
16.8367 132.035
16.88 132.096
16.9252 132.175
16.9669 132.219
17.0087 132.264
17.0513 132.316
17.1955 132.633
17.2364 132.667
17.2748 132.678
17.3165 132.72
17.5818 133.475
17.6234 133.514
17.6643 133.547
