-17.8403 137.399
-17.7963 137.342
-17.4763 136.82
-17.4347 136.784
-17.2978 136.557
-17.256 136.519
-17.2115 136.454
-17.1702 136.42
-17.1296 136.393
-16.8717 136.086
-16.8305 136.052
-16.7919 136.044
-16.7512 136.015
-16.7066 135.946
-16.6655 135.912
-16.6248 135.883
-16.5832 135.844
-16.5428 135.817
-16.3785 135.682
-16.338 135.652
-16.3 135.65
-16.2595 135.621
-16.1764 135.542
-16.1336 135.488
-16.0951 135.48
-16.0554 135.46
-16.0188 135.472
-15.9758 135.416
-15.935 135.383
-15.8965 135.375
-15.8563 135.348
-15.8159 135.319
-15.7774 135.31
-15.7372 135.284
-15.6966 135.253
-15.6565 135.226
-15.6182 135.22
-15.5798 135.211
-15.5415 135.205
-15.5001 135.164
-15.4611 135.149
-15.4227 135.141
-15.3829 135.118
-15.3426 135.089
-15.3035 135.073
-15.264 135.052
-15.2261 135.05
-15.1879 135.044
-15.1484 135.024
-15.1099 135.013
-15.0698 134.986
-15.0314 134.978
-14.9938 134.978
-14.9556 134.972
-14.9162 134.952
-14.8776 134.941
-14.8378 134.917
-14.7995 134.908
-14.7617 134.906
-14.7229 134.894
-14.6844 134.884
-14.6463 134.878
-14.6088 134.88
-14.5721 134.89
-14.5339 134.884
-14.4931 134.847
-14.4532 134.82
-14.4145 134.808
-14.3766 134.804
-14.3381 134.793
-14.2999 134.787
-14.2623 134.787
-14.2245 134.785
-14.1866 134.781
-14.1486 134.777
-14.1105 134.771
-14.0713 134.752
-14.0322 134.734
-13.9941 134.728
-13.9561 134.724
-13.9185 134.724
-13.8813 134.728
-13.8435 134.726
-13.8052 134.718
-13.7663 134.701
-13.7285 134.699
-13.6907 134.697
-13.6524 134.689
-13.6148 134.689
-13.5776 134.693
-13.5403 134.697
-13.503 134.701
-13.4656 134.703
-13.428 134.703
-13.39 134.699
-13.3527 134.703
-13.3158 134.712
-13.2782 134.712
-13.2409 134.716
-13.2034 134.718
-13.1656 134.716
-13.1285 134.722
-13.091 134.724
-13.0537 134.728
-13.0177 134.749
-12.9791 134.737
-12.942 134.743
-12.9057 134.761
-12.8687 134.77
-12.8308 134.766
-12.7928 134.762
-12.754 134.745
-12.7168 134.751
-12.6793 134.753
-12.642 134.758
-12.6044 134.758
-12.5667 134.758
-12.5297 134.766
-12.4928 134.776
-12.4552 134.776
-12.4184 134.789
-12.3809 134.791
-12.3433 134.791
-12.3055 134.789
-12.2683 134.795
-12.2324 134.82
-12.1954 134.828
-12.1583 134.836
-12.1209 134.84
-12.0841 134.853
-12.0471 134.861
-12.0098 134.867
-11.9733 134.884
-11.9372 134.906
-11.9004 134.919
-11.8633 134.927
-11.8258 134.929
-11.7884 134.933
-11.752 134.952
-11.7149 134.96
-11.6784 134.979
-11.6413 134.987
-11.6039 134.991
-11.5674 135.01
-11.5303 135.018
-11.494 135.039
-11.4572 135.053
-11.4205 135.068
-11.3843 135.091
-11.3482 135.115
-11.311 135.124
-11.2748 135.146
-11.2373 135.151
-11.2004 135.163
-11.1652 135.202
-11.1282 135.213
-11.0912 135.225
-11.0556 135.258
-11.0181 135.263
-10.9821 135.29
-10.946 135.316
-10.9086 135.323
-10.8728 135.354
-10.8369 135.383
-10.7997 135.393
-10.7636 135.42
-10.7261 135.424
-10.6901 135.454
-10.6555 135.506
-10.6185 135.518
-10.581 135.524
-10.5451 135.556
-10.5093 135.589
-10.4734 135.62
-10.437 135.645
-10.3996 135.651
-10.3636 135.683
-10.3276 135.714
-10.2917 135.747
-10.11 135.879
-9.82226 136.151
-9.64188 136.321
-9.60443 136.331
-9.56957 136.388
-9.53504 136.451
-9.49908 136.489
-9.46299 136.524
-9.42688 136.56
-9.3218 136.729
-9.28573 136.767
-9.25033 136.817
-9.21423 136.855
-9.17936 136.917
-9.14514 136.991
-9.11078 137.063
-9.07403 137.09
-9.03739 137.12
-9.00184 137.171
-8.96893 137.273
-8.93278 137.313
-8.89606 137.343
-8.86098 137.404
-8.82762 137.5
-8.79302 137.573
-8.7585 137.647
