3.00239 137.744
3.03963 137.644
3.0777 137.594
3.11571 137.542
3.36892 136.543
3.40616 136.468
3.44245 136.346
3.48059 136.321
3.518 136.259
3.55395 136.126
3.59133 136.067
3.6294 136.041
3.66718 136.003
3.70414 135.927
3.74129 135.861
3.77883 135.814
3.81533 135.721
3.85245 135.657
3.89001 135.615
3.92722 135.558
3.96421 135.492
4.00176 135.452
4.03929 135.412
4.07631 135.351
4.1133 135.29
4.15092 135.256
4.18837 135.216
4.22581 135.176
4.26308 135.129
4.30116 135.117
4.33855 135.077
4.37523 135.01
4.41226 134.957
4.44965 134.919
4.48696 134.879
4.52454 134.85
4.56198 134.817
4.5987 134.756
4.63622 134.726
4.67424 134.716
4.71238 134.71
4.7497 134.674
4.78638 134.616
4.82419 134.599
4.86106 134.549
4.8985 134.52
4.9364 134.507
4.97333 134.461
5.01116 134.446
5.04843 134.413
5.08574 134.382
5.12354 134.367
5.16034 134.319
5.19805 134.303
5.23488 134.257
5.2727 134.244
5.31071 134.238
5.348 134.209
5.38529 134.18
5.42269 134.155
5.46041 134.14
5.4978 134.116
5.53557 134.103
5.5728 134.074
5.61008 134.047
5.64736 134.02
5.68483 133.999
5.72228 133.979
5.76001 133.966
5.79781 133.956
5.83531 133.937
5.87274 133.916
5.91023 133.898
5.94764 133.877
5.98519 133.861
6.02243 133.836
6.06018 133.825
6.09727 133.796
6.13493 133.784
6.17281 133.778
6.21076 133.774
6.24818 133.755
6.28575 133.741
6.32354 133.732
6.36094 133.714
6.39834 133.695
6.43596 133.683
6.47349 133.668
6.51079 133.648
6.54894 133.65
6.58702 133.65
6.62485 133.644
6.6622 133.625
6.69979 133.613
6.73737 133.601
6.7747 133.582
6.81251 133.576
6.85008 133.563
6.88797 133.559
6.92594 133.557
6.96375 133.551
7.00138 133.541
7.0385 133.518
7.07569 133.498
7.11365 133.496
7.15169 133.496
7.18956 133.492
7.22734 133.485
7.26521 133.481
7.30263 133.467
7.34013 133.455
7.37754 133.44
7.41477 133.422
7.45253 133.416
7.49055 133.416
7.52849 133.414
7.56633 133.41
7.60417 133.405
7.6421 133.403
7.68068 133.416
7.71918 133.426
7.75796 133.443
7.79542 133.431
7.83241 133.408
7.86977 133.394
7.90741 133.385
7.94495 133.375
7.98354 133.387
8.02156 133.388
8.05939 133.383
8.09751 133.386
8.13592 133.394
8.17463 133.408
8.21286 133.413
8.25058 133.407
8.28861 133.407
8.32694 133.413
8.36588 133.432
8.40452 133.444
8.44265 133.446
8.48058 133.444
8.51851 133.442
8.55655 133.442
8.59479 133.446
8.63334 133.457
8.67201 133.469
8.71037 133.476
8.74851 133.478
8.78666 133.48
8.82534 133.492
8.86382 133.501
8.90197 133.503
8.94034 133.509
8.9785 133.511
9.01688 133.517
9.05525 133.524
9.09352 133.528
9.13169 133.53
9.1703 133.54
9.20902 133.553
9.24764 133.563
9.28615 133.572
9.32512 133.588
9.36364 133.597
9.40227 133.607
9.44126 133.624
9.47945 133.626
9.51764 133.628
9.55687 133.649
9.59577 133.663
9.63467 133.678
9.67346 133.69
9.71273 133.711
9.75129 133.719
9.79058 133.74
9.82927 133.751
9.86785 133.759
9.90716 133.78
9.94551 133.784
9.9841 133.792
10.0238 133.819
10.0634 133.844
10.1019 133.851
10.1417 133.88
10.1815 133.907
10.2202 133.917
10.2589 133.926
10.2986 133.953
10.3384 133.98
10.3773 133.992
10.4169 134.015
10.4564 134.038
10.4955 134.053
10.5354 134.082
10.5744 134.095
10.614 134.118
10.6539 134.145
10.6928 134.157
10.7347 134.216
10.7749 134.247
10.814 134.262
10.855 134.306
10.8939 134.316
10.934 134.346
10.9747 134.385
11.0139 134.4
11.0539 134.427
11.0933 134.444
11.1321 134.453
11.173 134.494
11.2151 134.553
11.2558 134.589
11.296 134.618
11.3366 134.654
11.3759 134.669
11.4177 134.721
11.4582 134.755
11.4982 134.78
11.5374 134.793
11.5797 134.852
11.6227 134.921
11.6631 134.951
11.7019 134.957
11.7855 135.058
11.9525 135.252
12.295 135.746
12.3396 135.831
12.3809 135.87
12.4241 135.934
12.8383 136.846
