-1.85221 142.697
-1.81195 142.697
-1.77164 142.692
-0.513646 139.794
-0.473999 139.785
-0.434295 139.756
-0.394585 139.721
-0.0774375 139.398
-0.037901 139.391
0.0016624 139.331
0.0411999 139.269
0.0807041 139.256
0.159681 139.187
0.199162 139.181
0.238619 139.147
0.278064 139.116
0.317487 139.079
0.356896 139.043
0.396335 139.035
0.435739 139.01
0.475119 138.979
0.514517 138.962
0.553821 138.911
0.593232 138.906
0.632615 138.893
0.671863 138.84
0.711225 138.827
0.750508 138.794
0.789784 138.763
0.82913 138.752
0.868374 138.719
0.907623 138.69
0.94686 138.662
0.986207 138.657
1.02556 138.655
1.06491 138.651
1.10423 138.645
1.14352 138.631
1.18258 138.583
1.2217 138.545
1.26083 138.515
1.30005 138.497
1.33937 138.495
1.37867 138.491
1.4179 138.478
1.45714 138.467
1.49622 138.436
1.53543 138.423
1.57473 138.421
1.61404 138.421
1.65326 138.41
1.69247 138.399
1.73164 138.384
1.77086 138.375
1.80997 138.355
1.84918 138.346
1.88837 138.336
1.92757 138.327
1.96668 138.309
2.00573 138.287
2.04492 138.279
2.08418 138.277
2.12338 138.27
2.16251 138.257
2.20144 138.229
2.24052 138.213
2.27968 138.205
2.31889 138.2
2.35802 138.189
2.39699 138.167
2.43607 138.154
2.47553 138.17
2.515 138.185
2.5542 138.181
2.59337 138.175
2.63253 138.168
2.67166 138.159
2.71088 138.157
2.75003 138.151
2.78902 138.133
2.82803 138.118
2.86706 138.105
2.90578 138.072
2.94437 138.033
2.98352 138.028
3.02315 138.053
3.06364 138.127
3.10319 138.145
3.14168 138.101
3.1808 138.095
3.22 138.093
3.25908 138.084
3.29884 138.113
3.33828 138.124
3.37753 138.124
3.4166 138.115
3.45601 138.124
3.49573 138.148
3.53502 138.151
3.57414 138.144
3.61352 138.151
3.6529 138.157
3.69193 138.147
3.73113 138.144
3.77075 138.162
3.81014 138.169
3.84934 138.167
3.88855 138.165
3.92785 138.167
3.96729 138.176
4.00704 138.198
4.04644 138.204
4.08575 138.207
4.12511 138.211
4.16447 138.216
4.20389 138.222
4.24341 138.234
4.2831 138.251
4.32274 138.267
4.36222 138.276
4.4015 138.276
4.44077 138.276
4.48071 138.302
4.52021 138.311
4.5596 138.316
4.59899 138.32
4.63902 138.349
4.67894 138.373
4.71835 138.378
4.75788 138.387
4.79753 138.4
4.837 138.407
4.87666 138.42
4.91651 138.44
4.95594 138.444
4.99537 138.449
5.03543 138.475
5.07574 138.511
5.11519 138.515
5.1547 138.522
5.19428 138.531
5.23516 138.584
5.27482 138.595
5.31436 138.602
5.35456 138.631
5.3941 138.637
5.43432 138.666
5.47368 138.666
5.51337 138.677
5.55444 138.733
5.59409 138.742
5.63437 138.77
5.67388 138.775
5.71368 138.788
5.75456 138.835
5.79416 138.842
5.83456 138.873
5.87432 138.884
5.9149 138.919
5.9563 138.979
5.99594 138.986
6.03648 139.019
6.07621 139.028
6.11686 139.064
6.15736 139.095
6.19773 139.122
6.23741 139.129
6.80873 139.631
7.05707 139.911
7.09739 139.929
7.14076 140.023
7.18184 140.059
7.22284 140.093
7.26295 140.104
7.34916 140.273
7.86533 141.19
