-3.54689 142.179
-3.50685 142.17
-3.46637 142.138
-3.17076 141.203
-3.13024 141.154
-3.08959 141.095
-3.04919 141.05
-3.00779 140.945
-2.96643 140.839
-2.92572 140.77
-2.88587 140.752
-2.84474 140.654
-2.80365 140.555
-2.76354 140.517
-2.72373 140.497
-2.68328 140.435
-2.64287 140.372
-2.60277 140.33
-2.56237 140.265
-2.52203 140.203
-2.48231 140.183
-2.44205 140.123
-2.40175 140.059
-2.36184 140.021
-2.32197 139.986
-2.28209 139.948
-2.24195 139.888
-2.20227 139.864
-2.16228 139.813
-2.12271 139.795
-2.08273 139.742
-2.04292 139.702
-2.00339 139.685
-1.96347 139.632
-1.92376 139.596
-1.88431 139.583
-1.84449 139.535
-1.805 139.517
-1.76535 139.482
-1.7257 139.444
-1.68608 139.409
-1.64649 139.376
-1.60698 139.35
-1.56758 139.335
-1.52788 139.284
-1.48848 139.266
-1.44876 139.209
-1.40944 139.198
-1.37019 139.196
-1.33059 139.148
-1.29129 139.137
-1.25197 139.124
-1.21255 139.095
-1.17313 139.065
-1.13369 139.027
-1.0943 138.997
-1.05494 138.971
-1.01573 138.966
-0.976457 138.951
-0.937096 138.918
-0.897805 138.896
-0.858598 138.89
-0.819363 138.877
-0.780065 138.848
-0.740807 138.827
-0.701602 138.816
-0.662385 138.801
-0.623088 138.761
-0.583903 138.75
-0.544701 138.733
-0.505539 138.727
-0.466361 138.714
-0.427184 138.698
-0.387997 138.677
-0.348838 138.664
-0.309695 138.657
-0.270555 138.651
-0.231411 138.64
-0.192272 138.629
-0.153119 138.599
-0.11399 138.586
-0.0748676 138.573
-0.0357505 138.562
0.0033624 138.549
0.0424723 138.547
0.0815799 138.54
0.120678 138.523
0.159775 138.512
0.19887 138.504
0.23795 138.486
0.277039 138.48
0.316126 138.473
0.355216 138.469
0.394303 138.465
0.433374 138.454
0.472423 138.437
0.511508 138.435
0.55058 138.428
0.589656 138.424
0.628747 138.424
0.667821 138.42
0.706868 138.409
0.745911 138.398
0.784969 138.392
0.824034 138.388
0.863098 138.383
0.902183 138.384
0.94128 138.386
0.980366 138.386
1.01935 138.369
1.05838 138.36
1.09741 138.352
1.13648 138.35
1.17557 138.352
1.21465 138.352
1.25378 138.359
1.29279 138.348
1.33184 138.344
1.37088 138.339
1.40993 138.335
1.44899 138.333
1.48793 138.316
1.52697 138.312
1.56618 138.327
1.6054 138.342
1.64428 138.321
1.68336 138.321
1.72237 138.314
1.76139 138.308
1.80049 138.31
1.83972 138.326
1.87909 138.352
1.91827 138.361
1.95743 138.368
1.99662 138.377
2.03582 138.386
2.07512 138.403
2.11428 138.408
2.15349 138.417
2.19265 138.421
2.23181 138.426
2.27103 138.435
2.31031 138.448
2.34952 138.455
2.38872 138.461
2.42787 138.464
2.46711 138.472
2.50642 138.486
2.5457 138.497
2.58492 138.504
2.62418 138.512
2.66335 138.515
2.70254 138.519
2.74185 138.53
2.78126 138.548
2.82058 138.559
2.85997 138.575
2.89937 138.59
2.9387 138.601
2.97819 138.621
3.01768 138.641
3.05692 138.645
3.09612 138.648
3.13545 138.657
3.17489 138.672
3.21442 138.692
3.25396 138.712
3.29327 138.719
3.33261 138.728
3.37226 138.752
3.41209 138.785
3.4515 138.796
3.49096 138.809
3.53043 138.823
3.56995 138.838
3.60961 138.86
3.64919 138.878
3.68892 138.903
3.72833 138.911
3.7685 138.956
3.80812 138.973
3.84765 138.987
3.88753 139.015
3.92746 139.046
3.96678 139.049
4.00614 139.053
4.04646 139.1
4.08604 139.113
4.12604 139.144
4.16574 139.162
4.20639 139.219
4.24654 139.255
4.28622 139.271
4.32667 139.317
4.36616 139.324
4.4062 139.353
4.44581 139.364
4.48599 139.397
4.52635 139.437
4.56661 139.473
4.72772 139.611
4.76747 139.624
4.80861 139.689
4.84905 139.727
4.88945 139.762
4.92974 139.794
4.97029 139.834
5.01156 139.898
5.05196 139.932
5.09239 139.965
5.13379 140.032
5.17438 140.07
5.21414 140.079
5.46217 140.44
5.50278 140.474
5.54425 140.534
5.58519 140.577
5.6253 140.593
5.6662 140.634
5.88139 141.154
5.92255 141.197
5.9635 141.234
6.00402 141.256
6.33978 145.233
6.38132 145.259
6.42156 145.247
6.46155 145.229
6.50211 145.226
6.54351 145.248
