-2.63757 137
-2.59907 136.995
-2.56058 136.991
-1.92864 135.5
-1.73539 135.233
-1.69696 135.195
-1.65831 135.132
-1.42763 134.833
-1.38959 134.822
-1.35148 134.803
-1.31347 134.795
-1.2753 134.766
-1.08407 134.532
-1.04614 134.526
-1.00807 134.497
-0.96996 134.458
-0.931899 134.424
-0.893875 134.395
-0.855736 134.341
-0.817805 134.325
-0.779793 134.289
-0.741861 134.269
-0.704009 134.264
-0.666134 134.254
-0.628121 134.206
-0.590182 134.173
-0.552327 134.161
-0.514354 134.109
-0.476518 134.097
-0.438626 134.061
-0.400761 134.03
-0.362969 134.026
-0.325091 133.979
-0.287301 133.968
-0.249519 133.96
-0.211684 133.91
-0.173916 133.9
-0.136147 133.884
-0.0983886 133.873
-0.0606227 133.836
-0.0228752 133.807
0.0148593 133.801
0.0525869 133.774
0.0903125 133.77
0.128022 133.743
0.165737 133.737
0.203445 133.727
0.241132 133.704
0.278826 133.692
0.316496 133.669
0.354188 133.663
0.391851 133.645
0.429531 133.636
0.467207 133.628
0.504856 133.612
0.542498 133.595
0.580126 133.577
0.617782 133.568
0.655403 133.552
0.693034 133.54
0.730634 133.521
0.768262 133.511
0.805866 133.497
0.843494 133.488
0.88113 133.482
0.918773 133.478
0.956437 133.478
0.994031 133.466
1.03158 133.447
1.06919 133.439
1.10675 133.425
1.14434 133.414
1.182 133.417
1.21964 133.415
1.25722 133.404
1.29481 133.396
1.33237 133.386
1.36987 133.367
1.40748 133.363
1.44515 133.367
1.48281 133.369
1.52038 133.361
1.55782 133.339
1.59544 133.337
1.63303 133.333
1.67063 133.328
1.70822 133.324
1.74581 133.32
1.7834 133.316
1.82103 133.316
1.85866 133.316
1.89621 133.308
1.93374 133.3
1.97142 133.304
2.0091 133.308
2.04692 133.325
2.08461 133.329
2.12224 133.329
2.15985 133.327
2.19738 133.318
2.23509 133.325
2.27218 133.284
2.30989 133.29
2.34758 133.294
2.38535 133.304
2.42301 133.306
2.46058 133.302
2.49824 133.304
2.53593 133.308
2.57356 133.308
2.61126 133.312
2.64902 133.321
2.68675 133.327
2.72442 133.329
2.76202 133.327
2.79972 133.331
2.83753 133.341
2.87527 133.347
2.91284 133.343
2.95052 133.345
2.98823 133.35
3.02591 133.352
3.06373 133.362
3.1016 133.374
3.13932 133.378
3.17697 133.378
3.21473 133.385
3.25269 133.401
3.29054 133.411
3.32839 133.422
3.36617 133.428
3.40391 133.432
3.44173 133.44
3.47952 133.446
3.51739 133.457
3.55531 133.469
3.59323 133.481
3.63112 133.492
3.66897 133.5
3.70677 133.506
3.74472 133.518
3.78317 133.553
3.82099 133.56
3.85877 133.564
3.89664 133.572
3.93452 133.58
3.97254 133.595
4.01067 133.613
4.0488 133.632
4.0868 133.644
4.12465 133.65
4.16275 133.667
4.20086 133.683
4.23908 133.704
4.27706 133.714
4.3154 133.739
4.35375 133.764
4.39179 133.776
4.43021 133.803
4.46822 133.813
4.50672 133.842
4.54501 133.863
4.58292 133.869
4.62112 133.886
4.65921 133.898
4.69741 133.915
4.73637 133.958
4.77466 133.977
4.81301 133.998
4.85113 134.01
4.88968 134.037
4.928 134.056
4.96638 134.076
5.00569 134.128
5.04434 134.157
5.08252 134.17
5.12107 134.195
5.15976 134.224
5.1979 134.234
5.23654 134.261
5.27489 134.278
5.31432 134.33
5.35269 134.346
5.39216 134.398
5.43107 134.432
5.46993 134.463
5.50834 134.479
5.54782 134.529
5.58679 134.563
5.62577 134.596
5.6647 134.627
5.70296 134.638
5.74274 134.694
5.7813 134.713
5.82119 134.772
5.86027 134.805
5.89943 134.841
5.93947 134.901
5.97867 134.937
6.01868 134.995
6.05814 135.037
6.09747 135.075
6.13786 135.142
6.1773 135.182
6.21646 135.214
6.25662 135.273
6.4166 135.483
6.57874 135.741
6.61955 135.81
7.08957 137.044
7.13056 137.106
7.17202 137.179
