-2.86071 160.185
-2.81735 160.199
-2.77369 160.191
-2.73002 160.183
-2.68548 160.109
-2.64006 159.966
-2.28468 159.324
-2.24097 159.295
-2.19783 159.314
-1.75898 158.725
-1.71544 158.69
-1.67176 158.636
-1.62823 158.599
-1.58489 158.582
-1.32423 158.37
-1.28063 158.302
-1.15061 158.203
-1.10727 158.165
-1.06414 158.163
-1.02084 158.128
-0.977544 158.09
-0.934392 158.079
-0.891122 158.042
-0.847984 158.031
-0.804607 157.961
-0.761439 157.937
-0.718281 157.913
-0.675189 157.905
-0.63203 157.876
-0.588925 157.86
-0.545842 157.849
-0.502728 157.825
-0.459669 157.82
-0.416531 157.777
-0.373412 157.734
-0.330366 157.723
-0.287301 157.696
-0.244282 157.697
-0.201257 157.691
-0.158224 157.675
-0.115174 157.622
-0.0721673 157.614
-0.0291634 157.606
0.0138372 157.568
0.0568217 157.531
0.099803 157.523
0.142781 157.515
0.18576 157.512
0.228716 157.488
0.271678 157.478
0.314636 157.467
0.357557 157.438
0.400507 157.43
0.443483 157.435
0.486429 157.427
0.529358 157.414
0.572304 157.409
0.615257 157.406
0.658208 157.403
0.701149 157.398
0.744068 157.387
0.786951 157.369
0.829904 157.369
0.872798 157.356
0.915663 157.337
0.958545 157.324
1.00141 157.308
1.04432 157.302
1.08723 157.297
1.13017 157.297
1.17315 157.305
1.21611 157.308
1.25907 157.311
1.30196 157.303
1.34479 157.287
1.38765 157.276
1.43053 157.268
1.47338 157.257
1.51625 157.249
1.5591 157.239
1.602 157.236
1.64521 157.271
1.68831 157.29
1.73129 157.295
1.77421 157.292
1.81673 157.247
1.85989 157.271
1.90279 157.268
1.94581 157.276
1.98842 157.244
2.03124 157.234
2.07425 157.242
2.11741 157.263
2.16043 157.271
2.2034 157.274
2.24633 157.274
2.2893 157.277
2.33233 157.285
2.37543 157.298
2.4184 157.301
2.46141 157.306
2.50452 157.319
2.54751 157.322
2.59045 157.322
2.63344 157.325
2.67653 157.335
2.71959 157.344
2.76254 157.344
2.80546 157.341
2.84845 157.344
2.89152 157.352
2.93463 157.362
2.97775 157.373
3.02087 157.384
3.06391 157.389
3.107 157.397
3.15009 157.405
3.19306 157.405
3.23646 157.432
3.28023 157.48
3.32349 157.496
3.36665 157.507
3.41006 157.531
3.45347 157.555
3.49671 157.568
3.53995 157.582
3.58295 157.582
3.62591 157.579
3.66896 157.582
3.71222 157.595
3.75574 157.622
3.79932 157.651
3.84301 157.686
3.88631 157.699
3.93003 157.734
3.97334 157.748
4.01638 157.748
4.05958 157.756
4.1029 157.769
4.14691 157.815
4.19036 157.833
4.23411 157.866
4.27782 157.895
4.32124 157.911
4.36455 157.922
4.40793 157.935
4.45217 157.986
4.49593 158.016
4.54027 158.07
4.58363 158.081
4.62693 158.089
4.67023 158.097
4.71392 158.121
4.7573 158.132
4.80206 158.199
4.84639 158.247
4.89074 158.296
4.93491 158.336
4.97916 158.379
5.02275 158.396
5.06621 158.406
5.11086 158.463
5.15511 158.504
5.19959 158.552
5.24409 158.601
5.2884 158.641
5.33215 158.66
5.37634 158.695
5.42151 158.766
5.46507 158.777
5.51022 158.844
5.55502 158.899
5.59969 158.947
5.64415 158.988
5.68878 159.034
5.73336 159.078
5.7793 159.167
5.82488 159.244
5.86962 159.29
5.91429 159.333
5.95915 159.382
6.00419 159.437
6.14243 159.696
6.1887 159.786
6.23579 159.901
6.28094 159.953
