-11.8191 120.164
-11.7824 120.135
-11.7456 120.104
-11.2024 119.27
-11.1675 119.261
-11.1302 119.219
-11.0936 119.186
-10.9825 119.069
-10.945 119.023
-10.9069 118.969
-10.872 118.959
-10.7245 118.804
-10.6899 118.797
-10.6527 118.753
-10.6178 118.743
-10.436 118.579
-10.3989 118.535
-10.3647 118.533
-10.2928 118.478
-10.257 118.452
-10.2225 118.446
-10.1851 118.397
-10.1493 118.37
-10.1146 118.36
-10.0791 118.338
-10.0437 118.317
-10.0088 118.304
-9.97202 118.262
-9.93624 118.235
-9.90069 118.211
-9.86615 118.203
-9.83161 118.194
-9.79521 118.157
-9.76058 118.147
-9.72518 118.125
-9.6898 118.104
-9.65519 118.094
-9.62004 118.075
-9.585 118.058
-9.5488 118.023
-9.51442 118.016
-9.48026 118.013
-9.44504 117.993
-9.40973 117.971
-9.37537 117.964
-9.34008 117.942
-9.30458 117.917
-9.27024 117.91
-9.2361 117.907
-9.19981 117.868
-9.16467 117.848
-9.13044 117.843
-9.09744 117.858
-9.06433 117.872
-9.0301 117.866
-8.99528 117.851
-8.95906 117.813
-8.92416 117.796
-8.88936 117.781
-8.85427 117.761
-8.82057 117.764
-8.78696 117.769
-8.75267 117.762
-8.71751 117.741
-8.68352 117.739
-8.64914 117.73
-8.61448 117.717
-8.57973 117.702
-8.54555 117.697
-8.5111 117.687
-8.47674 117.678
-8.44238 117.67
-8.40822 117.665
-8.37443 117.667
-8.34046 117.665
-8.30621 117.658
-8.2715 117.643
-8.23689 117.63
-8.20283 117.626
-8.16896 117.626
-8.1349 117.623
-8.10085 117.619
-8.06635 117.608
-8.03185 117.596
-7.99772 117.591
-7.96358 117.586
-7.92954 117.582
-7.89567 117.582
-7.86198 117.586
-7.82812 117.586
-7.7939 117.579
-7.75969 117.572
-7.72548 117.565
-7.69153 117.564
-7.65767 117.564
-7.62364 117.56
-7.5896 117.557
-7.55557 117.553
-7.52146 117.548
-7.48752 117.547
-7.4539 117.552
-7.42045 117.56
-7.38634 117.555
-7.35248 117.555
-7.31878 117.558
-7.28492 117.558
-7.25097 117.556
-7.21719 117.558
-7.18356 117.563
-7.14977 117.564
-7.11591 117.564
-7.08267 117.577
-7.04982 117.599
-7.01508 117.581
-6.98137 117.584
-6.94749 117.584
-6.91339 117.579
-6.87952 117.579
-6.8458 117.582
-6.81223 117.589
-6.7785 117.592
-6.74455 117.59
-6.71023 117.58
-6.67673 117.588
-6.64344 117.602
-6.60957 117.601
-6.57583 117.605
-6.5421 117.608
-6.50836 117.611
-6.47434 117.608
-6.44074 117.614
-6.40715 117.621
-6.37397 117.638
-6.34065 117.651
-6.30725 117.663
-6.27405 117.679
-6.24064 117.691
-6.20687 117.694
-6.17352 117.707
-6.13982 117.712
-6.10619 117.719
-6.07282 117.732
-6.03958 117.749
-6.00614 117.76
-5.97268 117.772
-5.93909 117.78
-5.90557 117.79
-5.87223 117.805
-5.83869 117.815
-5.80515 117.825
-5.77154 117.833
-5.73831 117.852
-5.70456 117.857
-5.67125 117.873
-5.63768 117.883
-5.60436 117.9
-5.5709 117.913
-5.53714 117.918
-5.50343 117.925
-5.46971 117.931
-5.436 117.938
-5.40258 117.953
-5.36886 117.96
-5.33519 117.968
-5.30252 118.005
-5.26908 118.02
-5.23527 118.025
-5.20176 118.038
-5.16841 118.056
-5.13488 118.07
-5.10163 118.092
-5.06843 118.115
-5.03471 118.123
-5.00132 118.142
-4.96821 118.168
-4.93508 118.195
-4.90139 118.205
-4.86845 118.239
-4.8348 118.25
-4.80163 118.277
-4.76834 118.301
-4.73456 118.309
-4.70131 118.334
-4.66783 118.353
-4.63398 118.359
-4.6008 118.388
-4.56746 118.411
-4.53364 118.42
-4.50079 118.46
-4.46701 118.47
-4.43412 118.511
-4.40037 118.522
-4.3677 118.571
-4.33389 118.581
-4.30031 118.6
-4.26678 118.62
-4.2329 118.628
-4.19958 118.657
-4.16677 118.704
-4.13347 118.735
-4.10007 118.762
-4.06675 118.792
-4.03323 118.816
-3.99997 118.849
-3.96705 118.897
-3.93363 118.925
-3.90023 118.956
-3.86678 118.985
-3.83332 119.013
-3.80014 119.054
-3.76682 119.09
-3.73382 119.139
-3.70039 119.171
-3.66685 119.2
-3.63367 119.244
-3.59974 119.258
-3.56657 119.304
-3.53261 119.317
-3.49941 119.363
-3.46634 119.416
-3.43271 119.445
-3.3991 119.476
-3.36586 119.523
-3.3326 119.571
-3.20032 119.809
-3.16676 119.848
-3.13344 119.9
-3.09967 119.93
-3.06634 119.984
-3.0326 120.018
-2.99957 120.088
