20.6196 145.123
20.668 145.193
20.7191 145.288
20.7572 145.266
20.7911 145.207
20.8258 145.155
20.6861 142.15
20.7163 142.066
20.7446 141.966
20.7752 141.886
20.8095 141.838
20.8303 141.674
20.8622 141.606
20.8958 141.554
20.9263 141.475
20.9546 141.377
20.9893 141.334
21.0239 141.291
21.0832 141.122
21.1178 141.079
21.1499 141.016
21.1844 140.973
21.2173 140.916
21.2509 140.867
21.2838 140.811
21.3201 140.784
21.3478 140.685
21.3771 140.599
21.4152 140.588
21.453 140.575
21.4863 140.523
21.5203 140.478
21.5549 140.438
21.5899 140.402
21.6223 140.344
21.6584 140.317
21.6902 140.254
21.7222 140.194
21.7564 140.151
21.7941 140.138
21.8277 140.091
21.8624 140.053
21.8967 140.013
21.9322 139.981
21.9696 139.966
22.0017 139.908
22.0363 139.87
22.072 139.841
22.1074 139.81
22.145 139.796
22.1787 139.752
22.2143 139.723
22.2471 139.672
22.2836 139.65
22.3177 139.61
22.3547 139.592
22.3911 139.57
22.4244 139.523
22.4614 139.505
22.4969 139.476
22.5321 139.445
22.5682 139.421
22.6056 139.408
22.6405 139.374
22.6751 139.339
22.7112 139.315
22.7494 139.308
22.7877 139.301
22.8234 139.275
22.8594 139.25
22.8971 139.239
22.9339 139.221
22.967 139.175
23.0037 139.157
23.0397 139.133
23.0753 139.106
23.1095 139.069
23.1448 139.04
23.1832 139.036
23.2214 139.029
23.257 139.002
23.2934 138.983
23.3307 138.969
23.3677 138.954
23.4053 138.943
23.4414 138.921
23.4775 138.899
23.5118 138.863
23.5493 138.852
23.5872 138.843
23.6253 138.837
23.6622 138.821
23.7 138.812
23.7369 138.797
23.7738 138.782
23.8104 138.764
23.8453 138.733
23.8815 138.713
23.9199 138.709
23.9574 138.698
23.9922 138.667
24.029 138.652
24.0671 138.645
24.1036 138.627
24.1407 138.614
24.176 138.588
24.2129 138.572
24.2518 138.572
24.2904 138.57
24.3263 138.548
24.3634 138.535
24.4029 138.539
24.4409 138.532
24.4795 138.53
24.5151 138.506
24.5534 138.502
24.5904 138.488
24.6259 138.464
24.6667 138.477
24.7139 138.536
24.7546 138.549
24.7917 138.536
24.8266 138.508
24.8627 138.488
24.9022 138.492
24.942 138.499
24.9825 138.51
25.0232 138.523
25.0637 138.533
25.1023 138.531
25.1396 138.52
25.1766 138.507
25.2149 138.502
25.2522 138.491
25.2895 138.48
25.3265 138.467
25.3644 138.461
25.4036 138.463
25.4453 138.482
25.4848 138.487
25.5221 138.476
25.5584 138.458
25.5986 138.467
25.6387 138.475
25.6779 138.477
25.7171 138.48
25.756 138.479
25.7942 138.475
25.8334 138.477
25.8748 138.495
25.9156 138.508
25.9558 138.516
25.9943 138.514
26.0329 138.512
26.0688 138.492
26.1057 138.479
26.1478 138.501
26.1887 138.514
26.2285 138.52
26.267 138.518
26.3066 138.522
26.3464 138.529
26.3879 138.546
26.4274 138.55
26.4666 138.552
26.5058 138.554
26.5467 138.567
26.5885 138.587
26.6277 138.589
26.6702 138.613
26.7098 138.618
26.7487 138.617
26.7885 138.624
26.8291 138.635
26.869 138.641
26.9099 138.654
26.9501 138.663
26.9906 138.674
27.0339 138.702
27.0772 138.731
27.1174 138.739
27.1567 138.741
27.1979 138.757
27.2395 138.774
27.2825 138.8
27.3224 138.807
27.3624 138.813
27.4047 138.835
27.447 138.857
27.488 138.87
27.5307 138.894
27.5706 138.901
27.6102 138.905
27.6543 138.938
27.695 138.949
27.7391 138.982
27.7829 139.012
27.8256 139.037
27.8663 139.048
27.9063 139.054
27.947 139.065
27.994 139.115
28.035 139.129
28.0779 139.153
28.121 139.179
28.1653 139.212
28.2109 139.254
28.2552 139.287
28.2946 139.289
28.3343 139.293
28.3782 139.324
28.4193 139.337
28.4662 139.386
28.5084 139.405
28.5584 139.474
28.6039 139.514
28.649 139.551
28.6938 139.586
28.7834 139.657
28.8286 139.695
28.8731 139.728
28.9216 139.785
28.9661 139.819
29.0074 139.832
29.0566 139.894
29.0979 139.907
