-24.7011 138.873
-24.3799 138.524
-24.3396 138.513
-24.2965 138.483
-24.2565 138.475
-24.2101 138.42
-24.1705 138.414
-24.1265 138.377
-24.079 138.314
-24.0393 138.308
-23.9958 138.273
-23.9522 138.238
-23.912 138.228
-23.8655 138.171
-23.8208 138.128
-23.7815 138.124
-23.7401 138.105
-23.6975 138.077
-23.6532 138.035
-23.6094 137.999
-23.5708 137.999
-23.401 137.889
-23.3583 137.859
-23.319 137.855
-23.2798 137.851
-23.2379 137.828
-23.1984 137.821
-22.9446 137.658
-22.9091 137.683
-22.8671 137.657
-22.8273 137.648
-22.7847 137.618
-22.7418 137.586
-22.7023 137.58
-22.66 137.552
-22.6208 137.548
-22.5817 137.544
-22.5434 137.547
-22.5048 137.547
-22.463 137.524
-22.4208 137.496
-22.3811 137.488
-22.3419 137.484
-22.3016 137.471
-22.2597 137.445
-22.2191 137.43
-22.1831 137.45
-22.1445 137.451
-22.1048 137.442
-22.0656 137.438
-22.0265 137.435
-21.9857 137.418
-21.9443 137.396
-21.9049 137.39
-21.8658 137.386
-21.8245 137.365
-21.7872 137.376
-21.7487 137.376
-21.7098 137.375
-21.669 137.358
-21.6274 137.334
-21.5897 137.341
-21.5508 137.339
-21.5117 137.335
-21.4718 137.325
-21.4332 137.325
-21.3946 137.326
-21.3557 137.324
-21.3161 137.316
-21.2748 137.294
-21.2341 137.277
-21.1952 137.275
-21.1574 137.282
-21.1194 137.287
-21.0819 137.296
-21.0441 137.303
-21.0057 137.306
-20.9687 137.319
-20.9293 137.313
-20.8889 137.298
-20.849 137.288
-20.8125 137.305
-20.7754 137.319
-20.7371 137.321
-20.6982 137.319
-20.6578 137.305
-20.6171 137.288
-20.5787 137.29
-20.5391 137.282
-20.5018 137.293
-20.4639 137.3
-20.4276 137.32
-20.3916 137.342
-20.3542 137.353
-20.3151 137.349
-20.2762 137.347
-20.2391 137.361
-20.1989 137.348
-20.1595 137.342
-20.1194 137.329
-20.0815 137.336
-20.0449 137.354
-20.0067 137.359
-19.9656 137.337
-19.9262 137.331
-19.8875 137.332
-19.8489 137.332
-19.8122 137.35
-19.7778 137.387
-19.7461 137.448
-19.7101 137.473
-19.6727 137.484
-19.6372 137.512
-19.6 137.526
-19.5618 137.531
-19.5241 137.54
-19.4876 137.56
-19.4494 137.564
-19.4109 137.567
-19.3724 137.569
-19.3352 137.583
-19.3006 137.62
-19.264 137.64
-19.2258 137.645
-19.1873 137.647
-19.1488 137.65
-19.1103 137.653
-19.0734 137.67
-19.0388 137.708
-19.0026 137.732
-18.9655 137.748
-18.9282 137.761
-18.8906 137.773
-18.8547 137.799
-18.8187 137.826
-18.7816 137.841
-18.7456 137.868
-18.7071 137.87
-18.6692 137.88
-18.6351 137.924
-18.5974 137.935
-18.5621 137.968
-18.5263 137.997
-18.4888 138.01
-18.453 138.039
-18.4146 138.044
-18.3762 138.049
-18.3408 138.082
-18.2698 138.146
-18.2341 138.177
-18.1959 138.184
-18.1579 138.193
-18.1229 138.231
-18.0874 138.264
-18.0519 138.298
-17.9806 138.362
-17.9458 138.402
-17.9104 138.438
-17.8717 138.44
-17.8325 138.438
-17.7293 138.574
-17.6209 138.661
-17.5879 138.721
-17.552 138.752
-17.5138 138.761
-17.4757 138.77
-17.4421 138.826
-17.4066 138.862
-17.2328 139.083
-17.091 139.235
-17.0576 139.295
-16.778 139.652
-15.8148 140.753
-15.7836 140.846
-15.7478 140.889
-15.7115 140.926
