-24.8707 83.9047
-24.8437 83.9005
2.55669 145.536
2.59637 145.489
2.63569 145.418
2.67454 145.317
2.71375 145.244
2.75297 145.174
2.79281 145.145
2.83205 145.08
2.87122 145.012
2.91034 144.941
2.94968 144.887
2.98884 144.824
3.02841 144.787
3.06772 144.735
3.10618 144.635
3.14572 144.6
3.18524 144.564
3.22463 144.522
3.26341 144.448
3.30267 144.401
3.34216 144.369
3.38168 144.338
3.42092 144.294
3.45971 144.227
3.49908 144.192
3.53858 144.164
3.57798 144.131
3.61695 144.078
3.6564 144.05
3.69603 144.031
3.73466 143.964
3.77383 143.925
3.81337 143.904
3.85251 143.864
3.89198 143.841
3.93099 143.797
3.97044 143.774
4.01013 143.762
4.0495 143.737
4.08819 143.681
4.12706 143.635
4.16629 143.605
4.20582 143.589
4.24502 143.559
4.28453 143.543
4.32343 143.501
4.36298 143.487
4.40247 143.471
4.44161 143.441
4.48056 143.404
4.52002 143.388
4.5597 143.381
4.59862 143.344
4.63788 143.321
4.67706 143.296
4.7163 143.273
4.75589 143.264
4.79504 143.238
4.83425 143.215
4.87338 143.19
4.9125 143.165
4.95193 143.151
4.99135 143.137
5.03038 143.109
5.0694 143.082
5.10892 143.073
5.14857 143.068
5.1875 143.038
5.2266 143.015
5.26624 143.01
5.30594 143.008
5.3453 142.994
5.38445 142.974
5.42393 142.964
5.46306 142.944
5.50253 142.935
5.54207 142.928
5.5816 142.921
5.62113 142.914
5.65958 142.873
5.69939 142.875
5.73839 142.852
5.7779 142.845
5.81718 142.831
5.85669 142.824
5.89626 142.82
5.93598 142.82
5.97555 142.815
6.01512 142.81
6.05468 142.806
6.09354 142.781
6.13255 142.76
6.17218 142.758
6.21196 142.76
6.25151 142.755
6.29098 142.748
6.33052 142.744
6.37006 142.739
6.40943 142.73
6.44896 142.725
6.48833 142.716
6.52778 142.709
6.56722 142.702
6.60674 142.698
6.64651 142.7
6.68637 142.704
6.72572 142.695
6.76412 142.661
6.80319 142.645
6.84339 142.659
6.88447 142.695
6.92495 142.716
6.96367 142.69
7.00317 142.686
7.04313 142.693
7.08281 142.693
7.12223 142.686
7.16182 142.683
7.20178 142.69
7.24146 142.69
7.28105 142.688
7.32055 142.683
7.35985 142.674
7.39962 142.676
7.43978 142.688
7.47955 142.69
7.51914 142.687
7.55911 142.694
7.59908 142.701
7.63896 142.706
7.67923 142.719
7.71921 142.726
7.7589 142.726
7.79869 142.728
7.83827 142.726
7.87766 142.719
7.91613 142.691
7.95611 142.698
7.99651 142.714
8.03681 142.728
8.07701 142.739
8.11773 142.762
8.15763 142.767
8.19764 142.773
8.23765 142.78
8.27829 142.801
8.31746 142.789
8.35823 142.812
8.39943 142.844
8.43978 142.858
8.47993 142.867
8.51964 142.867
8.55935 142.867
8.60027 142.892
8.64131 142.919
8.68148 142.928
8.72199 142.944
8.76272 142.965
8.80245 142.965
8.84252 142.972
8.8835 142.997
8.92336 142.999
8.96332 143.003
9.00433 143.029
9.04581 143.063
9.08637 143.079
9.12648 143.086
9.16729 143.106
9.20752 143.115
9.24917 143.152
9.29037 143.18
9.33146 143.205
9.37184 143.216
9.41198 143.223
9.45321 143.251
9.49325 143.255
9.53352 143.264
9.57479 143.292
9.61557 143.31
9.65846 143.368
9.70039 143.407
9.7422 143.444
9.78203 143.443
9.82211 143.448
9.86257 143.459
9.90532 143.512
9.9458 143.524
9.98744 143.556
10.0305 143.614
10.0714 143.632
10.1132 143.667
10.155 143.701
10.197 143.738
10.2377 143.752
10.2793 143.782
10.3216 143.824
10.3647 143.879
10.4067 143.916
10.4487 143.951
10.4892 143.96
10.5313 143.997
10.5751 144.064
10.6161 144.08
10.6592 144.133
10.7015 144.173
10.9148 144.396
10.957 144.431
10.9994 144.47
11.268 144.925
11.3101 144.958
11.3516 144.979
11.3923 144.988
11.4337 145.007
11.6724 145.599
11.7157 145.646
