6.15111 136.406
6.18715 136.332
6.22247 136.238
6.25874 136.172
6.29584 136.129
6.47527 135.761
6.51247 135.725
6.54941 135.683
6.58569 135.623
6.6217 135.558
6.65785 135.496
6.69503 135.462
6.73204 135.424
6.76804 135.361
6.805 135.323
6.84212 135.289
6.87797 135.224
6.91589 135.211
6.95212 135.156
6.98875 135.112
7.02467 135.051
7.06066 134.992
7.09826 134.973
7.13568 134.95
7.17318 134.929
7.20988 134.889
7.24638 134.845
7.28225 134.787
7.31907 134.751
7.35605 134.719
7.39311 134.69
7.42989 134.655
7.4672 134.632
7.50322 134.579
7.54086 134.565
7.5774 134.525
7.61512 134.512
7.65125 134.464
7.68858 134.443
7.72496 134.402
7.76246 134.385
7.80014 134.372
7.8359 134.318
7.8726 134.285
7.91054 134.279
7.9477 134.256
7.98523 134.241
8.02228 134.216
8.05911 134.187
8.09584 134.156
8.13354 134.145
8.17034 134.116
8.20803 134.106
8.24401 134.06
8.28168 134.05
8.31934 134.039
8.35629 134.015
8.39313 133.988
8.43067 133.975
8.46769 133.952
8.50522 133.94
8.54243 133.921
8.57984 133.907
8.61641 133.876
8.65423 133.869
8.69204 133.863
8.72879 133.836
8.76585 133.816
8.80279 133.793
8.83972 133.77
8.87718 133.758
8.91485 133.749
8.95219 133.735
8.98952 133.72
9.02674 133.704
9.06406 133.689
9.10159 133.679
9.13924 133.671
9.17632 133.652
9.2135 133.636
9.25135 133.632
9.28908 133.625
9.32648 133.613
9.36375 133.599
9.40147 133.592
9.4392 133.586
9.4768 133.578
9.51417 133.566
9.55176 133.557
9.58947 133.551
9.62682 133.539
9.66417 133.527
9.70151 133.514
9.73884 133.502
9.77665 133.498
9.81469 133.498
9.85225 133.49
9.88981 133.481
9.92676 133.463
9.96407 133.45
10.0017 133.444
10.0394 133.438
10.0763 133.42
10.1139 133.411
10.1519 133.411
10.1901 133.416
10.2279 133.412
10.2657 133.407
10.3031 133.397
10.3395 133.37
10.3775 133.37
10.4162 133.383
10.455 133.395
10.4938 133.408
10.5331 133.428
10.5721 133.445
10.6088 133.422
10.6453 133.4
10.6815 133.371
10.7193 133.367
10.7585 133.385
10.7969 133.392
10.8345 133.385
10.8726 133.388
10.9109 133.392
10.9495 133.4
10.9879 133.406
11.0258 133.404
11.0632 133.396
11.1011 133.394
11.1391 133.394
11.1773 133.396
11.2157 133.402
11.254 133.407
11.2918 133.405
11.3299 133.405
11.3677 133.403
11.4062 133.409
11.4444 133.413
11.4837 133.432
11.5226 133.444
11.561 133.45
11.5996 133.459
11.638 133.465
11.6762 133.467
11.7145 133.471
11.7538 133.49
11.792 133.492
11.8302 133.494
11.8686 133.5
11.9078 133.517
11.9466 133.527
11.9854 133.538
12.0237 133.542
12.0627 133.557
12.1023 133.577
12.1409 133.586
12.1797 133.596
12.2188 133.611
12.2577 133.623
12.2961 133.627
12.3355 133.646
12.3738 133.65
12.4122 133.654
12.4512 133.667
12.4909 133.69
12.529 133.69
12.569 133.717
12.6083 133.733
12.6481 133.756
12.687 133.767
12.7258 133.777
12.7661 133.806
12.8051 133.819
12.844 133.829
12.8827 133.837
12.9214 133.846
12.9621 133.879
13.0027 133.912
13.0419 133.927
13.0805 133.933
13.1202 133.954
13.1609 133.987
13.2018 134.023
13.2419 134.048
13.2813 134.064
13.3211 134.085
13.36 134.096
13.4003 134.123
13.4394 134.135
13.4794 134.158
13.52 134.19
13.5614 134.229
13.6019 134.259
13.6405 134.265
13.6826 134.313
13.7218 134.326
13.7638 134.374
13.8034 134.39
13.844 134.42
13.8844 134.447
13.924 134.464
13.9665 134.516
14.0061 134.533
14.0484 134.583
14.0881 134.6
14.1287 134.629
14.1719 134.688
14.2129 134.722
14.2543 134.76
14.2956 134.795
14.339 134.856
14.3787 134.873
14.4221 134.934
14.4643 134.98
14.5039 134.995
14.5455 135.033
14.589 135.094
14.6307 135.134
14.6738 135.189
14.7169 135.244
14.761 135.312
14.8016 135.337
14.8431 135.373
14.887 135.437
14.9329 135.523
14.9771 135.589
15.0198 135.638
15.0638 135.702
15.1086 135.774
15.1558 135.874
15.2013 135.953
15.2481 136.046
15.2909 136.095
15.3389 136.202
15.3845 136.281
15.4321 136.382
15.5817 136.759
