9.47499 134.927
9.54053 134.725
9.5764 134.681
9.61248 134.641
9.71231 134.375
9.74853 134.34
9.7814 134.246
9.81602 134.183
9.85205 134.146
9.88663 134.083
9.92057 134.011
9.95508 133.948
9.98958 133.886
10.0255 133.849
10.0613 133.809
10.0956 133.745
10.1301 133.685
10.1646 133.625
10.2018 133.61
10.2366 133.556
10.2722 133.515
10.3071 133.463
10.343 133.428
10.3786 133.389
10.4133 133.335
10.4495 133.306
10.4844 133.255
10.5204 133.224
10.5562 133.189
10.592 133.154
10.6276 133.117
10.6625 133.068
10.6994 133.051
10.7343 133.004
10.7708 132.981
10.8058 132.936
10.8424 132.916
10.8774 132.87
10.9142 132.854
10.9484 132.797
10.9854 132.784
11.022 132.764
11.0581 132.737
11.0937 132.703
11.1292 132.668
11.166 132.651
11.2011 132.61
11.2377 132.592
11.2739 132.568
11.3102 132.545
11.3473 132.535
11.3815 132.482
11.4179 132.461
11.4527 132.416
11.4899 132.408
11.5268 132.396
11.5629 132.372
11.5989 132.345
11.6356 132.331
11.6719 132.309
11.709 132.3
11.7448 132.272
11.7803 132.239
11.8166 132.219
11.8531 132.203
11.8889 132.174
11.9253 132.156
11.9623 132.146
11.9991 132.134
12.0354 132.113
12.0722 132.101
12.1083 132.079
12.1442 132.054
12.1812 132.044
12.218 132.032
12.254 132.01
12.2911 132.002
12.3273 131.981
12.3633 131.959
12.4007 131.955
12.4369 131.935
12.4733 131.919
12.5102 131.909
12.5469 131.896
12.5843 131.892
12.6209 131.878
12.6575 131.864
12.6936 131.844
12.7309 131.84
12.7684 131.838
12.8052 131.828
12.8419 131.816
12.8785 131.801
12.9155 131.793
12.9515 131.773
12.9884 131.763
13.0253 131.755
13.0623 131.747
13.0996 131.743
13.1361 131.729
13.1723 131.71
13.2096 131.706
13.2472 131.706
13.2845 131.702
13.3213 131.692
13.3584 131.686
13.3956 131.682
13.4329 131.678
13.4689 131.658
13.5056 131.648
13.5414 131.626
13.5782 131.616
13.6156 131.614
13.6523 131.604
13.6899 131.604
13.7285 131.616
13.7655 131.61
13.8036 131.616
13.8405 131.608
13.8778 131.604
13.9138 131.586
13.9524 131.598
13.9889 131.586
14.0265 131.586
14.0648 131.594
14.1025 131.596
14.1402 131.598
14.1778 131.598
14.2161 131.606
14.2548 131.62
14.2922 131.618
14.3296 131.616
14.367 131.614
14.4042 131.61
14.4418 131.61
14.4795 131.612
14.5173 131.615
14.555 131.617
14.5928 131.619
14.6307 131.623
14.6682 131.623
14.706 131.625
14.7439 131.629
14.7815 131.629
14.8192 131.631
14.8577 131.641
14.8967 131.657
14.9346 131.661
14.9722 131.661
15.0103 131.667
15.049 131.68
15.0885 131.702
15.1258 131.698
15.1631 131.696
15.2007 131.696
15.239 131.704
15.2783 131.722
15.317 131.735
15.3557 131.747
15.3934 131.749
15.431 131.749
15.4697 131.761
15.509 131.779
15.5475 131.789
15.5859 131.798
15.624 131.804
15.6631 131.82
15.7015 131.828
15.7397 131.834
15.779 131.852
15.817 131.857
15.8549 131.861
15.8941 131.877
15.935 131.911
15.9739 131.926
16.0127 131.938
16.0525 131.96
16.0918 131.978
16.1303 131.987
16.1689 131.997
16.2088 132.021
16.2484 132.042
16.2871 132.052
16.3253 132.058
16.3641 132.07
16.4028 132.08
16.4424 132.101
16.482 132.121
16.5225 132.15
16.5614 132.162
16.6026 132.198
16.6415 132.211
16.681 132.229
16.7232 132.274
16.7625 132.29
16.8046 132.335
16.8438 132.349
16.8837 132.372
16.9237 132.394
16.9628 132.409
17.0015 132.419
17.0417 132.443
17.0828 132.476
17.1236 132.507
17.1647 132.539
17.2055 132.57
17.246 132.597
17.2852 132.611
17.3265 132.646
17.3675 132.677
17.4086 132.709
17.4525 132.769
17.4916 132.781
17.5347 132.833
17.5763 132.869
17.6176 132.902
17.659 132.937
17.702 132.987
17.7422 133.009
17.7856 133.063
17.825 133.077
17.8687 133.133
17.9107 133.172
17.9523 133.207
17.9963 133.265
18.0381 133.302
18.0824 133.362
18.1245 133.401
18.1679 133.453
18.2098 133.49
18.2544 133.552
18.2989 133.612
18.3422 133.662
18.3898 133.751
18.4327 133.796
18.4781 133.865
18.5229 133.927
18.5682 133.994
18.6144 134.069
18.7138 134.281
18.7572 134.329
18.8026 134.396
