-24.8702 83.9027
-24.8439 83.9015
4.09591 149.547
4.13534 149.466
4.21255 149.235
4.28969 149.009
4.32948 148.953
4.36892 148.882
4.4082 148.806
4.4474 148.728
4.48674 148.657
4.5267 148.613
4.56574 148.532
4.60542 148.479
4.6447 148.41
4.68463 148.369
4.72381 148.299
4.76307 148.233
4.80294 148.192
4.8426 148.143
4.88154 148.068
4.92134 148.026
4.96048 147.961
5.00076 147.939
5.03992 147.876
5.07964 147.835
5.11935 147.794
5.15918 147.758
5.19898 147.721
5.2385 147.675
5.27807 147.632
5.31707 147.569
5.3566 147.526
5.39527 147.453
5.4349 147.415
5.47529 147.403
5.51531 147.378
5.55475 147.335
5.59425 147.294
5.63453 147.28
5.67436 147.251
5.71418 147.222
5.75458 147.212
5.7949 147.2
5.83454 147.167
5.87333 147.106
5.91339 147.087
5.95275 147.046
5.99271 147.025
6.03274 147.006
6.07237 146.974
6.11191 146.941
6.15175 146.917
6.19118 146.881
6.23156 146.874
6.2717 146.859
6.31142 146.833
6.35088 146.799
6.39083 146.78
6.43093 146.766
6.47086 146.746
6.51103 146.734
6.54967 146.679
6.58888 146.641
6.62843 146.612
6.66882 146.608
6.7092 146.603
6.74959 146.598
6.78962 146.584
6.82832 146.533
6.86851 146.524
6.90861 146.512
6.94861 146.497
6.98824 146.474
7.02832 146.462
7.06857 146.454
7.10864 146.442
7.14897 146.438
7.18922 146.43
7.22899 146.411
7.26931 146.406
7.30945 146.397
7.34882 146.368
7.38837 146.344
7.42858 146.337
7.46879 146.33
7.50909 146.325
7.54968 146.327
7.59008 146.325
7.63038 146.32
7.66978 146.294
7.70907 146.265
7.74875 146.246
7.67083 143.454
7.82949 146.241
7.87007 146.244
7.91075 146.248
7.95132 146.251
7.98963 146.201
8.02854 146.165
8.06836 146.15
8.10913 146.158
8.15011 146.169
8.19014 146.16
8.22942 146.134
8.26998 146.136
8.31064 146.14
8.35065 146.131
8.39055 146.119
8.431 146.119
8.47209 146.133
8.51419 146.169
8.55509 146.178
8.59521 146.171
8.63443 146.145
8.6751 146.149
8.71656 146.171
8.75599 146.149
8.79598 146.139
8.83654 146.142
8.87698 146.142
8.91742 146.142
8.95763 146.137
8.99807 146.137
9.03863 146.139
9.07895 146.137
9.11915 146.132
9.15947 146.129
9.20027 146.136
9.24154 146.153
9.28246 146.162
9.32278 146.16
9.36298 146.155
9.40342 146.155
9.4446 146.169
9.4859 146.185
9.52659 146.19
9.56716 146.192
9.60798 146.199
9.64868 146.204
9.68913 146.204
9.72957 146.204
9.77091 146.22
9.81187 146.23
9.8527 146.237
9.89328 146.239
9.93386 146.241
9.9747 146.248
10.0155 146.255
10.0564 146.263
10.0972 146.27
10.1389 146.291
10.1793 146.291
10.2195 146.286
10.2607 146.298
10.3029 146.329
10.344 146.34
10.3855 146.359
10.4264 146.366
10.468 146.385
10.5091 146.397
10.5507 146.416
10.5931 146.449
10.6339 146.454
10.6749 146.463
10.7172 146.494
10.7603 146.537
10.801 146.542
10.8413 146.537
10.8821 146.541
10.9238 146.563
10.9666 146.601
11.0076 146.608
11.049 146.622
11.0912 146.651
11.1326 146.665
11.1736 146.672
11.2153 146.691
11.2567 146.705
11.2996 146.743
11.342 146.774
11.3832 146.784
11.4254 146.81
11.4673 146.831
11.5114 146.889
11.5526 146.898
11.5938 146.907
11.6366 146.943
11.681 147.003
11.7227 147.02
11.7668 147.075
11.8083 147.089
11.8516 147.13
11.8944 147.163
11.9358 147.175
11.9777 147.194
12.0192 147.208
12.0621 147.242
12.107 147.307
12.1487 147.323
12.1939 147.391
12.2366 147.422
12.2797 147.458
12.3233 147.501
12.4105 147.587
12.4537 147.624
12.497 147.662
12.5425 147.732
12.5844 147.749
12.6298 147.816
12.8082 148.038
13.456 149.096
13.5003 149.14
