-19.4057 131.232
-19.3616 131.169
-19.3178 131.108
-19.2708 131.019
-19.0425 130.63
-18.996 130.544
-18.9524 130.484
-18.9112 130.443
-18.8681 130.386
-18.8253 130.331
-18.7834 130.285
-18.7405 130.228
-18.6997 130.191
-18.6566 130.133
-18.6135 130.074
-18.5704 130.016
-18.5302 129.983
-18.4903 129.952
-18.4501 129.919
-18.4078 129.866
-18.3667 129.825
-18.3262 129.789
-18.2848 129.744
-18.2458 129.721
-18.2042 129.674
-18.1646 129.645
-18.1243 129.61
-18.0835 129.57
-18.0422 129.525
-18.0043 129.512
-17.9622 129.46
-17.9225 129.429
-17.8831 129.402
-17.8455 129.39
-17.8056 129.357
-17.7642 129.311
-17.7262 129.296
-17.6889 129.286
-17.6498 129.261
-17.6102 129.23
-17.5705 129.199
-17.5309 129.168
-17.4917 129.142
-17.4523 129.113
-17.4148 129.101
-17.3763 129.08
-17.3375 129.057
-17.2994 129.04
-17.2586 128.997
-17.2211 128.986
-17.182 128.959
-17.1433 128.936
-17.1063 128.928
-17.0684 128.913
-17.0285 128.878
-16.9911 128.867
-16.9538 128.857
-16.9152 128.834
-16.8767 128.813
-16.8395 128.804
-16.8025 128.796
-16.7654 128.788
-16.7259 128.756
-16.6894 128.754
-16.6528 128.75
-16.6154 128.738
-16.5768 128.715
-16.5386 128.696
-16.5018 128.691
-16.4646 128.681
-16.4269 128.666
-16.3889 128.648
-16.3508 128.629
-16.3138 128.622
-16.277 128.616
-16.2391 128.599
-16.2015 128.585
-16.1634 128.566
-16.1264 128.559
-16.0901 128.557
-16.0523 128.541
-16.0156 128.536
-15.979 128.532
-15.9422 128.526
-15.9051 128.517
-15.8685 128.513
-15.8318 128.507
-15.7933 128.484
-15.7564 128.476
-15.7202 128.476
-15.6833 128.469
-15.6462 128.459
-15.6092 128.452
-15.5727 128.448
-15.536 128.442
-15.4989 128.433
-15.4625 128.431
-15.4274 128.442
-15.3912 128.442
-15.3537 128.429
-15.3172 128.425
-15.2808 128.423
-15.2448 128.425
-15.2084 128.423
-15.1717 128.417
-15.1353 128.415
-15.0997 128.421
-15.0638 128.425
-15.0271 128.419
-14.9907 128.417
-14.9554 128.427
-14.9196 128.431
-14.8837 128.435
-14.8475 128.435
-14.8112 128.433
-14.7748 128.431
-14.7384 128.429
-14.7022 128.429
-14.6667 128.436
-14.6302 128.433
-14.5933 128.425
-14.5576 128.431
-14.5226 128.444
-14.487 128.452
-14.4517 128.461
-14.4141 128.446
-14.3776 128.442
-14.3444 128.477
-14.308 128.475
-14.2721 128.478
-14.2352 128.471
-14.1993 128.475
-14.1645 128.49
-14.1287 128.496
-14.0914 128.482
-14.0553 128.484
-14.0197 128.492
-13.9832 128.488
-13.9463 128.48
-13.9112 128.494
-13.8778 128.526
-13.8427 128.54
-13.8072 128.549
-13.7713 128.553
-13.7349 128.551
-13.6985 128.549
-13.6628 128.555
-13.6276 128.568
-13.5924 128.58
-13.5563 128.582
-13.5203 128.586
-13.4849 128.595
-13.4494 128.605
-13.4138 128.612
-13.3794 128.635
-13.3444 128.651
-13.3086 128.656
-13.2726 128.66
-13.2373 128.672
-13.2024 128.689
-13.1676 128.706
-13.1325 128.721
-13.0968 128.729
-13.061 128.735
-13.0263 128.754
-12.9909 128.766
-12.9552 128.773
-12.9198 128.785
-12.885 128.804
-12.8499 128.819
-12.8145 128.831
-12.7796 128.848
-12.7458 128.881
-12.7105 128.894
-12.6746 128.9
-12.6391 128.909
-12.6044 128.931
-12.57 128.956
-12.5354 128.979
-12.4999 128.99
-12.4653 129.013
-12.4301 129.029
-12.3954 129.05
-12.3608 129.073
-12.3257 129.09
-12.2911 129.113
-12.256 129.131
-12.2224 129.167
-12.187 129.181
-12.1513 129.19
-12.117 129.219
-12.0818 129.235
-12.0478 129.268
-12.0137 129.298
-11.9781 129.31
-11.9432 129.331
-11.9086 129.356
-11.8745 129.389
-11.8391 129.403
-11.8043 129.426
-11.7698 129.453
-11.7354 129.482
-11.7021 129.526
-11.6679 129.557
-11.6344 129.6
-11.5994 129.621
-11.5646 129.645
-11.5296 129.666
-11.4952 129.697
-11.4616 129.738
-11.4289 129.792
-11.3931 129.804
-11.3579 129.823
-11.3222 129.835
-11.2887 129.88
-11.2548 129.918
-11.2223 129.977
-11.1879 130.01
-11.1539 130.047
-11.1202 130.09
-11.0847 130.107
-11.0508 130.146
-11.0178 130.201
-10.9833 130.232
-10.9487 130.263
-10.9144 130.299
-10.8814 130.353
-10.847 130.388
-10.813 130.43
-10.7815 130.508
-10.7467 130.537
-10.712 130.569
-10.6793 130.629
-10.6433 130.641
-10.6105 130.702
-10.4141 131.084
-10.3811 131.145
-10.123 131.745
-10.09 131.811
-10.0585 131.903
-9.9978 132.124
