-2.04549 140.729
-2.00644 140.729
-1.96741 140.731
-1.16555 137.835
-1.12689 137.801
-1.08825 137.767
-0.894675 137.491
-0.855998 137.429
-0.817359 137.37
-0.778852 137.331
-0.740392 137.299
-0.701936 137.265
-0.663487 137.229
-0.625062 137.195
-0.586652 137.161
-0.471373 137.014
-0.43304 136.983
-0.394727 136.953
-0.356411 136.917
-0.318121 136.885
-0.279831 136.847
-0.241524 136.79
-0.203318 136.779
-0.165089 136.749
-0.126842 136.692
-0.08866 136.678
-0.0504864 136.665
-0.0122991 136.614
0.0258559 136.597
0.0640046 136.561
0.102144 136.572
0.140264 136.515
0.178369 136.477
0.216481 136.468
0.254574 136.445
0.292654 136.42
0.330748 136.411
0.368802 136.382
0.406834 136.348
0.444856 136.316
0.482864 136.285
0.520907 136.272
0.558909 136.247
0.597014 136.259
0.635008 136.236
0.672962 136.204
0.710887 136.169
0.748837 136.143
0.786863 136.139
0.824776 136.11
0.862763 136.099
0.900755 136.091
0.93868 136.07
0.976596 136.048
1.01458 136.042
1.05254 136.031
1.09042 136.008
1.12824 135.977
1.16619 135.968
1.20416 135.964
1.24213 135.96
1.28007 135.951
1.31778 135.911
1.35565 135.895
1.39353 135.882
1.43123 135.846
1.46915 135.84
1.50704 135.829
1.54483 135.808
1.58259 135.785
1.62056 135.787
1.65848 135.783
1.69646 135.785
1.7345 135.793
1.77241 135.789
1.81028 135.78
1.84802 135.759
1.88588 135.751
1.92376 135.745
1.96161 135.736
1.99939 135.721
2.03724 135.713
2.07512 135.709
2.11298 135.702
2.15094 135.704
2.18888 135.704
2.22657 135.685
2.2644 135.677
2.30224 135.67
2.34014 135.668
2.37811 135.672
2.41598 135.668
2.45382 135.662
2.49168 135.657
2.52963 135.659
2.56752 135.657
2.60528 135.646
2.64288 135.625
2.68035 135.596
2.71649 135.482
2.75414 135.467
2.79449 135.623
2.8333 135.679
2.87105 135.668
2.9089 135.664
2.94678 135.662
2.9848 135.668
3.02261 135.662
3.06049 135.659
3.09825 135.651
3.13612 135.649
3.17403 135.649
3.21194 135.648
3.24958 135.634
3.28764 135.642
3.32583 135.656
3.36386 135.662
3.40169 135.658
3.43964 135.66
3.47763 135.664
3.51549 135.662
3.55332 135.658
3.59123 135.657
3.6293 135.666
3.66743 135.676
3.70552 135.684
3.74347 135.686
3.78138 135.686
3.8193 135.686
3.8573 135.69
3.89539 135.698
3.9334 135.702
3.97131 135.702
4.00961 135.718
4.04776 135.729
4.08612 135.747
4.12424 135.756
4.16226 135.76
4.20028 135.764
4.23836 135.77
4.27633 135.772
4.31487 135.797
4.35327 135.815
4.39131 135.819
4.4293 135.821
4.46755 135.834
4.50602 135.854
4.54407 135.858
4.58196 135.856
4.61996 135.858
4.65806 135.864
4.69657 135.885
4.73485 135.897
4.77331 135.916
4.81161 135.928
4.84979 135.936
4.88822 135.953
4.92706 135.984
4.96598 136.018
5.00479 136.047
5.04313 136.059
5.08147 136.072
5.12068 136.113
5.15843 136.105
5.19635 136.102
5.23478 136.117
5.27322 136.132
5.31261 136.177
5.35107 136.192
5.38985 136.217
5.42812 136.225
5.46699 136.252
5.50547 136.267
5.54429 136.292
5.58326 136.321
5.62163 136.331
5.66062 136.361
5.69955 136.388
5.73856 136.417
5.77704 136.43
5.816 136.457
5.85434 136.465
5.8934 136.494
5.93326 136.547
5.9717 136.557
6.01072 136.584
6.05005 136.62
6.08932 136.653
6.12868 136.689
6.16858 136.74
6.20722 136.754
6.24588 136.769
6.28522 136.802
6.32427 136.828
6.36364 136.861
6.40326 136.901
6.44359 136.96
6.48294 136.992
6.5223 137.023
6.56175 137.057
6.60122 137.091
6.64159 137.148
6.68052 137.167
6.72093 137.224
6.7608 137.266
6.80043 137.302
6.83992 137.334
6.88059 137.395
7.00107 137.537
7.04107 137.58
7.08187 137.641
7.12183 137.681
7.16381 137.771
7.20277 137.786
7.24367 137.847
7.28603 137.943
7.32735 138.014
7.36736 138.052
7.40748 138.093
