2.98072 154.164
3.02299 154.143
3.62752 152.308
3.66942 152.293
3.831 151.931
3.87189 151.871
3.91363 151.853
3.955 151.818
3.99619 151.775
4.03658 151.694
4.07789 151.659
4.20053 151.498
4.241 151.428
4.28272 151.415
4.44619 151.22
4.48721 151.18
4.52816 151.137
4.56974 151.122
4.61029 151.065
4.65136 151.03
4.69279 151.01
4.73347 150.96
4.77494 150.942
4.81564 150.895
4.85589 150.83
4.89738 150.815
4.93841 150.783
4.98008 150.775
5.02174 150.768
5.06275 150.736
5.10334 150.688
5.14344 150.623
5.18487 150.609
5.22588 150.579
5.26681 150.547
5.3082 150.532
5.3498 150.524
5.39077 150.495
5.43158 150.46
5.47238 150.425
5.51367 150.408
5.55422 150.366
5.59563 150.353
5.63718 150.346
5.67843 150.329
5.71968 150.311
5.76054 150.282
5.80154 150.257
5.84284 150.242
5.88397 150.222
5.92518 150.205
5.96645 150.19
6.00764 150.173
6.04835 150.141
6.08913 150.111
6.13021 150.091
6.17176 150.087
6.21315 150.077
6.25446 150.065
6.29559 150.047
6.33672 150.03
6.37784 150.013
6.41904 149.998
6.46048 149.991
6.50183 149.981
6.54301 149.966
6.58435 149.956
6.62552 149.942
6.66651 149.922
6.70775 149.91
6.74916 149.902
6.79074 149.9
6.83224 149.895
6.87346 149.883
6.91423 149.858
6.95535 149.844
6.99674 149.836
7.03848 149.839
7.07968 149.827
7.12023 149.797
7.16141 149.785
7.20277 149.777
7.24432 149.775
7.28615 149.78
7.32799 149.785
7.36906 149.771
7.40993 149.751
7.45128 149.744
7.49243 149.731
7.53289 149.702
7.57481 149.709
7.61633 149.707
7.65736 149.692
7.69909 149.695
7.74111 149.705
7.78395 149.735
7.82467 149.713
7.86487 149.678
7.90628 149.673
7.94748 149.663
7.99076 149.703
8.03259 149.708
8.07506 149.728
8.11647 149.723
8.15821 149.726
8.20005 149.731
8.24125 149.721
8.28299 149.724
8.32559 149.746
8.36776 149.759
8.40973 149.766
8.45158 149.771
8.49311 149.769
8.53497 149.774
8.57672 149.777
8.61836 149.777
8.66011 149.779
8.70209 149.787
8.74441 149.802
8.78628 149.807
8.82873 149.824
8.87072 149.832
8.91249 149.834
8.95426 149.837
8.99696 149.859
9.03955 149.879
9.08251 149.907
9.12382 149.899
9.16501 149.89
9.20691 149.895
9.24954 149.915
9.29145 149.92
9.33421 149.942
9.37661 149.957
9.41963 149.984
9.46144 149.987
9.50324 149.99
9.5458 150.007
9.58848 150.027
9.63005 150.025
9.67211 150.032
9.71532 150.062
9.75766 150.075
9.79987 150.085
9.84336 150.12
9.88546 150.127
9.92859 150.155
9.97174 150.182
10.0139 150.19
10.0574 150.224
10.0997 150.235
10.1414 150.235
10.183 150.232
10.2266 150.267
10.269 150.28
10.3141 150.342
10.3561 150.347
10.3999 150.385
10.4424 150.397
10.528 150.435
10.5702 150.442
10.6138 150.475
10.6597 150.55
10.7019 150.557
10.874 150.643
10.9194 150.705
10.9623 150.725
11.0076 150.785
11.0516 150.823
11.0941 150.833
11.1381 150.871
11.1806 150.881
11.226 150.941
11.2686 150.954
11.3124 150.987
11.3552 151.002
11.3998 151.047
11.4463 151.125
11.4928 151.2
11.5353 151.21
11.5815 151.281
11.6244 151.296
11.6709 151.372
11.7171 151.44
11.7595 151.447
11.8034 151.478
