-24.8698 83.9006
-24.8432 83.8985
-13.9955 142.869
-13.955 142.858
-12.8801 141.141
-12.8401 141.13
-12.6702 140.95
-12.6293 140.925
-12.5881 140.896
-12.5465 140.863
-12.5066 140.852
-12.4646 140.812
-12.421 140.75
-12.3793 140.712
-12.3376 140.676
-12.2965 140.648
-12.2569 140.641
-12.2155 140.608
-12.1756 140.597
-12.0075 140.426
-11.9681 140.422
-11.9264 140.382
-11.8868 140.376
-11.8463 140.354
-11.8071 140.352
-11.764 140.292
-11.7226 140.257
-11.6815 140.226
-11.6416 140.213
-11.6018 140.202
-11.5615 140.182
-11.5223 140.18
-11.4813 140.149
-11.4415 140.138
-11.4002 140.103
-11.3593 140.074
-11.3187 140.05
-11.279 140.039
-11.2396 140.033
-11.1992 140.011
-11.1598 140.005
-11.1204 139.998
-11.0807 139.987
-11.0401 139.963
-10.9996 139.939
-10.9615 139.953
-10.9207 139.924
-10.8799 139.895
-10.8406 139.889
-10.8001 139.865
-10.761 139.863
-10.7219 139.861
-10.6826 139.857
-10.6426 139.839
-10.6033 139.835
-10.5641 139.831
-10.5242 139.815
-10.4837 139.789
-10.4444 139.785
-10.4051 139.778
-10.3646 139.752
-10.3255 139.75
-10.2864 139.748
-10.2472 139.744
-10.2079 139.738
-10.1686 139.733
-10.1284 139.711
-10.0886 139.696
-10.0501 139.705
-10.0111 139.703
-9.97199 139.701
-9.93292 139.699
-9.89372 139.695
-9.85428 139.686
-9.81582 139.695
-9.77687 139.696
-9.73743 139.687
-9.69799 139.678
-9.65929 139.683
-9.6201 139.679
-9.58006 139.659
-9.54076 139.653
-9.50181 139.653
-9.46275 139.651
-9.4238 139.651
-9.38509 139.656
-9.34626 139.658
-9.30731 139.658
-9.26825 139.656
-9.22907 139.652
-9.3548 142.801
-9.31456 142.79
-9.11531 139.712
-9.07669 139.719
-9.03727 139.71
-8.99796 139.704
-8.95877 139.7
-8.91813 139.667
-8.87861 139.656
-8.84077 139.678
-8.80214 139.685
-8.76274 139.676
-8.72443 139.69
-8.68558 139.692
-8.64661 139.693
-8.6071 139.682
-8.56728 139.664
-8.52746 139.647
-8.48893 139.656
-8.45018 139.66
-8.41122 139.66
-8.37331 139.683
-8.33518 139.701
-8.29704 139.718
-8.25848 139.728
-8.22054 139.75
-8.18258 139.772
-8.144 139.781
-8.10501 139.781
-8.06652 139.793
-8.02834 139.81
-7.98984 139.822
-7.95034 139.811
-7.91163 139.818
-7.87303 139.827
-7.83481 139.845
-7.79717 139.876
-7.75894 139.894
-7.72001 139.896
-7.68128 139.903
-7.64293 139.919
-7.60419 139.925
-7.56582 139.941
-7.52755 139.959
-7.48917 139.975
-7.45069 139.988
-7.41258 140.011
-7.37399 140.022
-7.33521 140.029
-7.29699 140.049
-7.25829 140.058
-7.21986 140.074
-7.18243 140.114
-7.14353 140.118
-7.10508 140.134
-7.06734 140.168
-7.02904 140.188
-6.9903 140.197
-6.95226 140.224
-6.91359 140.235
-6.87474 140.242
-6.83598 140.251
-6.79867 140.298
-6.76007 140.311
-6.72187 140.336
-6.68376 140.363
-6.64496 140.372
-6.60623 140.383
-6.56842 140.419
-6.53125 140.473
-6.49234 140.48
-6.45342 140.486
-6.41539 140.518
-6.37694 140.538
-6.33937 140.583
-6.30042 140.59
-6.2621 140.615
-6.2244 140.657
-6.18676 140.702
-6.14825 140.722
-6.10941 140.734
-6.07157 140.774
-6.03257 140.781
-5.99523 140.837
-5.95719 140.873
-5.91921 140.911
-5.88114 140.948
-5.84306 140.984
-5.80503 141.022
-5.76706 141.062
-5.72899 141.101
-5.69171 141.164
-5.65368 141.205
-5.61535 141.236
-5.57629 141.245
-5.53807 141.282
-5.50152 141.372
-5.46278 141.392
-5.42499 141.444
-5.38601 141.458
-5.34696 141.469
-5.30852 141.501
-5.27039 141.544
-5.23451 141.664
-5.19553 141.68
-5.158 141.746
-5.11998 141.796
-5.08232 141.859
-5.04445 141.916
-5.00617 141.959
-4.81939 142.358
-4.78107 142.406
-4.7425 142.445
-4.70486 142.52
-4.66714 142.594
-4.48233 143.133
-4.28322 144.811
-4.2434 144.826
-4.20287 144.809
-4.16267 144.807
