19.7184 148.51
19.7699 148.608
19.813 148.625
19.8491 148.576
19.8839 148.515
19.6749 144.999
19.7076 144.926
19.7368 144.82
19.7712 144.764
19.8038 144.691
19.8331 144.588
19.9249 144.316
19.9606 144.274
19.9956 144.225
20.0311 144.18
20.0658 144.129
20.0956 144.033
20.1277 143.959
20.16 143.887
20.1961 143.849
20.2315 143.805
20.2642 143.738
20.299 143.689
20.3304 143.61
20.3626 143.538
20.3989 143.503
20.4354 143.471
20.4703 143.424
20.5034 143.362
20.5388 143.32
20.5745 143.281
20.6104 143.244
20.6458 143.202
20.6793 143.144
20.7141 143.098
20.7505 143.066
20.7866 143.031
20.8216 142.987
20.8576 142.953
20.8926 142.909
20.9286 142.874
20.9655 142.846
21.0033 142.828
21.0374 142.777
21.0723 142.734
21.1067 142.685
21.1431 142.655
21.1801 142.63
21.2176 142.609
21.2543 142.582
21.2897 142.543
21.3234 142.49
21.3614 142.474
21.3996 142.46
21.4347 142.419
21.4721 142.398
21.5092 142.375
21.5431 142.325
21.5808 142.306
21.6157 142.265
21.655 142.261
21.6943 142.256
21.7324 142.242
21.7684 142.21
21.8036 142.171
21.8387 142.132
21.8741 142.096
21.9119 142.08
21.95 142.066
21.9881 142.052
22.024 142.02
22.0621 142.006
22.1005 141.995
22.1383 141.979
22.175 141.954
22.2122 141.933
22.2508 141.924
22.2874 141.899
22.3216 141.853
22.359 141.835
22.3979 141.828
22.4365 141.819
22.4742 141.803
22.5122 141.789
22.5493 141.769
22.5853 141.739
22.6216 141.712
22.659 141.694
22.6969 141.68
22.7357 141.673
22.7725 141.65
22.8102 141.634
22.8475 141.616
22.8837 141.589
22.9228 141.584
22.9624 141.584
23.0012 141.577
23.0356 141.536
23.0715 141.507
23.1105 141.502
23.151 141.509
23.1909 141.511
23.2294 141.502
23.2669 141.486
23.3039 141.466
23.3414 141.45
23.381 141.45
23.42 141.445
23.4546 141.406
23.4898 141.372
23.5246 141.336
23.5633 141.329
23.5981 141.293
23.6394 141.307
23.6858 141.358
23.7344 141.426
23.78 141.471
23.8201 141.476
23.8585 141.467
23.8921 141.421
23.9302 141.41
23.9676 141.394
24.0048 141.376
24.0434 141.369
24.083 141.369
24.1216 141.362
24.1612 141.362
24.2017 141.369
24.2418 141.373
24.282 141.377
24.3213 141.375
24.3587 141.359
24.3964 141.346
24.4362 141.348
24.4795 141.375
24.5209 141.388
24.5586 141.375
24.5969 141.365
24.6355 141.359
24.676 141.365
24.7168 141.374
24.7566 141.376
24.7955 141.372
24.8351 141.372
24.8753 141.376
24.9145 141.374
24.954 141.374
24.9939 141.376
25.034 141.38
25.0736 141.38
25.1119 141.371
25.152 141.375
25.1928 141.384
25.2375 141.42
25.2767 141.418
25.3159 141.416
25.3545 141.409
25.3969 141.429
25.4377 141.438
25.4779 141.443
25.5187 141.451
25.5625 141.481
25.6027 141.485
25.6428 141.49
25.6856 141.512
25.7275 141.528
25.7706 141.553
25.8098 141.55
25.8494 141.55
25.8902 141.559
25.9304 141.564
25.9733 141.586
26.0161 141.609
26.057 141.618
26.0972 141.622
26.1411 141.652
26.181 141.654
26.2209 141.656
26.2618 141.665
26.305 141.69
26.3462 141.701
26.3898 141.728
26.4304 141.735
26.4747 141.766
26.5149 141.771
26.5589 141.8
26.6032 141.832
26.6438 141.839
26.6837 141.841
26.7243 141.847
26.7683 141.877
26.8127 141.909
26.8564 141.936
26.8974 141.945
26.939 141.958
26.9838 141.992
27.0275 142.02
27.0692 142.033
27.1157 142.079
27.1567 142.088
27.1984 142.101
27.2446 142.144
27.2846 142.146
27.3339 142.21
27.3784 142.242
27.4272 142.301
27.4693 142.317
27.5152 142.358
27.5605 142.395
27.6009 142.399
27.6441 142.422
27.7404 142.531
27.7823 142.545
27.8266 142.575
27.8766 142.641
27.9185 142.655
28.106 142.838
28.1512 142.872
28.1978 142.916
28.2487 142.987
28.2986 143.051
28.3439 143.085
28.3945 143.154
28.4413 143.198
28.4884 143.244
28.6518 143.521
28.6946 143.539
