-23.7148 135.962
-23.6709 135.922
-23.6275 135.884
-23.3139 135.548
-23.2726 135.525
-23.2336 135.519
-22.9349 135.284
-22.4805 135.019
-22.2721 134.882
-22.2338 134.88
-22.1955 134.878
-22.0728 134.812
-22.0342 134.808
-21.9954 134.802
-21.9539 134.775
-21.9153 134.771
-21.8768 134.767
-21.7908 134.69
-21.7517 134.682
-21.713 134.676
-21.6715 134.649
-21.6322 134.639
-21.5897 134.603
-21.5514 134.602
-21.5121 134.591
-21.4726 134.579
-21.428 134.527
-21.3895 134.523
-21.3518 134.526
-21.313 134.52
-21.274 134.512
-21.2366 134.516
-21.1992 134.521
-21.1612 134.521
-21.1235 134.523
-21.0853 134.522
-21.0463 134.514
-21.0044 134.482
-20.9656 134.476
-20.9279 134.479
-20.8897 134.477
-20.8481 134.448
-20.8071 134.423
-20.7691 134.424
-20.7309 134.422
-20.6927 134.42
-20.6548 134.42
-20.6165 134.419
-20.5778 134.413
-20.5376 134.394
-20.5001 134.399
-20.4624 134.401
-20.4239 134.397
-20.3852 134.391
-20.346 134.381
-20.306 134.365
-20.2683 134.367
-20.2311 134.374
-20.1949 134.389
-20.1569 134.389
-20.1189 134.389
-20.0807 134.388
-20.0413 134.375
-20.0048 134.388
-19.9673 134.393
-19.9303 134.402
-19.8926 134.404
-19.8546 134.404
-19.8166 134.405
-19.7791 134.409
-19.7416 134.414
-19.7034 134.412
-19.6639 134.4
-19.6257 134.398
-19.5882 134.402
-19.5502 134.403
-19.5115 134.397
-19.4737 134.399
-19.4331 134.376
-19.3948 134.375
-19.3607 134.408
-19.3263 134.44
-19.2892 134.449
-19.2488 134.428
-19.2098 134.42
-19.1704 134.408
-19.1321 134.406
-19.0941 134.407
-19.0573 134.417
-19.0207 134.43
-18.9839 134.441
-18.9461 134.443
-18.9059 134.425
-18.8677 134.423
-18.8313 134.438
-18.7958 134.462
-18.7587 134.47
-18.7248 134.508
-18.6912 134.549
-18.6557 134.572
-18.616 134.558
-18.5802 134.579
-18.5435 134.592
-18.5068 134.605
-18.4704 134.62
-18.4355 134.65
-18.3983 134.658
-18.3607 134.663
-18.3239 134.676
-18.2886 134.702
-18.2523 134.719
-18.2164 134.74
-18.179 134.747
-18.1426 134.764
-18.1068 134.785
-18.0695 134.794
-18.0321 134.801
-17.9946 134.807
-17.9567 134.81
-17.9208 134.831
-17.8851 134.855
-17.8507 134.891
-17.8172 134.936
-17.7803 134.949
-17.7428 134.955
-17.707 134.979
-17.6701 134.992
-17.6348 135.02
-17.5988 135.041
-17.5612 135.048
-17.5237 135.054
-17.4865 135.065
-17.4533 135.114
-17.4186 135.148
-17.3816 135.161
-17.3458 135.185
-17.3086 135.196
-17.2733 135.226
-17.2377 135.252
-17.2026 135.284
-17.165 135.29
-17.1277 135.301
-17.0948 135.355
-17.0573 135.364
-17.022 135.394
-16.985 135.407
-16.9522 135.462
-16.9172 135.497
-16.8812 135.52
-16.8433 135.525
-16.806 135.536
-16.7733 135.594
-16.7387 135.632
-16.7038 135.669
-16.6661 135.675
-16.6312 135.712
-16.5957 135.742
-16.5629 135.8
-16.5282 135.839
-16.4906 135.848
-16.4553 135.88
-15.9385 136.53
-15.9015 136.548
-15.8677 136.6
-15.8329 136.641
-15.7996 136.7
-15.7671 136.767
-15.73 136.785
-15.6976 136.854
-15.667 136.943
-15.6299 136.961
-15.5965 137.019
-15.5615 137.061
-15.5315 137.159
-15.5009 137.25
-15.4639 137.27
-15.4306 137.331
-15.3989 137.412
-15.3683 137.504
-15.3354 137.572
-15.301 137.622
-14.7303 137.773
-14.7102 137.994
-14.6809 138.109
-14.6441 138.135
-14.6058 138.144
