-8.35665 120.432
-8.3195 120.384
-8.28341 120.354
-8.24723 120.323
-8.21144 120.299
-8.17548 120.272
-8.09837 120.118
-8.06338 120.108
-8.02849 120.099
-7.99161 120.053
-7.95556 120.022
-7.91864 119.973
-7.88271 119.944
-7.84778 119.934
-7.81126 119.892
-7.77617 119.879
-7.7395 119.834
-7.70373 119.807
-7.66789 119.777
-7.6312 119.731
-7.5959 119.712
-7.5595 119.671
-7.52465 119.661
-7.48836 119.621
-7.45336 119.608
-7.41769 119.58
-7.38212 119.554
-7.34681 119.534
-7.312 119.524
-7.27655 119.5
-7.24061 119.465
-7.20452 119.428
-7.16967 119.416
-7.13498 119.407
-7.09902 119.371
-7.06426 119.361
-7.02888 119.337
-6.99359 119.315
-6.95893 119.306
-6.92373 119.286
-6.88831 119.26
-6.8529 119.235
-6.81827 119.226
-6.78311 119.206
-6.74857 119.199
-6.7141 119.194
-6.67844 119.161
-6.64338 119.143
-6.60819 119.12
-6.5736 119.112
-6.53857 119.093
-6.50413 119.088
-6.46948 119.078
-6.43397 119.047
-6.39926 119.035
-6.36463 119.025
-6.32957 119.004
-6.29467 118.987
-6.26012 118.979
-6.22523 118.962
-6.19056 118.95
-6.1561 118.943
-6.12143 118.931
-6.08657 118.914
-6.05198 118.904
-6.01767 118.9
-5.98323 118.894
-5.94865 118.883
-5.91395 118.87
-5.87925 118.856
-5.8447 118.846
-5.81027 118.839
-5.77572 118.829
-5.74027 118.795
-5.70574 118.785
-5.67153 118.783
-5.63744 118.785
-5.6031 118.78
-5.56876 118.774
-5.53456 118.773
-5.50016 118.766
-5.46559 118.754
-5.43114 118.745
-5.397 118.745
-5.36298 118.749
-5.32859 118.742
-5.29416 118.733
-5.2599 118.73
-5.22564 118.726
-5.19139 118.723
-5.15696 118.714
-5.12237 118.701
-5.08784 118.689
-5.05359 118.686
-5.01958 118.689
-4.98545 118.689
-4.95132 118.689
-4.91702 118.684
-4.88273 118.678
-4.84876 118.683
-4.81458 118.682
-4.78013 118.672
-4.74574 118.663
-4.71166 118.665
-4.67791 118.676
-4.64378 118.676
-4.60975 118.68
-4.57532 118.669
-4.54093 118.661
-4.50696 118.666
-4.47324 118.679
-4.43936 118.688
-4.40518 118.686
-4.37095 118.683
-4.33696 118.688
-4.30259 118.679
-4.26865 118.686
-4.23447 118.684
-4.20006 118.674
-4.16583 118.67
-4.1318 118.674
-4.09785 118.68
-4.064 118.69
-4.02991 118.692
-3.99577 118.692
-3.96164 118.692
-3.92786 118.705
-3.89386 118.71
-3.85976 118.712
-3.82566 118.714
-3.7917 118.72
-3.7576 118.722
-3.72354 118.725
-3.68944 118.727
-3.6555 118.735
-3.6216 118.745
-3.58762 118.752
-3.55367 118.76
-3.51948 118.759
-3.48545 118.764
-3.45176 118.784
-3.41776 118.791
-3.3836 118.791
-3.34948 118.792
-3.31566 118.807
-3.28172 118.817
-3.24767 118.822
-3.21379 118.836
-3.17973 118.841
-3.14563 118.844
-3.11149 118.846
-3.07757 118.858
-3.04363 118.87
-3.00973 118.883
-2.97589 118.9
-2.9418 118.905
-2.90778 118.913
-2.87372 118.92
-2.8397 118.928
-2.80563 118.935
-2.77197 118.964
-2.73799 118.976
-2.70397 118.986
-2.67004 119.001
-2.63613 119.018
-2.6021 119.028
-2.56806 119.038
-2.53399 119.047
-2.50028 119.077
-2.46628 119.091
-2.43233 119.108
-2.39818 119.113
-2.36405 119.119
-2.33011 119.138
-2.29616 119.157
-2.26204 119.165
-2.22797 119.177
-2.19432 119.218
-2.16016 119.224
-2.12622 119.246
-2.09234 119.274
-2.05821 119.284
-2.02416 119.301
-1.98998 119.307
-1.95621 119.347
-1.92204 119.355
-1.88787 119.365
-1.85414 119.409
-1.8199 119.414
-1.7859 119.44
-1.75189 119.466
-1.71765 119.472
-1.68382 119.515
-1.64978 119.54
-1.61576 119.569
-1.5817 119.595
-1.54764 119.622
-1.51341 119.634
-1.47914 119.643
-1.44519 119.684
-1.4111 119.713
-1.37695 119.737
-1.34268 119.749
-1.30871 119.795
-1.27456 119.822
-1.24037 119.846
-1.2062 119.875
-1.17201 119.903
-1.13796 119.949
-1.10361 119.959
-1.06952 120.005
-1.03533 120.04
-1.00125 120.093
-0.966873 120.105
-0.932556 120.127
-0.898229 120.15
-0.864049 120.198
-0.62394 120.48
-0.589535 120.513
-0.555179 120.562
-0.520755 120.598
-0.486358 120.646
-0.451876 120.676
-0.383021 120.785
-0.348499 120.818
-0.31401 120.87
-0.245014 120.998
