-24.8717 83.9097
-24.8434 83.8995
-5.07436 158.216
-5.02968 158.154
-4.98537 158.106
-4.94033 158.028
-4.89626 157.988
-4.85202 157.94
-4.49962 157.59
-4.45635 157.577
-4.41188 157.51
-4.23649 157.345
-4.19265 157.302
-4.14952 157.292
-4.10572 157.249
-4.0621 157.215
-4.01911 157.21
-3.97551 157.175
-3.93242 157.165
-3.88864 157.12
-3.84441 157.05
-3.80072 157.008
-3.75767 156.998
-3.71463 156.987
-3.67128 156.961
-3.62775 156.924
-3.58468 156.91
-3.54137 156.884
-3.49827 156.868
-3.45484 156.834
-3.41189 156.826
-3.36857 156.797
-3.32513 156.76
-3.28203 156.741
-3.2387 156.71
-3.19583 156.704
-3.15262 156.678
-3.10971 156.67
-3.06677 156.66
-3.0235 156.628
-2.98044 156.61
-2.93696 156.562
-2.89404 156.552
-2.85125 156.549
-2.80835 156.539
-2.76537 156.523
-2.72247 156.512
-2.67973 156.513
-2.6368 156.499
-2.59399 156.494
-2.55107 156.481
-2.50802 156.458
-2.46495 156.431
-2.42199 156.413
-2.37917 156.405
-2.33638 156.4
-2.29359 156.395
-2.25068 156.379
-2.20787 156.371
-2.16495 156.353
-2.12211 156.342
-2.07929 156.332
-2.03641 156.316
-1.99362 156.308
-1.95099 156.316
-1.90834 156.322
-1.86553 156.311
-1.82269 156.298
-1.77992 156.29
-1.73704 156.272
-1.6943 156.267
-1.65153 156.259
-1.60879 156.254
-1.56605 156.248
-1.52337 156.251
-1.48072 156.257
-1.43804 156.259
-1.39526 156.249
-1.35251 156.241
-1.30989 156.252
-1.26724 156.26
-1.22456 156.263
-1.18205 156.294
-1.13949 156.318
-1.09682 156.326
-1.0541 156.326
-1.01133 156.316
-0.968238 156.242
-0.925565 156.247
-0.882816 156.237
-0.84006 156.224
-0.79741 156.234
-0.754638 156.216
-0.711964 156.221
-0.669316 156.235
-0.626618 156.235
-0.583928 156.237
-0.541236 156.24
-0.498557 156.248
-0.455888 156.261
-0.413176 156.259
-0.370455 156.251
-0.327757 156.254
-0.285074 156.267
-0.242407 156.296
-0.199714 156.315
-0.157011 156.331
-0.114295 156.339
-0.0715683 156.334
-0.0288446 156.331
0.0138772 156.342
0.0566046 156.358
0.0993353 156.363
0.142072 156.374
0.184821 156.395
0.227572 156.408
0.270329 156.421
0.313096 156.437
0.355857 156.445
0.398616 156.451
0.441384 156.459
0.484186 156.48
0.526977 156.493
0.569767 156.504
0.612609 156.53
0.655455 156.554
0.698293 156.573
0.741139 156.592
0.783963 156.602
0.826814 156.618
0.869648 156.629
0.912488 156.639
0.955307 156.645
0.998234 156.671
1.04119 156.701
1.08407 156.714
1.12694 156.725
1.16984 156.741
1.21289 156.778
1.25584 156.799
1.29879 156.818
1.3419 156.858
1.38483 156.871
1.42781 156.89
1.47076 156.903
1.51382 156.93
1.55692 156.962
1.59988 156.972
1.64301 157.004
1.68604 157.023
1.72943 157.082
1.7724 157.09
1.81541 157.103
1.85871 157.146
1.90198 157.183
1.94531 157.226
1.9889 157.292
2.03214 157.322
2.0754 157.351
2.11844 157.359
2.16206 157.421
2.20524 157.44
2.24863 157.477
2.29214 157.523
2.3356 157.563
2.37909 157.603
2.42236 157.624
2.4661 157.683
2.5093 157.697
2.55292 157.742
2.59694 157.818
2.64028 157.839
2.6844 157.917
2.72851 157.992
2.77221 158.035
2.81592 158.078
2.85969 158.124
2.90384 158.194
2.94746 158.226
2.99162 158.294
3.03536 158.332
3.07937 158.386
3.12327 158.432
3.16733 158.486
3.34702 158.895
3.39124 158.949
3.43544 159
3.90241 160.735
3.94638 160.749
3.99008 160.749
4.03372 160.746
