-13.442 129.395
-13.4045 129.382
-13.2373 129.117
-13.1965 129.063
-13.1575 129.031
-13.1202 129.019
-13.0816 128.99
-13.0401 128.927
-12.9993 128.871
-12.9602 128.837
-12.921 128.8
-12.8805 128.746
-12.8414 128.712
-12.6826 128.538
-12.644 128.507
-12.6054 128.476
-12.5664 128.442
-12.528 128.413
-12.4894 128.383
-12.4521 128.369
-12.4136 128.339
-12.3733 128.285
-12.3343 128.249
-12.2967 128.23
-12.2602 128.226
-12.2233 128.217
-12.1834 128.167
-12.1449 128.137
-12.1067 128.11
-12.0704 128.108
-12.0337 128.101
-11.9951 128.068
-11.9567 128.038
-11.9201 128.032
-11.8842 128.036
-11.8463 128.011
-11.8077 127.979
-11.768 127.929
-11.7308 127.914
-11.6927 127.888
-11.6547 127.861
-11.6165 127.832
-11.5787 127.81
-11.5405 127.779
-11.5038 127.772
-11.4665 127.755
-11.4288 127.732
-11.3919 127.721
-11.355 127.709
-11.3182 127.7
-11.2817 127.694
-11.2455 127.692
-11.2073 127.662
-11.1698 127.641
-11.1328 127.628
-11.0967 127.628
-11.059 127.603
-11.022 127.59
-10.9849 127.575
-10.9475 127.556
-10.9112 127.552
-10.8748 127.546
-10.8381 127.537
-10.8016 127.531
-10.7642 127.51
-10.7257 127.474
-10.6892 127.467
-10.6531 127.467
-10.6172 127.469
-10.5811 127.467
-10.5439 127.45
-10.5065 127.429
-10.4696 127.416
-10.4332 127.41
-10.3962 127.395
-10.3595 127.385
-10.3233 127.381
-10.287 127.378
-10.251 127.378
-10.2146 127.372
-10.1775 127.355
-10.1413 127.353
-10.1053 127.353
-10.0696 127.359
-10.0336 127.359
-9.99675 127.345
-9.95979 127.33
-9.92341 127.325
-9.88704 127.319
-9.85125 127.323
-9.81558 127.328
-9.77944 127.326
-9.74285 127.317
-9.70614 127.306
-9.66921 127.29
-9.63319 127.29
-9.59797 127.304
-9.5624 127.311
-9.52671 127.317
-9.49069 127.317
-9.45467 127.317
-9.41875 127.318
-9.38295 127.322
-9.34648 127.315
-9.3098 127.303
-9.27312 127.292
-9.23808 127.309
-9.20184 127.305
-9.1657 127.303
-9.13011 127.311
-9.09516 127.329
-9.05998 127.345
-9.02384 127.343
-8.98781 127.343
-8.95251 127.356
-8.91616 127.35
-8.87938 127.337
-8.84377 127.344
-8.80815 127.352
-8.77211 127.352
-8.73576 127.346
-8.69993 127.35
-8.66409 127.354
-8.62795 127.352
-8.5916 127.346
-8.55556 127.346
-8.52003 127.355
-8.48418 127.359
-8.44864 127.368
-8.41309 127.378
-8.37753 127.387
-8.34267 127.41
-8.3071 127.419
-8.27143 127.427
-8.23566 127.432
-8.20008 127.442
-8.1646 127.453
-8.12882 127.459
-8.09351 127.474
-8.05772 127.479
-8.02155 127.477
-7.98586 127.485
-7.95044 127.498
-7.91492 127.509
-7.87977 127.528
-7.84405 127.536
-7.80796 127.536
-7.77168 127.532
-7.73633 127.547
-7.70133 127.57
-7.66604 127.587
-7.63021 127.592
-7.59455 127.602
-7.55925 127.619
-7.52403 127.637
-7.48898 127.66
-7.45348 127.673
-7.41814 127.69
-7.38306 127.713
-7.34754 127.726
-7.31149 127.728
-7.27561 127.734
-7.23998 127.745
-7.20469 127.764
-7.16948 127.785
-7.13392 127.798
-7.09861 127.817
-7.06295 127.828
-7.02778 127.851
-6.99278 127.878
-6.95751 127.898
-6.92191 127.912
-6.88588 127.915
-6.85116 127.95
-6.81627 127.98
-6.78071 127.995
-6.74507 128.008
-6.71006 128.037
-6.67503 128.065
-6.63992 128.092
-6.60408 128.101
-6.56879 128.124
-6.53372 128.153
-6.49802 128.166
-6.46286 128.193
-6.42783 128.223
-6.39332 128.267
-6.35736 128.274
-6.32154 128.286
-6.28699 128.33
-6.25137 128.347
-6.21694 128.395
-6.18123 128.41
-6.14588 128.435
-6.11059 128.461
-6.07544 128.492
-6.04027 128.522
-6.00502 128.551
-5.96925 128.566
-5.93468 128.614
-5.89883 128.628
-5.86359 128.658
-5.82939 128.718
-5.79579 128.794
-5.75968 128.802
-5.72417 128.827
-5.68913 128.865
-5.65455 128.917
-5.61941 128.954
-5.58338 128.965
-5.54775 128.988
-5.5123 129.017
-5.4779 129.077
-5.37271 129.202
-5.33821 129.262
-5.30299 129.3
-5.26813 129.35
-5.23268 129.383
-4.85135 130.064
-4.81653 130.127
-4.78093 130.164
-4.74583 130.218
-4.68065 130.504
-4.64555 130.563
-4.60971 130.596
-4.5733 130.61
