10.7158 143.626
10.7564 143.631
10.7967 143.631
10.9193 140.349
10.9557 140.297
10.9908 140.224
11.0245 140.13
11.3044 139.558
11.3394 139.489
11.3747 139.425
11.4127 139.405
11.4484 139.348
11.4832 139.277
11.5179 139.206
11.5542 139.16
11.5908 139.118
11.6269 139.069
11.6635 139.03
11.7 138.988
11.7368 138.95
11.7717 138.884
11.8061 138.812
11.8428 138.774
11.8797 138.739
11.9166 138.706
11.9532 138.667
11.9898 138.629
12.0248 138.568
12.0616 138.533
12.1 138.522
12.1363 138.48
12.1735 138.452
12.2105 138.421
12.2454 138.36
12.2822 138.327
12.3204 138.314
12.3574 138.284
12.3942 138.251
12.4311 138.22
12.4682 138.192
12.506 138.174
12.5429 138.144
12.5796 138.111
12.6145 138.052
12.6523 138.035
12.6872 137.978
12.7239 137.946
12.7631 137.948
12.8015 137.939
12.8384 137.911
12.875 137.878
12.9128 137.861
12.9497 137.832
12.9866 137.804
13.0232 137.772
13.0605 137.75
13.0969 137.715
13.1354 137.709
13.1735 137.698
13.2108 137.676
13.248 137.652
13.2856 137.635
13.3236 137.622
13.3594 137.581
13.3968 137.561
13.4356 137.559
13.474 137.553
13.5118 137.537
13.5485 137.509
13.5866 137.498
13.6238 137.477
13.66 137.442
13.6981 137.431
13.7366 137.427
13.7748 137.418
13.8127 137.405
13.8499 137.384
13.8867 137.358
13.9245 137.345
13.9618 137.325
13.9997 137.313
14.0378 137.304
14.0765 137.302
14.1143 137.289
14.1514 137.267
14.1892 137.254
14.2272 137.243
14.265 137.231
14.3035 137.226
14.3414 137.215
14.3786 137.196
14.4169 137.19
14.4549 137.179
14.4919 137.157
14.53 137.149
14.5665 137.121
14.604 137.105
14.6425 137.101
14.6809 137.097
14.7182 137.08
14.7565 137.073
14.7949 137.069
14.8326 137.056
14.8699 137.039
14.9071 137.019
14.9455 137.015
14.9857 137.032
15.0249 137.037
15.0642 137.043
15.1056 137.073
15.1459 137.091
15.1847 137.091
15.221 137.063
15.2583 137.045
15.2963 137.037
15.3339 137.024
15.3723 137.019
15.4103 137.011
15.4501 137.022
15.4904 137.039
15.5289 137.037
15.5669 137.028
15.6059 137.03
15.6449 137.032
15.6829 137.024
15.7212 137.02
15.7613 137.035
15.8009 137.043
15.8397 137.043
15.8782 137.041
15.9168 137.039
15.9558 137.041
15.9955 137.052
16.0349 137.058
16.073 137.052
16.112 137.054
16.1518 137.065
16.1919 137.08
16.2309 137.082
16.2703 137.089
16.31 137.099
16.349 137.102
16.388 137.104
16.4265 137.102
16.4659 137.108
16.5061 137.123
16.5453 137.127
16.5847 137.134
16.6234 137.134
16.6622 137.134
16.702 137.145
16.7418 137.155
16.7814 137.164
16.8227 137.19
16.8621 137.196
16.9009 137.196
16.9401 137.201
16.9803 137.216
17.0214 137.24
17.0602 137.24
17.0984 137.233
17.1393 137.255
17.1806 137.281
17.2217 137.304
17.2607 137.307
17.2995 137.307
17.3394 137.317
17.3812 137.348
17.4211 137.358
17.4627 137.387
17.5028 137.4
17.5432 137.415
17.5828 137.423
17.6243 137.449
17.664 137.458
17.7054 137.484
17.7451 137.493
17.7844 137.497
17.8239 137.503
17.8654 137.529
17.9886 137.594
18.0732 137.662
18.1127 137.668
18.1547 137.698
18.1945 137.707
18.237 137.742
18.2793 137.774
18.3211 137.803
18.3634 137.835
18.4032 137.844
18.4465 137.885
18.489 137.92
18.5312 137.95
18.5705 137.955
18.6122 137.981
18.6542 138.009
18.694 138.018
18.7346 138.033
18.7812 138.105
18.8246 138.146
18.8654 138.164
18.9133 138.247
18.953 138.253
18.9931 138.264
19.0385 138.323
19.0815 138.36
19.1277 138.426
19.1674 138.433
19.3007 138.581
19.396 138.737
19.4365 138.75
19.4787 138.779
19.522 138.816
19.5662 138.862
19.608 138.886
19.6571 138.977
19.7021 139.03
20.2926 140.089
20.3334 140.102
