-24.8724 83.9128
-24.8437 83.9005
-0.644236 149.475
-0.602998 149.465
-0.478963 149.31
-0.355145 149.161
0.0971848 148.689
0.138212 148.679
0.179193 148.618
0.302127 148.538
0.343106 148.526
0.384038 148.492
0.424955 148.458
0.465851 148.421
0.506744 148.39
0.547684 148.38
0.588532 148.341
0.629355 148.3
0.670269 148.29
0.751914 148.227
0.792816 148.22
0.833567 148.178
0.874456 148.171
0.915224 148.14
0.956113 148.135
0.996848 148.101
1.03771 148.094
1.07845 148.065
1.11918 148.035
1.15999 148.023
1.20065 147.987
1.24134 147.958
1.28215 147.948
1.32295 147.939
1.36382 147.939
1.40425 147.881
1.44481 147.842
1.48553 147.825
1.52627 147.813
1.56712 147.813
1.60798 147.815
1.64878 147.811
1.68942 147.789
1.7301 147.772
1.77086 147.765
1.81165 147.76
1.85248 147.76
1.89323 147.753
1.93376 147.724
1.97435 147.702
2.01512 147.697
2.05604 147.707
2.09683 147.705
2.13751 147.692
2.17804 147.668
2.21859 147.647
2.25928 147.637
2.29987 147.62
2.34021 147.584
2.38094 147.579
2.4217 147.577
2.46261 147.586
2.50327 147.577
2.54399 147.572
2.58468 147.565
2.62523 147.548
2.66559 147.519
2.70647 147.526
2.7476 147.55
2.7886 147.565
2.82912 147.548
2.86957 147.526
2.91012 147.512
2.95089 147.512
2.99193 147.529
3.03298 147.546
3.0736 147.536
3.11417 147.524
3.15503 147.529
3.19568 147.521
3.23612 147.502
3.27642 147.476
3.3174 147.488
3.35825 147.493
3.39928 147.507
3.44005 147.507
3.48077 147.505
3.52154 147.505
3.56226 147.502
3.60321 147.512
3.64412 147.519
3.68494 147.521
3.72576 147.524
3.76658 147.526
3.80735 147.526
3.84817 147.529
3.88895 147.529
3.92962 147.524
3.97039 147.524
4.01131 147.531
4.05229 147.541
4.09333 147.553
4.13438 147.565
4.17537 147.574
4.21604 147.57
4.25655 147.558
4.29722 147.553
4.33805 147.555
4.37933 147.577
4.42086 147.608
4.46217 147.63
4.50296 147.63
4.54375 147.63
4.58466 147.635
4.62558 147.639
4.66643 147.642
4.70747 147.652
4.74888 147.676
4.78975 147.678
4.8308 147.688
4.87293 147.738
4.91407 147.75
4.95488 147.75
4.99557 147.746
5.03652 147.75
5.07773 147.765
5.11909 147.784
5.16025 147.796
5.20195 147.828
5.24299 147.835
5.28403 147.842
5.32563 147.869
5.36675 147.878
5.40844 147.907
5.45043 147.946
5.49221 147.978
5.53323 147.982
5.57424 147.987
5.61599 148.016
5.6573 148.031
5.69907 148.06
5.74085 148.089
5.78189 148.094
5.82301 148.101
5.86406 148.106
5.90626 148.147
5.94833 148.183
5.99033 148.217
6.03172 148.232
6.07479 148.297
6.117 148.336
6.1581 148.341
6.19905 148.341
6.24041 148.353
6.28365 148.421
6.32569 148.453
6.36691 148.46
6.40914 148.497
6.4513 148.531
6.49237 148.533
6.57865 148.655
6.62096 148.691
6.66312 148.723
6.70432 148.728
6.74765 148.791
6.7903 148.835
6.83261 148.87
6.8743 148.887
6.91672 148.923
6.95908 148.957
7.00163 148.997
7.04549 149.07
7.08836 149.117
7.13191 149.18
7.1737 149.197
7.21759 149.268
7.2594 149.286
7.302 149.322
7.52016 149.63
7.56418 149.699
7.74241 150.02
7.78609 150.077
7.83052 150.151
7.87457 150.215
7.91812 150.267
