-15.7101 141.807
-15.6693 141.796
-15.6255 141.751
-15.3892 141.322
-15.3434 141.252
-15.2519 141.112
-15.074 140.886
-15.0286 140.819
-14.9864 140.787
-14.9435 140.749
-14.8127 140.606
-14.7724 140.597
-14.7279 140.539
-14.6826 140.469
-14.4266 140.242
-14.3846 140.211
-14.3426 140.179
-14.302 140.166
-14.2578 140.108
-14.2153 140.07
-14.1711 140.012
-14.1308 140.002
-14.0887 139.968
-14.0484 139.957
-14.0068 139.931
-13.9651 139.902
-13.923 139.869
-13.883 139.862
-13.8412 139.831
-13.8007 139.818
-13.7571 139.765
-13.7167 139.752
-13.6748 139.721
-13.6332 139.692
-13.593 139.681
-13.5514 139.652
-13.5097 139.624
-13.4697 139.615
-13.4293 139.602
-13.3881 139.578
-13.3469 139.554
-13.3072 139.549
-13.2654 139.519
-13.2256 139.512
-13.1837 139.479
-13.1432 139.464
-13.1015 139.433
-13.0601 139.404
-13.0206 139.402
-12.9809 139.398
-12.9394 139.369
-12.8981 139.343
-12.8585 139.339
-12.819 139.337
-12.7796 139.335
-12.7398 139.329
-12.7 139.322
-12.6589 139.298
-12.6192 139.294
-12.5801 139.296
-12.539 139.272
-12.4981 139.25
-12.4547 139.193
-12.4138 139.171
-12.375 139.178
-12.3381 139.211
-12.2977 139.196
-12.2562 139.165
-12.2164 139.159
-12.1768 139.155
-12.1371 139.148
-12.0976 139.146
-12.0579 139.14
-12.0167 139.114
-11.9778 139.118
-11.9389 139.125
-11.8999 139.13
-11.8607 139.13
-11.8206 139.12
-11.7806 139.109
-11.7411 139.107
-11.7015 139.103
-11.6614 139.09
-11.6209 139.072
-11.581 139.064
-11.5411 139.055
-11.5016 139.051
-11.4621 139.049
-11.4228 139.049
-11.3833 139.045
-11.3433 139.034
-11.3041 139.037
-11.265 139.039
-11.2253 139.033
-11.186 139.033
-11.1473 139.042
-11.109 139.058
-11.0694 139.054
-11.0294 139.043
-10.9901 139.043
-10.9507 139.041
-10.91 139.019
-10.871 139.024
-10.831 139.013
-10.7902 138.989
-10.7499 138.974
-10.7127 139.007
-10.6749 139.032
-10.6362 139.041
-10.5944 139.002
-10.5542 138.986
-10.5158 139.002
-10.478 139.027
-10.441 139.065
-10.4027 139.083
-10.3647 139.105
-10.3262 139.119
-10.2879 139.137
-10.2491 139.146
-10.2099 139.149
-10.1719 139.171
-10.1336 139.189
-10.0937 139.18
-10.055 139.192
-10.0165 139.205
-9.97775 139.217
-9.93904 139.228
-9.89981 139.231
-9.8607 139.235
-9.82172 139.242
-9.78323 139.258
-9.74449 139.269
-9.70611 139.288
-9.66785 139.308
-9.62884 139.315
-9.58958 139.317
-9.55032 139.32
-9.51118 139.324
-9.473 139.347
-9.43506 139.374
-9.39639 139.388
-9.35878 139.421
-9.32081 139.448
-9.28174 139.455
-9.24256 139.46
-9.20349 139.467
-9.16442 139.474
-9.12557 139.485
-9.08836 139.528
-9.0495 139.539
-9.01133 139.564
-8.97268 139.58
-8.93541 139.623
-8.89663 139.636
-8.85795 139.652
-8.8195 139.673
-8.78047 139.682
-8.74245 139.711
-8.70329 139.718
-8.66503 139.743
-8.62731 139.779
-8.58835 139.79
-8.54917 139.797
-8.51097 139.824
-8.47309 139.858
-8.4354 139.897
-8.39738 139.928
-8.35923 139.958
-8.3214 139.994
-8.28226 140.003
-8.2444 140.039
-8.20641 140.073
-8.16756 140.089
-8.12902 140.112
-8.09037 140.132
-8.05233 140.166
-8.0149 140.214
-7.9759 140.227
-7.93904 140.288
-7.90134 140.331
-7.86312 140.363
-7.82357 140.366
-7.78512 140.393
-7.74705 140.429
-7.67118 140.509
-7.55826 140.652
-7.51902 140.663
-7.48191 140.725
-7.13934 141.099
-6.65185 141.908
-6.04376 142.863
