19.2624 117.308
19.2964 117.307
19.3335 117.329
19.2255 115.186
19.3763 114.538
19.4026 114.483
19.4314 114.447
19.4571 114.387
19.4777 114.29
19.5031 114.228
19.5291 114.172
19.5557 114.12
19.5827 114.072
19.606 113.996
19.6296 113.922
19.6552 113.864
19.6791 113.793
19.7085 113.763
19.7378 113.732
19.7649 113.686
19.792 113.639
19.8182 113.586
19.8448 113.537
19.8716 113.489
19.898 113.438
19.9263 113.401
19.9552 113.369
19.9829 113.327
20.0124 113.3
20.0416 113.27
20.0663 113.208
20.0921 113.154
20.1181 113.101
20.1476 113.074
20.1796 113.065
20.2093 113.039
20.2365 112.996
20.264 112.955
20.2908 112.909
20.3211 112.889
20.3499 112.857
20.3797 112.833
20.4069 112.79
20.4354 112.757
20.4661 112.74
20.4932 112.697
20.5215 112.662
20.5484 112.618
20.577 112.587
20.6045 112.547
20.6354 112.531
20.6663 112.516
20.6967 112.497
20.7271 112.478
20.7547 112.44
20.7842 112.415
20.8132 112.387
20.8415 112.354
20.8728 112.341
20.8993 112.295
20.9298 112.278
20.9579 112.244
20.9872 112.219
21.0169 112.195
21.0478 112.181
21.0788 112.167
21.1084 112.143
21.1384 112.123
21.1682 112.101
21.1975 112.076
21.2269 112.051
21.2571 112.032
21.2873 112.014
21.3182 112
21.3482 111.979
21.3777 111.956
21.4055 111.921
21.4364 111.907
21.4663 111.887
21.4967 111.87
21.5271 111.853
21.5558 111.825
21.5871 111.814
21.6175 111.797
21.6469 111.774
21.6777 111.76
21.7081 111.742
21.7386 111.727
21.7694 111.713
21.7992 111.693
21.8307 111.683
21.8617 111.671
21.8935 111.663
21.9233 111.643
21.9533 111.625
21.9843 111.612
22.0155 111.601
22.0446 111.576
22.0765 111.57
22.1086 111.566
22.1372 111.538
22.1677 111.522
22.1991 111.513
22.2312 111.509
22.2629 111.501
22.2919 111.476
22.3228 111.464
22.353 111.447
22.3844 111.437
22.4167 111.434
22.4479 111.424
22.4795 111.416
22.5106 111.405
22.5405 111.387
22.5731 111.385
22.6062 111.387
22.6378 111.379
22.6686 111.367
22.7 111.358
22.7318 111.352
22.7641 111.349
22.7942 111.332
22.8241 111.313
22.8544 111.298
22.8865 111.293
22.9188 111.29
22.9481 111.268
22.9782 111.251
23.009 111.239
23.0402 111.23
23.0723 111.225
23.1051 111.225
23.1381 111.227
23.1714 111.23
23.2029 111.223
23.2334 111.209
23.2685 111.223
23.3028 111.232
23.3348 111.228
23.3655 111.216
23.3963 111.203
23.4278 111.196
23.4578 111.179
23.4893 111.171
23.5208 111.163
23.5518 111.153
23.5832 111.145
23.6162 111.147
23.6493 111.148
23.6823 111.15
23.7143 111.146
23.7452 111.135
23.7769 111.129
23.8097 111.129
23.8424 111.129
23.8744 111.124
23.9061 111.118
23.9384 111.115
23.9711 111.115
24.0039 111.116
24.0358 111.111
24.0686 111.111
24.1021 111.116
24.1356 111.121
24.1697 111.129
24.2027 111.13
24.2333 111.118
24.2642 111.107
24.2967 111.106
24.3292 111.104
24.3622 111.106
24.3952 111.108
24.4287 111.113
24.4628 111.12
24.4968 111.128
24.5301 111.132
24.5628 111.132
24.5958 111.133
24.6296 111.14
24.6637 111.148
24.6962 111.146
24.7284 111.143
24.7614 111.145
24.7963 111.157
24.8301 111.164
24.8631 111.165
24.8958 111.166
24.9291 111.169
24.964 111.181
24.9976 111.186
25.0309 111.189
25.0666 111.206
25.1002 111.211
25.1337 111.216
25.1665 111.216
25.1995 111.218
25.2342 111.229
25.2664 111.226
25.3005 111.234
25.3338 111.237
25.3696 111.254
25.4056 111.273
25.4395 111.279
25.4728 111.283
25.5053 111.281
25.5383 111.283
25.5724 111.291
25.611 111.324
25.646 111.336
25.6824 111.356
25.7188 111.377
25.7524 111.382
25.7849 111.38
25.821 111.399
25.8549 111.405
25.8888 111.412
25.9281 111.448
25.9594 111.44
25.9948 111.454
26.0312 111.474
26.0657 111.484
26.0996 111.49
26.1355 111.508
26.1726 111.531
26.206 111.534
26.243 111.558
26.2776 111.567
26.3146 111.591
26.3517 111.614
26.3897 111.643
26.4257 111.66
26.4611 111.674
26.4956 111.684
26.5302 111.693
26.5697 111.729
26.6034 111.734
26.6414 111.762
26.6792 111.789
26.7132 111.795
26.7516 111.825
26.7871 111.839
26.8249 111.866
