-23.618 166.061
-23.4623 165.885
-23.4167 165.88
-23.3666 165.836
-23.321 165.831
-23.1242 165.685
-23.0749 165.648
-23.026 165.614
-22.9801 165.606
-22.9312 165.571
-22.881 165.526
-22.8342 165.509
-22.6438 165.416
-22.5944 165.375
-22.5489 165.37
-22.5001 165.336
-22.4536 165.322
-22.4091 165.326
-22.3642 165.327
-22.3184 165.319
-22.2694 165.282
-22.2245 165.282
-22.1761 165.251
-22.1265 165.208
-22.0807 165.2
-22.0346 165.189
-21.9897 165.19
-21.9411 165.156
-21.8943 165.139
-21.8492 165.137
-21.8009 165.106
-21.7514 165.063
-21.7044 165.043
-21.6592 165.041
-21.6153 165.051
-21.5708 165.054
-21.5263 165.058
-21.4821 165.064
-21.4369 165.062
-21.3915 165.057
-21.343 165.023
-21.2975 165.018
-21.2493 164.987
-21.2042 164.985
-21.1578 164.971
-21.1091 164.934
-21.0627 164.92
-21.0173 164.915
-20.971 164.901
-20.9247 164.887
-20.8826 164.914
-20.8396 164.932
-20.7962 164.947
-20.7496 164.931
-20.7024 164.908
-20.6561 164.894
-20.6113 164.895
-20.5667 164.899
-20.5228 164.908
-20.4785 164.915
-20.4334 164.913
-20.3877 164.905
-20.3414 164.891
-20.2945 164.871
-20.2483 164.857
-20.202 164.844
-20.1577 164.85
-20.1106 164.827
-20.0666 164.837
-20.0187 164.806
-19.9701 164.769
-19.9213 164.729
-19.8771 164.735
-19.8362 164.777
-19.7957 164.821
-19.7596 164.911
-19.7148 164.912
-19.6685 164.898
-19.6186 164.847
-19.5735 164.845
-19.5362 164.924
-19.4947 164.959
-19.4512 164.974
-19.4077 164.99
-19.3637 164.999
-19.3218 165.032
-19.2797 165.061
-19.2365 165.08
-19.1918 165.083
-19.1472 165.087
-19.1023 165.087
-19.0576 165.091
-19.013 165.095
-18.9686 165.101
-18.9251 165.116
-18.8826 165.143
-18.8417 165.188
-18.7981 165.203
-18.7545 165.218
-18.7112 165.236
-18.6657 165.231
-18.6223 165.249
-18.5803 165.282
-18.5359 165.288
-18.4919 165.301
-18.4483 165.316
-18.4046 165.331
-18.3612 165.349
-18.3162 165.35
-18.2728 165.368
-18.2281 165.372
-18.1875 165.422
-18.1469 165.472
-18.104 165.497
-18.0602 165.512
-18.0183 165.548
-17.9753 165.572
-17.9308 165.578
-17.8888 165.614
-17.8453 165.632
-17.8035 165.671
-17.7597 165.686
-17.7156 165.698
-17.6741 165.74
-17.6351 165.811
-17.5907 165.82
-17.5461 165.827
-17.505 165.874
-17.4644 165.928
-17.4205 165.943
-17.3788 165.985
-17.3366 166.021
-17.2917 166.024
-17.25 166.066
-17.2122 166.155
-17.1683 166.17
-17.1292 166.245
-17.0847 166.254
-16.8733 166.437
-16.829 166.449
-16.7907 166.536
-16.7498 166.589
-16.7071 166.622
-16.6601 166.602
-16.6176 166.638
-16.3798 167.071
-16.3356 167.087
-16.2929 167.123
-15.3346 168.934
-15.3008 169.098
-15.2607 169.177
