-24.8722 83.9118
-24.8434 83.8995
23.874 160.039
23.9129 160.003
23.9512 159.961
23.9851 159.884
23.9985 159.638
24.0171 159.436
24.0473 159.329
24.651 159.329
24.8201 158.96
24.8531 158.881
24.9229 158.753
24.9659 158.753
25.0067 158.736
25.1749 158.372
25.2167 158.364
25.2582 158.353
25.3003 158.347
25.3338 158.274
25.3613 158.155
25.3968 158.098
25.5878 157.922
25.6246 157.876
25.662 157.835
25.703 157.821
25.7369 157.754
25.7757 157.724
25.8201 157.737
25.8539 157.67
25.8899 157.619
25.9279 157.583
25.9709 157.586
26.0075 157.54
26.0437 157.491
26.081 157.451
26.1176 157.405
26.1584 157.391
26.197 157.362
26.2368 157.34
26.2725 157.289
26.3129 157.272
26.3541 157.261
26.3923 157.229
26.4294 157.189
26.4673 157.154
26.5076 157.137
26.5491 157.129
26.5855 157.083
26.6262 157.07
26.6672 157.059
26.709 157.053
26.7471 157.021
26.779 156.943
26.8182 156.919
26.8607 156.918
26.9043 156.926
26.9467 156.925
26.9877 156.914
27.0228 156.861
27.0609 156.829
27.0989 156.796
27.1391 156.78
27.1808 156.774
27.2218 156.763
27.2612 156.742
27.3022 156.731
27.3461 156.741
27.387 156.73
27.4261 156.706
27.4636 156.671
27.5011 156.636
27.5417 156.622
27.5825 156.611
27.6234 156.6
27.6662 156.603
27.709 156.605
27.7479 156.581
27.7869 156.556
27.8281 156.548
27.869 156.537
27.9102 156.529
27.9514 156.52
27.9926 156.512
27.509 152.876
28.0777 156.514
28.1163 156.487
27.6585 153.046
27.7016 153.056
27.7417 153.045
28.281 156.453
28.2979 156.279
28.3514 156.355
28.4131 156.486
28.4674 156.568
28.5121 156.583
28.5463 156.527
28.5809 156.474
28.6185 156.442
28.8625 157.805
28.9322 157.987
28.9987 158.147
28.776 156.361
28.8183 156.36
28.8591 156.349
28.9014 156.349
28.9436 156.348
28.9848 156.34
29.0255 156.329
29.0674 156.326
29.11 156.328
29.1531 156.333
29.195 156.33
29.2361 156.322
29.2796 156.329
29.3234 156.339
29.3637 156.325
29.408 156.338
29.4523 156.351
29.4958 156.358
29.5385 156.36
29.5811 156.363
29.6238 156.365
29.6653 156.359
29.7072 156.356
29.7498 156.358
29.7929 156.363
29.836 156.368
29.8771 156.359
29.9161 156.338
29.9591 156.343
30.0075 156.382
30.0498 156.381
30.0933 156.389
30.1356 156.388
30.1791 156.396
30.2267 156.429
30.2743 156.463
30.3133 156.442
30.3589 156.462
30.4012 156.462
30.4438 156.464
30.487 156.469
30.5301 156.474
30.5761 156.497
30.6196 156.504
30.6627 156.509
30.7067 156.519
30.7582 156.577
30.8021 156.587
30.8495 156.618
30.8926 156.623
30.9396 156.651
30.984 156.664
31.028 156.674
31.0711 156.679
31.1151 156.689
31.163 156.723
31.207 156.733
31.2523 156.751
31.2954 156.756
31.3399 156.769
31.3869 156.797
31.4322 156.815
31.4801 156.849
31.5281 156.883
31.5769 156.922
31.6253 156.959
31.668 156.961
31.7104 156.961
31.7584 156.995
31.8077 157.037
31.857 157.079
31.902 157.094
31.9505 157.131
31.9972 157.157
32.0409 157.164
32.085 157.174
32.134 157.214
32.1834 157.256
32.4349 157.49
32.4791 157.5
32.5274 157.534
32.5769 157.576
32.623 157.597
32.673 157.642
32.7276 157.714
32.7782 157.761
32.836 157.852
32.8862 157.897
32.9359 157.939
32.9893 158.003
33.0355 158.024
33.0889 158.087
33.1392 158.133
33.375 158.515
33.4218 158.539
