-34.4203 117.483
-34.3852 117.475
-34.3504 117.468
-34.3175 117.469
-34.2857 117.476
-34.2532 117.479
-34.22 117.479
-34.1878 117.484
-34.1572 117.495
-34.1243 117.496
-34.091 117.496
-34.0581 117.498
-34.0259 117.503
-33.9927 117.502
-33.9653 117.529
-33.9313 117.525
-33.8977 117.523
-33.867 117.535
-33.84 117.563
-33.8093 117.574
-33.7771 117.579
-33.7457 117.587
-33.7139 117.593
-33.6798 117.59
-33.6432 117.575
-33.6066 117.56
-33.5774 117.578
-33.5525 117.616
-33.5225 117.631
-33.4914 117.64
-33.4603 117.65
-33.4306 117.667
-33.3977 117.668
-33.3633 117.663
-33.3336 117.679
-33.3025 117.689
-33.2721 117.702
-33.2417 117.715
-33.2101 117.723
-33.1793 117.735
-33.1467 117.738
-33.1152 117.746
-33.0833 117.753
-33.054 117.771
-33.0271 117.8
-32.9967 117.814
-32.9666 117.828
-32.935 117.836
-32.902 117.838
-32.8701 117.844
-32.8418 117.868
-32.8123 117.886
-32.7818 117.899
-32.7564 117.935
-32.7266 117.952
-32.6935 117.953
-32.663 117.966
-32.6353 117.993
-32.6069 118.016
-32.5764 118.029
-32.544 118.034
-32.5131 118.046
-32.4847 118.069
-32.4555 118.089
-32.4249 118.102
-32.3933 118.11
-32.3605 118.113
-32.3278 118.116
-32.2993 118.139
-32.268 118.149
-32.2385 118.168
-32.2096 118.189
-32.1821 118.217
-32.1522 118.234
-32.124 118.259
-32.0955 118.282
-32.0641 118.292
-32.0348 118.312
-32.0063 118.335
-31.9756 118.348
-31.9495 118.383
-31.9198 118.402
-31.894 118.438
-31.8626 118.448
-31.8336 118.47
-31.8046 118.491
-31.7732 118.501
-31.7435 118.52
-31.7148 118.543
-31.6847 118.56
-31.6588 118.596
-31.6312 118.625
-31.6028 118.65
-31.5731 118.668
-31.5457 118.698
-31.5181 118.727
-31.4924 118.765
-31.464 118.79
-31.4311 118.794
-31.4023 118.817
-31.3735 118.841
-31.3451 118.866
-31.3222 118.918
-31.2954 118.951
-31.2676 118.98
-31.2426 119.022
-31.2109 119.032
-31.1838 119.064
-31.1594 119.109
-31.1274 119.118
-31.1026 119.162
-31.0703 119.168
-31.0417 119.194
-31.0186 119.246
-30.9948 119.295
-30.9635 119.307
-30.939 119.352
-30.9114 119.383
-30.8831 119.41
-30.8547 119.437
-30.8039 119.52
-30.7755 119.547
-30.7444 119.56
-30.7283 119.649
-30.7057 119.705
-30.6777 119.734
-30.6537 119.783
-30.6218 119.793
-30.5988 119.848
-30.5751 119.899
-30.547 119.928
-30.5277 120.001
-30.5009 120.037
-30.4707 120.056
-30.4421 120.083
-30.4153 120.119
-30.384 120.132
-30.2584 120.53
-30.2348 120.584
-30.2102 120.632
-30.1798 120.651
-30.1555 120.701
-30.1321 120.756
-30.0588 121.081
-30.1926 123.744
-30.1935 123.931
-30.1738 124.01
-30.1403 124.017
