-32.3662 134.575
-32.3278 134.572
-32.2839 134.538
-32.2407 134.51
-32.2024 134.506
-32.1633 134.498
-32.1154 134.444
-32.0775 134.442
-32.0399 134.443
-32.0016 134.439
-31.9147 134.377
-31.8752 134.367
-31.8318 134.336
-31.7891 134.309
-31.7497 134.299
-31.709 134.283
-31.6715 134.283
-31.6344 134.286
-31.5926 134.263
-31.5515 134.245
-31.5133 134.241
-31.4754 134.239
-31.434 134.219
-31.391 134.19
-31.3524 134.184
-31.3094 134.155
-31.2712 134.151
-31.2325 134.146
-31.1935 134.138
-31.1514 134.113
-31.1139 134.113
-31.076 134.112
-31.0331 134.083
-30.9945 134.077
-30.9532 134.057
-30.9157 134.057
-30.882 134.078
-30.8445 134.079
-30.8028 134.056
-30.7638 134.048
-30.7259 134.046
-30.6877 134.043
-30.6441 134.01
-30.6059 134.006
-30.5646 133.986
-30.5275 133.988
-30.49 133.988
-30.4529 133.991
-30.4158 133.993
-30.3783 133.994
-30.3415 133.998
-30.3055 134.007
-30.2706 134.022
-30.2286 133.997
-30.1874 133.977
-30.1492 133.973
-30.1113 133.971
-30.0727 133.966
-30.0348 133.964
-29.9984 133.971
-29.9631 133.983
-29.9241 133.975
-29.8848 133.965
-29.8495 133.978
-29.8112 133.975
-29.7697 133.952
-29.7391 133.992
-29.7049 134.011
-29.6666 134.007
-29.628 134.001
-29.5894 133.996
-29.5511 133.992
-29.514 133.994
-29.4783 134.005
-29.4433 134.02
-29.4046 134.014
-29.3649 134.002
-29.3277 134.005
-29.2898 134.003
-29.2559 134.024
-29.2191 134.029
-29.1801 134.021
-29.1465 134.044
-29.1107 134.055
-29.0707 134.041
-29.0334 134.043
-29.0009 134.073
-28.9665 134.092
-28.9311 134.105
-28.8903 134.086
-28.851 134.076
-28.8194 134.112
-28.7868 134.142
-28.7524 134.161
-28.7123 134.147
-28.6729 134.136
-28.6389 134.158
-28.6062 134.187
-28.57 134.196
-28.5313 134.19
-28.4906 134.172
-28.448 134.143
-28.408 134.129
-28.3718 134.137
-28.3366 134.152
-28.3021 134.172
-28.2774 134.249
-28.2506 134.314
-28.2153 134.329
-28.1784 134.334
-28.1407 134.334
-28.1065 134.356
-28.0713 134.371
-28.0336 134.371
-27.9945 134.363
-27.9586 134.374
-27.9264 134.408
-27.8935 134.437
-27.8582 134.453
-27.8216 134.459
-27.7873 134.481
-27.7523 134.498
-27.7126 134.485
-27.6776 134.503
-27.6416 134.514
-27.6079 134.539
-27.5726 134.554
-27.5358 134.561
-27.5046 134.601
-27.4733 134.641
-27.4365 134.648
-27.3994 134.653
-27.3643 134.67
-27.336 134.729
-27.3026 134.757
-27.2658 134.763
-27.2324 134.791
-27.1986 134.817
-27.1612 134.819
-27.1257 134.834
-27.0926 134.864
-27.0594 134.894
-27.0236 134.907
-26.9924 134.95
-26.9572 134.967
-26.921 134.978
-26.8875 135.006
-26.8553 135.042
-26.8217 135.07
-26.7888 135.102
-26.7559 135.134
-26.719 135.14
-26.6867 135.177
-26.6537 135.209
-26.6178 135.222
-26.5858 135.26
-26.5551 135.307
-26.5273 135.373
-26.4923 135.393
-26.4576 135.414
-26.4252 135.451
-26.3925 135.485
-26.3587 135.513
-26.325 135.541
-26.2922 135.575
-26.2564 135.591
-26.2226 135.619
-26.1338 135.786
-26.0967 135.792
-26.0593 135.797
-26.0264 135.832
-25.9974 135.892
-25.9654 135.933
-25.9363 135.993
-25.904 136.032
-25.8752 136.094
-25.8428 136.133
-25.8101 136.169
-25.7777 136.208
-25.6544 136.407
-25.533 136.621
-25.2412 137.249
-24.5781 136.651
-24.5591 136.787
-24.5422 136.938
-24.5398 137.191
-24.53 137.393
-24.5071 137.505
-24.4742 137.544
