-24.8698 83.9006
-24.8439 83.9015
-5.04909 167.723
-5.00368 167.715
-4.95662 167.638
-4.91023 167.588
-4.8638 167.535
-4.8169 167.462
-4.77148 167.45
-4.72518 167.4
-4.67884 167.347
-4.63198 167.271
-4.58668 167.262
-4.54158 167.262
-4.49628 167.254
-4.45002 167.201
-4.40322 167.122
-4.35783 167.107
-4.31276 167.107
-4.26689 167.069
-4.22031 166.996
-4.17484 166.976
-4.12903 166.938
-4.08376 166.926
-4.03727 166.853
-3.99197 166.839
-3.94622 166.801
-3.90093 166.786
-3.85587 166.783
-3.81015 166.745
-3.7644 166.705
-3.71926 166.696
-3.67406 166.685
-3.62777 166.611
-3.5825 166.594
-3.53703 166.565
-3.49197 166.559
-3.44692 166.554
-3.40157 166.53
-3.35652 166.525
-3.31143 166.516
-3.26625 166.502
-3.22066 166.461
-3.17513 166.423
-3.12994 166.406
-3.08488 166.397
-3.04 166.4
-2.99487 166.386
-2.94973 166.371
-2.90449 166.348
-2.85949 166.343
-2.81438 166.328
-2.76924 166.311
-2.72414 166.296
-2.6792 166.294
-2.63407 166.276
-2.58881 166.247
-2.54359 166.221
-2.49874 166.224
-2.45375 166.216
-2.4087 166.201
-2.36368 166.19
-2.31867 166.178
-2.27376 166.175
-2.22876 166.164
-2.18367 166.144
-2.13881 166.144
-2.09397 166.147
-2.04922 166.159
-2.00443 166.168
-1.95953 166.165
-1.91455 166.153
-1.8696 166.145
-1.82481 166.153
-1.77999 166.159
-1.73502 166.148
-1.69003 166.133
-1.6451 166.125
-1.60021 166.122
-1.55533 166.119
-1.51048 166.122
-1.46564 166.125
-1.42076 166.123
-1.37595 166.131
-1.3316 166.21
-1.2865 166.175
-1.2415 166.155
-1.19659 166.149
-1.15174 166.152
-1.1069 166.158
-1.06192 166.138
-1.01701 166.13
-0.972227 166.147
-0.927357 166.147
-0.882474 166.144
-0.837545 166.13
-0.792668 166.127
-0.747854 166.142
-0.703054 166.162
-0.658199 166.168
-0.613323 166.168
-0.568472 166.177
-0.523616 166.186
-0.47875 166.192
-0.433893 166.204
-0.389019 166.21
-0.344134 166.21
-0.299281 166.233
-0.254397 166.239
-0.2095 166.233
-0.164611 166.236
-0.119722 166.242
-0.0748321 166.254
-0.0299368 166.266
0.0149691 166.31
0.0598833 166.324
0.104801 166.333
0.149722 166.342
0.194675 166.377
0.23961 166.386
0.284541 166.389
0.329523 166.421
0.37448 166.433
0.419429 166.439
0.464381 166.445
0.509382 166.468
0.554377 166.486
0.599451 166.527
0.644544 166.568
0.689532 166.574
0.73449 166.571
0.779482 166.577
0.8245 166.589
0.869589 166.615
0.914756 166.656
0.959843 166.677
1.00485 166.68
1.05005 166.718
1.09529 166.762
1.14052 166.8
1.18557 166.806
1.23083 166.844
1.36638 166.912
1.41149 166.921
1.45701 166.986
1.50212 166.992
1.5475 167.033
1.59269 167.048
1.63784 167.056
1.68355 167.133
1.72875 167.145
1.77413 167.177
1.81937 167.192
1.86519 167.269
1.91076 167.316
1.95633 167.36
2.00197 167.41
2.04731 167.428
2.09318 167.496
2.13885 167.543
2.18461 167.597
2.23001 167.614
2.27574 167.662
2.3214 167.7
2.36683 167.718
2.41308 167.804
2.45929 167.884
2.50477 167.902
2.55105 167.982
2.64405 168.169
2.68996 168.214
2.73546 168.225
2.78144 168.273
2.82807 168.365
2.87382 168.392
2.92086 168.508
2.96691 168.553
