-8.73762 112.474
-8.35475 111.519
-7.92442 110.797
-7.89097 110.777
-7.85787 110.763
-7.78454 110.605
-7.75083 110.58
-7.71713 110.554
-7.68328 110.525
-7.6487 110.483
-7.54494 110.353
-7.51061 110.313
-7.47702 110.288
-7.44335 110.26
-7.40978 110.235
-7.37536 110.192
-7.34134 110.158
-7.30696 110.116
-7.27275 110.076
-7.24002 110.066
-7.20591 110.028
-7.17335 110.021
-7.14004 109.998
-7.10552 109.951
-7.07193 109.923
-7.0385 109.897
-7.00412 109.852
-6.96976 109.807
-6.93645 109.783
-6.90418 109.78
-6.8711 109.76
-6.83775 109.735
-6.80375 109.696
-6.77093 109.681
-6.73726 109.648
-6.70502 109.645
-6.67264 109.639
-6.63928 109.612
-6.60579 109.582
-6.57155 109.536
-6.53774 109.498
-6.50479 109.479
-6.47239 109.471
-6.43937 109.45
-6.4063 109.428
-6.37392 109.42
-6.34154 109.413
-6.30869 109.395
-6.27566 109.373
-6.24243 109.346
-6.20883 109.31
-6.17648 109.302
-6.1442 109.296
-6.11154 109.282
-6.07946 109.28
-6.04719 109.274
-6.01403 109.247
-5.9805 109.211
-5.94819 109.204
-5.916 109.199
-5.8827 109.168
-5.85046 109.162
-5.81811 109.153
-5.78532 109.134
-5.75304 109.126
-5.72039 109.11
-5.68776 109.093
-5.65536 109.083
-5.62268 109.065
-5.59048 109.059
-5.55822 109.052
-5.52514 109.023
-5.49272 109.012
-5.46048 109.004
-5.42847 109.003
-5.39623 108.995
-5.36377 108.982
-5.33126 108.967
-5.29892 108.956
-5.26659 108.946
-5.2342 108.934
-5.20199 108.927
-5.16978 108.919
-5.13763 108.913
-5.10516 108.898
-5.07301 108.892
-5.04103 108.891
-5.00868 108.879
-4.97633 108.867
-4.9441 108.858
-4.91186 108.849
-4.87948 108.836
-4.84762 108.837
-4.816 108.846
-4.78383 108.838
-4.75146 108.825
-4.719 108.809
-4.68704 108.807
-4.65513 108.807
-4.62307 108.803
-4.59097 108.797
-4.55892 108.792
-4.52658 108.779
-4.49449 108.773
-4.46286 108.782
-4.43124 108.79
-4.39915 108.784
-4.36696 108.775
-4.33479 108.766
-4.30238 108.75
-4.27021 108.741
-4.2385 108.747
-4.207 108.76
-4.17523 108.765
-4.14302 108.754
-4.11082 108.744
-4.07875 108.738
-4.04668 108.732
-4.01457 108.724
-3.98264 108.723
-3.951 108.732
-3.91939 108.742
-3.88733 108.736
-3.85527 108.73
-3.82333 108.728
-3.7916 108.734
-3.7599 108.742
-3.7284 108.756
-3.69681 108.768
-3.66467 108.759
-3.63293 108.765
-3.60118 108.771
-3.56897 108.759
-3.53669 108.744
-3.50494 108.75
-3.47323 108.757
-3.44133 108.757
-3.40939 108.756
-3.37763 108.761
-3.34594 108.77
-3.31418 108.776
-3.28227 108.776
-3.25033 108.774
-3.21842 108.774
-3.18665 108.78
-3.15488 108.786
-3.12297 108.786
-3.09119 108.792
-3.05974 108.812
-3.02799 108.82
-2.99613 108.823
-2.96425 108.824
-2.93267 108.84
-2.90085 108.845
-2.86899 108.848
-2.83709 108.849
-2.80529 108.855
-2.77342 108.858
-2.74144 108.855
-2.70972 108.865
-2.67794 108.872
-2.64626 108.885
-2.61425 108.881
-2.58262 108.897
-2.55107 108.918
-2.51921 108.922
-2.48735 108.927
-2.45565 108.94
-2.42383 108.947
-2.39214 108.962
-2.3605 108.98
-2.32865 108.985
-2.29682 108.993
-2.26525 109.016
-2.2336 109.036
-2.20164 109.036
-2.1697 109.037
-2.13775 109.038
-2.10604 109.055
-2.07436 109.074
-2.04247 109.08
-2.01058 109.086
-1.97884 109.102
-1.94716 109.122
-1.91534 109.134
-1.88358 109.151
-1.85185 109.17
-1.81993 109.176
-1.78791 109.174
-1.75596 109.177
-1.72418 109.195
-1.6925 109.22
-1.66078 109.244
-1.62882 109.248
-1.59705 109.269
-1.56531 109.292
-1.53351 109.312
-1.50155 109.318
-1.46952 109.318
-1.43755 109.323
-1.40592 109.362
-1.37399 109.372
-1.34234 109.411
-1.31038 109.42
-1.27885 109.475
-1.24686 109.482
-1.21501 109.506
-1.18299 109.512
-1.15092 109.512
-1.11891 109.519
-1.08699 109.539
-1.0552 109.575
-0.991433 109.628
-0.895785 109.722
-0.863805 109.743
-0.831873 109.773
-0.799882 109.795
-0.767845 109.812
-0.735741 109.818
-0.703741 109.843
-0.671928 109.906
-0.639837 109.919
-0.607754 109.936
-0.575602 109.939
-0.351076 110.149
-0.254779 110.293
-0.222586 110.317
0.0999557 110.676
0.132292 110.693
0.164645 110.726
0.197009 110.753
0.229387 110.784
0.359348 111.068
0.391864 111.114
0.424354 111.139
0.456856 111.165
0.489348 111.184
0.522024 111.26
0.751638 111.775
0.784312 111.795
0.816949 111.805
0.849704 111.838
0.949926 112.245
