-35.7115 134.949
-35.6675 134.918
-35.6331 134.933
-34.9081 134.151
-34.09 133.623
-32.9937 133.177
-32.6444 133.106
-32.6016 133.078
-32.5628 133.07
-32.5244 133.064
-32.4832 133.044
-32.446 133.044
-32.4076 133.039
-32.3704 133.039
-32.3328 133.037
-32.2952 133.036
-32.2544 133.018
-32.2168 133.016
-32.1784 133.01
-32.1381 132.994
-32.1029 133.005
-32.0684 133.019
-32.0312 133.02
-31.9944 133.022
-31.9583 133.029
-31.9156 133
-31.8776 132.997
-31.8424 133.007
-31.8087 133.026
-31.7687 133.012
-31.7296 133.002
-31.6927 133.005
-31.6578 133.017
-31.6179 133.003
-31.5811 133.006
-31.5477 133.027
-31.5113 133.031
-31.4756 133.04
-31.4395 133.046
-31.4003 133.036
-31.3604 133.022
-31.3239 133.027
-31.2886 133.037
-31.251 133.036
-31.2122 133.028
-31.175 133.028
-31.1385 133.033
-31.1016 133.035
-31.0651 133.04
-31.0309 133.056
-30.9944 133.061
-30.956 133.055
-30.9229 133.078
-30.8906 133.105
-30.8533 133.106
-30.8187 133.12
-30.7833 133.131
-30.7566 133.189
-30.7223 133.206
-30.6835 133.198
-30.6439 133.186
-30.6025 133.164
-30.5622 133.148
-30.5215 133.13
-30.482 133.118
-30.4477 133.134
-30.4123 133.145
-30.3765 133.154
-30.3421 133.171
-30.3093 133.196
-30.2724 133.198
-30.2387 133.219
-30.2066 133.248
-30.1715 133.261
-30.136 133.272
-30.0965 133.26
-30.0569 133.248
-30.0199 133.25
-29.9841 133.259
-29.95 133.278
-29.9156 133.295
-29.8831 133.322
-29.8545 133.372
-29.819 133.382
-29.7838 133.395
-29.7493 133.412
-29.7141 133.425
-29.6767 133.425
-29.6423 133.442
-29.6081 133.461
-29.5736 133.478
-29.5384 133.491
-29.5035 133.506
-29.469 133.523
-29.4363 133.55
-29.4025 133.571
-29.3694 133.596
-29.3341 133.609
-29.2999 133.628
-29.2642 133.639
-29.2307 133.662
-29.194 133.667
-29.1576 133.673
-29.1259 133.707
-29.0955 133.749
-29.0606 133.764
-29.0284 133.795
-28.9952 133.82
-28.9598 133.833
-28.9244 133.846
-28.8937 133.886
-28.859 133.903
-28.8239 133.918
-28.7907 133.943
-28.7567 133.964
-28.7223 133.984
-28.6914 134.024
-28.657 134.043
-28.6255 134.078
-28.5935 134.112
-28.5616 134.146
-28.5285 134.173
-28.4916 134.178
-28.4596 134.212
-28.4237 134.223
-28.3893 134.242
-28.3583 134.282
-28.3297 134.337
-28.2938 134.347
-28.2617 134.381
-28.2303 134.419
-28.1975 134.449
-28.1616 134.46
-28.1277 134.483
-28.0983 134.534
-28.0644 134.557
-28.0402 134.64
-28.0046 134.653
-27.9685 134.664
-27.9398 134.719
-27.9041 134.732
-27.8746 134.782
-27.8433 134.823
-27.8111 134.857
-27.7832 134.918
-27.7516 134.957
-27.7151 134.965
-27.66 135.093
-27.6235 135.101
-27.5942 135.155
-27.5622 135.191
-27.5308 135.232
-27.4665 135.304
-27.4392 135.37
-27.408 135.413
-27.3806 135.479
-27.3522 135.539
-27.3156 135.548
-27.2827 135.58
-27.2277 135.713
-27.2005 135.781
-27.1722 135.843
-26.8777 136.641
-26.8404 136.648
-26.8065 136.677
-26.2613 135.623
-26.2471 135.778
-26.2345 135.945
-26.2124 136.05
-26.2544 136.575
-26.225 136.633
-26.1946 136.685
