-24.87 83.9017
-24.8434 83.8995
-5.95833 169.479
-5.91079 169.41
-5.86473 169.393
-5.81673 169.306
-5.76986 169.258
-5.72317 169.216
-5.67626 169.165
-5.62936 169.115
-5.58346 169.1
-5.53685 169.058
-5.49025 169.016
-5.44367 168.975
-5.39773 168.957
-5.35196 168.945
-5.11819 168.686
-5.07271 168.684
-5.02817 168.72
-4.98196 168.687
-4.93619 168.672
-4.88894 168.595
-4.8432 168.58
-4.7967 168.533
-4.7496 168.459
-4.7037 168.435
-4.65807 168.423
-4.61211 168.397
-4.56683 168.4
-4.52128 168.391
-4.47567 168.38
-4.42878 168.308
-4.38332 168.303
-4.33786 168.297
-4.29253 168.297
-4.24652 168.265
-4.20095 168.253
-4.15485 168.214
-4.1093 168.203
-4.06334 168.17
-4.01785 168.162
-3.97301 168.186
-3.92776 168.189
-3.8816 168.144
-3.83552 168.103
-3.78924 168.05
-3.7438 168.041
-3.6983 168.029
-3.65287 168.021
-3.60754 168.018
-3.56195 168
-3.51582 167.95
-3.4705 167.947
-3.42524 167.947
-3.37993 167.945
-3.33467 167.945
-3.28912 167.927
-3.24363 167.913
-3.19837 167.913
-3.15307 167.91
-3.10777 167.907
-3.06261 167.913
-3.01726 167.908
-2.97184 167.896
-2.92629 167.875
-2.88083 167.861
-2.83546 167.852
-2.7903 167.858
-2.74525 167.873
-2.69996 167.87
-2.65437 167.844
-2.60879 167.817
-2.56333 167.8
-2.51831 167.818
-2.47322 167.83
-2.42805 167.836
-2.38319 167.869
-2.33834 167.904
-2.29312 167.907
-2.24815 167.934
-2.20311 167.955
-2.15756 167.929
-2.11145 167.846
-2.06593 167.819
-2.02073 167.822
-1.97557 167.831
-1.93047 167.846
-1.88528 167.852
-1.84014 167.864
-1.79497 167.873
-1.74974 167.877
-1.70449 167.877
-1.65931 167.886
-1.61407 167.889
-1.56884 167.892
-1.52361 167.895
-1.47835 167.895
-1.4332 167.91
-1.38808 167.931
-1.34289 167.943
-1.29754 167.931
-1.25237 167.946
-1.20717 167.958
-1.16195 167.967
-1.11683 167.997
-1.07158 168.003
-1.02635 168.012
-0.981034 168.006
-0.935737 168.003
-0.890429 167.998
-0.845232 168.019
-0.79998 168.028
-0.7548 168.057
-0.709555 168.072
-0.664276 168.078
-0.61902 168.093
-0.573765 168.111
-0.528495 168.126
-0.483191 168.129
-0.437917 168.147
-0.392651 168.174
-0.347363 168.195
-0.302066 168.216
-0.256791 168.264
-0.211493 168.308
-0.166148 168.317
-0.120797 168.323
-0.0754512 168.356
-0.0300892 168.368
0.0152778 168.377
0.0606583 168.413
0.106058 168.455
0.151455 168.47
0.196874 168.5
0.242281 168.509
0.287713 168.533
0.333136 168.545
0.378565 168.557
0.424138 168.635
0.469703 168.694
0.515196 168.715
0.560715 168.742
0.606192 168.751
0.651769 168.79
0.742888 168.844
0.788395 168.853
0.834202 168.934
0.879876 168.976
0.925433 168.988
0.971152 169.033
1.0626 169.114
1.10823 169.133
1.15408 169.187
1.19985 169.226
1.24547 169.235
1.29129 169.277
1.33719 169.328
1.38336 169.415
1.42927 169.46
1.47501 169.479
1.52096 169.524
1.56693 169.569
1.61296 169.62
1.98348 170.18
2.02984 170.24
2.0762 170.298
2.12292 170.389
2.16971 170.483
2.21665 170.587
2.26349 170.678
2.31001 170.736
