31.6964 150.231
31.7415 150.253
31.7817 150.245
31.8159 150.203
31.8393 150.096
31.8139 149.699
31.8156 149.465
31.8476 149.41
31.9026 144.992
31.9308 144.924
31.957 144.844
31.9902 144.803
32.0246 144.77
32.0784 144.62
32.1107 144.576
32.1388 144.508
32.1685 144.449
32.2069 144.439
32.2449 144.428
32.275 144.371
32.3096 144.341
32.3463 144.322
32.3784 144.278
32.4114 144.238
32.4405 144.177
32.4738 144.14
32.5067 144.1
32.54 144.063
32.5733 144.025
32.607 143.99
32.6402 143.953
32.6722 143.908
32.7045 143.867
32.7382 143.832
32.7726 143.801
32.807 143.771
32.8397 143.731
32.8716 143.687
32.9035 143.643
32.9395 143.622
32.9777 143.613
33.015 143.599
33.0455 143.547
33.0811 143.524
33.1146 143.489
33.1488 143.459
33.1857 143.443
33.217 143.396
33.2542 143.382
33.2867 143.343
33.3235 143.327
33.368 143.352
33.4077 143.352
33.4432 143.329
33.4744 143.282
33.5065 143.241
33.5376 143.194
33.5709 143.16
33.6064 143.136
33.6452 143.132
33.6836 143.125
33.719 143.102
33.751 143.06
33.7855 143.032
33.8174 142.991
33.8536 142.972
33.8876 142.942
33.9251 142.93
33.9609 142.91
33.9957 142.884
34.0362 142.889
34.0776 142.898
34.1129 142.875
34.149 142.856
34.186 142.842
34.2222 142.824
34.26 142.814
34.294 142.784
34.3261 142.745
34.3627 142.729
34.3996 142.715
34.4383 142.71
34.4761 142.701
34.5091 142.667
34.5478 142.662
34.5816 142.632
34.6177 142.613
34.6576 142.616
34.6959 142.609
34.7297 142.579
34.7621 142.542
34.7959 142.512
34.8336 142.503
34.8678 142.475
34.9064 142.47
34.9437 142.459
34.9957 142.523
35.0321 142.507
35.0711 142.504
35.1106 142.504
35.1492 142.499
35.1914 142.513
35.2376 142.547
35.2753 142.538
35.3063 142.494
35.3426 142.478
35.3816 142.476
35.4207 142.473
35.4565 142.455
35.4933 142.441
35.5274 142.413
35.5659 142.409
35.6099 142.431
35.6471 142.42
35.6856 142.415
35.7205 142.392
35.7636 142.41
35.8067 142.428
35.8466 142.431
35.8842 142.421
35.9191 142.398
35.9571 142.391
35.997 142.394
36.0365 142.393
36.0768 142.398
36.118 142.407
36.1575 142.407
36.1964 142.404
36.2349 142.4
36.2716 142.386
36.3101 142.381
36.3504 142.385
36.3926 142.399
36.4338 142.408
36.4728 142.406
36.5108 142.399
36.5479 142.387
36.5859 142.38
36.6252 142.38
36.666 142.387
36.7082 142.4
36.7485 142.405
36.7893 142.411
36.8329 142.432
36.8751 142.445
36.915 142.447
36.9557 142.454
36.9956 142.456
37.0359 142.461
37.0795 142.481
37.1194 142.483
37.1592 142.485
37.1986 142.485
37.2375 142.483
37.2717 142.458
37.3116 142.46
37.358 142.494
37.404 142.526
37.4501 142.558
37.4904 142.562
37.5298 142.562
37.5692 142.562
37.609 142.564
37.6489 142.566
37.6883 142.566
37.7343 142.598
37.7761 142.609
37.8174 142.618
37.8611 142.639
37.9019 142.645
37.949 142.682
37.9961 142.718
38.0413 142.745
38.0822 142.752
38.1221 142.754
38.1629 142.761
38.2004 142.752
38.2388 142.747
38.2845 142.777
38.5142 142.929
39.5246 143.584
39.5666 143.595
39.6082 143.604
