-4.61987 116.812
-4.58544 116.789
-4.54602 116.603
-4.51014 116.531
-4.47067 116.339
-4.43495 116.268
-4.40067 116.245
-4.36577 116.201
-4.11256 115.556
-4.07718 115.486
-4.04286 115.454
-4.00824 115.41
-3.97324 115.352
-3.93845 115.3
-3.90425 115.269
-3.87018 115.244
-3.83558 115.197
-3.69663 114.981
-3.66205 114.931
-3.62758 114.884
-3.59409 114.876
-3.56021 114.852
-3.49073 114.731
-3.45636 114.685
-3.42247 114.658
-3.38809 114.609
-3.35453 114.595
-3.32019 114.547
-3.28592 114.5
-3.2521 114.473
-3.21826 114.444
-3.18435 114.412
-3.15026 114.371
-3.11614 114.328
-3.08267 114.313
-3.04869 114.275
-3.01527 114.262
-2.98135 114.226
-2.94789 114.21
-2.91348 114.148
-2.87977 114.119
-2.84624 114.098
-2.81288 114.085
-2.77934 114.063
-2.74577 114.039
-2.71185 113.996
-2.67849 113.982
-2.64484 113.952
-2.6115 113.937
-2.57797 113.912
-2.54447 113.888
-2.51098 113.864
-2.47745 113.837
-2.44399 113.813
-2.41061 113.794
-2.37738 113.783
-2.344 113.763
-2.31079 113.751
-2.27737 113.728
-2.24399 113.705
-2.21064 113.685
-2.17743 113.672
-2.14415 113.655
-2.11083 113.634
-2.07754 113.615
-2.04426 113.596
-2.01106 113.582
-1.97778 113.561
-1.94448 113.539
-1.91137 113.53
-1.87828 113.522
-1.84484 113.487
-1.81171 113.474
-1.77856 113.46
-1.74543 113.447
-1.71237 113.439
-1.67926 113.427
-1.64608 113.408
-1.61283 113.382
-1.57967 113.363
-1.54671 113.362
-1.51373 113.359
-1.48069 113.349
-1.4476 113.335
-1.41447 113.316
-1.38138 113.3
-1.34836 113.291
-1.3153 113.276
-1.28229 113.267
-1.24934 113.264
-1.21636 113.257
-1.18336 113.248
-1.15037 113.238
-1.11726 113.215
-1.08423 113.199
-1.05126 113.191
-1.01829 113.182
-0.985375 113.18
-0.952453 113.177
-0.919566 113.178
-0.886614 113.17
-0.853687 113.166
-0.820781 113.164
-0.787867 113.161
-0.754918 113.151
-0.721956 113.139
-0.688991 113.125
-0.656105 113.124
-0.623203 113.121
-0.590253 113.107
-0.557308 113.093
-0.524351 113.074
-0.491464 113.071
-0.458585 113.069
-0.425684 113.061
-0.392798 113.057
-0.359918 113.053
-0.32704 113.05
-0.29418 113.053
-0.261336 113.064
-0.228475 113.069
-0.19559 113.062
-0.162701 113.051
-0.12983 113.05
-0.0969527 113.042
-0.0640803 113.036
-0.0312122 113.031
0.00165125 113.031
0.0345136 113.034
0.0673774 113.035
0.10024 113.026
0.133101 113.023
0.165974 113.043
0.198837 113.04
0.231707 113.044
0.264589 113.057
0.297477 113.069
0.33034 113.065
0.363204 113.061
0.396056 113.053
0.42892 113.052
0.461754 113.039
0.494609 113.036
0.527467 113.034
0.560346 113.039
0.593237 113.047
0.626108 113.048
0.658974 113.048
0.691846 113.05
0.724733 113.054
0.757629 113.061
0.790497 113.061
0.823373 113.062
0.856275 113.068
0.88918 113.074
0.922105 113.084
0.955054 113.096
0.987989 113.106
1.0209 113.11
1.05382 113.116
1.0867 113.116
1.11959 113.118
1.15245 113.115
1.18528 113.108
1.21813 113.105
1.25101 113.105
1.284 113.119
1.31707 113.141
1.3501 113.158
1.38319 113.18
1.41613 113.185
1.44884 113.166
1.48181 113.174
1.51486 113.189
1.54788 113.202
1.58099 113.222
1.61404 113.236
1.647 113.241
1.67988 113.239
1.71277 113.238
1.74577 113.245
1.77884 113.26
1.81186 113.269
1.84485 113.275
1.87779 113.277
1.91096 113.297
1.94426 113.327
1.97733 113.338
2.01044 113.352
2.04354 113.364
2.0765 113.366
2.10952 113.372
2.14272 113.391
2.17571 113.394
2.20895 113.414
2.2421 113.429
2.27557 113.463
2.30872 113.476
2.34199 113.496
2.37508 113.504
2.40812 113.509
2.44134 113.524
2.47436 113.527
2.50793 113.564
2.54107 113.573
2.57472 113.612
2.60788 113.622
2.64131 113.647
2.67436 113.65
2.70747 113.656
2.74087 113.678
2.77425 113.699
2.80738 113.705
2.84113 113.745
2.87424 113.749
2.90738 113.756
2.9408 113.776
2.97385 113.778
3.00729 113.798
3.04051 113.808
3.07445 113.852
3.10851 113.901
3.14249 113.945
3.17565 113.95
3.20922 113.974
3.24253 113.985
3.27653 114.028
3.31059 114.072
3.34439 114.104
3.37802 114.127
3.4117 114.153
3.44532 114.175
3.47854 114.18
3.7504 114.458
3.78374 114.465
3.8174 114.484
3.92015 114.607
3.95365 114.618
