25.6995 153.486
25.75 153.548
25.7964 153.578
25.837 153.565
25.8741 153.527
25.8255 152.851
25.8622 152.81
25.9018 148.819
25.9292 148.719
26.0236 148.508
26.059 148.466
26.0964 148.439
26.1354 148.424
26.166 148.349
26.1918 148.239
26.223 148.168
26.2606 148.143
26.2925 148.078
26.328 148.038
26.3605 147.978
26.3988 147.958
26.434 147.917
26.4695 147.878
26.5012 147.812
26.5332 147.749
26.5714 147.729
26.601 147.649
26.6371 147.615
26.6728 147.579
26.7089 147.545
26.747 147.525
26.78 147.469
26.8146 147.426
26.8499 147.387
26.8849 147.346
26.9212 147.314
26.961 147.307
26.9977 147.278
27.0361 147.261
27.0682 147.2
27.1055 147.176
27.1382 147.121
27.1769 147.106
27.2128 147.072
27.2511 147.055
27.2831 146.995
27.3175 146.951
27.3551 146.93
27.3891 146.884
27.4288 146.877
27.4681 146.867
27.5014 146.816
27.5393 146.797
27.5729 146.749
27.6118 146.737
27.6518 146.732
27.6907 146.72
27.7264 146.686
27.7617 146.65
27.7995 146.631
27.8348 146.594
27.8726 146.575
27.9085 146.544
27.9478 146.534
27.9873 146.527
28.0251 146.508
28.0639 146.496
28.0998 146.464
28.1354 146.431
28.1734 146.414
28.2097 146.385
28.2452 146.351
28.2807 146.318
28.322 146.323
28.363 146.325
28.4017 146.313
28.4386 146.289
28.4741 146.255
28.5124 146.241
28.553 146.241
28.5925 146.233
28.6308 146.219
28.6695 146.207
28.7071 146.188
28.7428 146.156
28.7808 146.14
28.8187 146.123
28.8555 146.099
28.8931 146.08
28.9321 146.07
28.9719 146.065
29.0109 146.055
29.0506 146.051
29.0911 146.05
29.1271 146.022
29.1643 146
29.2025 145.986
29.2377 145.952
29.274 145.926
29.3134 145.919
29.3542 145.921
29.3909 145.897
29.4283 145.878
29.4692 145.88
29.513 145.901
29.5581 145.93
29.5978 145.925
29.6348 145.903
29.6737 145.894
29.7165 145.908
29.7577 145.912
29.7947 145.891
29.8394 145.917
29.8798 145.917
29.918 145.902
29.9553 145.883
29.9954 145.881
30.0378 145.892
30.0778 145.89
30.1163 145.878
30.1564 145.875
30.1972 145.878
30.2376 145.877
30.2781 145.877
30.3173 145.87
30.3566 145.863
30.3974 145.865
30.4378 145.865
30.4779 145.862
30.5175 145.857
30.5579 145.857
30.5995 145.864
30.6407 145.869
30.6823 145.876
30.7232 145.878
30.764 145.88
30.804 145.878
30.8448 145.88
30.8848 145.877
30.9257 145.88
30.9677 145.889
31.0109 145.905
31.0517 145.908
31.0945 145.922
31.1382 145.941
31.1786 145.94
31.2202 145.947
31.2619 145.954
31.3023 145.954
31.3423 145.952
31.3819 145.947
31.4235 145.954
31.4656 145.963
31.506 145.963
31.5493 145.98
31.5913 145.989
31.6338 146.001
31.6775 146.019
31.72 146.031
31.7653 146.06
31.8041 146.05
31.8441 146.047
31.887 146.061
31.9295 146.073
31.9749 146.102
32.0183 146.118
32.0628 146.142
32.1037 146.144
32.1404 146.122
32.1846 146.144
32.2263 146.151
32.273 146.186
32.3189 146.217
32.361 146.226
32.4069 146.257
32.4524 146.286
32.495 146.297
32.5363 146.302
32.5784 146.311
32.6239 146.34
32.6687 146.364
32.7155 146.399
32.7598 146.421
32.8054 146.449
32.8522 146.485
32.8961 146.504
32.9439 146.544
32.9853 146.549
33.0275 146.558
33.0731 146.587
33.1171 146.606
33.1619 146.629
33.2054 146.646
33.2516 146.677
33.3007 146.725
33.3542 146.796
33.4074 146.866
33.4514 146.885
33.495 146.901
33.5369 146.908
33.5844 146.947
33.6311 146.98
33.6787 147.018
33.7211 147.028
33.7687 147.066
33.8692 147.171
33.9182 147.217
33.9663 147.258
