-24.87 83.9017
-24.8437 83.9005
-9.80023 164.163
-9.75381 164.12
-9.70577 164.044
-9.66009 164.016
-9.61211 163.939
-9.56579 163.896
-9.51908 163.846
-9.47226 163.792
-9.42426 163.712
-9.37789 163.667
-9.33115 163.614
-9.28443 163.56
-9.23838 163.52
-9.19197 163.473
-9.14467 163.405
-9.09984 163.391
-9.05348 163.343
-9.00715 163.295
-8.96121 163.256
-8.91542 163.219
-8.87039 163.2
-8.82276 163.121
-8.77666 163.076
-8.73167 163.057
-8.68621 163.026
-8.64051 162.989
-8.59472 162.95
-8.55002 162.936
-8.50412 162.894
-8.45849 162.858
-8.41335 162.833
-8.36833 162.811
-8.32309 162.783
-8.27693 162.732
-8.23206 162.713
-8.18755 162.702
-8.14167 162.657
-8.09683 162.638
-8.05246 162.63
-8.00797 162.619
-7.9636 162.61
-7.91934 162.605
-7.87321 162.552
-7.8271 162.499
-7.78156 162.46
-7.73679 162.44
-7.69236 162.429
-7.64804 162.421
-7.60266 162.385
-7.55846 162.38
-7.51384 162.363
-7.46933 162.349
-7.4243 162.322
-7.38032 162.322
-7.33614 162.317
-7.29175 162.306
-7.24656 162.272
-7.20228 162.264
-7.15741 162.239
-7.11295 162.225
-7.0677 162.189
-7.02355 162.184
-6.97969 162.187
-6.93554 162.182
-6.89101 162.165
-6.84619 162.14
-6.80215 162.137
-6.75735 162.113
-6.71322 162.107
-6.66909 162.102
-6.62488 162.094
-6.58048 162.08
-6.53626 162.072
-6.49242 162.075
-6.44785 162.056
-6.40338 162.039
-6.35909 162.028
-6.31525 162.031
-6.27167 162.043
-6.22748 162.034
-6.18329 162.026
-6.13936 162.026
-6.09543 162.027
-6.05107 162.013
-6.00697 162.008
-5.96263 161.994
-5.91895 162.002
-5.8756 162.022
-5.83166 162.023
-5.78765 162.02
-5.74364 162.017
-5.69938 162.006
-5.65482 161.984
-5.61128 161.998
-5.56751 162.004
-5.52373 162.01
-5.48048 162.036
-5.437 162.053
-5.39358 162.072
-5.34918 162.056
-5.30442 162.025
-5.26026 162.017
-5.21669 162.031
-5.17304 162.043
-5.1293 162.051
-5.08522 162.046
-5.04127 162.046
-4.9976 162.058
-4.95379 162.063
-4.90991 162.066
-4.86595 162.067
-4.82207 162.07
-4.77831 162.078
-4.73455 162.087
-4.69066 162.09
-4.64664 162.087
-4.60313 162.107
-4.55967 162.13
-4.51583 162.135
-4.47179 162.133
-4.42795 162.139
-4.38446 162.161
-4.34103 162.187
-4.29717 162.192
-4.25354 162.209
-4.20973 162.218
-4.16556 162.21
-4.12145 162.204
-4.07752 162.207
-4.03426 162.244
-3.99093 162.278
-3.94715 162.289
-3.9039 162.329
-3.86015 162.343
-3.81629 162.352
-3.77237 162.357
-3.72949 162.419
-3.68571 162.434
-3.64172 162.437
-3.59763 162.434
-3.55368 162.44
-3.51018 162.471
-3.46618 162.474
-3.4227 162.508
-3.37892 162.525
-3.335 162.533
-3.29185 162.59
-3.24805 162.607
-3.20414 162.618
-3.16023 162.63
-3.11702 162.686
-3.07318 162.703
-3.02966 162.743
-2.98597 162.771
-2.94214 162.791
-2.89814 162.8
-2.85413 162.809
-2.81091 162.874
-2.76734 162.916
-2.72331 162.925
-2.6793 162.936
-2.63566 162.976
-2.59197 163.013
-2.54794 163.024
-2.50418 163.058
-2.4609 163.132
-2.4169 163.149
-2.37276 163.155
-2.32908 163.2
-2.28589 163.291
-2.24244 163.362
-2.19797 163.343
-2.15403 163.371
-2.11007 163.4
-2.06654 163.471
-2.023 163.545
-1.97896 163.57
-1.93513 163.619
-1.89148 163.69
-1.84768 163.747
-1.80377 163.796
-1.7595 163.804
-1.71517 163.807
-1.67136 163.873
-1.49632 164.202
-1.45223 164.251
-1.40806 164.291
-0.834789 165.45
