-29.7432 131.703
-29.7102 131.726
-29.6736 131.728
-28.9393 130.921
-28.8975 130.893
-27.8262 130.233
-27.7885 130.227
-27.7057 130.172
-27.6239 130.123
-27.5858 130.115
-27.5478 130.108
-27.4284 130.053
-27.3914 130.051
-27.2707 129.989
-27.2337 129.987
-27.1967 129.985
-27.1554 129.958
-27.118 129.954
-27.0771 129.929
-27.0384 129.917
-26.9995 129.903
-26.9683 129.938
-26.9297 129.926
-26.8904 129.91
-26.8527 129.905
-26.8147 129.897
-26.7771 129.891
-26.7394 129.886
-26.7027 129.886
-26.6651 129.88
-26.6248 129.859
-26.5849 129.839
-26.547 129.832
-26.5093 129.826
-26.472 129.823
-26.4353 129.823
-26.3989 129.825
-26.3616 129.821
-26.323 129.81
-26.2831 129.79
-26.247 129.795
-26.2107 129.797
-26.1736 129.795
-26.1366 129.794
-26.0958 129.768
-26.0585 129.764
-26.0215 129.763
-25.9842 129.759
-25.944 129.738
-25.9055 129.726
-25.8722 129.748
-25.833 129.733
-25.7966 129.735
-25.7602 129.737
-25.7235 129.737
-25.6877 129.744
-25.6516 129.748
-25.6149 129.748
-25.5791 129.754
-25.5427 129.757
-25.5054 129.753
-25.4687 129.753
-25.4317 129.752
-25.3949 129.752
-25.3607 129.768
-25.3261 129.782
-25.2893 129.782
-25.2514 129.775
-25.2125 129.761
-25.1749 129.756
-25.1396 129.766
-25.1026 129.764
-25.0637 129.751
-25.0276 129.755
-24.996 129.789
-24.961 129.801
-24.927 129.819
-24.889 129.811
-24.8556 129.834
-24.8233 129.864
-24.7889 129.88
-24.7503 129.868
-24.7103 129.847
-24.6774 129.873
-24.6421 129.883
-24.6029 129.867
-24.564 129.854
-24.5284 129.862
-24.4937 129.876
-24.4569 129.876
-24.419 129.869
-24.3798 129.853
-24.3427 129.851
-24.3103 129.881
-24.2806 129.929
-24.2476 129.955
-24.2107 129.956
-24.1768 129.976
-24.142 129.99
-24.1096 130.02
-24.0739 130.028
-24.0391 130.043
-24.0054 130.065
-23.9709 130.081
-23.9384 130.111
-23.9021 130.115
-23.8658 130.12
-23.8303 130.13
-23.7966 130.152
-23.7626 130.172
-23.7274 130.185
-23.6917 130.193
-23.6571 130.209
-23.623 130.229
-23.5867 130.234
-23.5498 130.234
-23.5134 130.238
-23.4808 130.268
-23.4478 130.296
-23.4137 130.317
-23.3776 130.323
-23.3441 130.347
-23.3096 130.365
-23.2763 130.392
-23.2433 130.42
-23.208 130.432
-23.1744 130.457
-23.1419 130.489
-23.11 130.525
-23.0774 130.557
-23.0421 130.57
-23.0076 130.588
-22.9736 130.61
-22.9388 130.627
-22.9051 130.651
-22.87 130.665
-22.8358 130.686
-22.8023 130.712
-22.7694 130.742
-22.7343 130.757
-22.7011 130.785
-22.6678 130.813
-22.6324 130.826
-22.6008 130.866
-22.5659 130.883
-22.5334 130.917
-22.4996 130.942
-22.4636 130.95
-22.4305 130.98
-22.398 131.015
-22.3658 131.051
-22.3321 131.078
-22.2971 131.094
-22.2659 131.139
-22.2333 131.174
-22.2034 131.228
-22.1679 131.241
-22.1347 131.271
-22.1021 131.306
-22.0718 131.359
-22.0367 131.375
-22.0041 131.41
-21.9724 131.453
-21.9378 131.473
-21.9086 131.534
-21.8777 131.583
-21.8425 131.6
-21.8098 131.635
-21.7799 131.692
-21.7476 131.731
-21.7148 131.765
-21.6848 131.823
-21.653 131.866
-21.6223 131.917
-21.5883 131.944
-21.5583 132.001
-21.5275 132.052
-21.4938 132.081
-21.46 132.11
-21.4291 132.161
-21.3967 132.2
-21.366 132.254
-21.3361 132.314
-21.3046 132.361
-21.2783 132.449
-21.2468 132.497
-21.2168 132.557
-21.1879 132.625
-21.1586 132.691
-21.1291 132.755
-21.1 132.823
-21.0702 132.885
-21.0411 132.953
-21.0117 133.02
-20.9823 133.086
-20.4353 132.618
-20.425 132.843
-20.4049 132.988
-20.376 133.06
-20.3441 133.108
