-30.8721 146.149
-30.8312 146.142
-30.6751 145.924
-30.6292 145.887
-30.5829 145.847
-30.5323 145.782
-30.3874 145.627
-30.1528 145.408
-30.1113 145.397
-30.0618 145.337
-29.9708 145.265
-29.9256 145.231
-29.8842 145.22
-29.7478 145.112
-29.698 145.049
-29.6567 145.038
-29.6153 145.027
-29.5701 144.992
-29.5213 144.935
-29.481 144.931
-29.4363 144.898
-29.3961 144.894
-29.3555 144.887
-29.3101 144.851
-29.2609 144.791
-29.22 144.782
-29.1798 144.778
-29.1367 144.755
-29.0961 144.748
-29.0552 144.739
-29.011 144.71
-28.966 144.675
-28.921 144.641
-28.8794 144.627
-28.8363 144.605
-28.7954 144.596
-28.7549 144.589
-28.7122 144.568
-28.6684 144.541
-28.6276 144.532
-28.586 144.519
-28.5422 144.491
-28.501 144.48
-28.458 144.457
-28.4143 144.43
-28.3738 144.423
-28.3341 144.421
-28.2954 144.426
-28.2542 144.415
-28.2119 144.397
-28.169 144.374
-28.1296 144.374
-28.0902 144.374
-28.048 144.356
-28.0068 144.345
-27.9656 144.334
-27.9231 144.313
-27.8826 144.307
-27.8411 144.293
-27.8014 144.291
-27.7613 144.287
-27.7205 144.278
-27.6776 144.255
-27.639 144.26
-27.5996 144.26
-27.5606 144.262
-27.5205 144.258
-27.4794 144.247
-27.4393 144.242
-27.4009 144.249
-27.3609 144.245
-27.3222 144.25
-27.2828 144.25
-27.2427 144.246
-27.202 144.237
-27.1619 144.232
-27.1225 144.232
-27.0835 144.235
-27.0441 144.235
-27.0047 144.235
-26.9646 144.231
-26.9239 144.222
-26.8858 144.231
-26.8485 144.245
-26.8108 144.257
-26.7704 144.25
-26.7293 144.239
-26.6899 144.239
-26.6511 144.244
-26.6117 144.244
-26.5723 144.244
-26.5323 144.24
-26.4945 144.252
-26.4585 144.275
-26.4194 144.277
-26.3827 144.296
-26.3489 144.335
-26.3098 144.337
-26.2664 144.31
-26.2253 144.299
-26.1855 144.297
-26.1511 144.331
-26.1107 144.324
-26.0683 144.304
-26.0344 144.343
-26.0029 144.398
-25.9644 144.405
-25.9227 144.39
-25.8803 144.369
-25.8444 144.395
-25.8027 144.379
-25.7626 144.374
-25.7224 144.37
-25.682 144.363
-25.6419 144.359
-25.6057 144.382
-25.5675 144.391
-25.5297 144.403
-25.4941 144.431
-25.4559 144.44
-25.4158 144.436
-25.3776 144.445
-25.3384 144.447
-25.2983 144.443
-25.2591 144.445
-25.2248 144.482
-25.1869 144.494
-25.1505 144.517
-25.1142 144.54
-25.0782 144.566
-25.0403 144.578
-25.0036 144.598
-24.9654 144.608
-24.9271 144.617
-24.8888 144.627
-24.8527 144.652
-24.8151 144.666
-24.7762 144.671
-24.7363 144.669
-24.6993 144.687
-24.6641 144.72
-24.6273 144.741
-24.5884 144.745
-24.5532 144.778
-24.5189 144.817
-24.4827 144.843
-24.4459 144.864
-24.4076 144.873
-24.3692 144.883
-24.3311 144.894
-24.2931 144.906
-24.2578 144.938
-24.22 144.952
-24.1828 144.971
-24.1472 145.001
-24.1112 145.029
-24.0752 145.057
-24.0398 145.09
-24.0041 145.12
-23.9694 145.157
-23.9312 145.169
-23.8933 145.183
-23.8576 145.213
-23.8234 145.255
-23.7879 145.288
-23.7497 145.3
-23.7136 145.328
-23.6772 145.353
-23.639 145.365
-23.6064 145.421
-23.5688 145.437
-23.5365 145.496
-23.4992 145.514
-23.463 145.542
-23.4244 145.552
-23.3897 145.592
-23.3553 145.634
-23.3211 145.678
-23.2854 145.711
-23.2492 145.739
-23.2144 145.779
-23.182 145.837
-23.1448 145.858
-23.1093 145.894
-23.0769 145.952
-23.0387 145.966
-23.0009 145.983
-22.9675 146.034
-22.9329 146.077
-22.9009 146.14
-22.863 146.157
-22.6637 146.484
-22.6286 146.524
-22.5967 146.59
-22.5582 146.602
-22.5225 146.637
-22.3679 147.013
-22.3324 147.051
-22.2971 147.091
-22.2658 147.165
-22.1765 147.424
-22.1385 147.443
-22.1066 147.512
-22.0484 150.782
-22.0058 150.767
-21.9717 150.827
