-24.87 83.9017
-24.8432 83.8985
15.0174 134.186
15.051 134.14
15.0856 134.105
15.6208 132.969
15.6567 132.953
15.6867 132.873
15.8737 132.477
15.9081 132.447
15.94 132.39
15.9711 132.325
16.0043 132.282
16.0379 132.243
16.072 132.211
16.2333 131.954
16.2646 131.893
16.2985 131.859
16.3331 131.832
16.3692 131.822
16.4011 131.768
16.4348 131.733
16.4692 131.705
16.5666 131.564
16.5985 131.512
16.635 131.506
16.6697 131.481
16.7058 131.471
16.8383 131.315
16.87 131.262
16.9063 131.254
16.9374 131.196
16.9734 131.186
17.0075 131.158
17.0411 131.124
17.0729 131.074
17.1087 131.062
17.144 131.046
17.1781 131.018
17.213 130.998
17.2491 130.99
17.2838 130.968
17.3175 130.936
17.3507 130.9
17.3841 130.866
17.4198 130.854
17.4544 130.832
17.4884 130.804
17.5242 130.794
17.559 130.774
17.5934 130.75
17.6286 130.734
17.6624 130.704
17.6963 130.676
17.7315 130.66
17.7637 130.616
17.7993 130.604
17.8353 130.596
17.87 130.576
17.9037 130.546
17.939 130.533
17.9729 130.505
18.0088 130.497
18.0437 130.479
18.0786 130.461
18.1139 130.447
18.1495 130.435
18.185 130.423
18.2211 130.417
18.2569 130.407
18.2913 130.385
18.3252 130.359
18.3612 130.351
18.3969 130.341
18.4312 130.319
18.4667 130.307
18.5017 130.292
18.5374 130.282
18.5731 130.272
18.6081 130.256
18.6437 130.246
18.6792 130.234
18.7123 130.202
18.7475 130.188
18.7827 130.174
18.8177 130.158
18.8553 130.166
18.8918 130.164
18.9279 130.158
18.9642 130.154
18.9993 130.14
19.0325 130.108
19.0683 130.101
19.1048 130.098
19.1406 130.09
19.1746 130.067
19.2104 130.059
19.2471 130.059
19.2847 130.066
19.3228 130.078
19.3609 130.09
19.3985 130.098
19.4332 130.08
19.469 130.072
19.5082 130.094
19.5491 130.129
19.5873 130.141
19.6242 130.143
19.653 130.076
19.6899 130.077
19.7269 130.079
19.7636 130.079
19.7965 130.048
19.8308 130.028
19.8659 130.014
19.903 130.018
19.9395 130.016
19.975 130.006
20.0116 130.006
20.0476 130
20.0838 129.996
20.1212 130.001
20.1581 130.003
20.1948 130.003
20.2312 130.001
20.2677 129.999
20.3041 129.997
20.3408 129.997
20.3784 130.005
20.4161 130.013
20.4528 130.012
20.4875 129.997
20.5232 129.989
20.5601 129.99
20.5977 129.998
20.6364 130.014
20.675 130.03
20.7114 130.028
20.7476 130.024
20.783 130.014
20.8194 130.012
20.8559 130.009
20.895 130.029
20.9334 130.043
20.9711 130.051
21.008 130.052
21.0457 130.06
21.0839 130.072
21.1233 130.094
21.1617 130.107
21.1977 130.101
21.2326 130.087
21.268 130.077
21.3079 130.103
21.3464 130.117
21.3843 130.126
21.4241 130.15
21.4613 130.154
21.499 130.162
21.5354 130.16
21.5723 130.161
21.6093 130.163
21.6493 130.189
21.6862 130.191
21.7237 130.197
21.7637 130.222
21.8046 130.254
21.8426 130.264
21.8809 130.275
21.9183 130.281
21.9558 130.287
21.9941 130.299
22.0321 130.308
22.0698 130.316
22.11 130.342
22.1499 130.365
22.1879 130.375
22.2265 130.389
22.2695 130.436
22.3081 130.45
22.3475 130.47
22.3861 130.484
22.4293 130.531
22.4687 130.551
22.5114 130.594
22.5486 130.598
22.5859 130.602
22.6229 130.604
22.6619 130.62
22.6997 130.628
22.7427 130.673
22.7825 130.695
22.8217 130.713
22.8612 130.732
22.9001 130.748
22.9391 130.764
22.983 130.815
23.0242 130.847
23.0616 130.851
23.1 130.863
23.1479 130.942
23.19 130.98
23.2276 130.986
23.2717 131.038
23.311 131.056
23.3543 131.101
23.3925 131.111
23.433 131.137
23.4743 131.169
23.6907 131.394
23.7318 131.424
23.773 131.454
23.8156 131.494
23.8605 131.55
23.9052 131.604
23.9442 131.618
23.9851 131.646
24.0273 131.682
24.0735 131.746
24.122 131.826
