-6.6003 123.016
-6.56332 122.982
-6.52544 122.925
-6.48758 122.869
-6.44967 122.811
-6.18404 122.382
-6.14744 122.351
-6.11 122.299
-6.07322 122.263
-6.03568 122.207
-5.99922 122.178
-5.96271 122.148
-5.85111 122.001
-5.81467 121.97
-5.77858 121.949
-5.74229 121.922
-5.70555 121.882
-5.66856 121.836
-5.63232 121.809
-5.59523 121.759
-5.55942 121.743
-5.52387 121.734
-5.48781 121.711
-5.45079 121.661
-5.41392 121.614
-5.37816 121.598
-5.34208 121.573
-5.30589 121.545
-5.26965 121.515
-5.23281 121.467
-5.19734 121.458
-5.16133 121.433
-5.12526 121.406
-5.08921 121.379
-5.05317 121.353
-5.01773 121.344
-4.98241 121.338
-4.94593 121.298
-4.9097 121.264
-4.87371 121.237
-4.83785 121.214
-4.80218 121.196
-4.76639 121.175
-4.73073 121.157
-4.69513 121.141
-4.65937 121.12
-4.62373 121.102
-4.58815 121.086
-4.55188 121.047
-4.51653 121.039
-4.48066 121.012
-4.44475 120.984
-4.40937 120.973
-4.37415 120.968
-4.33853 120.948
-4.3028 120.925
-4.26745 120.915
-4.23179 120.894
-4.19635 120.879
-4.16125 120.878
-4.12596 120.869
-4.09058 120.856
-4.0553 120.848
-4.01959 120.823
-3.98422 120.81
-3.94877 120.795
-3.91332 120.779
-3.87793 120.765
-3.84272 120.757
-3.80761 120.754
-3.77227 120.742
-3.73658 120.715
-3.70122 120.701
-3.66612 120.697
-3.63093 120.69
-3.59583 120.687
-3.56048 120.673
-3.52518 120.66
-3.48972 120.641
-3.45451 120.632
-3.41923 120.62
-3.38411 120.615
-3.34903 120.611
-3.31403 120.611
-3.27903 120.611
-3.2438 120.6
-3.20839 120.581
-3.17324 120.574
-3.13818 120.57
-3.10315 120.569
-3.06808 120.565
-3.03302 120.562
-2.99788 120.555
-2.96279 120.549
-2.92773 120.546
-2.8927 120.544
-2.85751 120.533
-2.82225 120.519
-2.7873 120.521
-2.75235 120.523
-2.71736 120.523
-2.68231 120.519
-2.64716 120.511
-2.61205 120.504
-2.57707 120.503
-2.54205 120.502
-2.50701 120.498
-2.47199 120.496
-2.43698 120.495
-2.40197 120.493
-2.36701 120.495
-2.33202 120.495
-2.29698 120.491
-2.26205 120.495
-2.22704 120.493
-2.1921 120.496
-2.15714 120.498
-2.1222 120.502
-2.01179 115.305
-1.97764 115.282
-1.94337 115.249
-1.98221 120.5
-1.94708 120.489
-1.91211 120.491
-1.87721 120.498
-1.84227 120.502
-1.80732 120.505
-1.77241 120.512
-1.73758 120.526
-1.7026 120.528
-1.66756 120.524
-1.63245 120.516
-1.59745 120.516
-1.56245 120.516
-1.52757 120.526
-1.49269 120.539
-1.45772 120.542
-1.42275 120.546
-1.38783 120.554
-1.3529 120.563
-1.31797 120.572
-1.28306 120.584
-1.24806 120.586
-1.21304 120.586
-1.17811 120.597
-1.14317 120.607
-1.10824 120.62
-1.07328 120.628
-1.03833 120.639
-1.00332 120.642
-0.968292 120.644
-0.933364 120.66
-0.898382 120.669
-0.863383 120.676
-0.828358 120.68
-0.793321 120.681
-0.758334 120.692
-0.723352 120.704
-0.688439 120.731
-0.653432 120.741
-0.618412 120.75
-0.583378 120.757
-0.54831 120.757
-0.513248 120.759
-0.478256 120.778
-0.443269 120.801
-0.408232 120.814
-0.37322 120.835
-0.338147 120.84
-0.303103 120.856
-0.268022 120.861
-0.232947 120.87
-0.197892 120.89
-0.162838 120.915
-0.127775 120.941
-0.0926723 120.95
-0.0575886 120.976
-0.0224982 121.008
0.0126269 121.017
0.0477542 121.03
0.0828898 121.037
0.118026 121.062
0.153173 121.07
0.188332 121.108
0.223493 121.115
0.258662 121.127
0.293849 121.152
0.329037 121.168
0.364228 121.18
0.399457 121.212
0.434688 121.237
0.469937 121.266
0.505197 121.292
0.540414 121.298
0.575733 121.339
0.611001 121.356
0.646296 121.38
0.681589 121.399
0.71695 121.435
0.752377 121.483
0.78765 121.488
0.822925 121.494
0.858261 121.512
0.893579 121.524
0.929093 121.574
0.964536 121.606
1.00011 121.66
1.03559 121.692
1.07092 121.697
1.10635 121.717
1.14198 121.767
1.17765 121.821
1.21321 121.853
1.24865 121.867
1.28433 121.912
1.31991 121.943
1.35534 121.952
1.82147 122.541
1.8571 122.551
1.96592 122.747
2.00188 122.781
2.03811 122.836
2.14749 123.041
2.18352 123.072
2.21932 123.085
2.36666 123.42
2.40257 123.433
