-1.34017 144.164
-1.01231 143.64
-0.930896 143.556
-0.443911 143.034
-0.403465 142.995
-0.363048 142.96
-0.322575 142.893
-0.282186 142.854
-0.241823 142.819
-0.201515 142.81
-0.161174 142.773
-0.120819 142.708
-0.0805392 142.697
-0.0402507 142.665
1.42772e-05 142.653
0.0402778 142.626
0.0805291 142.591
0.120764 142.552
0.160985 142.52
0.201212 142.518
0.241435 142.513
0.281626 142.481
0.321766 142.421
0.361951 142.407
0.402138 142.398
0.442238 142.348
0.482403 142.336
0.522563 142.325
0.562602 142.27
0.602808 142.281
0.642834 142.233
0.682969 142.224
0.723034 142.197
0.763139 142.183
0.803211 142.162
0.843312 142.151
0.883337 142.123
0.923393 142.105
0.963384 142.075
1.0034 142.053
1.04352 142.053
1.08362 142.048
1.12368 142.037
1.1636 142.003
1.2036 141.984
1.24364 141.973
1.28351 141.939
1.32362 141.939
1.3636 141.923
1.40362 141.911
1.44366 141.905
1.48373 141.903
1.52381 141.9
1.56381 141.889
1.60382 141.88
1.64385 141.873
1.68371 141.848
1.7235 141.816
1.76325 141.782
1.80332 141.782
1.84352 141.796
1.8837 141.807
1.92372 141.803
1.96363 141.787
2.00352 141.771
2.04324 141.739
2.08317 141.728
2.12312 141.719
2.16309 141.712
2.20309 141.708
2.24305 141.701
2.28302 141.694
2.32292 141.683
2.36282 141.671
2.40265 141.656
2.44269 141.656
2.48261 141.647
2.52255 141.64
2.5623 141.619
2.60233 141.619
2.64203 141.597
2.68159 141.565
2.72138 141.549
2.76129 141.542
2.80161 141.563
2.84236 141.611
2.88306 141.655
2.92306 141.652
2.96262 141.623
3.00202 141.584
3.042 141.582
3.08244 141.607
3.12247 141.607
3.16272 141.621
3.20275 141.621
3.24294 141.63
3.28329 141.649
3.32341 141.653
3.36349 141.656
3.40369 141.665
3.44368 141.663
3.48359 141.656
3.52367 141.658
3.56392 141.67
3.60401 141.672
3.64404 141.672
3.68413 141.675
3.72426 141.679
3.76439 141.684
3.80438 141.682
3.84418 141.671
3.88436 141.678
3.92469 141.691
3.96508 141.707
4.00512 141.708
4.04456 141.68
4.0846 141.68
4.12561 141.724
4.16664 141.767
4.20728 141.793
4.24803 141.823
4.28836 141.834
4.32849 141.836
4.36856 141.837
4.40929 141.864
4.44964 141.876
4.49028 141.899
4.52968 141.871
4.56913 141.846
4.61036 141.892
4.65148 141.933
4.69198 141.95
4.73208 141.95
4.77277 141.973
4.81335 141.991
4.85418 142.019
4.89447 142.026
4.93458 142.026
4.97494 142.035
5.01643 142.086
5.05693 142.099
5.09782 142.127
5.13814 142.134
5.17899 142.159
5.21945 142.171
5.26051 142.203
5.30072 142.206
5.34154 142.229
5.3827 142.263
5.42327 142.277
5.46501 142.33
5.50567 142.346
5.54702 142.386
5.58735 142.39
5.62852 142.423
5.66893 142.43
5.71013 142.462
5.75055 142.469
5.83315 142.538
6.45414 143.046
6.49578 143.083
6.53669 143.1
6.57893 143.153
6.61978 143.167
7.93745 145.69
7.97886 145.702
