-17.0771 144.637
-17.0357 144.619
-16.9948 144.607
-16.8719 144.143
-16.8284 144.102
-16.7854 144.066
-16.7388 143.99
-16.6896 143.888
-16.5866 143.63
-16.544 143.596
-16.5036 143.587
-16.4608 143.551
-16.0954 143.005
-16.0532 142.973
-16.0106 142.937
-15.9659 142.878
-15.9251 142.863
-15.8775 142.77
-15.8346 142.73
-15.7918 142.691
-15.7491 142.653
-15.7064 142.615
-15.6639 142.579
-15.6209 142.536
-15.5765 142.478
-15.534 142.442
-15.4936 142.429
-15.4494 142.373
-15.409 142.359
-15.367 142.328
-15.325 142.296
-15.2829 142.263
-15.2407 142.229
-15.1982 142.191
-15.1576 142.176
-15.1138 142.122
-15.0729 142.102
-15.0318 142.08
-14.9922 142.075
-14.9505 142.046
-14.9106 142.037
-14.8667 141.981
-14.8262 141.966
-14.7844 141.935
-14.7428 141.906
-14.7008 141.872
-14.6607 141.861
-14.621 141.854
-14.5798 141.83
-14.5393 141.814
-14.4976 141.783
-14.4553 141.745
-14.4155 141.736
-14.3754 141.725
-14.3344 141.703
-14.2922 141.665
-14.2522 141.654
-14.2129 141.652
-14.173 141.643
-14.133 141.632
-14.091 141.597
-14.0507 141.581
-14.0107 141.57
-13.9707 141.559
-13.9294 141.532
-13.8889 141.515
-13.8495 141.51
-13.81 141.506
-13.7705 141.501
-13.7295 141.477
-13.6895 141.466
-13.6498 141.457
-13.6098 141.446
-13.5688 141.422
-13.5289 141.411
-13.4893 141.404
-13.45 141.402
-13.4107 141.4
-13.3709 141.391
-13.3312 141.382
-13.2914 141.373
-13.2522 141.371
-13.2122 141.36
-13.1718 141.342
-13.1317 141.329
-13.0921 141.322
-13.0529 141.32
-13.0133 141.314
-12.9736 141.305
-12.9343 141.303
-12.8944 141.292
-12.8545 141.281
-12.8151 141.276
-12.7757 141.272
-12.7371 141.278
-12.6987 141.287
-12.6596 141.287
-12.6205 141.288
-12.5822 141.299
-12.5435 141.303
-12.5036 141.292
-12.4632 141.274
-12.424 141.272
-12.386 141.288
-12.3472 141.292
-12.3078 141.288
-12.2687 141.288
-12.2293 141.284
-12.1895 141.273
-12.1511 141.284
-12.1133 141.302
-12.0742 141.302
-12.0343 141.29
-11.9961 141.304
-11.9575 141.311
-11.9181 141.306
-11.8788 141.304
-11.8394 141.3
-11.8 141.295
-11.763 141.326
-11.7228 141.311
-11.683 141.3
-11.6438 141.298
-11.6051 141.304
-11.5667 141.315
-11.5282 141.324
-11.4891 141.324
-11.4508 141.338
-11.4119 141.34
-11.3729 141.342
-11.3349 141.36
-11.2966 141.374
-11.2577 141.376
-11.2188 141.38
-11.1801 141.387
-11.1415 141.396
-11.103 141.405
-11.0645 141.416
-11.0255 141.418
-10.9867 141.423
-10.9489 141.445
-10.9107 141.461
-10.8724 141.474
-10.8338 141.483
-10.7948 141.485
-10.7566 141.501
-10.7188 141.523
-10.6803 141.534
-10.6414 141.539
-10.6033 141.557
-10.5646 141.566
-10.526 141.575
-10.4871 141.579
-10.4482 141.584
-10.4092 141.588
-10.3711 141.606
-10.3339 141.639
-10.296 141.662
-10.2579 141.682
-10.2194 141.693
-10.1804 141.698
-10.1423 141.716
-10.105 141.749
-10.0667 141.767
-10.0289 141.792
-9.99019 141.801
-9.95247 141.827
-9.91423 141.845
-9.87661 141.874
-9.83873 141.899
-9.80059 141.919
-9.76207 141.933
-9.72342 141.944
-9.6855 141.968
-9.64683 141.98
-9.60816 141.991
-9.57167 142.042
-9.53274 142.049
-9.49537 142.085
-9.45787 142.119
-9.41987 142.143
-9.38115 142.155
-9.34254 142.168
-9.30523 142.206
-9.26719 142.231
-9.22926 142.258
-9.1919 142.296
-9.15324 142.31
-9.11666 142.364
-9.07787 142.375
-9.04034 142.411
-9.00267 142.445
-8.96511 142.481
-8.92889 142.544
-8.88982 142.551
-8.85075 142.558
-8.81447 142.621
-8.7756 142.632
-8.73928 142.695
-8.70172 142.734
-8.6627 142.743
-8.62621 142.804
-8.58969 142.865
-8.55097 142.881
-8.51354 142.924
-8.47556 142.955
-8.43788 142.994
-8.40136 143.057
-8.36354 143.093
-8.32581 143.132
-8.28827 143.175
-8.25292 143.266
-8.21408 143.282
-8.17596 143.314
-8.14105 143.416
-8.1034 143.459
-8.06564 143.5
-8.02775 143.539
-7.99036 143.589
-7.95253 143.63
-7.9149 143.676
-7.87966 143.776
-7.69733 144.152
-7.65952 144.198
