-3.19262 138.051
-3.1523 137.975
-3.11205 137.901
-3.07138 137.801
-3.03116 137.725
-2.99113 137.658
-2.95095 137.58
-2.91094 137.511
-2.87097 137.442
-2.83068 137.352
-2.79115 137.306
-2.75093 137.216
-2.71149 137.173
-2.67134 137.083
-2.63188 137.035
-2.59225 136.975
-2.5529 136.932
-2.51344 136.881
-2.4744 136.857
-2.43486 136.797
-2.39526 136.731
-2.35572 136.667
-2.31655 136.628
-2.27742 136.592
-2.2382 136.547
-2.19886 136.492
-2.1599 136.464
-2.1211 136.449
-2.08177 136.39
-2.04269 136.349
-2.00348 136.296
-1.96471 136.279
-1.92571 136.241
-1.88653 136.185
-1.84777 136.166
-1.80873 136.12
-1.76981 136.084
-1.73093 136.05
-1.69224 136.033
-1.65328 135.988
-1.61458 135.969
-1.57568 135.927
-1.53702 135.91
-1.49823 135.876
-1.45946 135.844
-1.42074 135.817
-1.38204 135.789
-1.34341 135.77
-1.30456 135.722
-1.26602 135.711
-1.22748 135.701
-1.18883 135.673
-1.15015 135.64
-1.1116 135.625
-1.07287 135.581
-1.03434 135.564
-0.995766 135.541
-0.957206 135.517
-0.918701 135.503
-0.880225 135.492
-0.841679 135.467
-0.803142 135.442
-0.764675 135.429
-0.726166 135.406
-0.687667 135.383
-0.649228 135.373
-0.610793 135.362
-0.57231 135.337
-0.533823 135.307
-0.495401 135.295
-0.456966 135.276
-0.418555 135.264
-0.380149 135.251
-0.341734 135.232
-0.303323 135.211
-0.264932 135.197
-0.22655 135.184
-0.188153 135.157
-0.14978 135.14
-0.111415 135.125
-0.0730601 135.117
-0.0347057 135.102
0.00364073 135.098
0.0419857 135.088
0.0803272 135.08
0.118666 135.073
0.157002 135.065
0.195336 135.059
0.233664 135.049
0.271987 135.038
0.310306 135.028
0.348617 135.015
0.386941 135.011
0.425253 135.003
0.463547 134.988
0.501846 134.978
0.540153 134.972
0.578451 134.963
0.61676 134.959
0.65506 134.953
0.693334 134.941
0.731603 134.928
0.769885 134.92
0.808191 134.918
0.846507 134.918
0.884824 134.918
0.923119 134.914
0.96138 134.904
0.999659 134.897
1.03795 134.893
1.07624 134.889
1.11452 134.885
1.15278 134.877
1.19108 134.875
1.22939 134.875
1.26768 134.873
1.306 134.873
1.34426 134.867
1.38252 134.861
1.42097 134.878
1.4594 134.892
1.49798 134.924
1.53615 134.905
1.57413 134.868
1.61231 134.853
1.6506 134.851
1.68907 134.868
1.72732 134.862
1.76534 134.832
1.80367 134.835
1.84215 134.851
1.88044 134.849
1.91864 134.839
1.95695 134.839
1.99531 134.843
2.03396 134.873
2.07247 134.89
2.11092 134.901
2.14922 134.899
2.18765 134.907
2.22609 134.916
2.26444 134.918
2.30277 134.918
2.34116 134.922
2.37972 134.939
2.4182 134.95
2.45657 134.952
2.49494 134.954
2.5334 134.963
2.57223 134.997
2.61084 135.013
2.64925 135.018
2.68751 135.012
2.72587 135.012
2.76425 135.014
2.80274 135.022
2.84148 135.046
2.88012 135.063
2.91866 135.073
2.95714 135.08
2.99554 135.082
3.03432 135.105
3.07288 135.116
3.1116 135.135
3.1501 135.141
3.18856 135.146
3.22734 135.167
3.26589 135.175
3.30457 135.19
3.34337 135.212
3.38194 135.22
3.42084 135.245
3.4595 135.258
3.4983 135.277
3.53719 135.301
3.57587 135.313
3.61448 135.322
3.65348 135.35
3.6921 135.358
3.73067 135.365
3.77012 135.411
3.80871 135.418
3.84772 135.443
3.88637 135.452
3.92498 135.458
3.96445 135.503
4.00351 135.528
4.04253 135.552
4.08101 135.552
4.12 135.573
4.15955 135.618
4.19881 135.65
4.23758 135.66
4.27687 135.692
4.31607 135.72
4.35481 135.729
4.3935 135.735
4.43273 135.763
4.47279 135.822
4.51222 135.856
4.55105 135.867
4.5905 135.901
4.63054 135.957
4.66946 135.97
4.70891 136.002
4.74831 136.032
4.78778 136.064
4.82727 136.096
4.86702 136.136
4.90666 136.173
4.94692 136.23
4.98575 136.237
5.02538 136.271
5.06508 136.308
5.10549 136.368
5.14524 136.404
5.18501 136.441
5.22472 136.475
5.26523 136.535
5.30492 136.567
5.34462 136.6
5.38461 136.64
5.42468 136.683
5.5061 136.808
5.54535 136.823
5.62727 136.959
5.66839 137.03
5.70932 137.095
5.74937 137.132
5.79064 137.205
5.83174 137.273
5.87207 137.316
5.95625 137.504
