-24.8707 83.9047
-24.8439 83.9015
1.61657 135.61
1.84183 135.275
1.8798 135.266
1.91745 135.229
1.95483 135.17
1.99222 135.113
2.0301 135.1
2.06775 135.069
2.33026 134.801
2.36788 134.776
2.40566 134.763
2.44269 134.699
2.4797 134.634
2.51722 134.607
2.55508 134.603
2.59293 134.598
2.63037 134.567
2.66738 134.509
2.70504 134.494
2.74247 134.465
2.77995 134.44
2.81767 134.43
2.85468 134.378
2.89244 134.371
2.92964 134.332
2.96706 134.307
3.00481 134.301
3.04247 134.29
3.07932 134.234
3.11662 134.205
3.15426 134.195
3.19124 134.149
3.22886 134.139
3.26644 134.126
3.30386 134.106
3.3415 134.097
3.37837 134.05
3.416 134.041
3.45362 134.033
3.49108 134.016
3.52865 134.006
3.56618 133.994
3.60301 133.948
3.64051 133.936
3.67811 133.927
3.71529 133.9
3.75247 133.874
3.79004 133.865
3.82761 133.857
3.86498 133.84
3.9024 133.826
3.93982 133.811
3.97708 133.791
4.01428 133.768
4.05182 133.76
4.08945 133.756
4.12688 133.743
4.164 133.718
4.20152 133.71
4.23898 133.7
4.27629 133.683
4.31379 133.675
4.35139 133.671
4.389 133.667
4.4266 133.663
4.46409 133.654
4.50136 133.638
4.53873 133.626
4.57615 133.615
4.61362 133.607
4.65093 133.592
4.68828 133.58
4.72568 133.57
4.76348 133.574
4.80174 133.595
4.83995 133.613
4.87752 133.609
4.91439 133.58
4.95088 133.539
4.98826 133.529
5.02605 133.533
5.06367 133.531
5.10122 133.526
5.1387 133.52
5.17643 133.522
5.21417 133.524
5.25171 133.52
5.28925 133.516
5.32711 133.522
5.36491 133.526
5.40212 133.512
5.43946 133.502
5.47732 133.508
5.51532 133.518
5.55412 133.553
5.5928 133.584
5.63034 133.58
5.66666 133.539
5.70358 133.516
5.74083 133.504
5.77835 133.499
5.81566 133.489
5.85339 133.491
5.89147 133.504
5.92899 133.499
5.96607 133.483
6.00351 133.477
6.04123 133.479
6.07925 133.489
6.11713 133.495
6.1553 133.51
6.1934 133.522
6.23151 133.534
6.26917 133.534
6.30653 133.526
6.34412 133.524
6.38185 133.526
6.41974 133.532
6.45764 133.538
6.4953 133.538
6.53327 133.547
6.57125 133.555
6.60907 133.559
6.64698 133.565
6.68496 133.573
6.72287 133.579
6.76054 133.579
6.79861 133.59
6.83686 133.604
6.87502 133.616
6.91295 133.623
6.95071 133.625
6.98889 133.637
7.02749 133.66
7.06509 133.658
7.10277 133.658
7.14131 133.678
7.17943 133.689
7.21772 133.703
7.25611 133.719
7.29468 133.74
7.33247 133.742
7.37043 133.748
7.4092 133.773
7.44672 133.769
7.48497 133.781
7.52412 133.814
7.56247 133.829
7.60074 133.841
7.63882 133.849
7.67793 133.88
7.7163 133.895
7.7544 133.903
7.79241 133.909
7.83118 133.932
7.86996 133.955
7.90856 133.973
7.94765 134.002
7.98578 134.011
8.02392 134.019
8.06245 134.035
8.10138 134.06
8.14081 134.096
8.17907 134.106
8.21754 134.12
8.25641 134.143
8.29569 134.174
8.33479 134.201
8.37308 134.212
8.4122 134.239
8.45143 134.268
8.49077 134.299
8.53034 134.334
8.56929 134.357
8.60754 134.365
8.64683 134.394
8.68645 134.43
8.72576 134.459
8.76435 134.473
8.80497 134.527
8.84369 134.544
8.88425 134.596
8.92472 134.646
8.96359 134.665
9.00333 134.7
9.04299 134.734
9.08144 134.744
9.1219 134.792
9.1616 134.826
9.20176 134.868
9.2416 134.903
9.28135 134.937
9.32111 134.97
9.36214 135.027
9.4024 135.068
9.44245 135.106
9.48378 135.167
9.52434 135.213
9.56515 135.264
9.60504 135.297
9.64507 135.333
9.68523 135.371
9.72565 135.413
9.76693 135.47
9.80883 135.537
9.85088 135.607
9.89261 135.67
9.93425 135.731
9.97616 135.797
10.017 135.843
10.0596 135.919
10.1017 135.987
10.2318 136.25
10.274 136.316
10.3193 136.435
10.364 136.542
10.4069 136.618
10.4479 136.663
