20.5339 135.495
20.5611 135.402
20.5933 135.351
20.4702 133.06
20.503 133.019
20.5725 132.658
20.6483 132.353
20.6797 132.302
20.7066 132.215
20.7394 132.176
20.7655 132.082
20.7935 132.005
20.8228 131.938
20.854 131.887
20.8865 131.847
20.9124 131.754
20.9418 131.689
20.9725 131.634
21.0054 131.598
21.0348 131.533
21.0641 131.468
21.0967 131.43
21.1257 131.364
21.1555 131.303
21.186 131.249
21.2206 131.227
21.2508 131.17
21.283 131.13
21.3158 131.094
21.3477 131.052
21.3822 131.03
21.409 130.947
21.4414 130.909
21.473 130.865
21.5085 130.851
21.5385 130.795
21.5678 130.733
21.6027 130.715
21.6329 130.661
21.6678 130.643
21.6991 130.597
21.7321 130.565
21.7659 130.539
21.8008 130.521
21.8309 130.467
21.8615 130.417
21.8969 130.403
21.9327 130.393
21.9636 130.346
21.9978 130.324
22.0283 130.274
22.0594 130.228
22.0949 130.216
22.1289 130.192
22.1628 130.169
22.1949 130.131
22.2301 130.117
22.2634 130.089
22.296 130.055
22.3312 130.041
22.3656 130.022
22.3984 129.99
22.4292 129.944
22.4639 129.926
22.4977 129.903
22.5307 129.873
22.5655 129.857
22.5996 129.835
22.6336 129.814
22.6687 129.8
22.7016 129.77
22.7343 129.738
22.7702 129.731
22.8055 129.719
22.8373 129.681
22.8721 129.665
22.9039 129.628
22.9384 129.61
22.9734 129.596
23.0076 129.577
23.0407 129.549
23.076 129.537
23.1101 129.517
23.144 129.496
23.1798 129.488
23.2162 129.484
23.2503 129.464
23.2847 129.446
23.3186 129.425
23.3515 129.397
23.3854 129.376
23.4214 129.37
23.4575 129.364
23.4912 129.342
23.525 129.321
23.5588 129.299
23.5937 129.285
23.6286 129.271
23.664 129.262
23.7003 129.258
23.7371 129.258
23.7711 129.238
23.8037 129.209
23.8357 129.175
23.8717 129.169
23.9094 129.175
23.9453 129.169
23.9802 129.156
24.0158 129.148
24.0512 129.138
24.0846 129.114
24.1199 129.105
24.1556 129.097
24.1898 129.079
24.2254 129.071
24.2593 129.052
24.2935 129.034
24.3294 129.028
24.3667 129.032
24.4026 129.026
24.4385 129.02
24.4762 129.026
24.5153 129.042
24.5512 129.036
24.5862 129.024
24.625 129.038
24.6624 129.042
24.6983 129.036
24.7318 129.014
24.765 128.991
24.8012 128.987
24.8385 128.991
24.875 128.989
24.9141 129.005
24.9523 129.014
24.9882 129.008
25.0211 128.983
25.0554 128.967
25.0916 128.963
25.1298 128.973
25.1675 128.979
25.2033 128.973
25.2382 128.961
25.2759 128.967
25.3141 128.977
25.3512 128.979
25.3888 128.985
25.4252 128.983
25.4617 128.981
25.4984 128.981
25.5348 128.979
25.5719 128.981
25.6083 128.979
25.6447 128.977
25.6814 128.977
25.7178 128.975
25.7543 128.973
25.7916 128.977
25.8299 128.987
25.8672 128.991
25.9042 128.993
25.9413 128.995
25.9777 128.993
26.0147 128.995
26.0517 128.996
26.0894 129.002
26.1283 129.016
26.1659 129.022
26.2055 129.039
26.2428 129.043
26.2796 129.043
26.3169 129.047
26.3561 129.063
26.3941 129.071
26.434 129.09
26.4723 129.1
26.5087 129.098
26.5423 129.079
26.58 129.084
26.6199 129.104
26.6582 129.114
26.6978 129.131
26.7374 129.149
26.7767 129.165
26.8115 129.153
26.8514 129.173
26.892 129.196
26.9297 129.202
26.9674 129.208
27.0051 129.214
27.0448 129.231
27.0834 129.243
27.1244 129.269
27.165 129.292
27.2057 129.316
27.2437 129.324
27.2821 129.333
27.3221 129.353
27.3605 129.363
27.3989 129.373
27.439 129.392
27.4787 129.41
27.5194 129.434
27.5591 129.451
27.5979 129.463
27.6363 129.473
27.6764 129.492
27.7181 129.522
27.7579 129.54
27.7977 129.557
27.8398 129.589
27.8789 129.603
27.9224 129.642
27.9612 129.654
28.0024 129.68
28.0439 129.707
28.0851 129.733
28.1246 129.749
28.1661 129.776
28.209 129.812
28.2499 129.835
28.2918 129.865
28.3344 129.899
28.3764 129.928
28.419 129.962
28.461 129.991
28.503 130.021
28.5416 130.031
28.5836 130.061
28.63 130.116
28.6731 130.152
28.7158 130.186
28.7579 130.215
28.8014 130.253
28.8494 130.316
28.8908 130.342
28.934 130.378
28.9772 130.414
29.0218 130.458
29.0619 130.475
29.11 130.539
29.1582 130.603
29.2053 130.661
29.2521 130.717
29.2962 130.756
29.341 130.8
29.3893 130.864
29.4362 130.92
29.4846 130.984
29.5291 131.026
29.5801 131.104
