-25.3726 149.196
-25.1659 148.887
-25.1198 148.851
-24.1275 147.87
-24.0873 147.875
-24.0432 147.852
-23.6378 147.564
-23.5057 147.491
-23.4637 147.481
-23.4182 147.445
-23.3728 147.41
-23.3317 147.408
-23.2906 147.406
-23.1998 147.334
-23.1554 147.306
-23.114 147.301
-23.072 147.292
-23.027 147.259
-22.9829 147.233
-22.9406 147.221
-22.8956 147.188
-22.8542 147.183
-22.8126 147.176
-22.7709 147.17
-22.7301 147.17
-22.6873 147.154
-22.645 147.142
-22.6034 147.136
-22.5596 147.112
-22.5174 147.1
-22.4731 147.072
-22.4297 147.051
-22.3877 147.041
-22.3464 147.037
-22.3054 147.035
-22.2634 147.026
-22.2195 147
-22.1793 147.005
-22.1383 147.003
-22.0967 146.997
-22.053 146.973
-22.0117 146.969
-21.9704 146.964
-21.927 146.943
-21.8863 146.944
-21.8455 146.944
-21.8036 146.935
-21.7617 146.926
-21.7204 146.922
-21.6791 146.917
-21.6375 146.91
-21.5976 146.918
-21.5589 146.936
-21.519 146.943
-21.4745 146.912
-21.4307 146.886
-21.3891 146.88
-21.3495 146.89
-21.3098 146.9
-21.2685 146.896
-21.2275 146.894
-21.1868 146.894
-21.1443 146.88
-21.1011 146.859
-21.06 146.857
-21.019 146.855
-20.978 146.853
-20.9383 146.863
-20.8965 146.854
-20.8535 146.835
-20.812 146.829
-20.769 146.81
-20.7283 146.81
-20.6878 146.813
-20.6503 146.843
-20.612 146.865
-20.5701 146.856
-20.5318 146.878
-20.4918 146.886
-20.4489 146.867
-20.4084 146.87
-20.3714 146.904
-20.3341 146.936
-20.292 146.924
-20.2493 146.908
-20.2093 146.916
-20.1688 146.919
-20.1338 146.972
-20.0941 146.982
-20.0543 146.993
-20.0122 146.981
-19.9717 146.984
-19.9335 147.009
-19.8958 147.038
-19.8558 147.046
-19.8157 147.054
-19.7764 147.069
-19.7374 147.086
-19.6963 147.084
-19.6568 147.097
-19.6185 147.121
-19.5779 147.124
-19.5389 147.142
-19.5001 147.162
-19.4633 147.201
-19.4235 147.211
-19.3821 147.207
-19.3432 147.226
-19.3051 147.254
-19.265 147.261
-19.2246 147.267
-19.1847 147.277
-19.1448 147.287
-19.1082 147.329
-19.0688 147.344
-19.0307 147.371
-18.9895 147.369
-18.9491 147.374
-18.9101 147.394
-18.8702 147.404
-18.833 147.441
-18.7955 147.476
-18.756 147.491
-18.717 147.511
-18.6771 147.521
-18.6366 147.526
-18.5973 147.544
-18.5593 147.574
-18.5203 147.593
-18.4846 147.648
-18.448 147.692
-18.4119 147.741
-18.3718 147.751
-18.3306 147.749
-18.2898 147.752
-18.2497 147.762
-18.2132 147.809
-18.1765 147.854
-18.139 147.891
-18.1018 147.93
-18.0629 147.953
-18.0244 147.98
-17.9843 147.99
-17.9465 148.025
-17.9108 148.082
-17.8716 148.102
-17.834 148.139
-17.7962 148.174
-17.7588 148.214
-17.7212 148.251
-17.6833 148.286
-17.6445 148.311
-17.6065 148.345
-17.5688 148.383
-17.5311 148.42
-17.4906 148.428
-17.4545 148.482
-17.4181 148.535
-17.3836 148.606
-17.3444 148.629
-17.3054 148.654
-17.2648 148.662
-17.2295 148.726
-17.1932 148.781
-17.1583 148.851
-17.1213 148.898
-17.0843 148.946
-17.0482 149.003
-17.0079 149.016
-16.9736 149.093
-16.9372 149.148
-16.9052 149.252
-16.8696 149.317
-16.8315 149.355
-16.7923 149.38
-16.7533 149.408
-16.7163 149.458
-16.6795 149.511
-16.6398 149.531
-16.5963 149.509
-15.9682 150.427
-15.9392 150.578
