-24.87 83.9017
-24.8434 83.8995
6.64667 160.481
6.68752 160.398
6.84917 160.027
6.88984 159.944
6.93182 159.9
6.97243 159.818
7.01281 159.73
7.05355 159.654
7.09631 159.634
7.13669 159.549
7.17715 159.467
7.21876 159.418
7.25905 159.334
7.30061 159.284
7.34214 159.235
7.38305 159.17
7.42557 159.148
7.46746 159.11
7.50964 159.08
7.55129 159.036
7.59135 158.952
7.63358 158.925
7.67496 158.876
7.71727 158.851
7.75882 158.808
7.79949 158.743
7.84047 158.686
7.88152 158.631
7.9232 158.593
7.96596 158.582
8.00795 158.553
8.04959 158.515
8.09111 158.474
8.13338 158.452
8.17408 158.393
8.21655 158.376
8.25879 158.355
8.29909 158.287
8.34039 158.244
8.38212 158.211
8.42477 158.2
8.4666 158.171
8.509 158.154
8.55033 158.114
8.59153 158.071
8.63295 158.033
8.67435 157.995
8.71681 157.982
8.75915 157.965
8.80099 157.938
8.84295 157.914
8.8855 157.903
8.92792 157.889
8.96948 157.857
9.01225 157.852
9.0549 157.843
9.09531 157.787
9.13781 157.776
9.18032 157.765
9.2218 157.733
9.26441 157.725
9.30626 157.7
9.34847 157.684
9.38991 157.652
9.43237 157.641
9.47482 157.63
9.51662 157.606
9.55906 157.595
9.60188 157.592
9.64365 157.568
9.68581 157.552
9.72796 157.536
9.7693 157.503
9.81103 157.479
9.85342 157.468
9.89594 157.46
9.93873 157.457
9.98138 157.452
10.0239 157.444
10.0668 157.443
10.1093 157.435
10.1518 157.427
10.1939 157.411
10.2358 157.392
10.2786 157.389
10.3211 157.381
10.3634 157.37
10.4059 157.362
10.4482 157.351
10.4908 157.346
10.534 157.351
10.5772 157.356
10.6195 157.345
10.6618 157.334
10.7042 157.326
10.7465 157.315
10.7891 157.31
10.8326 157.32
10.8759 157.328
10.9191 157.333
10.9616 157.325
11.004 157.317
11.0451 157.285
11.0864 157.258
11.131 157.287
11.1731 157.274
11.2147 157.252
11.2573 157.247
11.3003 157.249
11.3436 157.257
11.3872 157.27
11.4306 157.278
11.473 157.27
11.5157 157.267
11.5597 157.285
11.6035 157.301
11.6454 157.285
11.6867 157.258
11.7292 157.253
11.7724 157.258
11.8168 157.284
11.8602 157.292
11.9039 157.305
11.9474 157.316
11.9909 157.326
12.0344 157.337
12.0773 157.337
12.12 157.334
12.1632 157.339
12.2063 157.341
12.249 157.339
12.2928 157.354
12.3362 157.362
12.3793 157.365
12.4223 157.367
12.4654 157.37
12.5086 157.375
12.5525 157.391
12.5973 157.42
12.6424 157.454
12.686 157.465
12.7299 157.481
12.7732 157.486
12.8166 157.494
12.86 157.502
12.9047 157.528
12.9479 157.533
12.991 157.536
13.0344 157.544
13.0793 157.573
13.1229 157.583
13.1682 157.618
13.2122 157.634
13.2559 157.644
13.299 157.647
13.3434 157.668
13.387 157.679
13.4322 157.711
13.4771 157.74
13.5212 157.756
13.5664 157.788
13.6119 157.825
13.6564 157.846
13.702 157.884
13.7451 157.886
13.7906 157.921
13.836 157.956
13.8803 157.974
13.9254 158.003
13.9688 158.009
14.0128 158.022
14.06 158.081
14.1044 158.099
14.1503 158.14
14.1961 158.177
14.2395 158.182
14.2827 158.185
14.3285 158.222
14.3743 158.26
14.4189 158.281
14.4669 158.348
14.513 158.388
14.5577 158.41
14.6062 158.482
14.6519 158.517
14.698 158.558
14.7423 158.574
14.7901 158.636
14.8343 158.649
14.8786 158.665
14.9255 158.713
14.9771 158.824
15.026 158.9
15.0729 158.948
15.1197 158.994
15.166 159.035
15.2107 159.054
15.2598 159.129
15.4561 159.428
15.5007 159.444
15.5498 159.517
15.5968 159.563
15.8543 160.074
15.8995 160.096
