-21.7815 120.743
-21.7464 120.738
-21.5089 120.023
-21.4661 119.961
-21.4211 119.884
-21.3765 119.809
-21.3362 119.764
-21.2954 119.717
-21.0998 119.289
-21.0618 119.26
-21.0261 119.248
-20.986 119.204
-20.9443 119.148
-20.9017 119.085
-20.8577 119.012
-20.8196 118.982
-20.7794 118.936
-20.7408 118.902
-20.702 118.866
-20.6589 118.799
-20.6204 118.765
-20.5821 118.733
-20.5441 118.702
-20.5031 118.65
-20.4624 118.6
-20.4246 118.571
-20.3844 118.524
-20.3433 118.47
-20.3052 118.438
-20.2655 118.394
-20.228 118.367
-20.1922 118.352
-20.1534 118.315
-20.1153 118.283
-20.0773 118.251
-20.0395 118.221
-20.0001 118.179
-19.9641 118.162
-19.925 118.122
-19.8899 118.112
-19.851 118.073
-19.8144 118.052
-19.779 118.04
-19.7411 118.008
-19.7047 117.988
-19.6698 117.979
-19.6328 117.954
-19.5954 117.926
-19.556 117.882
-19.5205 117.869
-19.4824 117.836
-19.4472 117.824
-19.4102 117.799
-19.3741 117.78
-19.3395 117.774
-19.3028 117.75
-19.2657 117.723
-19.2311 117.717
-19.1948 117.697
-19.1577 117.67
-19.1229 117.662
-19.0867 117.642
-19.05 117.618
-19.015 117.608
-18.9801 117.598
-18.9445 117.583
-18.9085 117.565
-18.8729 117.55
-18.8361 117.525
-18.7989 117.496
-18.7641 117.488
-18.7286 117.473
-18.6935 117.461
-18.6577 117.445
-18.6232 117.438
-18.5891 117.435
-18.554 117.423
-18.5191 117.413
-18.4848 117.408
-18.4493 117.393
-18.4132 117.373
-18.3787 117.366
-18.3431 117.349
-18.3086 117.343
-18.2731 117.328
-18.2384 117.319
-18.2038 117.311
-18.1693 117.304
-18.1345 117.294
-18.1008 117.294
-18.0663 117.288
-18.0303 117.268
-17.9958 117.261
-17.9614 117.254
-17.9274 117.251
-17.8931 117.246
-17.8567 117.223
-17.8227 117.219
-17.7892 117.221
-17.7548 117.214
-17.7202 117.206
-17.6863 117.204
-17.6523 117.201
-17.6183 117.197
-17.5836 117.189
-17.5496 117.186
-17.5162 117.187
-17.4823 117.185
-17.4477 117.177
-17.4139 117.175
-17.3802 117.175
-17.3454 117.165
-17.3112 117.16
-17.2776 117.16
-17.2437 117.158
-17.2099 117.157
-17.1757 117.152
-17.1411 117.143
-17.108 117.148
-17.0746 117.15
-17.0411 117.151
-17.0073 117.15
-16.9725 117.14
-16.9389 117.14
-16.9058 117.144
-16.8725 117.148
-16.8389 117.148
-16.8056 117.151
-16.7727 117.157
-16.7389 117.156
-16.705 117.154
-16.6714 117.154
-16.6381 117.157
-16.6059 117.17
-16.5721 117.168
-16.5382 117.167
-16.5044 117.165
-16.4718 117.175
-16.4398 117.19
-16.4072 117.2
-16.375 117.213
-16.3413 117.213
-16.3082 117.218
-16.2747 117.219
-16.2414 117.222
-16.2075 117.221
-16.1735 117.217
-16.1395 117.214
-16.1072 117.227
-16.0746 117.237
-16.0411 117.238
-16.0074 117.238
-15.9748 117.248
-15.9425 117.261
-15.9103 117.275
-15.8778 117.286
-15.8446 117.291
-15.8111 117.293
-15.7764 117.283
-15.7427 117.283
-15.7116 117.307
-15.6789 117.317
-15.6466 117.33
-15.6131 117.332
-15.5789 117.327
-15.5458 117.334
-15.5125 117.337
-15.4795 117.343
-15.4476 117.362
-15.4153 117.375
-15.3833 117.391
-15.35 117.396
-15.3175 117.408
-15.2846 117.416
-15.2509 117.416
-15.2184 117.427
-15.1873 117.454
-15.1551 117.469
-15.1223 117.479
-15.0904 117.497
-15.0587 117.517
-15.0258 117.525
-14.9927 117.532
-14.9597 117.54
-14.9273 117.553
-14.895 117.568
-14.8624 117.58
-14.8298 117.591
-14.7985 117.616
-14.7663 117.633
-14.7343 117.651
-14.701 117.656
-14.6689 117.672
-14.6383 117.706
-14.607 117.731
-14.5743 117.742
-14.5408 117.745
-14.5078 117.754
-14.4767 117.782
-14.444 117.794
-14.4123 117.815
-14.3807 117.839
-14.3492 117.864
-14.3167 117.877
-14.2862 117.912
-14.2529 117.919
-14.2192 117.92
-14.186 117.927
-14.1544 117.95
-14.1233 117.98
-14.0923 118.01
-14.0607 118.035
-14.0283 118.05
-13.9973 118.082
-13.9662 118.112
-13.9337 118.127
-13.902 118.15
-13.8698 118.169
-13.8391 118.204
-13.8076 118.231
-13.7748 118.242
-13.7451 118.289
-13.7146 118.326
-13.6832 118.355
-13.6502 118.365
-13.6162 118.365
-13.5851 118.397
-13.552 118.407
-13.5215 118.445
-13.4909 118.482
-13.4611 118.529
-13.4286 118.546
-13.3982 118.587
-13.3653 118.6
-13.3351 118.642
-13.3034 118.669
-13.2704 118.681
-13.2396 118.718
-13.2106 118.775
-13.179 118.804
-13.1473 118.831
-13.1163 118.866
-13.0863 118.914
-13.0549 118.944
-13.0231 118.971
-12.9931 119.019
-12.9635 119.071
-12.9322 119.105
-12.9026 119.157
-12.8714 119.193
-12.841 119.237
-12.8093 119.266
-12.7797 119.32
-12.7517 119.394
-12.6884 119.455
-12.6551 119.467
-12.3907 120.004
