6.99738 153.71
7.03848 153.666
7.56544 152.951
7.60604 152.902
7.6462 152.842
7.68798 152.824
7.72902 152.788
7.77016 152.755
7.81086 152.711
7.85175 152.672
7.89263 152.634
7.93307 152.585
7.97433 152.557
8.01633 152.546
8.05736 152.513
8.09891 152.492
8.13894 152.436
8.18035 152.413
8.22012 152.351
8.26162 152.331
8.30244 152.295
8.34381 152.272
8.38449 152.233
8.42617 152.218
8.46761 152.197
8.50938 152.184
8.54967 152.138
8.59051 152.105
8.63157 152.077
8.67341 152.067
8.71433 152.036
8.75477 151.995
8.79508 151.951
8.83689 151.941
8.87928 151.944
8.92096 151.931
8.96157 151.895
9.00287 151.875
9.04513 151.875
9.08522 151.829
9.12686 151.816
9.16874 151.808
9.2094 151.775
9.24979 151.737
9.29017 151.699
9.33214 151.693
9.37534 151.714
9.41755 151.714
9.45839 151.686
9.4996 151.665
9.54054 151.64
9.58134 151.612
9.62251 151.591
9.66406 151.579
9.70586 151.571
9.74778 151.566
9.7884 151.535
9.82889 151.502
9.87131 151.507
9.91347 151.507
9.95524 151.499
9.99766 151.504
10.0385 151.479
10.0797 151.461
10.1205 151.436
10.1623 151.428
10.2039 151.418
10.246 151.418
10.288 151.415
10.3291 151.395
10.3704 151.38
10.413 151.39
10.4542 151.372
10.4954 151.354
10.5358 151.323
10.5771 151.308
10.6184 151.293
10.6607 151.298
10.7014 151.273
10.7421 151.247
10.7822 151.212
10.8204 151.143
10.8617 151.128
10.905 151.151
10.9511 151.221
10.9952 151.257
11.0398 151.3
11.0816 151.295
11.12 151.231
11.1584 151.168
11.1764 150.753
11.2107 150.622
11.2818 151.12
11.3318 151.254
11.3757 151.284
11.4188 151.302
11.4599 151.284
11.5013 151.274
11.5448 151.296
11.5883 151.319
11.6307 151.324
11.672 151.311
11.7139 151.309
11.7568 151.321
11.7995 151.332
11.8426 151.347
11.8839 151.334
11.9256 151.329
11.9684 151.339
12.0128 151.377
12.0559 151.392
12.0977 151.387
12.1396 151.384
12.1819 151.387
12.2242 151.389
12.2676 151.409
12.3102 151.417
12.3521 151.414
12.3954 151.432
12.4386 151.45
12.482 151.47
12.524 151.467
12.5671 151.482
12.6102 151.497
12.6539 151.52
12.6968 151.533
12.7401 151.551
12.7823 151.55
12.8247 151.555
12.8674 151.563
12.9104 151.576
12.9542 151.601
12.9969 151.608
13.0411 151.639
13.0839 151.649
13.1268 151.659
13.1696 151.669
13.2132 151.689
13.2555 151.692
13.2994 151.717
13.3446 151.76
13.3878 151.775
13.4314 151.796
13.4741 151.803
13.5176 151.821
13.5605 151.831
13.6039 151.849
13.6472 151.864
13.6945 151.935
13.7409 151.994
13.7838 152.004
13.8268 152.014
13.8714 152.047
13.9146 152.06
13.9597 152.101
14.0044 152.134
14.047 152.139
14.0898 152.146
14.1345 152.179
14.1811 152.238
14.2247 152.256
14.2676 152.264
14.3117 152.289
14.3599 152.368
14.4057 152.414
14.4493 152.432
14.4944 152.468
14.5413 152.529
14.5848 152.545
14.6299 152.581
14.6748 152.614
14.7199 152.65
14.7642 152.675
15.2293 153.2
15.2723 153.208
15.4227 153.495
15.4659 153.502
15.718 153.988
15.7647 154.037
15.8144 154.123
15.8632 154.199
16.3005 155.857
16.3416 155.833
16.3842 155.828
