-11.5521 128.307
-11.514 128.286
-11.0209 127.495
-10.9814 127.449
-10.9415 127.397
-10.9029 127.365
-10.864 127.327
-10.8242 127.277
-10.7844 127.225
-10.7454 127.185
-10.7066 127.149
-10.6683 127.119
-10.6295 127.082
-10.5896 127.027
-10.5495 126.97
-10.5098 126.919
-10.4729 126.909
-10.4347 126.879
-10.3964 126.848
-10.3583 126.82
-10.3198 126.786
-10.2815 126.753
-10.2416 126.696
-10.2021 126.645
-10.1654 126.638
-10.1289 126.634
-10.0893 126.581
-10.0519 126.562
-10.0129 126.518
-9.97614 126.509
-9.9371 126.463
-9.89997 126.448
-9.86096 126.403
-9.82397 126.39
-9.78616 126.363
-9.74848 126.339
-9.71174 126.329
-9.67396 126.303
-9.63596 126.273
-9.59797 126.242
-9.56023 126.216
-9.52352 126.207
-9.48591 126.182
-9.44831 126.158
-9.41072 126.133
-9.37392 126.122
-9.33724 126.112
-9.29989 126.092
-9.26244 126.069
-9.22479 126.043
-9.1878 126.028
-9.15038 126.005
-9.11384 125.998
-9.07741 125.992
-9.04012 125.971
-9.00262 125.947
-8.96577 125.934
-8.9284 125.911
-8.89136 125.894
-8.85442 125.879
-8.8176 125.866
-8.78068 125.851
-8.74376 125.836
-8.70727 125.829
-8.67078 125.821
-8.63398 125.808
-8.59626 125.778
-8.55989 125.772
-8.52341 125.765
-8.48694 125.757
-8.45057 125.752
-8.414 125.742
-8.37744 125.733
-8.34077 125.722
-8.30372 125.703
-8.26717 125.694
-8.23012 125.675
-8.19378 125.669
-8.15733 125.662
-8.12079 125.652
-8.08435 125.645
-8.04782 125.636
-8.01158 125.632
-7.97544 125.63
-7.9391 125.624
-7.90248 125.613
-7.86578 125.6
-7.82964 125.598
-7.7934 125.594
-7.75643 125.576
-7.72001 125.568
-7.68342 125.557
-7.64738 125.557
-7.61134 125.557
-7.57511 125.553
-7.5388 125.548
-7.50276 125.548
-7.46689 125.552
-7.43067 125.548
-7.39427 125.54
-7.35814 125.538
-7.32201 125.537
-7.28588 125.535
-7.24966 125.531
-7.21379 125.535
-7.17774 125.535
-7.14118 125.524
-7.10462 125.512
-7.0684 125.509
-7.03244 125.511
-6.99657 125.514
-6.96077 125.52
-6.92531 125.533
-6.88942 125.537
-6.85295 125.528
-6.81649 125.518
-6.78003 125.509
-6.7439 125.507
-6.70825 125.516
-6.67236 125.52
-6.6363 125.52
-6.60025 125.52
-6.56427 125.522
-6.52861 125.531
-6.49278 125.537
-6.4568 125.539
-6.42073 125.539
-6.38474 125.541
-6.34883 125.545
-6.31299 125.55
-6.27715 125.556
-6.24123 125.56
-6.20508 125.558
-6.16901 125.558
-6.13308 125.562
-6.09759 125.577
-6.06195 125.588
-6.02645 125.603
-5.99058 125.609
-5.95507 125.624
-5.91919 125.629
-5.88317 125.631
-5.84721 125.635
-5.81154 125.646
-5.77564 125.652
-5.73961 125.654
-5.7042 125.673
-5.6685 125.684
-5.63245 125.686
-5.59668 125.695
-5.56097 125.707
-5.52518 125.716
-5.48959 125.731
-5.45406 125.748
-5.41806 125.752
-5.38219 125.759
-5.34645 125.771
-5.31095 125.789
-5.27526 125.803
-5.23937 125.81
-5.20379 125.827
-5.16807 125.84
-5.13273 125.865
-5.09694 125.876
-5.06102 125.884
-5.02552 125.904
-4.98971 125.916
-4.95384 125.925
-4.91844 125.95
-4.8829 125.971
-4.84689 125.976
-4.81075 125.978
-4.77479 125.986
-4.73964 126.02
-4.70372 126.029
-4.66779 126.039
-4.63295 126.084
-4.59717 126.099
-4.56111 126.105
-4.5255 126.126
-4.49003 126.152
-4.4545 126.177
-4.41858 126.188
-4.38314 126.216
-4.34785 126.251
-4.31243 126.281
-4.27637 126.288
-4.24025 126.294
-4.20516 126.338
-4.17036 126.393
-4.13427 126.4
-4.09817 126.408
-4.06231 126.425
-4.0267 126.452
-3.99077 126.467
-3.95533 126.501
-3.92012 126.545
-3.88503 126.594
-3.84901 126.608
-3.81332 126.634
-3.77733 126.649
-3.74166 126.678
-3.70589 126.703
-3.67019 126.731
-3.63503 126.783
-3.59894 126.796
-3.56342 126.834
-3.52811 126.882
-3.49186 126.89
-3.456 126.915
-3.4208 126.97
-3.38512 127.004
-3.27846 127.131
-3.13614 127.307
-3.09985 127.319
-3.06432 127.369
-3.02896 127.428
-2.99266 127.442
-2.6732 127.989
-2.63698 128.017
-2.60041 128.024
-2.49478 128.298
-2.45858 128.333
-2.42273 128.391
