-24.8704 83.9037
-24.8437 83.9005
-16.7221 154.622
-16.6762 154.578
-16.6314 154.548
-16.5862 154.512
-16.5377 154.437
-16.4939 154.417
-16.4465 154.355
-16.4029 154.338
-16.3554 154.273
-16.3127 154.266
-16.2698 154.256
-16.2223 154.192
-16.1766 154.149
-16.1304 154.1
-16.085 154.059
-16.04 154.023
-15.9995 154.042
-15.9556 154.019
-15.911 153.989
-15.8654 153.945
-15.8201 153.905
-15.7775 153.897
-15.6445 153.811
-15.5973 153.747
-15.5543 153.735
-15.5115 153.725
-15.4696 153.725
-15.426 153.705
-15.3833 153.695
-15.3379 153.652
-15.2935 153.622
-15.251 153.614
-15.2064 153.581
-15.1635 153.569
-15.1193 153.541
-15.077 153.536
-15.0341 153.524
-14.9896 153.491
-14.9471 153.484
-14.9031 153.456
-14.861 153.454
-14.8193 153.457
-14.7792 153.48
-14.7355 153.458
-14.6936 153.458
-14.651 153.448
-14.6063 153.413
-14.5633 153.398
-14.5196 153.375
-14.4768 153.363
-14.432 153.325
-14.3892 153.312
-14.3473 153.313
-14.3049 153.305
-14.2624 153.298
-14.2196 153.286
-14.1778 153.286
-14.1369 153.299
-14.0954 153.305
-14.0516 153.28
-14.0079 153.254
-13.9658 153.252
-13.9232 153.242
-13.8808 153.235
-13.8384 153.228
-13.796 153.221
-13.7537 153.216
-13.7112 153.206
-13.6682 153.191
-13.6274 153.207
-13.5867 153.222
-13.5441 153.213
-13.5011 153.198
-13.4586 153.188
-13.4163 153.183
-13.375 153.191
-13.3335 153.197
-13.2918 153.199
-13.25 153.2
-13.2084 153.205
-13.1662 153.201
-13.1237 153.191
-13.0821 153.196
-13.0411 153.209
-13.0021 153.251
-12.9581 153.22
-12.9164 153.223
-12.8731 153.203
-12.8345 153.252
-12.7955 153.296
-12.7519 153.271
-12.7087 153.251
-12.6676 153.264
-12.6239 153.236
-12.581 153.221
-12.5388 153.216
-12.4976 153.227
-12.4557 153.227
-12.414 153.23
-12.3722 153.233
-12.3305 153.236
-12.2888 153.239
-12.2469 153.239
-12.2053 153.245
-12.1639 153.253
-12.1227 153.263
-12.0816 153.276
-12.0409 153.297
-11.9997 153.308
-11.9592 153.331
-11.9182 153.347
-11.8774 153.365
-11.8368 153.386
-11.7939 153.371
-11.7515 153.364
-11.71 153.372
-11.6698 153.4
-11.6296 153.429
-11.5879 153.434
-11.5465 153.442
-11.5056 153.461
-11.4658 153.497
-11.4247 153.513
-11.3834 153.523
-11.3422 153.536
-11.302 153.568
-11.2602 153.571
-11.2177 153.563
-11.1765 153.576
-11.1363 153.607
-11.0948 153.616
-11.0544 153.644
-11.0133 153.66
-10.9726 153.683
-10.932 153.709
-10.891 153.728
-10.8508 153.759
-10.8099 153.78
-10.7699 153.816
-10.7294 153.845
-10.6879 153.856
-10.6475 153.884
-10.6063 153.9
-10.5663 153.939
-10.5258 153.968
-10.484 153.973
-10.4425 153.984
-10.4023 154.02
-10.3623 154.059
-10.3223 154.098
-10.2809 154.112
-10.2402 154.138
-10.2001 154.177
-10.1591 154.198
-10.1188 154.234
-10.0774 154.248
-10.0372 154.287
-9.99831 154.349
-9.95667 154.36
-9.91463 154.363
-9.8361 154.477
-9.79456 154.491
-9.75393 154.522
-9.71395 154.566
-9.67525 154.637
-9.63431 154.663
-9.59517 154.726
-9.55356 154.739
-9.51348 154.784
-9.47338 154.828
-9.43415 154.891
-9.39274 154.91
-9.35538 155.012
-9.31532 155.059
-9.27386 155.077
-9.23377 155.125
-9.19453 155.19
-9.15253 155.198
-9.03472 155.398
-8.99475 155.451
-8.95463 155.501
-8.91594 155.582
-8.87553 155.627
-8.8351 155.672
-8.79621 155.751
-8.75562 155.794
-8.64232 156.113
-8.60197 156.163
-8.563 156.246
-8.22331 158.306
-8.1808 158.32
-8.13772 158.32
