10.5771 149.068
10.6194 149.082
10.6612 149.087
10.7025 149.085
10.6122 146.042
10.6517 146.019
10.69 145.976
10.9292 145.192
10.9652 145.114
11.0015 145.041
11.0379 144.97
11.0742 144.9
11.1102 144.825
11.1481 144.78
11.1842 144.707
11.2201 144.632
11.2579 144.588
11.2941 144.517
11.3304 144.45
11.3695 144.429
11.4039 144.33
11.442 144.293
11.4804 144.26
11.5186 144.225
11.5562 144.181
11.6655 143.995
11.7035 143.957
11.7409 143.911
11.7779 143.86
11.8172 143.843
11.8532 143.776
11.8909 143.737
11.9303 143.723
11.9677 143.679
12.0048 143.63
12.0426 143.593
12.0803 143.553
12.1179 143.514
12.1562 143.484
12.1952 143.465
12.2345 143.452
12.2729 143.424
12.3094 143.368
12.3474 143.336
12.386 143.313
12.4228 143.262
12.4615 143.241
12.4995 143.209
12.5379 143.184
12.5757 143.149
12.6132 143.11
12.6513 143.08
12.6911 143.075
12.7306 143.066
12.7694 143.048
12.806 142.997
12.8447 142.976
12.8815 142.93
12.9205 142.914
12.9592 142.893
12.9986 142.884
13.0369 142.859
13.0757 142.841
13.1143 142.82
13.1537 142.811
13.1919 142.786
13.2309 142.769
13.2699 142.756
13.3075 142.721
13.3465 142.707
13.3856 142.694
13.4236 142.666
13.462 142.643
13.5015 142.636
13.5408 142.627
13.5797 142.611
13.618 142.588
13.6556 142.556
13.6941 142.536
13.7338 142.531
13.7734 142.526
13.8129 142.52
13.8519 142.506
13.8914 142.499
13.9305 142.487
13.9696 142.476
14.0077 142.451
14.0459 142.428
14.0854 142.421
14.1243 142.407
14.1631 142.391
14.2027 142.387
14.2412 142.368
14.279 142.341
14.3185 142.334
14.3579 142.327
14.397 142.316
14.4357 142.3
14.4745 142.286
14.5134 142.272
14.5511 142.245
14.5894 142.224
14.6285 142.213
14.668 142.208
14.708 142.208
14.7477 142.206
14.7869 142.197
14.8278 142.208
14.8673 142.204
14.9069 142.199
14.9457 142.186
14.9824 142.147
15.0229 142.154
15.0649 142.179
15.1071 142.206
15.149 142.229
15.1855 142.188
15.225 142.183
15.2651 142.186
15.3045 142.179
15.3444 142.179
15.3851 142.188
15.4254 142.192
15.465 142.188
15.5053 142.192
15.5468 142.211
15.5869 142.213
15.6262 142.206
15.6662 142.206
15.7053 142.197
15.7454 142.199
15.7857 142.204
15.8249 142.195
15.8648 142.195
15.9069 142.22
15.9478 142.231
15.9876 142.229
16.0279 142.233
16.0686 142.242
16.1094 142.252
16.1495 142.254
16.1905 142.265
16.2324 142.288
16.2734 142.3
16.3137 142.304
16.3533 142.299
16.3926 142.293
16.4325 142.293
16.4733 142.302
16.5151 142.322
16.555 142.322
16.5954 142.327
16.6362 142.336
16.6766 142.34
16.7171 142.347
16.7583 142.361
16.8006 142.386
16.8408 142.388
16.8812 142.393
16.9224 142.407
16.9647 142.432
17.0053 142.439
17.0457 142.443
17.0869 142.457
17.131 142.5
17.171 142.5
17.2112 142.503
17.2524 142.516
17.2935 142.528
17.3357 142.551
17.3789 142.585
17.422 142.617
17.4626 142.624
17.5046 142.645
17.5448 142.647
17.5835 142.633
17.6264 142.663
17.6693 142.693
17.7102 142.702
17.7511 142.711
17.794 142.741
17.8372 142.773
17.8801 142.803
17.9208 142.81
17.9615 142.816
18.0041 142.842
18.0473 142.874
18.0889 142.89
18.1326 142.927
18.1782 142.982
18.219 142.989
18.2625 143.023
18.3049 143.046
18.3498 143.095
18.3908 143.104
18.4337 143.131
18.6074 143.263
18.6509 143.295
18.6941 143.325
18.7377 143.36
18.7786 143.367
18.8216 143.394
18.866 143.436
18.9109 143.482
18.9585 143.554
19.003 143.596
19.0471 143.633
19.3666 143.995
19.4111 144.035
19.4548 144.067
19.5028 144.139
