-8.16922 129.693
-8.12858 129.611
-8.08894 129.549
-8.05163 129.534
-8.01261 129.483
-7.97456 129.452
-7.93625 129.416
-7.89701 129.359
-7.85863 129.321
-7.81944 129.265
-7.78166 129.238
-7.74372 129.207
-7.7056 129.172
-7.66758 129.139
-7.62841 129.081
-7.58952 129.029
-7.55274 129.021
-7.47677 128.954
-7.4377 128.896
-7.39856 128.837
-7.36095 128.81
-7.3244 128.806
-7.28767 128.798
-7.24999 128.769
-7.21251 128.744
-7.1758 128.737
-7.13705 128.683
-7.09909 128.646
-7.06131 128.614
-7.02288 128.566
-6.98647 128.564
-6.94981 128.556
-6.91208 128.524
-6.87379 128.478
-6.83707 128.468
-6.79963 128.441
-6.76276 128.428
-6.72542 128.403
-6.68793 128.374
-6.65053 128.347
-6.61393 128.34
-6.57654 128.313
-6.53996 128.305
-6.5019 128.261
-6.46524 128.252
-6.4286 128.242
-6.39126 128.215
-6.35455 128.204
-6.31694 128.17
-6.28039 128.162
-6.24295 128.131
-6.20649 128.126
-6.17032 128.127
-6.1332 128.104
-6.09646 128.091
-6.06037 128.095
-6.0237 128.083
-5.98697 128.07
-5.95017 128.055
-5.91246 128.015
-5.87575 128.001
-5.83947 127.999
-5.80311 127.996
-5.76628 127.978
-5.72924 127.956
-5.69283 127.95
-5.65629 127.94
-5.61961 127.927
-5.58274 127.908
-5.54628 127.9
-5.50942 127.881
-5.47284 127.87
-5.43613 127.854
-5.39981 127.851
-5.36381 127.856
-5.32769 127.858
-5.29106 127.845
-5.25411 127.822
-5.21774 127.816
-5.18169 127.82
-5.1455 127.82
-5.1092 127.816
-5.07265 127.805
-5.03641 127.803
-5.00005 127.797
-4.96387 127.797
-4.92769 127.797
-4.89134 127.791
-4.85492 127.783
-4.81834 127.77
-4.78142 127.745
-4.74497 127.736
-4.70863 127.73
-4.67246 127.73
-4.63641 127.734
-4.60057 127.745
-4.5644 127.745
-4.52807 127.739
-4.49173 127.733
-4.45546 127.73
-4.41908 127.722
-4.38291 127.722
-4.34675 127.722
-4.31042 127.716
-4.27446 127.724
-4.2383 127.723
-4.20208 127.722
-4.16606 127.727
-4.13004 127.733
-4.09402 127.738
-4.05785 127.738
-4.02177 127.742
-3.98517 127.725
-3.94929 127.736
-3.91335 127.746
-3.87736 127.753
-3.84072 127.734
-3.80455 127.734
-3.7687 127.747
-3.73257 127.749
-3.69631 127.745
-3.66018 127.747
-3.62418 127.755
-3.58818 127.762
-3.55204 127.764
-3.51582 127.762
-3.47956 127.758
-3.44325 127.752
-3.40762 127.777
-3.37164 127.786
-3.33533 127.781
-3.29931 127.788
-3.26353 127.807
-3.22749 127.815
-3.19115 127.807
-3.15511 127.814
-3.11915 127.826
-3.083 127.828
-3.04684 127.829
-3.01087 127.841
-2.97489 127.852
-2.93884 127.86
-2.90274 127.865
-2.86679 127.878
-2.831 127.901
-2.79497 127.911
-2.75886 127.916
-2.72274 127.922
-2.68693 127.945
-2.65097 127.96
-2.61491 127.969
-2.57878 127.975
-2.54268 127.982
-2.50658 127.99
-2.47038 127.992
-2.43421 127.995
-2.39828 128.014
-2.36234 128.033
-2.32648 128.058
-2.29046 128.073
-2.2543 128.079
-2.21816 128.086
-2.18218 128.105
-2.1462 128.124
-2.11023 128.145
-2.0742 128.162
-2.03827 128.187
-2.00227 128.208
-1.96615 128.219
-1.93009 128.236
-1.894 128.252
-1.85795 128.271
-1.82196 128.295
-1.78577 128.305
-1.74974 128.328
-1.71357 128.339
-1.67739 128.35
-1.64144 128.383
-1.60525 128.394
-1.56923 128.423
-1.53303 128.434
-1.49724 128.488
-1.4612 128.518
-1.42497 128.53
-1.38882 128.551
-1.35271 128.577
-1.31648 128.591
-1.28045 128.629
-1.24416 128.638
-1.20788 128.65
-1.17168 128.671
-1.13554 128.702
-1.0994 128.734
-1.06322 128.763
-1.02707 128.797
-0.990989 128.845
-0.954623 128.853
-0.918413 128.885
-0.882189 128.918
-0.845927 128.947
-0.809674 128.979
-0.773396 129.01
-0.737114 129.043
-0.700798 129.072
-0.664469 129.101
-0.628233 129.153
-0.591831 129.172
-0.555571 129.228
-0.519256 129.276
-0.482777 129.285
-0.446454 129.341
-0.410129 129.405
-0.37369 129.44
-0.337171 129.451
-0.300744 129.502
-0.26433 129.568
-0.227814 129.598
-0.191241 129.606
-0.0817102 129.81
-0.0451024 129.839
-0.00847064 129.852
0.285306 130.404
0.322127 130.443
0.359001 130.504
0.395939 130.584
