-24.8709 83.9057
-24.8437 83.9005
-6.00108 149.532
-5.95863 149.493
-5.91707 149.481
-5.87372 149.412
-5.7878 149.297
-5.74598 149.275
-5.70092 149.148
-5.31925 148.74
-5.27455 148.611
-5.23308 148.594
-5.19203 148.592
-5.15091 148.587
-5.10811 148.522
-5.06614 148.485
-5.02485 148.473
-4.98199 148.403
-4.93994 148.361
-4.89882 148.354
-4.85725 148.33
-4.60677 148.134
-4.56493 148.096
-4.52376 148.084
-4.48217 148.055
-4.44125 148.052
-4.40026 148.048
-4.35871 148.019
-4.317 147.982
-4.2753 147.946
-4.23418 147.934
-4.19207 147.879
-4.15108 147.872
-4.10998 147.86
-4.06771 147.794
-4.02653 147.778
-3.98514 147.751
-3.94429 147.749
-3.90328 147.739
-3.86242 147.737
-3.82112 147.713
-3.78013 147.704
-3.73865 147.67
-3.69766 147.66
-3.65635 147.634
-3.61486 147.598
-3.57367 147.576
-3.53239 147.55
-3.49149 147.543
-3.45077 147.545
-3.41001 147.545
-3.36916 147.541
-3.32831 147.536
-3.28724 147.519
-3.24636 147.512
-3.20543 147.503
-3.16418 147.474
-3.1229 147.442
-3.08208 147.438
-3.04122 147.431
-3.00009 147.407
-2.95923 147.4
-2.91835 147.39
-2.87754 147.385
-2.83662 147.373
-2.79564 147.357
-2.75473 147.345
-2.71393 147.34
-2.67325 147.343
-2.63266 147.352
-2.59186 147.348
-2.55107 147.343
-2.51018 147.331
-2.46936 147.324
-2.42861 147.322
-2.38767 147.305
-2.34683 147.295
-2.30599 147.286
-2.26522 147.281
-2.22456 147.286
-2.18388 147.288
-2.14327 147.298
-2.10269 147.31
-2.06165 147.282
-2.02064 147.255
-1.9798 147.243
-1.93904 147.239
-1.89839 147.243
-1.85794 147.27
-1.81754 147.301
-1.77691 147.311
-1.73646 147.34
-1.69562 147.328
-1.65471 147.309
-1.61393 147.302
-1.57284 147.259
-1.53196 147.239
-1.49145 147.264
-1.45079 147.271
-1.41013 147.278
-1.3695 147.29
-1.32881 147.295
-1.28809 147.295
-1.2474 147.3
-1.20678 147.317
-1.16607 147.32
-1.12528 147.31
-1.08461 147.32
-1.04389 147.322
-1.00318 147.325
-0.96247 147.33
-0.921798 147.342
-0.881144 147.359
-0.840427 147.363
-0.799718 147.371
-0.758976 147.371
-0.718253 147.376
-0.677527 147.381
-0.636791 147.383
-0.596085 147.395
-0.555396 147.415
-0.514711 147.439
-0.473966 147.444
-0.433213 147.446
-0.3925 147.468
-0.351764 147.482
-0.311017 147.494
-0.270254 147.499
-0.229501 147.514
-0.188747 147.533
-0.14798 147.548
-0.107204 147.557
-0.0664231 147.567
-0.0256376 147.574
0.0151512 147.596
0.0559516 147.628
0.0967585 147.642
0.137576 147.664
0.178398 147.679
0.219233 147.7
0.260069 147.715
0.300907 147.727
0.341763 147.746
0.382619 147.761
0.423512 147.79
0.464377 147.802
0.505254 147.817
0.546124 147.827
0.587079 147.863
0.627971 147.875
0.669029 147.933
0.709933 147.943
0.750831 147.95
0.791863 147.989
0.832997 148.047
0.873868 148.042
0.914759 148.043
0.955724 148.057
0.996695 148.072
1.0379 148.128
1.07906 148.171
1.12025 148.218
1.16127 148.232
1.20251 148.281
1.24353 148.293
1.28453 148.3
1.32566 148.327
1.36689 148.366
1.408 148.386
1.44949 148.454
1.49102 148.524
1.53212 148.537
1.57318 148.544
1.61441 148.571
1.65574 148.608
1.69745 148.686
1.73891 148.732
1.78022 148.761
1.82137 148.771
1.86275 148.806
1.90418 148.842
1.94565 148.881
1.98718 148.925
2.02908 149.001
2.07072 149.05
2.11254 149.114
2.15417 149.158
2.19576 149.198
2.2374 149.24
2.32124 149.365
2.36328 149.434
2.40507 149.481
2.44764 149.587
2.48988 149.663
2.53139 149.683
2.57398 149.782
2.61631 149.858
2.65829 149.908
2.70026 149.955
2.74269 150.032
2.78569 150.146
2.9151 150.493
2.95781 150.576
