-15.1786 136.239
-15.1393 136.231
-14.7836 135.688
-14.7414 135.645
-14.6979 135.586
-14.6561 135.548
-14.615 135.516
-14.5718 135.461
-14.532 135.444
-14.4885 135.385
-14.4469 135.347
-14.4052 135.309
-14.3644 135.28
-14.3233 135.248
-14.2821 135.214
-14.1948 135.088
-14.1559 135.082
-14.1128 135.025
-14.072 134.995
-14.0325 134.981
-13.9916 134.949
-13.9501 134.912
-13.911 134.901
-13.8682 134.847
-13.827 134.811
-13.7878 134.801
-13.7475 134.776
-13.7089 134.772
-13.6664 134.719
-13.625 134.681
-13.5841 134.648
-13.5431 134.614
-13.5046 134.61
-13.4636 134.577
-13.4231 134.548
-13.3842 134.54
-13.3423 134.494
-13.3032 134.483
-13.2642 134.473
-13.2238 134.446
-13.1846 134.434
-13.1445 134.409
-13.1061 134.407
-13.0658 134.38
-13.0258 134.357
-12.9873 134.353
-12.9483 134.343
-12.9088 134.326
-12.8676 134.286
-12.8287 134.278
-12.7886 134.253
-12.7484 134.226
-12.709 134.21
-12.6689 134.185
-12.6307 134.185
-12.5907 134.16
-12.5503 134.131
-12.5112 134.119
-12.4729 134.117
-12.4363 134.138
-12.3965 134.115
-12.3562 134.086
-12.3172 134.076
-12.2789 134.074
-12.2393 134.053
-12.2004 134.043
-12.1613 134.031
-12.1216 134.01
-12.0832 134.006
-12.0437 133.987
-12.0048 133.977
-11.9676 133.99
-11.9296 133.992
-11.8894 133.963
-11.8487 133.928
-11.8089 133.903
-11.7707 133.903
-11.7328 133.906
-11.6945 133.904
-11.6581 133.929
-11.6201 133.931
-11.5818 133.93
-11.5434 133.926
-11.5041 133.909
-11.4651 133.897
-11.4271 133.899
-11.3889 133.897
-11.3503 133.891
-11.3119 133.887
-11.2738 133.887
-11.2356 133.888
-11.1975 133.888
-11.1587 133.878
-11.1192 133.857
-11.0805 133.849
-11.0422 133.847
-11.0044 133.851
-10.9665 133.856
-10.9285 133.858
-10.8902 133.856
-10.8518 133.852
-10.8134 133.848
-10.7752 133.846
-10.7361 133.832
-10.6982 133.836
-10.6596 133.828
-10.6229 133.852
-10.5853 133.86
-10.547 133.858
-10.5075 133.838
-10.4687 133.827
-10.4315 133.842
-10.3939 133.851
-10.3559 133.853
-10.3171 133.843
-10.2786 133.837
-10.2404 133.837
-10.2028 133.846
-10.1655 133.86
-10.1295 133.896
-10.0931 133.926
-10.0556 133.936
-10.0175 133.939
-9.97997 133.949
-9.94279 133.966
-9.90461 133.966
-9.86618 133.963
-9.82898 133.979
-9.79251 134.009
-9.75456 134.013
-9.716 134.007
-9.67744 134.001
-9.63937 134.004
-9.60189 134.016
-9.56453 134.031
-9.5274 134.05
-9.49061 134.076
-9.45252 134.078
-9.41454 134.082
-9.37679 134.091
-9.33892 134.097
-9.30186 134.119
-9.2656 134.154
-9.22783 134.163
-9.18947 134.161
-9.15135 134.163
-9.11379 134.176
-9.0768 134.2
-9.03866 134.202
-9.00075 134.208
-8.96485 134.253
-8.9277 134.274
-8.89088 134.301
-8.8536 134.32
-8.81554 134.325
-8.77759 134.331
-8.74072 134.359
-8.70287 134.368
-8.66598 134.395
-8.62909 134.423
-8.59121 134.431
-8.55333 134.44
-8.5163 134.465
-8.47936 134.493
-8.44167 134.506
-8.40386 134.517
-8.36805 134.567
-8.33117 134.597
-8.29323 134.606
-8.25654 134.64
-8.21962 134.669
-8.18207 134.686
-8.14615 134.737
-8.10909 134.765
-8.07262 134.805
-8.03442 134.81
-7.99561 134.802
-7.95741 134.806
-7.9196 134.819
-7.88407 134.88
-7.84742 134.919
-7.81037 134.949
-7.7734 134.981
-7.73651 135.015
-7.69834 135.021
-7.6621 135.07
-7.62411 135.081
-7.58727 135.117
-7.55031 135.151
-7.51315 135.181
-7.47503 135.19
-7.43794 135.222
-7.03539 135.729
-6.99694 135.734
-6.95849 135.738
-6.92144 135.777
