-24.8702 83.9027
-24.8434 83.8995
8.26215 150.565
8.30094 150.505
8.53824 150.259
8.57904 150.246
8.69644 150.102
8.73603 150.065
8.77665 150.05
8.81692 150.027
8.85764 150.015
8.89706 149.975
8.93659 149.938
8.97622 149.903
9.0169 149.891
9.05507 149.826
9.09561 149.811
9.13542 149.782
9.1751 149.749
9.21573 149.737
9.25514 149.7
9.29466 149.665
9.33539 149.655
9.375 149.623
9.41572 149.613
9.45531 149.581
9.49488 149.549
9.53545 149.536
9.57513 149.507
9.61454 149.472
9.65508 149.46
9.69613 149.457
9.73589 149.43
9.77641 149.418
9.81602 149.388
9.8564 149.373
9.89586 149.341
9.93556 149.314
9.97644 149.309
10.017 149.299
10.0565 149.267
10.0969 149.255
10.1374 149.242
10.1776 149.225
10.2177 149.208
10.2579 149.19
10.2981 149.173
10.3389 149.168
10.379 149.151
10.4196 149.141
10.46 149.128
10.4997 149.104
10.5394 149.079
10.5798 149.067
10.6203 149.057
10.6605 149.042
10.701 149.032
10.7412 149.017
10.7813 149
10.8225 149.002
10.8634 149
10.9042 148.995
10.9451 148.992
10.985 148.972
11.0247 148.95
11.0661 148.955
11.1072 148.957
11.148 148.952
11.1877 148.93
11.2273 148.906
11.2679 148.898
11.3089 148.898
11.3499 148.898
11.3909 148.898
11.4316 148.893
11.4721 148.883
11.5129 148.88
11.5544 148.887
11.596 148.897
11.6355 148.872
11.6709 148.782
11.7128 148.796
11.7536 148.794
11.7994 148.87
11.8403 148.867
11.8791 148.833
11.922 148.862
11.9636 148.871
12.0049 148.876
12.0456 148.871
12.0852 148.849
12.1259 148.844
12.1672 148.849
12.2088 148.858
12.2494 148.851
12.2902 148.848
12.3315 148.853
12.3735 148.868
12.4158 148.887
12.4574 148.897
12.4988 148.901
12.5391 148.892
12.5796 148.884
12.6208 148.886
12.6621 148.891
12.7035 148.896
12.7451 148.905
12.7873 148.922
12.8287 148.927
12.8702 148.934
12.9115 148.939
12.952 148.932
12.993 148.932
13.0345 148.939
13.0754 148.936
13.1162 148.934
13.1584 148.951
13.2025 148.994
13.2446 149.009
13.2854 149.006
13.3257 148.996
13.3673 149.004
13.409 149.013
13.4504 149.018
13.4921 149.028
13.5342 149.042
13.5766 149.062
13.6196 149.088
13.661 149.093
13.7026 149.1
13.7443 149.11
13.7883 149.149
13.8306 149.166
13.8727 149.181
13.9145 149.19
13.9581 149.224
13.9999 149.234
14.0421 149.249
14.0839 149.258
14.1273 149.29
14.1691 149.3
14.2121 149.324
14.2556 149.356
14.2976 149.368
14.3396 149.38
14.383 149.409
14.426 149.434
14.4674 149.439
14.5095 149.451
14.5534 149.487
14.5972 149.522
14.6409 149.554
14.6833 149.571
14.7264 149.595
14.7704 149.632
14.8149 149.674
14.8572 149.688
14.8987 149.693
14.9426 149.727
14.9863 149.759
15.0311 149.803
15.0752 149.84
15.1172 149.85
15.1625 149.902
15.2049 149.916
15.2489 149.951
15.2911 149.963
15.338 150.032
15.3827 150.074
15.4273 150.116
15.4716 150.153
15.5141 150.167
15.5584 150.204
15.6052 150.271
15.6523 150.34
15.6954 150.363
15.7423 150.429
15.7872 150.471
15.832 150.513
15.8798 150.59
15.9245 150.63
15.9695 150.672
16.0148 150.719
16.0632 150.801
16.1114 150.881
16.1586 150.948
16.2036 150.99
16.2515 151.065
16.3938 151.272
16.4453 151.388
16.4943 151.473
16.545 151.578
16.5907 151.626
