-16.9965 150.259
-16.0176 149.059
-15.9731 149.022
-15.9289 148.99
-15.8846 148.956
-15.84 148.92
-15.7949 148.876
-15.7502 148.836
-15.7055 148.797
-15.661 148.761
-15.6184 148.746
-15.5738 148.707
-15.5275 148.649
-15.4856 148.642
-15.4416 148.61
-15.0916 148.375
-15.0493 148.363
-15.0057 148.334
-14.9638 148.327
-14.921 148.308
-14.8787 148.296
-14.8341 148.255
-14.7923 148.248
-14.7508 148.246
-14.7067 148.209
-14.6633 148.183
-14.6215 148.176
-14.5798 148.171
-14.5361 148.14
-14.4941 148.131
-14.4504 148.099
-14.4087 148.095
-14.3673 148.093
-14.3248 148.076
-14.2828 148.066
-14.238 148.02
-14.1943 147.989
-14.1531 147.989
-14.1113 147.982
-14.0696 147.976
-14.028 147.971
-13.9842 147.937
-13.9398 147.896
-13.8994 147.906
-13.8582 147.907
-13.8168 147.905
-13.7758 147.907
-13.7346 147.908
-13.6928 147.901
-13.6509 147.892
-13.6072 147.858
-13.5635 147.824
-13.5207 147.802
-13.4795 147.803
-13.4395 147.82
-13.3985 147.823
-13.3571 147.821
-13.3142 147.797
-13.2726 147.792
-13.2311 147.788
-13.1881 147.764
-13.1464 147.757
-13.1054 147.76
-13.0644 147.763
-13.0234 147.766
-12.9822 147.766
-12.9408 147.764
-12.9 147.769
-12.8588 147.77
-12.8169 147.76
-12.7755 147.758
-12.7343 147.758
-12.6928 147.754
-12.6514 147.752
-12.6097 147.745
-12.5665 147.716
-12.5245 147.704
-12.4825 147.692
-12.4401 147.676
-12.3971 147.649
-12.3566 147.659
-12.3179 147.696
-12.276 147.687
-12.2329 147.658
-12.1928 147.676
-12.1535 147.705
-12.112 147.701
-12.0687 147.669
-12.0255 147.638
-11.984 147.634
-11.9448 147.666
-11.9047 147.683
-11.8671 147.74
-11.8298 147.801
-11.7898 147.821
-11.7492 147.831
-11.7084 147.839
-11.6679 147.851
-11.6268 147.854
-11.5851 147.847
-11.544 147.85
-11.5052 147.89
-11.4648 147.905
-11.4234 147.903
-11.383 147.918
-11.3428 147.935
-11.303 147.96
-11.2618 147.96
-11.2196 147.946
-11.1784 147.949
-11.1377 147.959
-11.0976 147.979
-11.0582 148.011
-11.0191 148.048
-10.9781 148.053
-10.9355 148.032
-10.8936 148.022
-10.8527 148.03
-10.8147 148.087
-10.7746 148.109
-10.7346 148.132
-10.6942 148.149
-10.6542 148.172
-10.6132 148.179
-10.5722 148.185
-10.5325 148.214
-10.4932 148.252
-10.4526 148.267
-10.4143 148.321
-10.3733 148.329
-10.3319 148.329
-10.2909 148.337
-10.2513 148.369
-10.2115 148.399
-10.1708 148.412
-10.1311 148.444
-10.0905 148.459
-10.0524 148.521
-10.0113 148.529
-9.97016 148.534
-9.92924 148.544
-9.89067 148.599
-9.85011 148.616
-9.81033 148.649
-9.77067 148.684
-9.72983 148.696
-9.69141 148.756
-9.65106 148.779
-9.6112 148.811
-9.57108 148.839
-9.53006 148.849
-9.49042 148.886
-9.44901 148.889
-9.40922 148.924
-9.37003 148.971
-9.32933 148.989
-9.28888 149.012
-9.25049 149.076
-9.21294 149.159
-9.17206 149.174
-9.13215 149.209
-9.09246 149.249
-9.05252 149.284
-8.97306 149.364
-8.93496 149.439
-8.89399 149.454
-8.85549 149.522
-8.8145 149.537
-8.77479 149.58
-8.7361 149.645
-8.69634 149.688
-8.617 149.778
-8.57866 149.853
-8.53735 149.864
-8.49863 149.931
-8.46033 150.009
-8.42042 150.052
