-22.2106 127.866
-22.1708 127.838
-21.4873 127.021
-21.4476 126.991
-21.4078 126.961
-21.3679 126.929
-21.3242 126.869
-21.2878 126.864
-21.2504 126.85
-21.2051 126.778
-21.1622 126.723
-21.1251 126.712
-21.083 126.664
-21.0464 126.656
-20.968 126.602
-20.9285 126.572
-20.8894 126.546
-20.8521 126.533
-20.8128 126.505
-20.7731 126.474
-20.7339 126.446
-20.692 126.397
-20.655 126.386
-20.6131 126.338
-20.5766 126.33
-20.5374 126.302
-20.5009 126.295
-20.4631 126.278
-20.4268 126.273
-20.3877 126.245
-20.3504 126.232
-20.3097 126.191
-20.2732 126.184
-20.2362 126.172
-20.1952 126.13
-20.1583 126.119
-20.1201 126.098
-20.0839 126.093
-20.0472 126.083
-20.0086 126.059
-19.97 126.035
-19.9317 126.013
-19.8946 126
-19.8563 125.978
-19.8191 125.965
-19.7824 125.956
-19.7453 125.943
-19.7091 125.937
-19.671 125.917
-19.6344 125.908
-19.5984 125.904
-19.5624 125.9
-19.5248 125.883
-19.4868 125.863
-19.45 125.852
-19.4133 125.843
-19.3758 125.826
-19.3378 125.806
-19.3012 125.797
-19.2652 125.793
-19.229 125.787
-19.1917 125.773
-19.1549 125.762
-19.1194 125.761
-19.0841 125.763
-19.0479 125.758
-19.0102 125.739
-18.9732 125.726
-18.9362 125.713
-18.9011 125.717
-18.8654 125.715
-18.8283 125.702
-18.792 125.695
-18.7558 125.689
-18.7186 125.675
-18.6829 125.673
-18.6472 125.671
-18.6123 125.676
-18.5764 125.673
-18.54 125.665
-18.5045 125.665
-18.4679 125.656
-18.4316 125.649
-18.3961 125.649
-18.3608 125.651
-18.3249 125.647
-18.2883 125.638
-18.2522 125.632
-18.2169 125.634
-18.1814 125.634
-18.1455 125.63
-18.1089 125.621
-18.074 125.627
-18.0396 125.636
-18.0051 125.645
-17.97 125.649
-17.9335 125.639
-17.8973 125.634
-17.862 125.636
-17.828 125.649
-17.7939 125.661
-17.7571 125.65
-17.7206 125.641
-17.6845 125.636
-17.651 125.654
-17.6189 125.685
-17.5836 125.687
-17.5466 125.674
-17.5113 125.676
-17.4768 125.685
-17.4427 125.698
-17.4061 125.689
-17.3704 125.687
-17.3365 125.702
-17.3009 125.702
-17.266 125.707
-17.2304 125.707
-17.1959 125.717
-17.1611 125.724
-17.1256 125.724
-17.0908 125.731
-17.0557 125.735
-17.0201 125.735
-16.9848 125.737
-16.9506 125.75
-16.9154 125.753
-16.8808 125.763
-16.8468 125.777
-16.8122 125.787
-16.778 125.8
-16.7436 125.811
-16.7082 125.813
-16.6718 125.805
-16.6378 125.82
-16.6038 125.835
-16.5693 125.846
-16.5356 125.864
-16.5006 125.87
-16.4656 125.875
-16.4311 125.886
-16.3969 125.899
-16.3624 125.91
-16.327 125.912
-16.2919 125.918
-16.258 125.934
-16.2239 125.949
-16.1892 125.958
-16.1551 125.973
-16.1211 125.99
-16.0866 126.001
-16.0519 126.01
-16.0181 126.029
-15.9838 126.042
-15.9515 126.075
-15.9169 126.086
-15.8818 126.092
-15.8469 126.099
-15.8145 126.133
-15.7801 126.146
-15.7455 126.157
-15.7104 126.162
-15.6765 126.181
-15.6428 126.201
-15.6081 126.21
-15.5745 126.233
-15.5417 126.262
-15.5073 126.275
-15.4735 126.296
-15.4389 126.307
-15.4053 126.329
-15.3701 126.335
-15.3369 126.361
-15.3033 126.383
-15.2704 126.413
-15.2361 126.428
-15.2026 126.452
-15.1704 126.489
-15.1364 126.508
-15.1032 126.536
-15.0694 126.557
-15.0348 126.57
-15.0015 126.596
-14.9664 126.603
-14.933 126.629
-14.8997 126.655
-14.8685 126.706
-14.8337 126.717
-14.8024 126.766
-14.7698 126.801
-14.7364 126.827
-14.7012 126.835
-14.6662 126.844
-14.6333 126.876
-14.6022 126.929
-14.5687 126.955
-14.535 126.979
-14.5 126.989
-14.4693 127.047
-14.4383 127.101
-14.4051 127.131
-14.3715 127.157
-14.3368 127.171
-14.3052 127.22
-14.2702 127.231
-14.2388 127.282
-14.2058 127.316
-14.1747 127.37
-14.1105 127.459
-14.0758 127.474
-14.0437 127.519
-14.0107 127.553
-13.9797 127.612
-13.9466 127.646
-13.9129 127.672
-13.8802 127.712
-13.8495 127.774
-13.8187 127.835
-13.7858 127.873
-13.7536 127.919
-13.7204 127.953
-13.6877 127.993
-13.6541 128.023
-13.5049 128.4
-13.4717 128.436
-13.4401 128.492
-13.4086 128.549
-13.3756 128.589
