-29.1804 152.46
-27.9207 150.915
-27.8741 150.876
-27.8241 150.815
-27.7815 150.803
-27.7399 150.798
-27.6929 150.757
-27.6431 150.695
-27.5997 150.679
-27.5499 150.617
-27.503 150.576
-27.4604 150.564
-27.416 150.54
-27.3738 150.53
-27.328 150.496
-27.2862 150.489
-27.2372 150.433
-27.1954 150.426
-27.1529 150.414
-27.1022 150.346
-27.0593 150.331
-27.0143 150.302
-26.9729 150.298
-26.9311 150.291
-26.8872 150.269
-26.8423 150.24
-26.7994 150.225
-26.7576 150.218
-26.7152 150.206
-26.6668 150.153
-26.6247 150.143
-26.5836 150.141
-26.5418 150.134
-26.4942 150.086
-26.4521 150.076
-26.4097 150.064
-26.3652 150.038
-26.3238 150.033
-26.2824 150.028
-26.2397 150.014
-26.1959 149.992
-26.1528 149.976
-26.1104 149.964
-26.0687 149.957
-26.027 149.95
-25.986 149.947
-25.9446 149.943
-25.9032 149.938
-25.8619 149.934
-25.8215 149.936
-25.7785 149.919
-25.7337 149.89
-25.6907 149.874
-25.649 149.867
-25.607 149.857
-25.5657 149.853
-25.5233 149.841
-25.4813 149.831
-25.4406 149.831
-25.4003 149.834
-25.3596 149.834
-25.3173 149.822
-25.2743 149.806
-25.2333 149.803
-25.1923 149.801
-25.1509 149.797
-25.1093 149.79
-25.0676 149.783
-25.0266 149.78
-24.9876 149.793
-24.9472 149.795
-24.9065 149.796
-24.8662 149.798
-24.8258 149.801
-24.7858 149.806
-24.7444 149.802
-24.7005 149.777
-24.6589 149.77
-24.6201 149.785
-24.581 149.798
-24.5394 149.791
-24.4977 149.784
-24.4596 149.803
-24.4202 149.813
-24.3801 149.818
-24.3385 149.811
-24.3006 149.833
-24.2599 149.834
-24.2202 149.841
-24.176 149.815
-24.1325 149.793
-24.0971 149.835
-24.0567 149.837
-24.0179 149.852
-23.979 149.867
-23.9368 149.855
-23.8951 149.848
-23.855 149.853
-23.819 149.89
-23.7786 149.893
-23.7416 149.922
-23.7005 149.92
-23.6601 149.923
-23.619 149.92
-23.5814 149.945
-23.5397 149.938
-23.4984 149.933
-23.4567 149.926
-23.4166 149.931
-23.3774 149.944
-23.3403 149.973
-23.2992 149.971
-23.2597 149.981
-23.2217 150.003
-23.1827 150.018
-23.1426 150.023
-23.1021 150.026
-23.0616 150.028
-23.0251 150.063
-22.9864 150.08
-22.9471 150.093
-22.909 150.115
-22.8691 150.122
-22.8295 150.132
-22.7908 150.15
-22.7539 150.182
-22.7152 150.199
-22.6755 150.209
-22.635 150.212
-22.5954 150.222
-22.5554 150.229
-22.5176 150.254
-22.4806 150.286
-22.4427 150.311
-22.4027 150.318
-22.3659 150.353
-22.3277 150.375
-22.2895 150.397
-22.2504 150.412
-22.2104 150.42
-22.173 150.449
-22.1356 150.479
-22.097 150.499
-22.0596 150.529
-22.0221 150.558
-21.9827 150.571
-21.9461 150.608
-21.9089 150.64
-21.8682 150.643
-21.8279 150.648
-21.7889 150.665
-21.7551 150.727
-21.7187 150.766
-21.682 150.804
-21.6425 150.816
-21.6049 150.846
-21.5679 150.881
-21.5283 150.893
-21.4913 150.928
-21.4542 150.962
-21.4143 150.973
-21.3812 151.042
-21.3415 151.054
-21.3072 151.114
-21.2676 151.126
-21.2301 151.159
-21.191 151.176
-21.1572 151.241
-21.1203 151.278
-21.0806 151.291
-21.0072 151.37
-20.9738 151.44
-20.9341 151.452
-20.9001 151.517
-20.8631 151.554
-20.823 151.565
-20.7895 151.634
-20.7535 151.682
-20.6804 151.767
-20.643 151.802
-20.6094 151.871
-20.5738 151.924
-20.5372 151.967
-20.5035 152.037
-20.4695 152.104
-20.4304 152.124
-20.3999 152.224
-20.3612 152.25
-20.3255 152.302
-20.2863 152.322
-20.2525 152.393
-20.0557 152.881
-20.0187 152.924
-19.8458 156.091
-19.8063 156.117
-19.7683 156.159
-19.7309 156.206
