6.72125 158.215
6.76595 158.245
6.80845 158.209
7.20664 157.137
7.56861 156.375
7.73171 156.119
7.77471 156.114
7.85469 155.951
7.89637 155.914
7.9389 155.898
7.98024 155.853
8.02037 155.779
8.06307 155.768
8.10304 155.691
8.18564 155.603
8.51593 155.27
8.55825 155.254
8.59803 155.18
8.64044 155.167
8.68145 155.122
8.72291 155.087
8.76447 155.056
8.80577 155.019
8.84814 155.005
8.88965 154.974
8.93188 154.958
8.97265 154.911
9.01231 154.839
9.05486 154.832
9.09765 154.829
9.13908 154.797
9.18088 154.774
9.22315 154.76
9.26443 154.726
9.30569 154.692
9.34781 154.676
9.38993 154.66
9.43128 154.629
9.47375 154.621
9.5147 154.581
9.55562 154.542
9.59692 154.511
9.63923 154.5
9.6818 154.495
9.72397 154.482
9.76339 154.413
9.80502 154.39
9.84769 154.387
9.88956 154.369
9.93196 154.361
9.97368 154.34
10.0151 154.314
10.0578 154.311
10.1003 154.306
10.1424 154.292
10.1848 154.285
10.2274 154.282
10.2689 154.258
10.3111 154.248
10.3524 154.219
10.3936 154.19
10.4356 154.177
10.478 154.169
10.5204 154.164
10.5619 154.14
10.6028 154.106
10.6449 154.096
10.6872 154.088
10.7297 154.083
10.7717 154.069
10.814 154.061
10.856 154.048
10.8971 154.02
10.9387 154.001
10.9811 153.996
11.0233 153.985
11.0637 153.946
11.1054 153.928
11.1478 153.923
11.1894 153.904
11.2292 153.855
11.2714 153.847
11.313 153.829
11.3584 153.875
11.3999 153.854
11.4424 153.852
11.4857 153.862
11.5271 153.841
11.569 153.828
11.614 153.867
11.6594 153.914
11.7019 153.911
11.7448 153.914
11.7868 153.903
11.8304 153.919
11.8741 153.934
11.9175 153.947
11.9596 153.937
12.0011 153.918
12.0449 153.936
12.0889 153.957
12.1308 153.944
12.1726 153.931
12.2153 153.931
12.2593 153.952
12.3041 153.985
12.3468 153.985
12.3884 153.969
12.4308 153.964
12.4746 153.982
12.5177 153.987
12.5615 154.006
12.6064 154.039
12.6493 154.042
12.6902 154.016
12.7324 154.008
12.7754 154.013
12.8205 154.049
12.8651 154.078
12.9082 154.083
12.951 154.085
12.9949 154.104
13.0385 154.117
13.0816 154.122
13.1262 154.15
13.1693 154.155
13.212 154.155
13.2552 154.163
13.2992 154.181
13.3433 154.202
13.3877 154.225
13.4311 154.236
13.4744 154.243
13.5189 154.269
13.5624 154.28
13.606 154.293
13.6508 154.321
13.6939 154.326
13.7376 154.339
13.7824 154.368
13.8251 154.368
13.8682 154.373
13.9127 154.396
13.959 154.446
14.0025 154.456
14.0474 154.485
14.0907 154.493
14.1356 154.521
14.1776 154.511
14.2223 154.537
14.2682 154.579
14.3135 154.613
14.359 154.649
14.4027 154.662
14.4508 154.733
14.494 154.738
14.5373 154.743
14.6298 154.835
14.6731 154.84
14.7187 154.877
14.7641 154.911
14.8078 154.921
14.8561 154.992
14.9 155.005
14.9439 155.018
15.1727 155.202
15.2164 155.212
15.2643 155.276
15.311 155.323
16.1759 156.434
16.2199 156.444
