-11.9026 125.194
-11.8251 125.118
-11.7833 125.038
-11.7431 124.979
-11.703 124.921
-11.6643 124.882
-11.6263 124.852
-11.5867 124.801
-11.5455 124.726
-11.389 124.541
-11.349 124.482
-11.3106 124.445
-11.2725 124.412
-11.2353 124.39
-11.1981 124.37
-11.1614 124.355
-11.1205 124.281
-11.0836 124.265
-11.0443 124.213
-11.0053 124.165
-10.9686 124.151
-10.9308 124.119
-10.8931 124.09
-10.8557 124.064
-10.818 124.035
-10.7803 124.006
-10.7413 123.956
-10.7044 123.938
-10.667 123.91
-10.629 123.875
-10.5925 123.862
-10.5553 123.839
-10.5171 123.8
-10.4807 123.787
-10.4439 123.769
-10.4065 123.742
-10.369 123.712
-10.3316 123.685
-10.2944 123.661
-10.2572 123.636
-10.2198 123.608
-10.1835 123.595
-10.1471 123.583
-10.1093 123.548
-10.0734 123.542
-10.0371 123.53
-9.99858 123.484
-9.96248 123.475
-9.92661 123.469
-9.88888 123.435
-9.85267 123.424
-9.81682 123.418
-9.78004 123.398
-9.74259 123.367
-9.70594 123.349
-9.67011 123.344
-9.63393 123.333
-9.59697 123.309
-9.56103 123.302
-9.52419 123.28
-9.48725 123.256
-9.45133 123.249
-9.41452 123.227
-9.3786 123.22
-9.34291 123.216
-9.3071 123.211
-9.27097 123.2
-9.23398 123.174
-9.19818 123.169
-9.16218 123.16
-9.12606 123.149
-9.08953 123.131
-9.053 123.113
-9.01722 123.107
-8.98176 123.107
-8.9462 123.105
-8.91042 123.1
-8.87434 123.089
-8.83805 123.074
-8.80166 123.058
-8.76579 123.051
-8.73024 123.049
-8.69448 123.043
-8.65851 123.034
-8.62245 123.024
-8.5866 123.016
-8.55065 123.007
-8.5154 123.011
-8.48005 123.013
-8.44411 123.004
-8.40776 122.987
-8.37202 122.982
-8.33648 122.98
-8.30074 122.974
-8.2651 122.971
-8.22936 122.965
-8.19363 122.96
-8.15809 122.958
-8.12274 122.96
-8.0871 122.956
-8.05137 122.951
-8.01574 122.947
-7.98029 122.947
-7.94466 122.944
-7.90921 122.944
-7.87376 122.944
-7.83822 122.942
-7.80277 122.942
-7.76751 122.945
-7.73215 122.947
-7.69633 122.94
-7.66052 122.933
-7.62498 122.931
-7.58962 122.933
-7.55417 122.933
-7.51898 122.938
-7.48388 122.945
-7.44851 122.947
-7.41314 122.949
-7.37716 122.938
-7.34118 122.927
-7.30616 122.936
-7.2707 122.936
-7.23516 122.934
-7.19978 122.936
-7.16415 122.933
-7.12886 122.936
-7.09373 122.944
-7.05885 122.956
-7.02372 122.963
-6.9885 122.969
-6.95401 122.991
-6.91911 123.003
-6.88363 123.003
-6.84798 123
-6.8125 123
-6.7771 123.002
-6.74201 123.011
-6.70708 123.023
-6.67215 123.036
-6.63642 123.031
-6.60084 123.029
-6.5659 123.041
-6.53063 123.047
-6.49536 123.052
-6.46009 123.058
-6.42489 123.065
-6.3903 123.087
-6.35547 123.103
-6.32063 123.12
-6.28548 123.129
-6.25055 123.143
-6.21517 123.147
-6.17994 123.154
-6.1447 123.161
-6.10953 123.17
-6.07472 123.189
-6.0399 123.207
-6.00457 123.212
-5.9693 123.22
-5.93404 123.227
-5.89933 123.249
-5.86461 123.271
-5.82946 123.282
-5.79403 123.285
-5.75909 123.302
-5.72433 123.323
-5.68916 123.334
-5.65378 123.34
-5.61894 123.36
-5.58435 123.387
-5.54902 123.395
-5.51362 123.4
-5.47927 123.435
-5.44418 123.449
-5.4087 123.453
-5.37366 123.469
-5.3383 123.477
-5.30357 123.502
-5.26883 123.528
-5.2337 123.543
-5.19881 123.564
-5.16403 123.59
-5.12881 123.603
-5.09475 123.65
-5.05921 123.654
-5.02439 123.68
-4.98962 123.707
-4.95424 123.716
-4.91921 123.737
-4.88446 123.766
-4.84929 123.782
-4.81504 123.828
-4.7802 123.856
-4.74477 123.865
-4.70984 123.891
-4.67508 123.922
-4.64007 123.946
-4.60506 123.97
-4.56964 123.981
-4.53543 124.032
-4.49994 124.042
-4.46548 124.086
-4.43013 124.1
-4.39536 124.135
-4.36085 124.18
-4.32589 124.209
-4.2904 124.22
-4.25588 124.266
-4.22083 124.294
-4.18659 124.351
-4.15115 124.366
-4.11656 124.412
-4.04658 124.477
-4.01208 124.529
-3.97703 124.56
-3.94138 124.57
-3.90696 124.627
-3.87186 124.659
-3.83623 124.67
-3.80148 124.716
-3.76689 124.77
-3.45392 125.23
-3.41888 125.275
-3.38362 125.311
-3.34838 125.348
-3.31415 125.433
-3.2794 125.494
-3.24465 125.558
-3.20976 125.616
-3.17489 125.677
-3.10513 125.801
-2.71653 128.363
-2.68087 128.428
-2.64421 128.435
