-3.59065 155.845
-3.54661 155.798
-3.27962 155.327
-3.23627 155.309
-3.19203 155.238
-2.92864 154.899
-2.57937 154.488
-2.5363 154.473
-2.31908 154.238
-2.27615 154.228
-2.2329 154.192
-2.19002 154.184
-2.1468 154.148
-2.1035 154.103
-2.05997 154.036
-2.01732 154.046
-1.97427 154.021
-1.93118 153.989
-1.88824 153.971
-1.84486 153.909
-1.80189 153.886
-1.75876 153.844
-1.71571 153.811
-1.67295 153.806
-1.63017 153.798
-1.58702 153.749
-1.54416 153.731
-1.50124 153.705
-1.4585 153.7
-1.41569 153.685
-1.37278 153.656
-1.33 153.643
-1.28707 153.61
-1.24432 153.6
-1.20161 153.595
-1.15874 153.564
-1.11584 153.527
-1.07294 153.489
-1.03009 153.455
-0.987342 153.437
-0.944689 153.435
-0.902051 153.435
-0.859386 153.43
-0.816521 153.383
-0.773772 153.358
-0.731035 153.332
-0.688407 153.329
-0.645769 153.324
-0.603134 153.32
-0.560491 153.312
-0.51786 153.307
-0.47515 153.276
-0.432454 153.245
-0.389764 153.212
-0.347196 153.222
-0.304624 153.233
-0.26201 153.225
-0.219316 153.171
-0.176695 153.148
-0.134122 153.153
-0.0915345 153.148
-0.0489586 153.153
-0.00638534 153.167
0.0362011 153.164
0.0787924 153.138
0.121372 153.133
0.163953 153.147
0.206526 153.126
0.249077 153.085
0.291619 153.054
0.334195 153.067
0.376771 153.075
0.419342 153.078
0.461905 153.075
0.504432 153.055
0.54695 153.034
0.589491 153.027
0.632082 153.04
0.674613 153.029
0.7171 153.006
0.759637 153.001
0.80219 153.002
0.844675 152.984
0.887235 152.986
0.929634 152.95
0.972018 152.914
1.0146 152.925
1.05717 152.933
1.09958 152.907
1.14186 152.858
1.18441 152.863
1.22692 152.861
1.26972 152.908
1.31259 152.962
1.35523 152.978
1.39785 152.988
1.44053 153.006
1.48332 153.04
1.52596 153.05
1.56851 153.048
1.61111 153.053
1.65393 153.084
1.69667 153.105
1.73925 153.105
1.78179 153.1
1.82441 153.106
1.86704 153.111
1.90969 153.119
1.9525 153.142
1.99529 153.163
2.03796 153.171
2.08058 153.174
2.12318 153.174
2.1658 153.176
2.20851 153.187
2.25143 153.215
2.29424 153.234
2.337 153.247
2.37964 153.249
2.42256 153.275
2.46522 153.278
2.50784 153.278
2.55049 153.281
2.59324 153.291
2.63604 153.304
2.67904 153.333
2.72196 153.354
2.76438 153.338
2.80752 153.375
2.85042 153.393
2.89314 153.398
2.93609 153.419
2.97925 153.453
3.02198 153.458
3.06461 153.456
3.10791 153.497
3.15111 153.531
3.19429 153.562
3.23726 153.581
3.28059 153.62
3.32346 153.63
3.3673 153.698
3.41019 153.708
3.45304 153.716
3.49576 153.716
3.53894 153.743
3.58241 153.784
3.62533 153.795
3.66869 153.829
3.71221 153.87
3.75521 153.884
3.79861 153.918
3.84208 153.954
3.97289 154.08
4.01584 154.088
4.05885 154.098
4.10219 154.124
4.14582 154.163
4.18929 154.195
4.23234 154.205
4.27612 154.25
4.45121 154.418
4.49497 154.457
4.53821 154.473
4.582 154.512
4.84754 154.849
4.89147 154.889
4.93556 154.933
