-1.94449 128.396
-1.55842 126.707
-1.52111 126.622
-1.48401 126.553
-1.44673 126.464
-1.40973 126.4
-1.33559 126.244
-1.29877 126.189
-1.26197 126.133
-1.22473 126.023
-1.18829 126.002
-1.1516 125.95
-1.11481 125.882
-1.07816 125.827
-1.04151 125.771
-1.00485 125.709
-0.968394 125.671
-0.931824 125.615
-0.895243 125.553
-0.85875 125.5
-0.822477 125.48
-0.78608 125.437
-0.74966 125.386
-0.713202 125.324
-0.676928 125.293
-0.640678 125.263
-0.604264 125.196
-0.568041 125.164
-0.531936 125.156
-0.495675 125.11
-0.459428 125.061
-0.423297 125.039
-0.387107 124.996
-0.35096 124.961
-0.314844 124.931
-0.278732 124.897
-0.24259 124.845
-0.206516 124.814
-0.170479 124.793
-0.134434 124.764
-0.0984279 124.751
-0.06242 124.732
-0.0263909 124.686
0.00960513 124.654
0.0455849 124.626
0.0815571 124.586
0.117508 124.567
0.153451 124.545
0.189383 124.521
0.2253 124.489
0.261204 124.458
0.297101 124.434
0.332986 124.408
0.368867 124.388
0.404717 124.354
0.440589 124.34
0.476462 124.329
0.512308 124.308
0.548151 124.29
0.58399 124.273
0.619795 124.247
0.655606 124.227
0.691428 124.212
0.727209 124.188
0.762973 124.163
0.798772 124.148
0.834499 124.118
0.870264 124.1
0.906059 124.089
0.94182 124.073
0.977525 124.047
1.01328 124.032
1.04907 124.025
1.08487 124.019
1.12047 123.982
1.15614 123.959
1.19189 123.948
1.22766 123.94
1.26341 123.931
1.29909 123.913
1.3348 123.9
1.37047 123.882
1.40609 123.859
1.44186 123.856
1.47762 123.85
1.51332 123.839
1.54899 123.825
1.58462 123.806
1.62032 123.797
1.65599 123.784
1.69165 123.772
1.7273 123.759
1.76299 123.75
1.79866 123.739
1.83434 123.729
1.86997 123.717
1.90561 123.704
1.9413 123.697
1.97698 123.689
2.01269 123.684
2.04842 123.68
2.08412 123.675
2.11977 123.666
2.15545 123.658
2.19112 123.651
2.22679 123.644
2.26243 123.635
2.29804 123.624
2.33375 123.62
2.36946 123.616
2.40509 123.607
2.44077 123.602
2.4765 123.6
2.51226 123.6
2.54802 123.6
2.58367 123.593
2.61937 123.589
2.65507 123.585
2.6908 123.584
2.72646 123.578
2.76228 123.582
2.79814 123.587
2.83415 123.602
2.86998 123.606
2.90545 123.589
2.94085 123.569
2.97651 123.564
3.01224 123.562
3.04789 123.556
3.08348 123.547
3.11923 123.547
3.15495 123.546
3.19071 123.546
3.22643 123.544
3.26215 123.542
3.29791 123.542
3.3337 123.544
3.3695 123.546
3.40529 123.548
3.44109 123.55
3.47693 123.553
3.51281 123.559
3.54873 123.566
3.58474 123.577
3.62047 123.575
3.65607 123.568
3.69176 123.564
3.72761 123.568
3.76346 123.572
3.79936 123.577
3.83521 123.581
3.87107 123.585
3.90702 123.592
3.94293 123.598
3.97889 123.605
4.01508 123.622
4.05118 123.634
4.0872 123.644
4.12299 123.644
4.15873 123.642
4.19466 123.647
4.23079 123.66
4.26668 123.664
4.30257 123.668
4.33837 123.668
4.37427 123.671
4.41062 123.692
4.44703 123.714
4.48299 123.719
4.51895 123.725
4.55539 123.747
4.59162 123.762
4.62718 123.752
4.66316 123.758
4.69924 123.767
4.73539 123.778
4.77138 123.784
4.80786 123.806
4.84447 123.832
4.88042 123.835
4.91643 123.841
4.95244 123.846
4.98903 123.87
5.02562 123.894
5.06177 123.904
5.09826 123.924
5.13483 123.946
5.171 123.955
5.2071 123.963
5.24327 123.972
5.27933 123.977
5.31624 124.009
5.35305 124.036
5.38912 124.042
5.42538 124.053
5.46272 124.096
5.499 124.107
5.53504 124.11
5.57248 124.155
5.60872 124.164
5.64568 124.194
5.68246 124.218
5.71852 124.221
5.75545 124.249
5.79233 124.275
5.82854 124.282
5.86482 124.292
5.90234 124.334
5.93857 124.342
5.97585 124.377
6.0137 124.427
6.04996 124.434
6.08678 124.457
6.12391 124.486
6.16026 124.496
6.19819 124.546
6.23543 124.577
6.27254 124.605
6.3098 124.637
6.34782 124.687
6.38423 124.696
6.4211 124.717
6.45752 124.726
6.4947 124.754
6.53311 124.812
6.56972 124.825
6.60764 124.87
6.64511 124.903
6.75842 125.023
7.10055 125.409
7.13817 125.441
7.17699 125.499
7.29173 125.632
7.33031 125.683
7.56663 126.082
7.60468 126.118
