-26.7996 140.296
-26.7119 140.227
-26.6681 140.192
-26.625 140.161
-26.5769 140.098
-26.5364 140.085
-26.494 140.059
-26.4549 140.055
-26.4072 139.994
-26.3632 139.957
-26.3231 139.946
-26.2794 139.911
-26.2407 139.909
-26.1938 139.853
-26.1463 139.792
-26.1069 139.785
-26.0675 139.779
-26.0255 139.755
-25.9855 139.744
-25.9419 139.71
-25.8987 139.677
-25.8587 139.667
-25.8164 139.641
-25.7742 139.615
-25.7316 139.587
-25.6913 139.574
-25.6517 139.565
-25.6063 139.517
-25.5667 139.509
-25.527 139.5
-25.4855 139.479
-25.4424 139.446
-25.4021 139.434
-25.3631 139.429
-25.3216 139.408
-25.2817 139.397
-25.2421 139.389
-25.2037 139.389
-25.1588 139.343
-25.1192 139.335
-25.0799 139.328
-25.0406 139.322
-25.0014 139.316
-24.9568 139.272
-24.9176 139.266
-24.8805 139.275
-24.8372 139.24
-24.7976 139.232
-24.7587 139.228
-24.72 139.226
-24.6817 139.226
-24.6427 139.222
-24.6035 139.215
-24.5639 139.207
-24.5244 139.198
-24.4845 139.187
-24.4455 139.183
-24.4048 139.166
-24.3643 139.151
-24.3251 139.145
-24.2868 139.145
-24.2481 139.143
-24.2086 139.134
-24.1682 139.119
-24.1292 139.115
-24.0909 139.115
-24.0526 139.115
-24.0142 139.115
-23.9747 139.107
-23.9352 139.098
-23.8962 139.094
-23.8588 139.101
-23.8213 139.107
-23.7833 139.11
-23.7444 139.106
-23.706 139.106
-23.6683 139.11
-23.6296 139.108
-23.5898 139.097
-23.55 139.087
-23.5125 139.093
-23.4742 139.093
-23.4355 139.091
-23.3966 139.087
-23.3583 139.087
-23.319 139.081
-23.2804 139.079
-23.2429 139.086
-23.2048 139.088
-23.1673 139.094
-23.1316 139.114
-23.0946 139.125
-23.0568 139.129
-23.0187 139.132
-22.9818 139.143
-22.9437 139.145
-22.9053 139.145
-22.8678 139.152
-22.8297 139.154
-22.7924 139.163
-22.7535 139.159
-22.7154 139.161
-22.6787 139.174
-22.6403 139.174
-22.6002 139.161
-22.5646 139.183
-22.5268 139.187
-22.4892 139.194
-22.4508 139.194
-22.4132 139.201
-22.3768 139.216
-22.3398 139.227
-22.3024 139.236
-22.2651 139.245
-22.2284 139.258
-22.1905 139.262
-22.1526 139.267
-22.1147 139.271
-22.0774 139.28
-22.0409 139.295
-22.0027 139.297
-21.964 139.295
-21.9253 139.293
-21.8898 139.317
-21.8525 139.326
-21.8148 139.333
-21.7796 139.359
-21.7441 139.383
-21.7083 139.405
-21.6709 139.413
-21.6335 139.422
-21.5972 139.44
-21.5611 139.459
-21.5245 139.475
-21.4876 139.488
-21.451 139.503
-21.4138 139.514
-21.3777 139.534
-21.3408 139.547
-21.3052 139.571
-21.2685 139.586
-21.2324 139.606
-21.1967 139.63
-21.1595 139.641
-21.1223 139.652
-21.0877 139.685
-21.0536 139.722
-21.0158 139.729
-20.9804 139.755
-20.9436 139.77
-20.9082 139.797
-20.8727 139.823
-20.8357 139.836
-20.8002 139.863
-20.7652 139.893
-20.7284 139.909
-20.6936 139.941
-20.6563 139.953
-20.6195 139.968
-20.5824 139.981
-20.5494 140.029
-20.5123 140.043
-20.4754 140.058
-20.4426 140.109
-20.4052 140.12
-20.3724 140.17
-20.3353 140.183
-20.3001 140.214
-20.2647 140.243
-20.2293 140.271
-20.1949 140.309
-20.1577 140.322
-20.1225 140.353
-20.088 140.39
-20.0535 140.428
-20.0188 140.463
-19.984 140.498
-19.953 140.567
-19.9179 140.6
-19.8801 140.609
-19.8443 140.635
-19.8075 140.653
-19.7749 140.708
-19.7373 140.719
-19.7049 140.777
-19.6705 140.817
-19.6361 140.856
-19.6041 140.918
-19.5672 140.936
-19.5349 140.996
-19.5 141.032
-19.4677 141.091
-19.4329 141.129
-19.3959 141.147
-19.3643 141.214
-19.3324 141.278
-19.2971 141.311
-19.26 141.329
-19.2271 141.385
-19.1951 141.449
-19.0638 141.679
-19.0319 141.746
-18.9976 141.791
-18.9686 141.885
-18.9354 141.941
-18.8989 141.966
-18.8698 142.06
-18.8356 142.107
-18.6848 142.536
-18.5851 145.395
