-24.8722 83.9118
-24.8432 83.8985
18.4487 152.36
18.4892 152.347
18.5254 152.291
18.5631 152.25
18.5722 151.919
18.5845 151.622
19.1955 151.098
19.2353 151.083
19.2752 151.068
19.3101 151.005
19.5167 150.604
19.5507 150.535
19.581 150.43
19.6199 150.407
19.6564 150.362
19.6903 150.293
19.7302 150.28
19.8382 150.133
19.8749 150.091
19.9086 150.021
19.9476 150.001
19.9821 149.939
20.0184 149.894
20.0574 149.874
20.0929 149.822
20.1332 149.815
20.1705 149.78
20.2092 149.757
20.2435 149.696
20.2811 149.663
20.3208 149.651
20.3907 149.539
20.4301 149.524
20.4665 149.482
20.5045 149.455
20.5425 149.428
20.5818 149.413
20.6182 149.371
20.6553 149.336
20.6919 149.297
20.7317 149.286
20.7683 149.247
20.8054 149.212
20.8433 149.185
20.8831 149.175
20.9196 149.136
20.9569 149.104
20.9933 149.064
21.0331 149.054
21.0734 149.049
21.1118 149.027
21.151 149.012
21.1891 148.987
21.2288 148.977
21.2663 148.947
21.3052 148.93
21.3402 148.878
21.3801 148.871
21.4207 148.868
21.4607 148.86
21.4973 148.824
21.533 148.779
21.5701 148.747
21.61 148.74
21.6517 148.747
21.6919 148.742
21.7284 148.705
21.7649 148.668
21.8048 148.66
21.8459 148.663
21.8858 148.655
21.9246 148.638
21.9648 148.633
22.0044 148.623
22.0434 148.608
22.0807 148.578
22.1197 148.563
22.1581 148.544
22.2003 148.555
22.2364 148.516
22.2803 148.543
22.3181 148.518
22.3568 148.501
22.3955 148.483
22.433 148.456
22.4728 148.449
22.5135 148.449
22.5533 148.441
22.5911 148.416
22.6306 148.406
22.6707 148.401
22.7117 148.403
22.753 148.408
22.796 148.427
22.8388 148.444
22.8783 148.434
22.9163 148.412
22.9543 148.39
22.9965 148.401
23.0342 148.377
23.0797 148.415
23.1201 148.413
23.1587 148.395
23.2009 148.407
23.2391 148.388
23.4663 149.875
23.3186 148.372
23.355 148.338
23.3933 148.318
23.4336 148.316
23.4755 148.325
23.5174 148.335
23.5581 148.334
23.5978 148.327
23.6366 148.312
23.6766 148.307
23.7182 148.314
23.7598 148.321
23.8014 148.328
23.8433 148.337
23.8833 148.332
23.9227 148.322
23.9621 148.312
24.0021 148.307
24.0434 148.311
24.0834 148.306
24.1225 148.294
24.1631 148.293
24.2069 148.317
24.2495 148.332
24.2914 148.341
24.3358 148.37
24.3771 148.374
24.4175 148.372
24.4578 148.369
24.5 148.381
24.5426 148.395
24.5826 148.39
24.6239 148.394
24.6671 148.414
24.7068 148.406
24.7471 148.403
24.7875 148.4
24.8288 148.405
24.8717 148.422
24.9153 148.443
24.9562 148.445
24.9976 148.45
25.0389 148.454
25.0834 148.483
25.1257 148.495
25.17 148.522
25.2146 148.55
25.257 148.562
25.2986 148.569
25.3413 148.583
25.3826 148.588
25.4243 148.595
25.4686 148.621
25.5117 148.638
25.5563 148.667
25.5987 148.679
25.6417 148.696
25.6841 148.707
25.7272 148.724
25.7733 148.763
25.816 148.777
25.8577 148.784
25.9001 148.796
25.9449 148.825
25.987 148.834
26.0284 148.839
26.0776 148.9
26.1197 148.909
26.1707 148.982
26.2132 148.994
26.2581 149.023
26.2992 149.025
26.3399 149.024
26.3803 149.022
26.4283 149.073
26.4767 149.126
26.521 149.15
26.5698 149.206
26.613 149.223
26.6587 149.257
26.7019 149.274
26.7501 149.325
26.7944 149.349
26.8391 149.376
26.888 149.432
26.9366 149.485
26.9824 149.519
27.0247 149.529
27.067 149.538
27.1178 149.607
27.1694 149.68
27.2145 149.709
27.2576 149.724
27.3038 149.76
27.3501 149.797
27.5594 150.106
27.6033 150.126
27.6501 150.165
27.8063 150.389
27.854 150.433
27.9112 150.542
27.9559 150.566
28.0692 150.774
