11.1279 122.481
11.1637 122.485
11.1992 122.485
11.2352 122.492
11.6165 119.562
11.6491 119.532
11.6798 119.479
11.71 119.418
11.7402 119.359
11.771 119.307
11.8926 119.082
11.9246 119.048
11.9551 118.994
11.9854 118.937
12.0126 118.842
12.046 118.827
12.0789 118.805
12.1118 118.782
12.1424 118.731
12.174 118.693
12.2048 118.645
12.2369 118.614
12.2675 118.564
12.2992 118.528
12.3311 118.496
12.3627 118.458
12.3945 118.424
12.4262 118.39
12.4588 118.366
12.4908 118.335
12.5213 118.285
12.5517 118.236
12.5833 118.2
12.6158 118.176
12.6491 118.161
12.6823 118.145
12.7129 118.099
12.7457 118.079
12.7772 118.043
12.8092 118.014
12.8401 117.972
12.8737 117.962
12.906 117.936
12.9378 117.905
12.9698 117.877
13.0019 117.849
13.0341 117.824
13.0662 117.797
13.0985 117.773
13.1315 117.756
13.1629 117.722
13.1957 117.704
13.2273 117.672
13.2605 117.658
13.2917 117.622
13.3249 117.609
13.358 117.594
13.3895 117.562
13.4228 117.55
13.4564 117.541
13.488 117.511
13.521 117.496
13.5525 117.464
13.5861 117.455
13.6192 117.442
13.6503 117.406
13.6831 117.39
13.7154 117.368
13.7477 117.346
13.781 117.334
13.814 117.32
13.846 117.295
13.8789 117.28
13.9112 117.258
13.9445 117.248
13.9784 117.243
14.0119 117.235
14.0438 117.21
14.0754 117.181
14.1082 117.166
14.1411 117.151
14.175 117.147
14.2087 117.141
14.2416 117.127
14.2748 117.116
14.3082 117.107
14.3414 117.096
14.3737 117.075
14.4058 117.054
14.4391 117.044
14.4724 117.033
14.505 117.017
14.5386 117.01
14.5721 117.003
14.6054 116.993
14.6385 116.982
14.6722 116.977
14.7061 116.973
14.7385 116.955
14.7714 116.942
14.8046 116.932
14.8378 116.922
14.8714 116.915
14.9041 116.9
14.9378 116.895
14.9715 116.89
15.0053 116.887
15.039 116.882
15.0724 116.873
15.1054 116.862
15.1391 116.857
15.1727 116.852
15.2066 116.848
15.2406 116.847
15.2741 116.84
15.3067 116.825
15.3404 116.82
15.3741 116.815
15.4088 116.82
15.443 116.82
15.4754 116.804
15.5085 116.794
15.5437 116.804
15.5776 116.801
15.6128 116.811
15.6484 116.824
15.6804 116.804
15.712 116.779
15.7454 116.772
15.7807 116.782
15.815 116.784
15.8492 116.784
15.8833 116.784
15.9177 116.786
15.9517 116.785
15.9853 116.78
16.0191 116.776
16.0533 116.776
16.0869 116.771
16.1203 116.765
16.1541 116.761
16.1887 116.765
16.2225 116.762
16.2557 116.753
16.2893 116.748
16.3235 116.748
16.3578 116.75
16.3918 116.749
16.4256 116.745
16.4605 116.752
16.495 116.756
16.5288 116.752
16.5618 116.742
16.5969 116.751
16.6318 116.757
16.6665 116.763
16.7025 116.779
16.738 116.791
16.7726 116.795
16.8065 116.793
16.8407 116.793
16.8754 116.798
16.9096 116.798
16.9439 116.8
16.9792 116.81
17.0138 116.814
17.0478 116.812
17.0817 116.81
17.1161 116.812
17.1522 116.829
17.1871 116.836
17.2234 116.854
17.2584 116.861
17.2933 116.868
17.329 116.881
17.3652 116.898
17.4005 116.908
17.4355 116.915
17.4716 116.932
17.506 116.934
17.541 116.941
17.5762 116.949
17.6117 116.961
17.6465 116.966
17.6811 116.97
17.7159 116.975
17.7535 117.003
17.7889 117.014
17.8231 117.014
17.8583 117.022
17.8963 117.054
17.9313 117.061
17.9674 117.076
18.0042 117.098
18.0395 117.107
18.0757 117.124
18.1105 117.129
18.146 117.139
18.1849 117.178
18.22 117.185
18.2575 117.212
18.2922 117.215
18.3274 117.224
18.3662 117.261
18.4026 117.278
18.4395 117.3
18.4744 117.305
18.5137 117.345
18.549 117.354
18.5885 117.396
18.6228 117.396
18.6581 117.405
18.6981 117.451
18.7336 117.461
18.7715 117.49
18.8105 117.527
18.8458 117.536
18.8833 117.561
18.9209 117.586
18.9562 117.595
18.9914 117.602
19.03 117.636
19.0657 117.646
19.106 117.694
19.1423 117.709
19.1795 117.731
19.2175 117.76
19.256 117.792
19.2967 117.842
19.3347 117.871
19.3742 117.91
19.4101 117.922
19.448 117.949
19.4863 117.98
19.5271 118.029
19.5655 118.06
19.6064 118.11
19.6446 118.139
19.6823 118.165
19.721 118.197
19.9631 118.466
20.0019 118.499
20.0428 118.547
20.0832 118.591
20.1223 118.626
