-17.1235 162.983
-17.0744 162.929
-17.0242 162.861
-16.9673 162.714
-16.9142 162.612
-16.8627 162.528
-15.95 161.118
-15.9023 161.074
-15.8551 161.035
-15.8048 160.957
-15.757 160.911
-15.7101 160.875
-15.6649 160.861
-15.6178 160.823
-15.5729 160.812
-15.3776 160.566
-15.3329 160.559
-15.2857 160.517
-15.2381 160.471
-15.1933 160.46
-15.1466 160.425
-15.0521 160.339
-15.0073 160.329
-14.9607 160.293
-14.9163 160.288
-14.8697 160.253
-14.8214 160.195
-14.774 160.148
-14.7292 160.138
-14.6816 160.089
-14.6369 160.078
-14.5926 160.073
-14.5483 160.068
-14.504 160.063
-14.4552 159.997
-14.4075 159.945
-14.3628 159.935
-14.3192 159.938
-14.2749 159.933
-14.2306 159.928
-14.1852 159.906
-14.1405 159.896
-14.0963 159.891
-14.0486 159.839
-14.0038 159.825
-13.959 159.812
-13.9126 159.777
-13.8684 159.772
-13.823 159.75
-13.7783 159.74
-13.7335 159.726
-13.6889 159.716
-13.6432 159.689
-13.5993 159.689
-13.5553 159.687
-13.5105 159.674
-13.4631 159.622
-13.42 159.633
-13.3773 159.65
-13.3331 159.645
-13.288 159.626
-13.243 159.61
-13.1981 159.594
-13.1532 159.578
-13.1058 159.526
-13.0624 159.532
-13.0184 159.53
-12.9748 159.533
-12.9315 159.542
-12.8873 159.537
-12.8428 159.527
-12.7984 159.519
-12.7548 159.522
-12.71 159.509
-12.6657 159.501
-12.6211 159.491
-12.5764 159.477
-12.5321 159.469
-12.4883 159.47
-12.4432 159.451
-12.3987 159.441
-12.3547 159.438
-12.3109 159.439
-12.2667 159.434
-12.2217 159.415
-12.1755 159.377
-12.1312 159.369
-12.0887 159.392
-12.0451 159.395
-11.9981 159.343
-11.8608 157.817
-11.8798 158.842
-11.8641 159.303
-11.8202 159.301
-11.7775 159.321
-11.7355 159.351
-11.6924 159.363
-11.6399 159.218
-11.6104 159.46
-11.5643 159.422
-11.5213 159.436
-11.48 159.481
-11.4378 159.509
-11.3949 159.526
-11.3521 159.546
-11.31 159.577
-11.2661 159.577
-11.221 159.555
-11.1781 159.572
-11.1353 159.592
-11.0926 159.615
-11.0501 159.64
-11.0069 159.651
-10.9639 159.668
-10.9201 159.672
-10.8764 159.675
-10.8332 159.689
-10.791 159.72
-10.7475 159.729
-10.7039 159.735
-10.6599 159.735
-10.6163 159.741
-10.574 159.772
-10.5316 159.8
-10.4894 159.834
-10.4463 159.851
-10.4043 159.887
-10.3601 159.885
-10.315 159.863
-10.2739 159.919
-10.2307 159.933
-10.1877 159.953
-10.1453 159.984
-10.1016 159.99
-10.059 160.018
-10.0155 160.03
-9.97334 160.066
-9.93212 160.122
-9.88892 160.139
-9.84488 160.139
-9.80209 160.165
-9.76011 160.207
-9.71646 160.216
-9.67254 160.219
-9.63011 160.253
-9.58671 160.267
-9.54426 160.301
-9.50353 160.371
-9.46023 160.388
-9.41772 160.422
-9.37467 160.444
-9.33134 160.461
-9.28827 160.484
-9.24545 160.512
-9.20209 160.529
-9.16132 160.602
-9.11794 160.619
-9.07557 160.659
-9.03344 160.704
-8.98989 160.718
-8.64972 161.026
-8.43988 161.297
-8.39591 161.306
-8.3549 161.385
-8.31232 161.428
-8.2682 161.434
