-34.0366 128.188
-33.9978 128.173
-33.9653 128.188
-33.7409 127.793
-33.6292 127.597
-33.5762 127.512
-33.5404 127.51
-33.5072 127.522
-33.0839 127.014
-33.0379 126.961
-33.0002 126.95
-32.961 126.932
-32.9241 126.924
-32.8777 126.87
-32.8306 126.812
-32.7937 126.805
-32.7527 126.777
-32.711 126.745
-32.6688 126.711
-32.6234 126.661
-32.5816 126.63
-32.4585 126.544
-32.4216 126.537
-32.3807 126.509
-32.3402 126.483
-32.2563 126.416
-32.2169 126.395
-32.1805 126.39
-32.14 126.364
-32.0985 126.332
-32.0625 126.329
-32.0216 126.301
-31.9772 126.254
-31.9397 126.243
-31.903 126.236
-31.8626 126.21
-31.8262 126.204
-31.7859 126.178
-31.7495 126.173
-31.7102 126.153
-31.6692 126.123
-31.6285 126.095
-31.59 126.079
-31.5562 126.086
-31.5195 126.078
-31.4792 126.053
-31.4421 126.043
-31.4058 126.038
-31.3684 126.027
-31.326 125.99
-31.2893 125.982
-31.253 125.977
-31.2167 125.971
-31.1779 125.953
-31.1408 125.944
-31.102 125.925
-31.065 125.916
-31.028 125.907
-30.9914 125.899
-30.9562 125.899
-30.9188 125.888
-30.8793 125.866
-30.842 125.855
-30.8057 125.849
-30.7677 125.835
-30.7324 125.835
-30.6958 125.827
-30.6595 125.822
-30.6243 125.822
-30.5863 125.807
-30.5497 125.799
-30.512 125.786
-30.474 125.772
-30.4415 125.786
-30.4039 125.774
-30.3673 125.766
-30.3293 125.751
-30.2934 125.748
-30.2581 125.748
-30.2195 125.729
-30.1832 125.724
-30.148 125.724
-30.1124 125.722
-30.0786 125.729
-30.0441 125.733
-30.0082 125.729
-29.9743 125.736
-29.937 125.725
-29.9008 125.72
-29.8652 125.718
-29.8296 125.716
-29.7937 125.712
-29.7585 125.712
-29.7233 125.712
-29.6877 125.711
-29.6532 125.714
-29.6186 125.718
-29.5847 125.725
-29.5505 125.731
-29.5129 125.718
-29.479 125.725
-29.4455 125.734
-29.4112 125.74
-29.379 125.756
-29.3472 125.775
-29.3112 125.771
-29.274 125.76
-29.238 125.756
-29.2028 125.756
-29.1705 125.773
-29.138 125.788
-29.0997 125.771
-29.0641 125.769
-29.0315 125.784
-28.9976 125.791
-28.9626 125.793
-28.928 125.797
-28.8941 125.804
-28.8605 125.813
-28.8295 125.837
-28.7988 125.863
-28.7636 125.863
-28.7299 125.872
-28.6926 125.861
-28.6537 125.841
-28.6191 125.845
-28.5891 125.874
-28.5547 125.88
-28.5178 125.87
-28.4835 125.876
-28.4508 125.891
-28.4145 125.885
-28.3802 125.891
-28.3475 125.905
-28.3138 125.914
-28.2804 125.926
-28.2464 125.933
-28.2118 125.937
-28.1771 125.94
-28.1431 125.948
-28.11 125.961
-28.0785 125.983
-28.0455 125.996
-28.0101 125.996
-27.9761 126.003
-27.943 126.016
-27.9096 126.027
-27.8777 126.047
-27.8443 126.058
-27.8109 126.069
-27.779 126.09
-27.7475 126.112
-27.7143 126.125
-27.6806 126.134
-27.6484 126.153
-27.6165 126.173
-27.5833 126.186
-27.5498 126.197
-27.5151 126.201
-27.4806 126.206
-27.4484 126.225
-27.4149 126.236
-27.382 126.251
-27.3481 126.26
-27.3156 126.277
-27.2836 126.297
-27.2526 126.323
-27.2225 126.355
-27.1889 126.366
-27.1569 126.386
-27.1252 126.408
-27.0923 126.423
-27.0609 126.447
-27.0295 126.472
-26.9959 126.483
-26.9626 126.496
-26.9299 126.512
-26.9016 126.555
-26.8676 126.564
-26.8359 126.587
-26.8019 126.596
-26.7679 126.605
-26.7392 126.646
-26.7062 126.661
-26.6747 126.685
-26.6432 126.71
-26.6113 126.732
-26.5782 126.747
-26.5476 126.777
-26.5161 126.801
-26.4851 126.829
-26.4541 126.857
-26.4235 126.887
-26.3903 126.902
-26.3599 126.934
-26.3283 126.958
-26.297 126.984
-26.2669 127.018
-26.2386 127.063
-26.2063 127.083
-26.1785 127.132
-26.1472 127.158
-26.1158 127.185
-26.0825 127.2
-26.0559 127.256
-26.0251 127.286
-25.9906 127.293
-25.9625 127.34
-25.9368 127.402
-25.9068 127.438
-25.8717 127.442
-25.8438 127.491
-25.8132 127.523
-25.7825 127.555
-25.7516 127.585
-25.7203 127.613
-25.6635 127.706
-25.6298 127.719
-25.6011 127.764
-25.574 127.819
-25.5403 127.832
-25.4294 128.039
-25.3988 128.073
-25.3745 128.147
-25.3413 128.164
-25.3105 128.196
-25.2834 128.253
-25.2602 128.335
-25.2308 128.377
-25.1996 128.408
-25.1724 128.465
-25.1424 128.503
-25.1149 128.558
-25.0428 128.791
-25.0097 128.811
-24.9821 128.866
-24.9552 128.925
-24.9073 129.085
-24.8802 129.144
-24.839 132.266
