0.442718 142.588
0.482823 142.525
0.722928 142.167
0.763026 142.153
0.803018 142.114
0.843022 142.082
0.883103 142.071
1.04228 141.819
1.082 141.755
1.12202 141.748
1.16205 141.743
1.20191 141.711
1.24174 141.677
1.28158 141.648
1.32135 141.609
1.36129 141.598
1.40089 141.538
1.44062 141.502
1.48036 141.468
1.52028 141.459
1.55979 141.4
1.59966 141.386
1.63953 141.375
1.67898 141.315
1.71857 141.275
1.75834 141.254
1.7982 141.245
1.83783 141.213
1.87757 141.193
1.91699 141.143
1.95675 141.127
1.99633 141.096
2.03595 141.068
2.07578 141.062
2.11558 141.053
2.15486 140.998
2.19459 140.985
2.23404 140.949
2.27359 140.922
2.31341 140.917
2.35314 140.906
2.39266 140.879
2.43216 140.852
2.47196 140.847
2.5117 140.838
2.55124 140.816
2.59084 140.798
2.62997 140.748
2.66978 140.746
2.70961 140.746
2.74921 140.73
2.78856 140.699
2.82797 140.672
2.86757 140.658
2.90706 140.638
2.94687 140.638
2.98661 140.633
3.02623 140.622
3.06585 140.611
3.10523 140.586
3.1448 140.573
3.18436 140.559
3.22391 140.546
3.26362 140.542
3.30328 140.535
3.34253 140.506
3.38219 140.499
3.42196 140.499
3.46157 140.49
3.50108 140.477
3.54042 140.454
3.57974 140.432
3.61941 140.427
3.65926 140.432
3.69903 140.432
3.73869 140.428
3.77817 140.414
3.81732 140.385
3.85678 140.371
3.89643 140.367
3.93574 140.347
3.97508 140.329
4.01457 140.318
4.05415 140.311
4.09297 140.27
4.13259 140.266
4.17247 140.273
4.21224 140.275
4.25202 140.278
4.29259 140.314
4.33399 140.384
4.37433 140.409
4.41403 140.406
4.45317 140.382
4.49247 140.364
4.53165 140.341
4.57116 140.332
4.61072 140.326
4.65069 140.335
4.69048 140.337
4.7305 140.348
4.77083 140.371
4.81045 140.367
4.84977 140.351
4.88963 140.355
4.92955 140.362
4.96941 140.367
5.00921 140.369
5.04952 140.39
5.0897 140.405
5.12945 140.406
5.16926 140.408
5.20913 140.412
5.24895 140.415
5.28856 140.41
5.32818 140.406
5.36852 140.426
5.40854 140.435
5.44849 140.442
5.48797 140.433
5.52779 140.436
5.56844 140.465
5.6089 140.488
5.64859 140.485
5.68835 140.485
5.72782 140.476
5.76758 140.477
5.80857 140.515
5.84855 140.522
5.88839 140.524
5.92815 140.524
5.96807 140.529
6.00799 140.533
6.04798 140.54
6.08942 140.59
6.12958 140.601
6.16975 140.613
6.21077 140.649
6.25096 140.66
6.29106 140.669
6.33102 140.674
6.37081 140.674
6.41149 140.699
6.45153 140.706
6.49174 140.717
6.53261 140.747
6.5734 140.774
6.61338 140.778
6.65437 140.81
6.69452 140.819
6.73511 140.84
6.77502 140.842
6.81519 140.851
6.85631 140.885
6.89718 140.912
6.93729 140.919
6.97748 140.928
7.01847 140.958
7.05947 140.987
7.10084 141.026
7.14134 141.042
7.18346 141.099
7.22352 141.103
7.26359 141.108
7.30475 141.14
7.34501 141.149
7.3874 141.21
7.42787 141.224
7.46909 141.256
7.51013 141.283
7.55024 141.288
7.59159 141.322
7.63209 141.336
7.67434 141.39
7.83903 141.505
8.172 141.8
8.72397 142.462
8.80797 142.538
8.8514 142.605
8.89385 142.651
8.93734 142.718
8.97972 142.762
9.38074 143.524
9.47671 143.819
