-24.8698 83.9006
-24.8434 83.8995
-0.404292 135.471
0.166141 134.199
0.203928 134.168
0.241727 134.156
0.317085 134.004
0.467529 133.75
0.505276 133.758
0.542918 133.731
0.992557 133.209
1.02998 133.178
1.06739 133.147
1.10476 133.112
1.14229 133.104
1.17969 133.078
1.21703 133.045
1.25436 133.012
1.29169 132.981
1.32898 132.947
1.36622 132.908
1.40353 132.879
1.44094 132.865
1.47812 132.824
1.51555 132.814
1.55298 132.804
1.5901 132.761
1.62745 132.745
1.66454 132.702
1.70194 132.691
1.73928 132.677
1.77629 132.63
1.81364 132.618
1.85098 132.606
1.88801 132.565
1.92534 132.553
1.96261 132.537
1.99991 132.522
2.03715 132.504
2.07411 132.463
2.11117 132.433
2.14815 132.396
2.18548 132.388
2.22275 132.376
2.25993 132.358
2.29724 132.35
2.33433 132.325
2.37152 132.309
2.40867 132.291
2.44582 132.273
2.48322 132.273
2.5205 132.264
2.55772 132.252
2.59493 132.24
2.63202 132.22
2.66912 132.202
2.70635 132.191
2.74357 132.181
2.78049 132.153
2.81767 132.141
2.85484 132.129
2.89214 132.125
2.92948 132.123
2.96674 132.117
3.00408 132.115
3.04123 132.102
3.07845 132.094
3.11552 132.078
3.15265 132.066
3.18986 132.058
3.22706 132.05
3.26426 132.042
3.30138 132.03
3.33861 132.023
3.37604 132.028
3.41351 132.034
3.45086 132.034
3.48817 132.032
3.52522 132.017
3.56198 131.989
3.59898 131.973
3.63627 131.971
3.67343 131.963
3.71023 131.939
3.74712 131.918
3.78449 131.92
3.82195 131.926
3.85909 131.918
3.89628 131.912
3.93355 131.91
3.97097 131.914
4.00829 131.914
4.04571 131.918
4.08313 131.922
4.12031 131.916
4.15837 131.947
4.19615 131.965
4.23318 131.953
4.27006 131.934
4.30682 131.912
4.3444 131.922
4.38141 131.91
4.41878 131.912
4.45605 131.91
4.49315 131.902
4.53031 131.896
4.56757 131.894
4.60483 131.892
4.64198 131.886
4.67929 131.886
4.71677 131.892
4.75409 131.892
4.79146 131.894
4.829 131.902
4.86655 131.91
4.90404 131.916
4.94154 131.922
4.97909 131.93
5.01641 131.93
5.05367 131.928
5.09099 131.928
5.1285 131.934
5.16606 131.942
5.20357 131.948
5.24102 131.953
5.2791 131.977
5.31674 131.987
5.3542 131.991
5.39153 131.991
5.42899 131.995
5.46665 132.005
5.50431 132.015
5.54211 132.029
5.57978 132.039
5.61779 132.06
5.65553 132.072
5.69308 132.078
5.73036 132.076
5.76778 132.078
5.80568 132.094
5.84365 132.112
5.88143 132.124
5.91878 132.124
5.95621 132.126
5.99392 132.137
6.03192 132.155
6.06965 132.165
6.10796 132.191
6.14569 132.201
6.18328 132.207
6.22176 132.238
6.25974 132.254
6.29749 132.264
6.33518 132.272
6.37325 132.291
6.41086 132.297
6.44933 132.325
6.48749 132.345
6.52544 132.36
6.5637 132.382
6.60173 132.398
6.6397 132.412
6.67791 132.433
6.71596 132.449
6.75386 132.461
6.79234 132.488
6.83099 132.518
6.86957 132.547
6.9075 132.559
6.94561 132.575
6.98338 132.583
7.02184 132.608
7.06089 132.646
7.09903 132.663
7.13751 132.687
7.17609 132.714
7.21486 132.744
7.25399 132.783
7.29243 132.805
7.33036 132.816
7.36856 132.832
7.40828 132.883
7.44721 132.916
7.48535 132.93
7.52386 132.953
7.56346 133
7.60181 133.018
7.64182 133.073
7.68094 133.108
7.71997 133.141
7.75902 133.174
7.79696 133.182
7.83575 133.208
7.87626 133.272
7.95478 133.344
7.99402 133.379
8.03336 133.416
8.0738 133.476
8.11407 133.531
8.15347 133.568
8.1927 133.601
8.23224 133.64
8.2729 133.702
8.31339 133.76
8.35168 133.772
8.43449 133.923
8.47437 133.967
8.51509 134.027
8.55366 134.043
8.59568 134.128
8.67982 134.299
8.71932 134.332
9.28668 135.742
9.32584 135.761
