-4.58043 139.012
-4.53959 138.947
-4.49957 138.912
-4.45867 138.841
-4.37598 138.662
-4.33529 138.596
-4.29523 138.555
-4.25454 138.487
-4.21389 138.42
-4.17394 138.38
-4.13401 138.341
-4.09349 138.276
-4.05294 138.208
-4.01253 138.145
-3.97268 138.106
-3.93281 138.065
-3.89256 138.006
-3.85326 137.989
-3.81306 137.931
-3.77279 137.868
-3.73343 137.846
-3.69339 137.792
-3.65328 137.734
-3.6141 137.719
-3.57462 137.688
-3.5351 137.656
-3.49547 137.617
-3.45542 137.557
-3.41642 137.548
-3.3765 137.492
-3.29747 137.419
-3.25802 137.384
-3.21851 137.346
-3.17901 137.307
-3.13972 137.279
-3.10076 137.268
-3.06153 137.243
-3.02216 137.208
-2.9831 137.191
-2.94354 137.144
-2.90451 137.127
-2.86537 137.103
-2.82625 137.08
-2.78723 137.063
-2.74775 137.016
-2.70889 137.007
-2.66971 136.977
-2.63077 136.962
-2.59157 136.93
-2.55248 136.904
-2.51341 136.879
-2.47456 136.868
-2.43565 136.853
-2.39642 136.815
-2.35759 136.804
-2.31877 136.794
-2.27969 136.764
-2.2406 136.732
-2.20182 136.723
-2.16307 136.717
-2.12435 136.713
-2.08519 136.672
-2.04633 136.655
-2.00742 136.634
-1.96862 136.621
-1.92969 136.596
-1.89083 136.576
-1.85203 136.562
-1.81337 136.56
-1.77468 136.555
-1.73596 136.547
-1.69711 136.526
-1.65829 136.507
-1.61958 136.498
-1.58085 136.488
-1.54209 136.473
-1.50324 136.447
-1.46453 136.437
-1.42586 136.431
-1.38721 136.426
-1.34852 136.418
-1.30981 136.405
-1.27105 136.386
-1.23233 136.371
-1.19369 136.367
-1.15507 136.365
-1.11641 136.357
-1.07775 136.348
-1.03911 136.344
-1.00046 136.336
-0.961722 136.313
-0.923088 136.306
-0.884456 136.3
-0.845847 136.298
-0.807208 136.29
-0.768581 136.283
-0.730003 136.288
-0.691405 136.288
-0.65274 136.271
-0.614106 136.26
-0.575519 136.263
-0.536924 136.263
-0.498309 136.257
-0.459726 136.261
-0.421146 136.267
-0.382542 136.265
-0.34393 136.259
-0.30532 136.253
-0.266712 136.247
-0.228116 136.247
-0.189529 136.255
-0.150932 136.258
-0.112328 136.254
-0.0737265 136.252
-0.0351241 136.245
0.00347611 136.239
0.0420733 136.226
0.0806675 136.22
0.119267 136.227
0.157879 136.246
0.196488 136.253
0.235066 136.231
0.273633 136.208
0.312189 136.185
0.35078 136.185
0.389376 136.187
0.428038 136.217
0.466681 136.234
0.505285 136.234
0.543883 136.232
0.582516 136.241
0.621137 136.245
0.659832 136.269
0.698487 136.28
0.73714 136.289
0.775787 136.295
0.814427 136.299
0.853101 136.31
0.891727 136.31
0.930364 136.313
0.969073 136.328
1.00778 136.341
1.04645 136.347
1.08508 136.347
1.12379 136.358
1.1625 136.369
1.20123 136.382
1.23996 136.395
1.27861 136.395
1.31731 136.402
1.35614 136.425
1.39486 136.434
1.43357 136.441
1.47229 136.447
1.51113 136.469
1.54992 136.482
1.58864 136.488
1.62744 136.501
1.66623 136.514
1.70502 136.525
1.74374 136.529
1.78253 136.54
1.82153 136.57
1.86047 136.594
1.89926 136.603
1.93803 136.609
1.97681 136.616
2.01598 136.657
2.05484 136.67
2.09374 136.685
2.13296 136.726
2.17179 136.734
2.21061 136.741
2.24945 136.75
2.28855 136.778
2.32766 136.806
2.3665 136.812
2.40558 136.836
2.4446 136.856
2.48382 136.888
2.52296 136.914
2.56214 136.942
2.60112 136.955
2.64026 136.979
2.67947 137.007
2.71847 137.02
2.75775 137.05
2.79676 137.063
2.83641 137.115
2.87547 137.13
2.91473 137.157
2.95367 137.163
2.99335 137.213
3.03253 137.232
3.07191 137.263
3.11092 137.272
3.15087 137.332
3.19037 137.367
3.22993 137.404
3.26942 137.436
3.30889 137.467
3.34796 137.476
3.38808 137.539
3.42763 137.571
3.46686 137.587
3.50687 137.641
3.58627 137.715
3.62554 137.73
3.66573 137.789
3.7059 137.846
3.86555 138.014
3.90487 138.027
3.94532 138.09
3.98575 138.152
4.02571 138.191
4.06579 138.235
4.1063 138.296
4.14627 138.333
4.18771 138.432
4.22794 138.478
4.26803 138.518
4.30889 138.588
4.35037 138.683
4.39152 138.762
4.43177 138.804
4.47204 138.846
4.51306 138.916
4.55564 139.046
4.59691 139.124
4.63793 139.19
4.67898 139.256
