-24.87 83.9017
-24.8437 83.9005
7.77517 147.844
7.8159 147.841
8.25514 146.708
8.29388 146.667
8.62829 146.014
8.66433 145.922
8.70237 145.872
8.74117 145.838
8.77984 145.803
8.8552 145.692
8.9688 145.54
9.00841 145.526
9.04544 145.46
9.19887 145.306
9.31265 145.17
9.35227 145.158
9.38885 145.087
9.42857 145.078
9.46816 145.066
9.62037 144.904
9.6599 144.892
9.69806 144.854
9.73632 144.819
9.77457 144.784
9.8128 144.749
9.85228 144.737
9.89036 144.699
9.92868 144.667
9.96685 144.631
10.0058 144.61
10.0433 144.564
10.0844 144.582
10.1229 144.554
10.1606 144.512
10.1987 144.477
10.238 144.463
10.2765 144.435
10.315 144.409
10.3544 144.397
10.3939 144.388
10.4311 144.339
10.4705 144.327
10.5087 144.297
10.5471 144.269
10.5868 144.264
10.6259 144.248
10.6623 144.187
10.7017 144.178
10.7415 144.173
10.7812 144.168
10.8202 144.152
10.8593 144.138
10.8976 144.11
10.9373 144.105
10.9758 144.082
11.0149 144.068
11.054 144.054
11.0928 144.035
11.1326 144.032
11.1726 144.032
11.2118 144.021
11.2499 143.99
11.2889 143.976
11.3283 143.967
11.3663 143.937
11.4056 143.927
11.4447 143.913
11.4838 143.902
11.5232 143.892
11.5629 143.89
11.6019 143.876
11.6408 143.859
11.6811 143.866
11.7222 143.885
11.762 143.882
11.7989 143.836
11.8371 143.81
11.8768 143.808
11.917 143.812
11.9567 143.81
11.9958 143.798
12.0353 143.791
12.075 143.789
12.1152 143.793
12.1552 143.796
12.1944 143.786
12.2312 143.74
12.2701 143.726
12.313 143.77
12.3528 143.769
12.3965 143.825
12.4423 143.91
12.4875 143.987
12.5044 143.656
12.5512 143.755
12.7222 145.634
12.6309 143.755
12.669 143.729
12.7092 143.734
12.7492 143.736
12.7892 143.738
12.8292 143.74
12.8689 143.738
12.9081 143.728
12.9475 143.721
12.9868 143.714
13.026 143.705
13.0658 143.705
13.1063 143.714
13.147 143.725
13.1874 143.732
13.2277 143.739
13.2678 143.741
13.3074 143.739
13.3471 143.736
13.3878 143.748
13.428 143.752
13.4679 143.752
13.5079 143.754
13.5481 143.759
13.5883 143.763
13.6288 143.772
13.6699 143.789
13.7099 143.791
13.7496 143.788
13.7896 143.79
13.8314 143.816
13.8718 143.823
13.912 143.827
13.9524 143.834
13.993 143.843
14.0339 143.857
14.0741 143.861
14.1135 143.854
14.153 143.849
14.1934 143.856
14.2361 143.893
14.2769 143.905
14.317 143.907
14.357 143.909
14.3974 143.916
14.4418 143.971
14.4824 143.98
14.5228 143.987
14.5649 144.015
14.6054 144.022
14.647 144.042
14.6878 144.054
14.7283 144.061
14.7685 144.065
14.8101 144.086
14.851 144.097
14.8932 144.125
14.9356 144.155
14.9772 144.176
15.0196 144.206
15.0615 144.229
15.102 144.236
15.1423 144.24
15.183 144.25
15.2255 144.28
15.268 144.31
15.3109 144.344
15.3518 144.356
15.3949 144.393
15.437 144.419
15.4774 144.423
15.5182 144.432
15.5611 144.467
15.6061 144.525
15.6477 144.544
15.6889 144.557
15.7323 144.597
15.7735 144.611
15.819 144.674
15.8601 144.685
15.9025 144.713
15.9442 144.732
15.9906 144.804
16.0337 144.839
16.0763 144.867
16.1188 144.895
16.1603 144.911
16.2041 144.953
16.2494 145.011
16.2927 145.046
16.3351 145.072
16.3807 145.133
16.4242 145.17
16.4679 145.21
16.514 145.276
16.5565 145.301
16.6017 145.358
16.6458 145.4
16.6896 145.44
16.733 145.475
16.7795 145.543
16.826 145.611
16.871 145.663
16.9184 145.741
16.9685 145.847
17.018 145.946
17.061 145.974
17.105 146.014
17.1522 146.088
17.2014 146.182
17.246 146.227
17.2937 146.305
17.3442 146.412
17.7149 147.327
