-11.9723 151.36
-11.9278 151.322
-11.8853 151.315
-11.0188 150.16
-10.9765 150.153
-10.9308 150.086
-10.3607 149.601
-10.2733 149.527
-10.2293 149.485
-10.187 149.473
-10.1451 149.469
-10.1034 149.469
-10.0602 149.44
-10.0148 149.37
-9.97122 149.333
-9.92934 149.329
-9.8868 149.312
-9.84335 149.277
-9.80135 149.27
-9.75844 149.246
-9.71516 149.214
-9.67304 149.204
-9.6294 149.165
-9.58705 149.15
-9.54268 149.096
-9.50072 149.089
-9.45877 149.082
-9.41507 149.04
-9.37226 149.016
-9.33069 149.016
-9.28863 149.007
-9.24646 148.995
-9.20331 148.963
-9.16115 148.951
-9.11899 148.939
-9.07803 148.951
-9.03659 148.954
-8.99265 148.905
-8.9504 148.891
-8.90838 148.881
-8.8673 148.891
-8.82482 148.872
-8.78141 148.833
-8.73861 148.806
-8.69627 148.789
-8.65462 148.787
-8.61184 148.76
-8.56952 148.743
-8.52845 148.753
-8.48783 148.773
-8.44719 148.793
-8.40387 148.754
-8.3619 148.745
-8.32082 148.755
-8.2794 148.757
-8.23765 148.753
-8.19514 148.731
-8.15178 148.689
-8.11026 148.69
-8.06875 148.69
-8.02691 148.683
-7.98539 148.683
-7.94408 148.688
-7.90256 148.689
-7.86093 148.687
-7.8193 148.684
-7.77747 148.677
-7.73564 148.67
-7.69381 148.663
-7.65118 148.636
-7.60946 148.632
-7.56784 148.63
-7.52583 148.618
-7.48412 148.613
-7.44191 148.596
-7.40001 148.586
-7.35743 148.56
-7.31554 148.55
-7.27413 148.553
-7.21847 148.189
-7.19083 148.546
-7.1498 148.559
-7.10717 148.529
-7.06529 148.52
-7.02649 148.591
-6.98552 148.607
-6.94502 148.634
-6.90431 148.656
-6.8636 148.679
-6.82242 148.689
-6.78061 148.682
-6.73898 148.68
-6.69814 148.7
-6.65775 148.732
-6.61681 148.75
-6.57542 148.755
-6.53421 148.765
-6.49282 148.77
-6.45133 148.773
-6.40985 148.776
-6.36829 148.776
-6.32697 148.784
-6.28615 148.806
-6.24482 148.814
-6.20374 148.829
-6.16256 148.842
-6.12041 148.825
-6.07874 148.823
-6.03844 148.862
-5.99741 148.88
-5.95621 148.893
-5.91493 148.903
-5.87387 148.92
-5.83335 148.955
-5.7922 148.97
-5.75127 148.993
-5.70987 149.001
-5.66839 149.006
-5.62684 149.009
-5.5861 149.039
-5.54491 149.054
-5.50327 149.054
-5.46214 149.072
-5.42158 149.109
-5.38107 149.149
-5.33962 149.157
-5.29824 149.167
-5.25819 149.224
-5.21693 149.239
-5.17538 149.245
-5.13301 149.22
-5.09187 149.24
-5.0512 149.278
-5.01031 149.308
-4.9698 149.353
-4.92842 149.365
-4.8873 149.388
-4.84518 149.373
-4.80417 149.401
-4.76335 149.436
-4.72326 149.501
-4.68177 149.511
-4.64102 149.551
-4.59957 149.564
-4.55934 149.627
-4.51786 149.639
-4.47711 149.682
-4.4355 149.69
-4.39501 149.745
-4.35333 149.75
-4.31193 149.768
-4.27104 149.808
-4.23008 149.846
-4.1891 149.883
-4.14761 149.899
-4.10732 149.969
-4.06679 150.029
-4.02514 150.039
-3.90159 150.138
-3.86122 150.211
-3.82092 150.289
-3.7792 150.299
-3.7386 150.365
-3.69741 150.403
-3.6563 150.445
-3.28738 150.937
-3.24607 150.98
-3.20469 151.021
