6.86724 131.181
6.90154 131.102
6.93522 131.01
6.96853 130.91
7.00281 130.833
7.03646 130.743
7.06982 130.647
7.10221 130.529
7.13788 130.49
7.17275 130.432
7.20717 130.364
7.24096 130.282
7.27732 130.26
7.31201 130.201
7.34535 130.111
7.37981 130.048
7.41415 129.982
7.44953 129.941
7.48462 129.893
7.52032 129.86
7.55483 129.8
7.58878 129.729
7.62387 129.684
7.65904 129.64
7.69474 129.609
7.72996 129.567
7.76434 129.508
7.79915 129.459
7.83497 129.432
7.86956 129.378
7.9044 129.331
7.94036 129.308
7.97384 129.233
8.00882 129.19
8.04464 129.164
8.08102 129.151
8.11682 129.125
8.15164 129.08
8.18751 129.057
8.22229 129.012
8.25735 128.972
8.29179 128.921
8.3279 128.904
8.36361 128.879
8.3992 128.851
8.43458 128.82
8.47005 128.791
8.50581 128.767
8.54176 128.748
8.57617 128.699
8.61241 128.685
8.64792 128.658
8.6831 128.625
8.71869 128.6
8.75416 128.572
8.79045 128.561
8.82591 128.534
8.86113 128.502
8.89635 128.471
8.93261 128.46
8.96844 128.44
9.00351 128.407
9.03889 128.38
9.07458 128.359
9.11092 128.349
9.14637 128.324
9.18237 128.308
9.21736 128.275
9.25301 128.254
9.28875 128.235
9.32493 128.223
9.36088 128.208
9.39627 128.182
9.4321 128.165
9.46802 128.149
9.50338 128.124
9.53974 128.117
9.57611 128.109
9.61178 128.09
9.64733 128.068
9.68321 128.053
9.71921 128.039
9.75519 128.026
9.79094 128.008
9.82622 127.983
9.8623 127.972
9.89861 127.964
9.93421 127.945
9.97004 127.929
10.0061 127.918
10.0424 127.91
10.078 127.891
10.1135 127.871
10.1499 127.866
10.1866 127.864
10.2232 127.862
10.2591 127.848
10.2946 127.829
10.331 127.823
10.3673 127.816
10.403 127.8
10.4395 127.797
10.4761 127.795
10.5117 127.777
10.5476 127.764
10.5832 127.747
10.6187 127.727
10.6554 127.727
10.6918 127.724
10.7283 127.72
10.765 127.72
10.8015 127.716
10.8376 127.706
10.874 127.703
10.9104 127.697
10.9462 127.683
10.9821 127.672
11.0185 127.668
11.0552 127.668
11.0921 127.67
11.1284 127.664
11.1644 127.655
11.2009 127.651
11.2374 127.649
11.274 127.647
11.3111 127.653
11.3487 127.666
11.3845 127.653
11.4189 127.62
11.456 127.626
11.4935 127.638
11.5303 127.64
11.5669 127.638
11.6035 127.636
11.6397 127.63
11.676 127.624
11.7127 127.624
11.75 127.632
11.7866 127.632
11.8235 127.634
11.8606 127.64
11.8974 127.642
11.9344 127.646
11.9714 127.65
12.0081 127.65
12.0449 127.652
12.0825 127.663
12.1192 127.664
12.155 127.652
12.1915 127.65
12.2291 127.662
12.2665 127.671
12.3043 127.685
12.3414 127.691
12.3785 127.697
12.4157 127.702
12.4528 127.708
12.4895 127.708
12.5268 127.716
12.5652 127.737
12.602 127.739
12.6383 127.734
12.6748 127.732
12.7119 127.736
12.749 127.741
12.7863 127.749
12.8243 127.765
12.8625 127.784
12.9003 127.798
12.9375 127.803
12.9746 127.809
13.0123 127.821
13.0493 127.825
13.0867 127.833
13.1251 127.854
13.1634 127.873
13.2003 127.875
13.2373 127.879
13.2742 127.881
13.3114 127.887
13.3491 127.899
13.3875 127.918
13.4258 127.937
13.4635 127.949
13.5011 127.959
13.5397 127.982
13.5786 128.007
13.6155 128.009
13.6531 128.019
13.6903 128.025
13.7291 128.048
13.7681 128.075
13.806 128.089
13.8449 128.114
13.8835 128.135
13.921 128.143
13.9596 128.165
13.9981 128.184
14.0382 128.223
14.0762 128.236
14.1147 128.256
14.1521 128.264
14.1915 128.293
14.2308 128.322
14.2705 128.355
14.3104 128.39
14.3498 128.42
14.3869 128.421
14.4259 128.447
14.4642 128.462
14.5014 128.466
14.5401 128.488
14.5817 128.54
14.6199 128.556
14.6612 128.605
14.6989 128.615
14.7411 128.673
14.779 128.685
14.8202 128.732
14.8596 128.759
14.8993 128.791
14.9371 128.8
14.9773 128.836
15.0194 128.893
15.061 128.943
15.1005 128.971
15.138 128.977
15.1757 128.985
15.2183 129.046
15.2613 129.11
15.301 129.14
15.3812 129.207
15.4232 129.26
15.4656 129.317
15.508 129.374
15.5465 129.39
15.5894 129.451
15.6315 129.504
15.895 129.931
15.9341 129.951
15.9724 129.963
16.0132 130.001
16.1525 130.285
