-23.7686 134.087
-23.7294 134.073
-23.677 133.965
-23.6168 133.8
-23.5696 133.729
-23.5268 133.688
-23.3572 133.269
-23.3164 133.243
-23.2777 133.231
-23.031 132.784
-22.9899 132.754
-22.4686 132.179
-22.4272 132.145
-22.3383 132.031
-22.2999 132.02
-22.2554 131.962
-22.2143 131.93
-22.1706 131.878
-22.1294 131.845
-22.0463 131.773
-22.0085 131.765
-21.9678 131.736
-21.93 131.728
-21.8864 131.676
-21.8481 131.664
-21.8056 131.621
-21.767 131.607
-21.7233 131.554
-21.6824 131.522
-21.6418 131.492
-21.6007 131.459
-21.5625 131.447
-21.5219 131.417
-21.4842 131.41
-21.4459 131.398
-21.409 131.396
-21.3707 131.384
-21.3274 131.333
-21.2867 131.301
-21.249 131.293
-21.2095 131.272
-21.1716 131.262
-21.1336 131.252
-21.0917 131.211
-21.051 131.179
-21.0128 131.167
-20.9756 131.163
-20.9365 131.144
-20.8991 131.138
-20.8611 131.128
-20.8218 131.106
-20.7844 131.1
-20.7462 131.089
-20.7054 131.055
-20.667 131.042
-20.6298 131.038
-20.5929 131.036
-20.5539 131.016
-20.5157 131.004
-20.4784 130.998
-20.4407 130.991
-20.4029 130.981
-20.3641 130.963
-20.3231 130.928
-20.2857 130.922
-20.2484 130.916
-20.211 130.91
-20.1736 130.904
-20.1349 130.887
-20.0973 130.879
-20.0606 130.879
-20.0238 130.877
-19.9867 130.873
-19.9503 130.875
-19.9124 130.865
-19.8727 130.84
-19.8354 130.834
-19.7978 130.826
-19.7598 130.814
-19.7227 130.81
-19.6859 130.808
-19.6485 130.803
-19.6119 130.803
-19.5753 130.803
-19.5386 130.803
-19.5018 130.801
-19.4649 130.799
-19.4271 130.789
-19.3898 130.783
-19.3527 130.779
-19.3166 130.783
-19.2799 130.783
-19.2429 130.779
-19.2062 130.779
-19.1694 130.777
-19.1332 130.781
-19.0963 130.78
-19.0586 130.77
-19.0217 130.768
-18.9849 130.766
-18.9487 130.77
-18.9132 130.78
-18.877 130.784
-18.8403 130.784
-18.8037 130.784
-18.7673 130.786
-18.7302 130.782
-18.6938 130.784
-18.6589 130.799
-18.6234 130.809
-18.586 130.803
-18.5487 130.798
-18.5101 130.78
-18.4752 130.796
-18.4388 130.798
-18.4023 130.8
-18.3659 130.802
-18.3308 130.815
-18.2948 130.821
-18.2594 130.833
-18.223 130.835
-18.1857 130.829
-18.1503 130.841
-18.1145 130.849
-18.0789 130.859
-18.0426 130.863
-18.0064 130.867
-17.9693 130.863
-17.9324 130.861
-17.8962 130.865
-17.8605 130.875
-17.826 130.894
-17.7912 130.912
-17.7545 130.912
-17.7182 130.916
-17.6839 130.938
-17.6486 130.952
-17.6128 130.959
-17.5761 130.96
-17.5406 130.971
-17.5041 130.973
-17.4686 130.985
-17.4342 131.007
-17.3983 131.015
-17.3618 131.017
-17.3261 131.027
-17.29 131.033
-17.2541 131.04
-17.2196 131.062
-17.1845 131.078
-17.1503 131.102
-17.1147 131.114
-17.0796 131.129
-17.0439 131.139
-17.0087 131.155
-16.9728 131.163
-16.9376 131.179
-16.9033 131.202
-16.8687 131.224
-16.8338 131.242
-16.798 131.252
-16.7628 131.268
-16.7286 131.293
-16.6928 131.303
-16.6568 131.311
-16.623 131.341
-16.5878 131.357
-16.5527 131.375
-16.5189 131.404
-16.4836 131.42
-16.448 131.432
-16.4133 131.454
-16.3777 131.466
-16.3434 131.492
-16.3088 131.515
-16.2732 131.527
-16.2386 131.551
-16.2041 131.575
-16.1686 131.589
-16.1348 131.621
-16.1028 131.67
-16.0664 131.676
-16.0305 131.686
-15.9969 131.72
-15.9642 131.764
-15.9284 131.776
-15.894 131.802
-15.8599 131.831
-15.8247 131.849
-15.7919 131.893
-15.7561 131.905
-15.7239 131.955
-15.6888 131.975
-15.6546 132.005
-15.6216 132.047
-15.5863 132.065
-15.5519 132.093
-15.5181 132.127
-15.4839 132.157
-15.448 132.169
-15.4155 132.217
-15.3812 132.247
-15.3475 132.283
-15.2799 132.353
-15.2479 132.409
-15.212 132.421
-15.1793 132.469
-15.1459 132.509
-15.112 132.545
-15.0778 132.577
-15.0451 132.626
-15.0114 132.664
-14.9799 132.726
-14.9465 132.768
-14.9142 132.823
-14.8801 132.857
-14.8442 132.871
-14.812 132.928
-14.7802 132.988
-14.7466 133.029
-14.7145 133.087
-14.6519 133.223
-14.6192 133.275
-14.583 133.288
-14.4907 133.513
-14.4569 133.553
-14.4244 133.61
-14.3904 133.649
-14.2724 134.02
-14.2366 134.038
-14.2036 134.091
-14.172 134.161
