-15.0965 132.351
-15.0555 132.311
-15.0144 132.27
-14.627 131.691
-14.5846 131.633
-14.5423 131.574
-14.5016 131.534
-14.4615 131.502
-14.421 131.464
-14.3791 131.41
-14.3369 131.352
-14.2966 131.316
-14.2586 131.306
-14.2185 131.272
-14.1744 131.192
-14.1363 131.18
-14.0966 131.15
-14.0543 131.09
-14.0142 131.054
-13.9748 131.028
-13.9352 130.998
-13.8971 130.986
-13.8555 130.932
-13.8152 130.895
-13.7754 130.863
-13.7359 130.833
-13.6963 130.803
-13.6581 130.789
-13.6171 130.741
-13.5787 130.726
-13.5377 130.678
-13.4996 130.664
-13.4593 130.624
-13.4213 130.612
-13.3815 130.579
-13.3424 130.553
-13.3047 130.545
-13.2667 130.533
-13.228 130.511
-13.1885 130.482
-13.1493 130.454
-13.1115 130.444
-13.0728 130.422
-13.0336 130.395
-12.9944 130.367
-12.9562 130.351
-12.9173 130.327
-12.8783 130.302
-12.8407 130.294
-12.8035 130.29
-12.7646 130.266
-12.7257 130.241
-12.6882 130.235
-12.6505 130.225
-12.6116 130.199
-12.5728 130.175
-12.5349 130.164
-12.4957 130.134
-12.4577 130.12
-12.4197 130.106
-12.3836 130.116
-12.3468 130.119
-12.3074 130.087
-12.2696 130.075
-12.2312 130.055
-12.1928 130.036
-12.1557 130.034
-12.1179 130.022
-12.0806 130.016
-12.0431 130.008
-12.0054 129.999
-11.9679 129.991
-11.929 129.963
-11.8916 129.957
-11.8541 129.949
-11.8166 129.942
-11.7796 129.94
-11.7427 129.94
-11.705 129.93
-11.667 129.914
-11.6295 129.906
-11.5922 129.901
-11.5547 129.893
-11.5175 129.889
-11.4803 129.885
-11.4429 129.877
-11.4055 129.871
-11.3685 129.869
-11.3316 129.87
-11.2943 129.864
-11.2569 129.858
-11.2199 129.856
-11.1831 129.858
-11.1458 129.852
-11.1081 129.84
-11.0709 129.836
-11.0341 129.839
-10.9972 129.839
-10.9604 129.841
-10.9237 129.843
-10.8865 129.839
-10.8494 129.837
-10.8124 129.835
-10.7755 129.835
-10.7385 129.835
-10.7016 129.835
-10.6647 129.835
-10.628 129.839
-10.5915 129.845
-10.5546 129.845
-10.5174 129.841
-10.4798 129.832
-10.4432 129.836
-10.4074 129.854
-10.3709 129.861
-10.3326 129.84
-10.0678 126.242
-10.0266 126.163
-9.99015 126.157
-10.1847 129.836
-10.1479 129.838
-10.1112 129.842
-10.0747 129.85
-10.0379 129.852
-10.0008 129.85
-9.96377 129.848
-9.92719 129.854
-9.89133 129.872
-9.85509 129.884
-9.81897 129.898
-9.78273 129.91
-9.74612 129.916
-9.70928 129.918
-9.6722 129.916
-9.63523 129.916
-9.59839 129.918
-9.56177 129.924
-9.52607 129.946
-9.49013 129.964
-9.45361 129.972
-9.41777 129.992
-9.38146 130.004
-9.34493 130.012
-9.30827 130.018
-9.2724 130.038
-9.23585 130.046
-9.19985 130.063
-9.16328 130.071
-9.12649 130.075
-9.08992 130.083
-9.05411 130.105
-9.01841 130.129
-8.98181 130.137
-8.94533 130.147
-8.90916 130.163
-8.87352 130.189
-8.8368 130.195
-8.80061 130.211
-8.76451 130.229
-8.72873 130.253
-8.69198 130.259
-8.65513 130.263
-8.61858 130.273
-8.58287 130.299
-8.54787 130.338
-8.51317 130.384
-8.47638 130.39
-8.43928 130.39
-8.40218 130.39
-8.36548 130.398
-8.33 130.43
-8.2947 130.466
-8.25879 130.49
-8.22216 130.5
-8.18633 130.526
-8.15058 130.554
-8.11383 130.562
-8.07717 130.572
-8.04198 130.612
-8.00521 130.62
-7.97067 130.674
-7.93417 130.688
-7.89728 130.694
-7.86115 130.716
-7.82501 130.738
-7.78876 130.758
-7.75175 130.762
-7.7154 130.781
-7.67979 130.815
-7.64481 130.863
-7.60814 130.875
-7.5723 130.905
-7.53653 130.937
-7.50203 130.997
-7.46532 131.009
-7.43059 131.065
-7.39368 131.073
-7.35891 131.13
-7.32287 131.158
-7.28611 131.17
-7.25004 131.198
-7.21441 131.236
-7.17937 131.289
-7.14369 131.327
-7.10791 131.363
-7.07186 131.394
-7.03579 131.424
-6.99971 131.454
-6.96369 131.487
-6.92775 131.521
-6.78598 131.711
-6.50198 132.107
-6.46571 132.139
-6.43046 132.198
-6.39517 132.257
-6.3601 132.323
-6.325 132.388
-6.28902 132.431
-6.11423 132.793
-6.07877 132.854
