9.99199 151.395
10.2904 150.674
10.3283 150.598
10.3637 150.477
10.4013 150.397
10.7749 149.593
10.8128 149.526
10.891 149.434
10.9287 149.364
11.0445 149.205
11.0832 149.155
11.1222 149.111
11.159 149.029
11.1967 148.962
11.6663 148.487
11.7072 148.477
11.746 148.435
11.784 148.379
11.8248 148.369
11.8619 148.3
11.9021 148.28
11.9408 148.238
11.9799 148.201
12.0188 148.162
12.0575 148.12
12.0969 148.088
12.1381 148.086
12.1775 148.056
12.2181 148.044
12.2579 148.02
12.2982 148.005
12.3356 147.943
12.3756 147.924
12.4142 147.882
12.4534 147.85
12.4934 147.831
12.5333 147.809
12.5723 147.774
12.6132 147.769
12.6542 147.764
12.6938 147.74
12.7344 147.73
12.7729 147.688
12.8133 147.676
12.8539 147.666
12.894 147.649
12.9317 147.598
12.9725 147.591
13.0132 147.583
13.0536 147.571
13.0918 147.527
13.1315 147.505
13.171 147.48
13.2089 147.434
13.2501 147.434
13.2917 147.439
13.3325 147.434
13.373 147.424
13.4134 147.412
13.4518 147.373
13.491 147.346
13.5313 147.334
13.5737 147.351
13.6156 147.36
13.6557 147.346
13.6955 147.326
13.7357 147.314
13.7753 147.292
13.8141 147.26
13.8542 147.246
13.895 147.241
13.9356 147.233
13.976 147.223
14.0173 147.226
14.059 147.233
14.0996 147.226
14.1393 147.206
14.1786 147.182
14.2175 147.152
14.2534 147.084
14.2869 146.985
14.328 146.985
14.3693 146.987
14.4133 147.026
14.4578 147.069
14.4978 147.055
14.5347 147.001
14.5743 146.982
14.6161 146.992
14.6612 147.042
14.7006 147.02
14.7459 147.074
14.7895 147.105
14.8285 147.078
14.8694 147.076
14.9112 147.085
14.9533 147.097
14.995 147.104
15.0359 147.102
15.0766 147.097
15.1183 147.104
15.1603 147.116
15.2014 147.116
15.2421 147.111
15.2836 147.116
15.3265 147.138
15.3682 147.145
15.4089 147.14
15.4498 147.137
15.4919 147.149
15.5332 147.152
15.5737 147.144
15.6152 147.149
15.6567 147.154
15.6984 147.161
15.7371 147.132
15.7811 147.165
15.8228 147.173
15.8635 147.168
15.9046 147.168
15.9471 147.184
15.989 147.194
16.0301 147.194
16.0719 147.201
16.1138 147.211
16.1564 147.227
16.1977 147.23
16.238 147.22
16.2797 147.227
16.3221 147.242
16.363 147.239
16.4034 147.232
16.4471 147.261
16.4891 147.27
16.5336 147.309
16.5802 147.37
16.6219 147.377
16.6644 147.391
16.7044 147.379
16.7458 147.381
16.7871 147.384
16.8304 147.408
16.8729 147.422
16.9193 147.48
16.9611 147.488
17.003 147.495
17.0468 147.524
17.0884 147.529
17.1298 147.531
17.1711 147.533
17.2154 147.567
17.2602 147.606
17.305 147.645
17.3469 147.652
17.3885 147.657
17.4329 147.691
17.4747 147.698
17.5184 147.725
17.5635 147.766
17.6084 147.805
17.651 147.819
17.6971 147.871
17.739 147.878
17.7839 147.917
17.8259 147.924
17.9156 147.999
17.9585 148.016
18.1373 148.158
18.1828 148.202
18.2272 148.233
18.269 148.238
18.3127 148.263
18.3581 148.304
19.0009 148.94
