-20.1866 140.623
-19.2584 138.997
-19.2186 138.991
-18.8683 138.643
-18.6113 138.429
-18.5712 138.418
-18.5232 138.333
-18.4831 138.322
-18.4407 138.29
-18.3985 138.259
-18.3584 138.249
-18.3131 138.188
-18.2709 138.157
-18.2291 138.129
-18.1897 138.125
-18.1499 138.117
-18.1076 138.084
-18.0189 137.98
-17.9801 137.98
-17.9381 137.95
-17.8974 137.933
-17.8561 137.909
-17.8145 137.883
-17.7755 137.881
-17.7362 137.877
-17.6938 137.842
-17.6538 137.832
-17.6101 137.784
-17.5699 137.771
-17.5305 137.765
-17.4886 137.735
-17.4469 137.707
-17.4076 137.703
-17.3686 137.701
-17.33 137.704
-17.2907 137.7
-17.2467 137.647
-17.2068 137.637
-17.1674 137.631
-17.1257 137.603
-17.0837 137.57
-17.0445 137.566
-17.0051 137.56
-16.9646 137.543
-16.9258 137.543
-16.8865 137.539
-16.8471 137.533
-16.8058 137.507
-16.7659 137.497
-16.7238 137.462
-16.6814 137.426
-16.6408 137.406
-16.6034 137.422
-16.5651 137.427
-16.5248 137.412
-16.4848 137.399
-16.4458 137.397
-16.406 137.386
-16.3668 137.382
-16.3272 137.374
-16.2881 137.37
-16.2485 137.362
-16.2089 137.353
-16.1699 137.351
-16.1307 137.347
-16.0901 137.328
-16.0513 137.328
-16.0128 137.331
-15.974 137.331
-15.9354 137.334
-15.8972 137.341
-15.8574 137.33
-15.8165 137.306
-15.7775 137.305
-15.7385 137.303
-15.6987 137.292
-15.6594 137.286
-15.6202 137.282
-15.5824 137.293
-15.5446 137.304
-15.5062 137.309
-15.4668 137.303
-15.4281 137.303
-15.3896 137.308
-15.3509 137.308
-15.3105 137.291
-15.27 137.272
-15.2322 137.283
-15.1942 137.292
-15.1557 137.296
-15.1171 137.299
-15.0783 137.299
-15.0393 137.297
-14.9983 137.272
-14.9601 137.278
-14.9231 137.3
-14.8841 137.299
-14.8452 137.297
-14.805 137.282
-14.7659 137.278
-14.7276 137.285
-14.6888 137.285
-14.6482 137.263
-14.609 137.259
-14.5715 137.275
-14.5352 137.306
-14.4986 137.332
-14.4607 137.343
-14.4239 137.367
-14.3876 137.398
-14.3494 137.407
-14.3108 137.41
-14.2727 137.419
-14.2352 137.436
-14.1975 137.45
-14.1591 137.457
-14.1208 137.463
-14.0823 137.468
-14.0441 137.477
-14.0058 137.484
-13.9676 137.493
-13.9304 137.513
-13.8934 137.537
-13.8554 137.548
-13.8184 137.572
-13.7804 137.584
-13.7427 137.599
-13.7057 137.624
-13.6687 137.648
-13.6299 137.65
-13.5915 137.657
-13.553 137.662
-13.5146 137.669
-13.4772 137.689
-13.4413 137.728
-13.4029 137.735
-13.3642 137.74
-13.3275 137.768
-13.2899 137.786
-13.2523 137.804
-13.2141 137.815
-13.176 137.826
-13.1384 137.844
-13.101 137.866
-13.0634 137.884
-13.0261 137.906
-12.9892 137.935
-12.9513 137.951
-12.9143 137.977
-12.8763 137.991
-12.8392 138.017
-12.8025 138.048
-12.7659 138.081
-12.7292 138.115
-12.691 138.126
-12.654 138.155
-12.6153 138.159
-12.5783 138.188
-12.5416 138.221
-12.5035 138.235
-12.4665 138.264
-12.4298 138.297
-12.3915 138.308
-12.3547 138.342
-12.3161 138.349
-12.281 138.406
-12.2427 138.417
-12.2074 138.473
-12.1695 138.491
-12.1347 138.553
-12.0962 138.562
-12.0612 138.622
-11.6938 138.987
-11.6563 139.014
-11.6197 139.054
-11.5107 139.189
-10.2652 140.766
-10.2275 140.8
