14.9361 143.044
14.973 143.005
15.0138 143.014
15.1759 142.074
15.2097 142.001
15.2431 141.923
15.2759 141.839
15.3061 141.725
15.3402 141.657
15.3759 141.609
15.4088 141.528
15.4419 141.451
15.4765 141.39
15.5772 141.175
15.6136 141.136
15.6497 141.096
15.6855 141.05
15.7494 140.875
15.7855 140.834
15.822 140.798
15.858 140.758
15.8925 140.699
15.9291 140.666
15.966 140.636
16.0014 140.589
16.0324 140.493
16.0687 140.457
16.1052 140.423
16.1433 140.408
16.18 140.376
16.2161 140.338
16.2501 140.278
16.2853 140.231
16.3212 140.19
16.3578 140.159
16.394 140.123
16.4301 140.088
16.4665 140.054
16.5026 140.019
16.539 139.985
16.5747 139.945
16.6106 139.907
16.6469 139.874
16.6831 139.84
16.7192 139.805
16.7554 139.771
16.7921 139.742
16.8306 139.733
16.8687 139.72
16.904 139.678
16.9413 139.656
16.976 139.607
17.0136 139.589
17.0504 139.562
17.0869 139.533
17.1245 139.516
17.1625 139.502
17.1982 139.465
17.2355 139.445
17.2722 139.418
17.3089 139.392
17.3467 139.376
17.3849 139.365
17.4202 139.325
17.4569 139.299
17.492 139.257
17.531 139.254
17.57 139.252
17.6082 139.241
17.6448 139.214
17.6827 139.201
17.7201 139.183
17.7576 139.166
17.7932 139.13
17.8302 139.108
17.8683 139.097
17.9053 139.075
17.9427 139.058
17.9798 139.038
18.0188 139.035
18.0575 139.031
18.0938 139.002
18.1307 138.98
18.168 138.963
18.2051 138.943
18.2425 138.925
18.2803 138.912
18.3185 138.903
18.3567 138.894
18.3938 138.874
18.4318 138.863
18.4705 138.859
18.5091 138.854
18.5471 138.843
18.5853 138.835
18.6246 138.837
18.6631 138.83
18.698 138.791
18.7345 138.766
18.7718 138.749
18.8097 138.738
18.845 138.702
18.8811 138.674
18.9194 138.667
18.9585 138.667
18.9983 138.674
19.0395 138.694
19.0783 138.691
19.1169 138.687
19.1562 138.689
19.1922 138.66
19.2294 138.643
19.2567 138.535
19.2916 138.498
19.3367 138.553
19.3887 138.671
19.4292 138.684
19.4666 138.669
19.5025 138.64
19.5421 138.645
19.5826 138.658
19.6226 138.667
19.6609 138.66
19.7002 138.662
19.739 138.66
19.7754 138.636
19.813 138.623
19.8522 138.625
19.892 138.631
19.9318 138.638
19.9721 138.649
20.0112 138.649
20.0492 138.64
20.088 138.638
20.1278 138.644
20.1671 138.646
20.2064 138.648
20.2457 138.651
20.2855 138.657
20.3248 138.659
20.363 138.653
20.4011 138.644
20.4409 138.65
20.4822 138.67
20.523 138.685
20.5626 138.69
20.6008 138.683
20.6404 138.688
20.6797 138.69
20.7185 138.687
20.7591 138.701
20.7989 138.707
20.8397 138.722
20.8793 138.727
20.9194 138.735
20.9587 138.738
20.9983 138.742
21.037 138.74
21.0766 138.744
21.1167 138.753
21.1565 138.759
21.1985 138.783
21.2389 138.794
21.2779 138.794
21.3188 138.81
21.3613 138.838
21.4025 138.856
21.4426 138.864
21.4847 138.889
21.5264 138.911
21.5657 138.913
21.6059 138.921
21.6482 138.948
21.6875 138.95
21.7277 138.959
21.7695 138.981
21.8102 138.994
21.8523 139.018
21.893 139.031
21.9359 139.062
21.9775 139.082
22.0152 139.071
22.0593 139.11
22.1 139.123
22.1408 139.137
22.1824 139.156
22.2226 139.165
22.2645 139.187
22.3047 139.196
22.3458 139.211
22.3888 139.242
22.4352 139.299
22.4761 139.313
22.5166 139.324
22.5625 139.377
22.6031 139.388
22.6485 139.436
22.6893 139.449
22.7322 139.478
22.7733 139.494
22.8182 139.538
22.8585 139.547
22.9015 139.575
22.9435 139.597
22.9882 139.64
23.0317 139.673
23.0778 139.726
23.1188 139.739
23.1621 139.77
23.2033 139.786
23.2489 139.835
23.2972 139.903
23.3385 139.919
23.386 139.981
23.427 139.994
23.4751 140.061
23.5221 140.119
23.5628 140.13
23.6113 140.199
23.6601 140.271
23.7048 140.311
23.7486 140.344
23.7957 140.402
