-11.8418 125.527
-11.8053 125.516
-11.7221 125.354
-11.682 125.292
-11.6433 125.249
-11.6041 125.2
-11.5665 125.17
-11.251 124.733
-11.2151 124.725
-11.1763 124.678
-11.1388 124.649
-11.1012 124.618
-11.0617 124.559
-11.0209 124.483
-10.9836 124.455
-10.9493 124.47
-10.7994 124.348
-10.7604 124.295
-10.723 124.264
-10.6844 124.217
-10.6483 124.206
-10.6113 124.181
-10.5743 124.155
-10.5372 124.13
-10.4995 124.094
-10.462 124.061
-10.4248 124.032
-10.388 124.009
-10.351 123.983
-10.3138 123.954
-10.2778 123.943
-10.2396 123.898
-10.2038 123.889
-10.1681 123.884
-10.1315 123.862
-10.0932 123.815
-10.0573 123.804
-10.0213 123.793
-9.98332 123.75
-9.94763 123.743
-9.91091 123.719
-9.87511 123.71
-9.8383 123.685
-9.80161 123.661
-9.76595 123.654
-9.73028 123.647
-9.69396 123.629
-9.6573 123.605
-9.6201 123.573
-9.58302 123.542
-9.54662 123.522
-9.51133 123.521
-9.47581 123.515
-9.43987 123.502
-9.40349 123.483
-9.36756 123.47
-9.33152 123.456
-9.29463 123.427
-9.25893 123.418
-9.22324 123.409
-9.18786 123.405
-9.15207 123.394
-9.11627 123.383
-9.07933 123.353
-9.04387 123.347
-9.0082 123.338
-8.97284 123.335
-8.93728 123.328
-8.90172 123.32
-8.86658 123.32
-8.83102 123.313
-8.79446 123.288
-8.75881 123.279
-8.72317 123.27
-8.68713 123.254
-8.6516 123.247
-8.61567 123.232
-8.57955 123.214
-8.54413 123.209
-8.5092 123.212
-8.47428 123.216
-8.43847 123.203
-8.40276 123.192
-8.36754 123.191
-8.33213 123.185
-8.29692 123.183
-8.26199 123.187
-8.22668 123.183
-8.19032 123.16
-8.15445 123.146
-8.11943 123.147
-8.0846 123.153
-8.04921 123.147
-8.01381 123.142
-7.97861 123.14
-7.94359 123.142
-7.90811 123.135
-7.87236 123.122
-7.83716 123.12
-7.80187 123.117
-7.76667 123.115
-7.73174 123.118
-7.6968 123.122
-7.66151 123.118
-7.62623 123.114
-7.59094 123.111
-7.55574 123.109
-7.52107 123.118
-7.48682 123.136
-7.45153 123.132
-7.41582 123.12
-7.38036 123.112
-7.34618 123.132
-7.31158 123.143
-7.27646 123.143
-7.24142 123.144
-7.20663 123.151
-7.17168 123.155
-7.13664 123.157
-7.10094 123.144
-7.0654 123.135
-7.03086 123.148
-6.99646 123.164
-6.9615 123.167
-6.92645 123.169
-6.8914 123.171
-6.85643 123.174
-6.82138 123.176
-6.78633 123.178
-6.75159 123.187
-6.7163 123.183
-6.6807 123.172
-6.64595 123.181
-6.61136 123.194
-6.57668 123.204
-6.54192 123.213
-6.50708 123.22
-6.47201 123.222
-6.43717 123.229
-6.40232 123.236
-6.36732 123.24
-6.33246 123.247
-6.29761 123.254
-6.26267 123.259
-6.22766 123.263
-6.19272 123.268
-6.15835 123.288
-6.12397 123.307
-6.08952 123.325
-6.05491 123.34
-6.02016 123.35
-5.98512 123.354
-5.95015 123.359
-5.91524 123.366
-5.8804 123.375
-5.84604 123.397
-5.81146 123.413
-5.77687 123.429
-5.74295 123.463
-5.70848 123.483
-5.6734 123.486
-5.63819 123.486
-5.6035 123.501
-5.56887 123.517
-5.53436 123.536
-5.49933 123.542
-5.46462 123.556
-5.42983 123.569
-5.39561 123.597
-5.36131 123.624
-5.3265 123.637
-5.29162 123.648
-5.25662 123.655
-5.2221 123.676
-5.18721 123.687
-5.15213 123.692
-5.1174 123.708
-5.08279 123.728
-5.04847 123.757
-5.01366 123.771
-4.97925 123.798
-4.94472 123.822
-4.90966 123.829
-4.87505 123.851
-4.84054 123.876
-4.80552 123.885
-4.771 123.91
-4.73657 123.939
-4.70219 123.97
-4.66714 123.979
-4.63257 124.004
-4.59858 124.049
-4.56372 124.065
-4.52954 124.105
-4.4945 124.116
-4.45977 124.137
-4.42461 124.145
-4.39064 124.194
-4.35618 124.226
-4.32145 124.25
-4.28631 124.259
-4.25227 124.308
-4.21717 124.318
-4.18269 124.353
-4.14845 124.396
-4.11332 124.407
-4.079 124.449
-4.04456 124.487
-4.01045 124.538
-3.97513 124.544
-3.93999 124.556
-3.90583 124.607
-3.87164 124.658
-3.83651 124.673
-3.80229 124.724
-3.76809 124.777
-3.7335 124.815
-3.69913 124.862
-3.66438 124.895
-3.6297 124.932
-3.59544 124.987
-3.5606 125.018
-3.52626 125.071
-3.49143 125.104
-3.45663 125.139
-3.38738 125.227
-3.35354 125.307
-3.31866 125.342
-3.28365 125.372
-3.24914 125.425
-3.21468 125.482
-3.17977 125.519
-3.04278 125.807
-3.00784 125.848
-2.97317 125.903
