-34.7563 146.314
-33.0109 144.031
-32.9704 144.027
-32.926 144.002
-32.8796 143.965
-32.8323 143.924
-32.7914 143.918
-32.7509 143.913
-32.707 143.891
-32.6602 143.852
-32.6151 143.822
-32.5675 143.778
-32.4744 143.703
-32.4352 143.706
-32.3956 143.706
-32.3506 143.677
-32.3043 143.64
-32.2634 143.634
-32.2222 143.625
-32.1714 143.563
-32.1256 143.529
-32.0893 143.548
-32.0505 143.553
-32.0027 143.507
-31.9602 143.491
-31.919 143.483
-31.8708 143.435
-31.8291 143.424
-31.7871 143.41
-31.7426 143.383
-31.7014 143.374
-31.661 143.37
-31.6178 143.35
-31.577 143.344
-31.537 143.342
-31.4971 143.34
-31.4567 143.336
-31.4155 143.327
-31.3747 143.321
-31.3327 143.308
-31.2968 143.329
-31.2544 143.313
-31.2076 143.272
-31.1616 143.236
-31.1168 143.206
-31.0765 143.202
-31.0361 143.198
-30.999 143.212
-30.9499 143.158
-30.9099 143.156
-30.8771 143.196
-30.8427 143.226
-30.8043 143.234
-30.764 143.23
-30.7204 143.207
-30.6753 143.175
-30.6385 143.192
-30.5934 143.16
-30.5492 143.133
-30.5092 143.131
-30.4704 143.136
-30.4309 143.137
-30.3909 143.135
-30.3549 143.157
-30.3153 143.157
-30.2695 143.121
-30.2295 143.119
-30.1903 143.122
-30.1492 143.113
-30.1046 143.084
-30.0677 143.1
-30.034 143.136
-29.9936 143.131
-29.9494 143.104
-29.9083 143.096
-29.871 143.11
-29.8291 143.097
-29.7884 143.09
-29.7519 143.109
-29.715 143.126
-29.675 143.124
-29.6342 143.118
-29.5973 143.135
-29.5611 143.156
-29.5192 143.143
-29.477 143.127
-29.4347 143.111
-29.397 143.123
-29.3604 143.142
-29.322 143.15
-29.2812 143.144
-29.2363 143.112
-29.2001 143.133
-29.1635 143.152
-29.1227 143.146
-29.0854 143.16
-29.0476 143.172
-29.0065 143.164
-28.9669 143.164
-28.9313 143.19
-28.8995 143.239
-28.861 143.247
-28.8224 143.254
-28.7887 143.292
-28.7498 143.297
-28.7049 143.265
-28.6697 143.293
-28.6385 143.347
-28.6003 143.357
-28.5602 143.355
-28.5209 143.358
-28.4838 143.375
-28.4477 143.399
-28.4099 143.411
-28.3701 143.411
-28.3315 143.419
-28.2969 143.452
-28.2605 143.473
-28.2222 143.483
-28.1839 143.493
-28.1456 143.503
-28.1095 143.527
-28.0709 143.534
-28.0351 143.56
-27.9975 143.575
-27.9621 143.603
-27.9259 143.627
-27.8875 143.637
-27.8485 143.642
-27.8098 143.649
-27.7736 143.673
-27.7413 143.723
-27.7022 143.728
-27.6624 143.728
-27.6237 143.736
-27.592 143.79
-27.5565 143.818
-27.5216 143.852
-27.4825 143.857
-27.4462 143.881
-27.4074 143.888
-27.3732 143.926
-27.3383 143.959
-27.3012 143.979
-27.2631 143.991
-27.226 144.01
-27.1889 144.029
-27.1536 144.06
-27.1162 144.077
-27.084 144.129
-27.0458 144.141
-27.0076 144.154
-26.9726 144.187
-26.9375 144.22
-26.9003 144.239
-26.8684 144.294
-26.8336 144.33
-26.7947 144.337
-26.7606 144.378
-26.7265 144.418
-26.6906 144.447
-26.6527 144.461
-26.6168 144.49
-26.5823 144.528
-26.5478 144.566
-26.517 144.63
-26.479 144.645
-26.4403 144.655
-26.4085 144.712
-26.3701 144.724
-26.3359 144.765
-26.2418 144.948
-26.2071 144.987
-26.1717 145.02
-26.1329 145.03
-26.0682 145.14
-25.9986 145.217
-25.9648 145.263
-25.93 145.301
-25.8992 145.368
-25.642 145.834
-25.6036 145.849
-25.5726 145.916
-25.5419 145.986
-24.7967 145.864
-24.7741 145.996
-24.7751 146.303
-24.7553 146.457
-24.7336 146.597
-24.7138 146.752
