-24.8707 83.9047
-24.8439 83.9015
2.85077 170.011
2.89633 169.998
4.08681 167.786
4.13116 167.741
4.17487 167.667
4.21972 167.65
4.26406 167.608
4.30739 167.52
4.35156 167.472
4.39565 167.422
4.43978 167.375
4.48448 167.354
4.5289 167.322
4.57384 167.313
4.61791 167.266
4.66128 167.189
4.70605 167.174
4.75012 167.13
4.79424 167.089
4.83821 167.042
4.88293 167.027
4.92637 166.959
4.97092 166.939
5.01583 166.933
5.06088 166.933
5.10586 166.93
5.1492 166.862
5.19401 166.853
5.23881 166.844
5.28285 166.806
5.32672 166.762
5.37127 166.744
5.41519 166.703
5.45901 166.659
5.50312 166.627
5.54779 166.615
5.59252 166.606
5.63718 166.595
5.68141 166.568
5.72556 166.539
5.77019 166.527
5.81515 166.527
5.86002 166.524
5.90455 166.509
5.94857 166.477
5.99265 166.448
6.03716 166.433
6.08183 166.424
6.12668 166.421
6.17126 166.409
6.21556 166.389
6.26022 166.38
6.30478 166.368
6.34879 166.339
6.39343 166.33
6.43843 166.333
6.48288 166.318
6.52722 166.301
6.57185 166.292
6.61665 166.289
6.66127 166.28
6.70568 166.265
6.7501 166.251
6.79431 166.23
6.83909 166.227
6.88418 166.233
6.92886 166.227
6.97335 166.215
7.01803 166.209
7.06291 166.209
7.10759 166.203
7.15236 166.2
7.19724 166.2
7.2418 166.191
7.28616 166.176
7.33061 166.165
7.37505 166.153
7.4196 166.144
7.46457 166.147
7.50986 166.158
7.55743 166.231
7.601 166.196
7.64631 166.208
7.68975 166.17
7.73396 166.152
7.77882 166.152
7.82401 166.16
7.86899 166.163
7.91396 166.166
7.95917 166.175
8.00392 166.172
8.04878 166.171
8.09387 166.177
8.13862 166.174
8.18336 166.171
8.22846 166.177
8.27415 166.197
8.31961 166.212
8.36424 166.206
8.40898 166.202
8.45385 166.202
8.49859 166.199
8.5437 166.205
8.58955 166.228
8.63479 166.237
8.67929 166.228
8.72341 166.21
8.76927 166.233
8.81502 166.254
8.86103 166.28
8.9068 166.3
8.95207 166.309
8.99746 166.32
9.04248 166.323
9.08723 166.32
9.13238 166.326
9.17739 166.328
9.22346 166.355
9.26875 166.363
9.31417 166.375
9.35933 166.38
9.40544 166.406
9.45101 166.421
9.49727 166.45
9.54259 166.459
9.58859 166.482
9.63461 166.505
9.67994 166.514
9.725 166.516
9.77201 166.56
9.81778 166.577
9.86553 166.636
9.91105 166.647
9.95628 166.653
10.0015 166.659
10.048 166.691
10.0936 166.702
10.1407 166.746
10.1874 166.781
10.2325 166.784
10.2781 166.795
10.3271 166.874
10.3732 166.898
10.42 166.933
10.4656 166.944
10.5133 166.997
10.5599 167.026
10.607 167.067
10.6525 167.076
10.6975 167.076
10.743 167.084
10.7918 167.155
10.8396 167.207
10.8875 167.26
10.9349 167.304
10.9823 167.348
11.0282 167.363
11.0753 167.401
11.1247 167.48
11.1711 167.504
11.2182 167.539
11.2644 167.559
11.3138 167.636
11.3614 167.68
11.4095 167.733
11.457 167.774
11.5066 167.854
11.5549 167.91
11.6013 167.931
11.6507 168.005
11.6988 168.055
11.7469 168.105
11.7952 168.158
