29.7539 139.389
29.7773 139.296
29.7939 139.163
29.7801 138.851
29.8081 138.787
30.0461 135.029
30.0723 134.962
30.0952 134.876
30.1309 134.863
30.1582 134.803
30.1887 134.761
30.2215 134.731
30.2491 134.673
30.2751 134.606
30.306 134.566
30.3379 134.532
30.3717 134.509
30.4025 134.469
30.4352 134.44
30.4656 134.398
30.493 134.34
30.5212 134.286
30.5534 134.254
30.5822 134.204
30.6181 134.194
30.6518 134.171
30.6814 134.125
30.7135 134.094
30.7457 134.063
30.7778 134.032
30.8095 133.998
30.8386 133.95
30.8737 133.936
30.9065 133.909
30.9389 133.88
30.9706 133.847
31.0015 133.809
31.0335 133.778
31.0651 133.745
31.0968 133.712
31.1318 133.697
31.166 133.679
31.1972 133.643
31.228 133.606
31.2599 133.575
31.2949 133.561
31.3237 133.513
31.3552 133.48
31.3894 133.461
31.422 133.435
31.4539 133.404
31.4869 133.379
31.5233 133.373
31.5566 133.35
31.5911 133.333
31.6237 133.307
31.657 133.284
31.6872 133.245
31.7155 133.195
31.7523 133.191
31.7898 133.191
31.8242 133.175
31.8556 133.142
31.888 133.115
31.9213 133.092
31.9545 133.07
31.9893 133.055
32.0213 133.027
32.0576 133.02
32.0939 133.014
32.1279 132.996
32.1568 132.951
32.1934 132.946
32.2317 132.951
32.2672 132.94
32.298 132.905
32.3279 132.866
32.3646 132.862
32.395 132.825
32.4277 132.801
32.4615 132.782
32.4966 132.77
32.534 132.77
32.5694 132.76
32.6052 132.752
32.6395 132.735
32.6689 132.694
32.6992 132.657
32.7362 132.655
32.7735 132.655
32.8081 132.641
32.8475 132.651
32.8849 132.651
32.9186 132.633
32.948 132.592
32.9822 132.576
33.0159 132.557
33.0529 132.555
33.0898 132.553
33.1247 132.541
33.1581 132.52
33.1886 132.486
33.2267 132.49
33.2729 132.535
33.3151 132.559
33.3512 132.553
33.391 132.565
33.4303 132.575
33.4648 132.561
33.4981 132.54
33.533 132.528
33.5679 132.516
33.6068 132.524
33.6421 132.514
33.6754 132.493
33.7098 132.479
33.7467 132.477
33.7812 132.463
33.8152 132.446
33.8533 132.451
33.8923 132.459
33.9271 132.446
33.9603 132.426
33.9959 132.418
34.0382 132.442
34.0808 132.469
34.1165 132.461
34.1509 132.446
34.1853 132.432
34.2209 132.424
34.2582 132.424
34.2959 132.426
34.3319 132.42
34.3684 132.416
34.4069 132.422
34.4438 132.42
34.4798 132.413
34.5192 132.424
34.5594 132.438
34.5946 132.428
34.6306 132.422
34.6687 132.426
34.7068 132.43
34.7445 132.432
34.7826 132.436
34.8199 132.436
34.8572 132.436
34.8962 132.444
34.9364 132.458
34.9741 132.46
35.008 132.444
35.0487 132.46
35.0906 132.482
35.1253 132.47
35.1635 132.474
35.2037 132.488
35.241 132.488
35.2779 132.486
35.3186 132.503
35.3584 132.515
35.3966 132.519
35.433 132.515
35.4703 132.515
35.5093 132.523
35.5478 132.529
35.5864 132.535
35.631 132.57
35.6722 132.588
35.7104 132.592
35.7442 132.576
35.7841 132.588
35.8218 132.59
35.8682 132.633
35.9068 132.639
35.9463 132.649
35.9875 132.668
36.0301 132.692
36.0691 132.7
36.1073 132.704
36.1477 132.719
36.185 132.719
36.2237 132.725
36.2667 132.751
36.3102 132.78
36.3501 132.792
36.3976 132.839
36.4367 132.847
36.4758 132.856
36.5136 132.858
36.5541 132.872
36.5941 132.884
36.6345 132.899
36.6759 132.917
36.7145 132.923
36.759 132.956
36.8084 133.011
36.8489 133.026
36.8966 133.073
36.979 133.108
37.0231 133.138
37.0619 133.145
37.106 133.175
37.1448 133.182
37.1885 133.21
37.2286 133.223
37.2782 133.278
37.3229 133.311
37.3685 133.348
37.4091 133.363
37.4552 133.402
37.5031 133.449
37.5469 133.478
37.5935 133.519
37.636 133.542
37.6813 133.577
37.7325 133.639
37.7746 133.66
37.8194 133.693
37.8685 133.744
37.9207 133.811
37.9679 133.854
38.0184 133.912
38.0643 133.949
38.1093 133.982
38.1533 134.012
38.1988 134.047
38.2489 134.103
