-17.3916 110.896
-17.3561 110.869
-17.3202 110.838
-17.074 110.396
-17.0406 110.385
-16.887 110.173
-16.8517 110.146
-16.8138 110.096
-16.7764 110.051
-16.7415 110.027
-16.7061 109.998
-16.6688 109.953
-16.6326 109.917
-16.5937 109.859
-16.5591 109.836
-16.5235 109.805
-16.4861 109.758
-16.4491 109.715
-16.4143 109.691
-16.3774 109.647
-16.3426 109.623
-16.3078 109.598
-16.2729 109.573
-16.2375 109.543
-16.2005 109.498
-16.1662 109.477
-16.1332 109.468
-16.0966 109.426
-16.0598 109.383
-16.0253 109.36
-15.9924 109.351
-15.958 109.329
-15.9236 109.307
-15.8904 109.295
-15.8521 109.238
-15.8193 109.229
-15.7812 109.174
-15.7449 109.134
-15.7107 109.113
-15.6789 109.113
-15.6447 109.092
-15.6101 109.067
-15.574 109.028
-15.5407 109.015
-15.5068 108.996
-15.4728 108.976
-15.4392 108.96
-15.4066 108.952
-15.3723 108.93
-15.3396 108.921
-15.3073 108.917
-15.2724 108.889
-15.239 108.874
-15.2048 108.851
-15.1716 108.838
-15.1391 108.832
-15.1065 108.825
-15.0733 108.811
-15.0393 108.79
-15.0049 108.765
-14.9709 108.744
-14.9382 108.736
-14.9048 108.721
-14.8718 108.709
-14.84 108.709
-14.8081 108.707
-14.7737 108.682
-14.7405 108.669
-14.7077 108.658
-14.6733 108.633
-14.6409 108.627
-14.6084 108.62
-14.5748 108.602
-14.5418 108.59
-14.5085 108.575
-14.4753 108.56
-14.4432 108.557
-14.4109 108.551
-14.3773 108.534
-14.3448 108.526
-14.3129 108.525
-14.2806 108.519
-14.2482 108.513
-14.2147 108.495
-14.1824 108.489
-14.15 108.483
-14.118 108.48
-14.0858 108.475
-14.0535 108.469
-14.0205 108.456
-13.9873 108.441
-13.9551 108.437
-13.9232 108.435
-13.8913 108.434
-13.8593 108.43
-13.8274 108.429
-13.796 108.432
-13.7638 108.427
-13.7298 108.404
-13.6962 108.384
-13.6644 108.383
-13.6328 108.384
-13.6011 108.384
-13.5699 108.39
-13.5389 108.397
-13.5072 108.397
-13.4749 108.391
-13.4429 108.388
-13.411 108.386
-13.3787 108.38
-13.346 108.37
-13.3127 108.354
-13.2806 108.349
-13.2493 108.354
-13.2177 108.355
-13.186 108.355
-13.154 108.352
-13.1216 108.344
-13.0896 108.341
-13.0586 108.349
-13.0272 108.353
-12.9951 108.348
-12.963 108.344
-12.9309 108.339
-12.8995 108.344
-12.8679 108.345
-12.8364 108.346
-12.8049 108.349
-12.774 108.358
-12.7414 108.349
-12.71 108.352
-12.6795 108.365
-12.6484 108.372
-12.6157 108.362
-12.5845 108.367
-12.5534 108.375
-12.5208 108.364
-12.4892 108.366
-12.4576 108.367
-12.4261 108.37
-12.3959 108.387
-12.3648 108.395
-12.3334 108.397
-12.3017 108.399
-12.2702 108.402
-12.238 108.396
-12.2065 108.398
-12.1754 108.406
-12.1444 108.414
-12.1132 108.42
-12.0824 108.432
-12.0512 108.437
-12.0199 108.443
-11.9882 108.443
-11.9565 108.444
-11.9258 108.456
-11.8946 108.463
-11.8635 108.471
-11.8323 108.478
-11.8016 108.489
-11.7704 108.497
-11.7392 108.504
-11.7085 108.516
-11.6773 108.523
-11.6459 108.527
-11.6151 108.539
-11.5844 108.552
-11.5542 108.571
-11.5229 108.577
-11.492 108.588
-11.4616 108.604
-11.4306 108.615
-11.3994 108.622
-11.3689 108.638
-11.3376 108.644
-11.3041 108.623
-11.2714 108.613
-11.2422 108.645
-11.2129 108.676
-11.1827 108.696
-11.1513 108.702
-11.1199 108.706
-11.0886 108.714
-11.0576 108.724
-11.0259 108.725
-10.9958 108.747
-10.9652 108.763
-10.9351 108.785
-10.9022 108.772
-10.8693 108.759
-10.8399 108.79
-10.8104 108.82
-10.7805 108.845
-10.7497 108.86
-10.7195 108.881
-10.6876 108.881
-10.6563 108.888
-10.6258 108.907
-10.5972 108.95
-10.5689 108.997
-10.5376 109.006
-10.5058 109.007
-10.4759 109.034
-10.4456 109.056
-10.4143 109.063
-10.385 109.098
-10.356 109.138
-10.3248 109.149
-10.2929 109.149
-10.2618 109.16
-10.2308 109.174
-10.1993 109.179
-10.1686 109.197
-10.1397 109.239
-10.1082 109.244
-10.0774 109.261
-10.0459 109.268
-10.0169 109.31
-9.98714 109.341
-9.95799 109.381
-9.92641 109.387
-9.89577 109.406
-9.86522 109.427
-9.83383 109.435
-9.80348 109.459
-9.74408 109.526
-9.71348 109.547
-9.68215 109.557
-9.65297 109.599
-9.50528 109.785
-9.47469 109.808
-9.44428 109.833
-9.41537 109.881
-9.38504 109.908
-9.354 109.924
-9.32217 109.928
-9.29082 109.94
-9.26144 109.982
-9.05727 110.308
-9.02648 110.331
-8.99349 110.318
-8.78865 110.653
-8.75822 110.684
-8.73159 110.776
-8.70009 110.79
-8.66895 110.809
-8.63753 110.824
-8.60758 110.864
-8.57788 110.908
-8.55045 110.99
-8.52143 111.046
-8.49449 111.137
-8.46533 111.192
-8.43706 111.262
-8.40731 111.308
-8.37629 111.333
