-0.899653 164.795
-0.85438 164.709
-0.809269 164.652
-0.764184 164.594
-0.71889 164.477
-0.673868 164.42
-0.628871 164.363
-0.583707 164.246
-0.538791 164.195
-0.493888 164.141
-0.448945 164.061
-0.404187 164.047
-0.359293 163.964
-0.314489 163.91
-0.269661 163.828
-0.224913 163.777
-0.180205 163.74
-0.135504 163.695
-0.0908179 163.644
-0.0461398 163.565
-0.0015136 163.545
0.0431077 163.477
0.087706 163.452
0.132279 163.387
0.176852 163.37
0.221376 163.302
0.265916 163.277
0.310423 163.235
0.354908 163.19
0.399383 163.151
0.443847 163.114
0.488326 163.092
0.532668 163.016
0.577065 162.973
0.621459 162.937
0.665907 162.923
0.710312 162.898
0.754785 162.896
0.799237 162.887
0.843575 162.851
0.887839 162.8
0.932082 162.75
0.976432 162.728
1.02079 162.708
1.06513 162.689
1.10941 162.658
1.15369 162.63
1.19804 162.616
1.24227 162.583
1.28659 162.566
1.33082 162.538
1.37513 162.522
1.41944 162.508
1.46365 162.48
1.50789 162.458
1.5522 162.447
1.59648 162.433
1.64063 162.402
1.6849 162.389
1.72924 162.383
1.77345 162.364
1.81771 162.35
1.86181 162.32
1.90597 162.297
1.9502 162.284
1.9944 162.267
2.03874 162.265
2.0829 162.245
2.12705 162.226
2.17123 162.209
2.2154 162.193
2.25959 162.179
2.30378 162.165
2.34786 162.143
2.39194 162.121
2.43607 162.104
2.48033 162.099
2.52459 162.094
2.56864 162.071
2.61282 162.061
2.65703 162.052
2.70124 162.044
2.74534 162.028
2.7895 162.017
2.83362 162.003
2.87778 161.992
2.92201 161.987
2.96635 161.99
3.01075 161.996
3.05501 161.993
3.09928 161.991
3.14342 161.98
3.18756 161.969
3.2316 161.952
3.27599 161.958
3.31984 161.93
3.36419 161.933
3.40835 161.925
3.45199 161.886
3.49633 161.889
3.5411 161.918
3.58555 161.926
3.6293 161.896
3.67344 161.888
3.71764 161.882
3.76157 161.863
3.80627 161.886
3.8513 161.925
3.89571 161.931
3.94023 161.942
3.98426 161.929
4.02867 161.935
4.07342 161.957
4.11819 161.98
4.16261 161.986
4.20699 161.989
4.25142 161.995
4.2958 161.998
4.34006 161.995
4.3845 162.001
4.429 162.01
4.47345 162.016
4.51796 162.024
4.56316 162.064
4.60762 162.07
4.65189 162.067
4.69636 162.073
4.74121 162.096
4.78588 162.11
4.83036 162.116
4.87491 162.124
4.91939 162.13
4.96381 162.133
5.00858 162.15
5.05321 162.162
5.09771 162.168
5.14263 162.19
5.18742 162.207
5.23207 162.219
5.27673 162.23
5.32206 162.267
5.36666 162.276
5.41134 162.287
5.4567 162.324
5.50139 162.335
5.5467 162.369
5.59133 162.378
5.63651 162.406
5.68108 162.412
5.72659 162.452
5.77228 162.497
5.81711 162.512
5.86154 162.512
5.90598 162.512
5.95147 162.549
5.99649 162.569
6.04127 162.58
6.08739 162.637
6.13236 162.654
6.17733 162.671
6.22206 162.68
6.26713 162.7
6.31342 162.759
6.35809 162.765
6.40416 162.816
6.45025 162.867
6.49503 162.876
6.53954 162.876
6.72461 163.092
6.76945 163.101
6.8142 163.107
6.85989 163.141
6.95457 163.306
7.00004 163.331
7.04514 163.346
7.09043 163.366
7.13524 163.372
