-15.2163 132.007
-15.1759 131.976
-15.1357 131.948
-15.0953 131.918
-15.0568 131.908
-15.0145 131.855
-14.9761 131.847
-14.9364 131.823
-14.7367 131.692
-14.6986 131.686
-14.6564 131.633
-14.6182 131.625
-14.5799 131.617
-14.5392 131.581
-14.497 131.528
-14.457 131.5
-14.4193 131.498
-14.3813 131.493
-14.342 131.473
-14.3033 131.459
-14.2631 131.428
-14.2251 131.422
-14.1876 131.423
-14.148 131.399
-14.1078 131.366
-14.0693 131.354
-14.0311 131.347
-13.9922 131.331
-13.9527 131.307
-13.9145 131.299
-13.8753 131.279
-13.8368 131.267
-13.7972 131.241
-13.7599 131.243
-13.7221 131.239
-13.6839 131.231
-13.6433 131.193
-13.6036 131.167
-13.5665 131.171
-13.5292 131.173
-13.4898 131.149
-13.4522 131.148
-13.4152 131.154
-13.3777 131.154
-13.3396 131.146
-13.302 131.144
-13.2644 131.143
-13.2263 131.135
-13.1854 131.092
-13.1473 131.085
-13.1097 131.083
-13.0718 131.077
-13.0335 131.067
-12.9946 131.049
-12.9567 131.043
-12.918 131.027
-12.8814 131.038
-12.8439 131.038
-12.8063 131.036
-12.7678 131.022
-12.7312 131.034
-12.6941 131.039
-12.6557 131.027
-12.6167 131.007
-12.5791 131.005
-12.5415 131.003
-12.5038 130.999
-12.4657 130.992
-12.4278 130.986
-12.3904 130.986
-12.3528 130.984
-12.3141 130.968
-12.2764 130.964
-12.2394 130.971
-12.2019 130.971
-12.1643 130.969
-12.1266 130.965
-12.0893 130.967
-12.0523 130.974
-12.0144 130.968
-11.9759 130.954
-11.9382 130.95
-11.8991 130.928
-11.863 130.946
-11.8288 130.993
-11.7931 131.017
-11.7539 130.993
-11.7162 130.99
-11.6781 130.982
-11.6405 130.98
-11.6016 130.96
-11.5646 130.966
-11.5266 130.958
-11.4898 130.969
-11.4531 130.979
-11.4167 130.995
-11.3799 131.006
-11.3429 131.012
-11.3051 131.008
-11.2683 131.018
-11.2333 131.055
-11.1969 131.071
-11.1596 131.073
-11.1221 131.074
-11.0848 131.078
-11.0488 131.1
-11.0116 131.105
-10.9746 131.113
-10.9381 131.127
-10.9019 131.148
-10.8642 131.146
-10.8271 131.152
-10.791 131.175
-10.7542 131.185
-10.717 131.191
-10.6808 131.212
-10.6435 131.216
-10.6064 131.222
-10.5692 131.228
-10.5321 131.235
-10.4958 131.255
-10.4601 131.284
-10.4235 131.3
-10.3874 131.323
-10.3503 131.331
-10.313 131.335
-10.2764 131.351
-10.2391 131.356
-10.2019 131.362
-10.1654 131.38
-10.1286 131.393
-10.0925 131.417
-10.0556 131.43
-10.0205 131.471
-9.98495 131.505
-9.94819 131.52
-9.91093 131.526
-9.87476 131.551
-9.83882 131.579
-9.80166 131.588
-9.76425 131.592
-9.72817 131.618
-9.69207 131.645
-9.65536 131.662
-9.62018 131.705
-9.58298 131.713
-9.54671 131.738
-9.5095 131.746
-9.47356 131.777
-9.43762 131.807
-9.40049 131.818
-9.3644 131.847
-9.32819 131.873
-9.29116 131.886
-9.25503 131.914
-9.21867 131.939
-9.18275 131.972
-9.14658 132.001
-9.10928 132.009
-9.07321 132.04
-9.03623 132.055
-8.8944 132.227
-8.85692 132.234
-8.81944 132.24
-8.78206 132.248
-8.74868 132.333
-8.71398 132.393
-8.67656 132.401
-8.63903 132.407
-8.6015 132.414
-8.28142 132.829
-8.24418 132.844
