11.9896 151.771
12.1216 148.579
12.1577 148.496
12.188 148.325
12.2236 148.237
12.2618 148.191
12.298 148.113
12.3316 147.996
12.3674 147.914
12.4037 147.839
12.4417 147.79
12.4782 147.72
12.514 147.64
12.5498 147.56
12.5861 147.487
12.622 147.41
12.6598 147.362
12.6964 147.294
12.7337 147.239
12.7704 147.176
12.8087 147.135
12.8466 147.089
12.8823 147.012
12.9182 146.938
12.9567 146.902
12.9953 146.868
13.0334 146.827
13.0719 146.791
13.109 146.736
13.1481 146.71
13.1853 146.657
13.2248 146.638
13.2625 146.592
13.2987 146.525
13.3382 146.506
13.3743 146.439
13.4105 146.375
13.4493 146.346
13.4893 146.334
13.5288 146.315
13.5651 146.253
13.6039 146.224
13.6424 146.193
13.6815 146.17
13.7184 146.117
13.758 146.101
13.7956 146.058
13.8345 146.031
13.8745 146.022
13.9116 145.972
13.9509 145.953
13.9892 145.92
14.0278 145.891
14.0675 145.877
14.1073 145.865
14.1455 145.832
14.1837 145.799
14.2217 145.763
14.2601 145.732
14.2981 145.696
14.3369 145.673
14.3754 145.644
14.4145 145.623
14.4544 145.613
14.4944 145.604
14.5312 145.554
14.5705 145.538
14.6103 145.526
14.6478 145.486
14.6873 145.471
14.7272 145.462
14.7669 145.45
14.8055 145.424
14.8442 145.4
14.8826 145.372
14.9224 145.363
14.9629 145.36
15.0033 145.358
15.043 145.346
15.0817 145.322
15.12 145.294
15.1592 145.277
15.1985 145.261
15.2362 145.225
15.276 145.216
15.3166 145.216
15.356 145.202
15.395 145.183
15.4342 145.166
15.474 145.157
15.5142 145.152
15.554 145.143
15.5932 145.126
15.6328 145.114
15.6729 145.11
15.7131 145.105
15.7517 145.081
15.7906 145.063
15.8301 145.051
15.8695 145.037
15.909 145.025
15.9488 145.015
15.9875 144.994
16.0272 144.985
16.0665 144.971
16.1054 144.952
16.1447 144.938
16.1846 144.93
16.2255 144.935
16.2677 144.954
16.3068 144.937
16.3456 144.919
16.3845 144.9
16.4264 144.916
16.4678 144.926
16.5083 144.926
16.5507 144.947
16.5906 144.94
16.6292 144.918
16.6695 144.916
16.7094 144.909
16.7482 144.89
16.7908 144.914
16.8316 144.916
16.8719 144.914
16.9109 144.897
16.9516 144.899
16.9923 144.902
17.0332 144.906
17.0753 144.923
17.1167 144.932
17.1572 144.932
17.1975 144.93
17.238 144.93
17.2776 144.92
17.3176 144.915
17.357 144.904
17.3973 144.901
17.4387 144.911
17.4826 144.946
17.5235 144.951
17.5642 144.953
17.6056 144.962
17.6464 144.965
17.6873 144.969
17.7292 144.983
17.7708 144.995
17.8116 144.997
17.8523 145
17.8942 145.014
17.9345 145.011
17.9752 145.014
18.0162 145.018
18.0579 145.03
18.0993 145.039
18.1414 145.056
18.1841 145.077
18.2271 145.103
18.2695 145.122
18.3115 145.136
18.3529 145.145
18.3939 145.15
18.4356 145.162
18.4769 145.169
18.5179 145.173
18.5587 145.176
18.6011 145.194
18.6424 145.201
18.6855 145.227
18.7266 145.232
18.7681 145.241
18.8139 145.293
18.8557 145.305
18.8967 145.31
18.938 145.317
18.9788 145.319
19.0247 145.371
19.066 145.378
19.108 145.392
19.1525 145.43
19.1968 145.465
19.2384 145.475
19.2797 145.482
19.3257 145.534
19.3666 145.536
19.4074 145.538
19.4513 145.569
19.4953 145.602
19.5372 145.614
19.5823 145.657
19.627 145.695
19.6706 145.723
19.7115 145.725
19.7557 145.758
19.8006 145.799
19.8448 145.832
19.8868 145.844
19.9313 145.879
19.9791 145.946
20.0233 145.979
20.0645 145.984
20.1063 145.993
20.1539 146.057
20.199 146.098
20.2413 146.112
20.4214 146.269
20.469 146.331
20.5145 146.374
20.5589 146.407
20.9329 146.833
20.9813 146.9
21.0262 146.936
