-6.33648 130.534
-6.29419 130.39
-6.25153 130.236
-6.20789 130.054
-6.16693 129.941
-6.12632 129.836
-6.08708 129.766
-6.04801 129.7
-5.92366 129.303
-5.88582 129.266
-5.7652 128.956
-5.72767 128.925
-5.68975 128.882
-5.65212 128.848
-5.61524 128.834
-5.57469 128.715
-5.53619 128.654
-5.49858 128.617
-5.46006 128.554
-5.42093 128.472
-5.38344 128.437
-5.34507 128.376
-5.30584 128.288
-5.26836 128.252
-5.2317 128.24
-5.19474 128.219
-5.15736 128.185
-5.11931 128.13
-5.0819 128.093
-5.04396 128.04
-5.00593 127.983
-4.96864 127.949
-4.93195 127.933
-4.89421 127.884
-4.8572 127.857
-4.8199 127.821
-4.78211 127.768
-4.74514 127.741
-4.70857 127.728
-4.67078 127.673
-4.63279 127.611
-4.59593 127.586
-4.55957 127.578
-4.5229 127.559
-4.48639 127.546
-4.44876 127.493
-4.4118 127.463
-4.3749 127.434
-4.33838 127.419
-4.30109 127.376
-4.26469 127.364
-4.22789 127.338
-4.191 127.307
-4.15412 127.277
-4.1178 127.268
-4.08114 127.245
-4.0444 127.219
-4.00761 127.19
-3.97089 127.164
-3.93456 127.153
-3.89786 127.126
-3.86117 127.1
-3.82454 127.075
-3.78833 127.068
-3.75208 127.058
-3.71502 127.015
-3.6783 126.985
-3.64203 126.973
-3.60576 126.962
-3.56916 126.936
-3.53261 126.911
-3.49636 126.9
-3.46021 126.892
-3.42368 126.868
-3.38754 126.86
-3.35135 126.851
-3.31506 126.836
-3.27864 126.815
-3.2422 126.793
-3.20585 126.774
-3.16974 126.766
-3.13382 126.768
-3.09782 126.766
-3.06157 126.751
-3.02521 126.73
-2.98889 126.711
-2.95277 126.702
-2.91668 126.694
-2.88046 126.679
-2.84396 126.649
-2.80779 126.636
-2.77183 126.634
-2.73587 126.632
-2.69981 126.625
-2.66382 126.621
-2.6279 126.621
-2.59188 126.615
-2.55564 126.596
-2.51957 126.587
-2.48353 126.579
-2.44753 126.574
-2.4115 126.566
-2.37553 126.562
-2.33944 126.551
-2.30342 126.544
-2.26738 126.534
-2.23139 126.529
-2.19538 126.521
-2.1594 126.515
-2.12351 126.515
-2.0875 126.508
-2.05148 126.498
-2.01556 126.496
-1.97967 126.496
-1.94378 126.496
-1.90774 126.485
-1.87164 126.468
-1.83569 126.462
-1.79978 126.46
-1.76392 126.462
-1.72815 126.471
-1.69228 126.473
-1.65623 126.458
-1.62011 126.436
-1.58417 126.43
-1.54812 126.413
-1.51215 126.404
-1.47614 126.389
-1.44055 126.417
-1.40507 126.458
-1.3694 126.48
-1.33348 126.476
-1.29775 126.493
-1.26175 126.48
-1.22582 126.474
-1.18984 126.463
-1.15404 126.472
-1.11816 126.472
-1.08219 126.461
-1.04635 126.466
-1.01058 126.481
-0.974672 126.477
-0.938765 126.473
-0.902897 126.475
-0.867028 126.477
-0.831114 126.471
-0.795278 126.479
-0.759459 126.49
-0.723655 126.505
-0.687797 126.51
-0.651901 126.508
-0.616022 126.51
-0.58016 126.515
-0.54428 126.517
-0.508384 126.515
-0.472517 126.521
-0.436654 126.528
-0.400794 126.537
-0.364924 126.545
-0.329052 126.552
-0.29318 126.562
-0.257287 126.563
-0.221401 126.569
-0.185517 126.576
-0.149623 126.58
-0.113722 126.58
-0.0778321 126.589
-0.041944 126.604
-0.00604786 126.617
0.0298572 126.624
0.0657602 126.649
0.101676 126.652
0.137594 126.658
0.173515 126.667
0.209436 126.669
0.245366 126.68
0.28133 126.719
0.317276 126.73
0.353215 126.734
0.38916 126.739
0.425162 126.773
0.46111 126.775
0.497067 126.78
0.533042 126.792
0.569049 126.812
0.605065 126.833
0.641047 126.84
0.677039 126.849
0.713064 126.866
0.749126 126.89
0.785152 126.903
0.821175 126.915
0.857265 126.939
0.893366 126.963
0.929497 126.991
0.965521 126.997
1.00164 127.019
1.0377 127.029
1.07387 127.057
1.11004 127.083
1.1461 127.09
1.18244 127.137
1.21853 127.147
1.25473 127.171
1.29096 127.197
1.32707 127.207
1.36332 127.233
1.3996 127.261
1.43591 127.291
1.472 127.295
1.50828 127.319
1.54448 127.334
1.58099 127.381
1.61733 127.408
1.65351 127.417
1.68991 127.449
1.72624 127.472
1.7624 127.477
1.79879 127.504
1.83556 127.564
1.87223 127.613
1.90847 127.623
1.94493 127.651
1.98148 127.685
2.01804 127.719
2.05457 127.749
2.09111 127.779
2.12765 127.808
2.16422 127.838
2.20083 127.87
2.23743 127.9
2.27435 127.954
2.31112 127.993
2.34809 128.047
2.38454 128.062
2.64382 128.416
2.6806 128.444
2.71736 128.471
2.86656 128.697
2.90395 128.754
2.94118 128.802
2.97786 128.817
3.20557 129.3
3.24272 129.333
3.28 129.372
