-1.83036 126.029
-1.79453 126.025
-1.49323 124.547
-1.4573 124.498
-0.919144 123.473
-0.883616 123.421
-0.848207 123.385
-0.812691 123.327
-0.777104 123.252
-0.741871 123.237
-0.706581 123.21
-0.671158 123.153
-0.635694 123.081
-0.60045 123.053
-0.56516 123.01
-0.529848 122.956
-0.494723 122.947
-0.459498 122.908
-0.424314 122.876
-0.389139 122.842
-0.353929 122.79
-0.318797 122.759
-0.283683 122.731
-0.248613 122.717
-0.213446 122.649
-0.178409 122.64
-0.143379 122.633
-0.108297 122.581
-0.0732589 122.551
-0.0382376 122.524
-0.00322918 122.499
0.0317662 122.48
0.0667605 122.403
0.101724 122.362
0.136682 122.364
0.171641 122.364
0.206587 122.348
0.241497 122.302
0.276411 122.277
0.311305 122.245
0.346193 122.219
0.381102 122.21
0.415981 122.188
0.45079 122.14
0.485614 122.107
0.52048 122.094
0.555305 122.07
0.590118 122.045
0.624915 122.018
0.659699 121.992
0.694526 121.979
0.729305 121.956
0.764096 121.939
0.798934 121.933
0.83377 121.928
0.868534 121.908
0.903344 121.9
0.93815 121.891
0.972833 121.861
1.00763 121.852
1.04238 121.838
1.07695 121.794
1.11167 121.778
1.14637 121.758
1.18117 121.755
1.21582 121.732
1.25026 121.681
1.285 121.672
1.31984 121.677
1.35453 121.663
1.3891 121.635
1.42377 121.621
1.45856 121.621
1.4933 121.615
1.52806 121.612
1.56283 121.61
1.59745 121.592
1.63212 121.582
1.6668 121.571
1.7015 121.564
1.73602 121.539
1.77075 121.536
1.8055 121.534
1.83986 121.497
1.87438 121.476
1.90906 121.469
1.94377 121.465
1.97846 121.46
2.01323 121.462
2.04815 121.475
2.08295 121.479
2.11755 121.467
2.15218 121.458
2.18658 121.431
2.22116 121.419
2.25585 121.415
2.29061 121.417
2.32532 121.415
2.35999 121.41
2.39454 121.398
2.42899 121.378
2.46361 121.371
2.49826 121.366
2.53293 121.362
2.56755 121.355
2.60219 121.35
2.63685 121.346
2.67166 121.351
2.70632 121.348
2.74101 121.346
2.77561 121.339
2.8103 121.337
2.84498 121.335
2.87958 121.328
2.9141 121.318
2.94856 121.304
2.9832 121.3
3.01801 121.305
3.05318 121.33
3.08843 121.357
3.12294 121.347
3.15749 121.338
3.19231 121.343
3.22699 121.341
3.26153 121.333
3.29631 121.336
3.33106 121.338
3.36566 121.332
3.40034 121.331
3.43509 121.332
3.46987 121.336
3.50455 121.334
3.53918 121.33
3.57385 121.328
3.60864 121.332
3.64343 121.335
3.67834 121.344
3.71313 121.347
3.74792 121.351
3.78276 121.356
3.81756 121.359
3.85227 121.359
3.88707 121.363
3.92196 121.369
3.95676 121.373
3.99152 121.375
4.02632 121.378
4.06122 121.385
4.09629 121.399
4.13119 121.406
4.16605 121.411
4.20096 121.418
4.23587 121.425
4.27069 121.428
4.3056 121.435
4.3409 121.456
4.37578 121.461
4.41056 121.463
4.44539 121.466
4.48037 121.475
4.51525 121.48
4.55009 121.483
4.58528 121.499
4.62022 121.506
4.65527 121.516
4.69047 121.532
4.72569 121.548
4.76107 121.569
4.79608 121.577
4.831 121.583
4.86597 121.59
4.90094 121.596
4.93608 121.609
4.97134 121.624
5.00649 121.637
5.04181 121.654
5.07759 121.686
5.11293 121.703
5.148 121.712
5.18318 121.724
5.21808 121.727
5.25327 121.74
5.28853 121.753
5.32362 121.762
5.35912 121.783
5.39445 121.799
5.42998 121.82
5.46502 121.827
5.50013 121.836
5.53562 121.855
5.57123 121.878
5.60711 121.908
5.64293 121.936
5.67839 121.953
5.71437 121.985
5.74965 121.997
5.78546 122.023
5.82069 122.034
5.8562 122.051
5.89118 122.055
5.92636 122.064
5.96314 122.115
5.99901 122.141
6.03489 122.167
6.07092 122.197
6.10683 122.224
6.14268 122.249
6.17792 122.257
6.21385 122.284
6.25071 122.333
6.28766 122.384
6.32315 122.399
6.35829 122.404
6.39422 122.428
6.43024 122.455
6.46699 122.499
6.50237 122.51
6.53849 122.538
6.61078 122.595
6.64709 122.627
6.68364 122.664
6.72165 122.735
6.75778 122.761
6.86882 122.9
6.90518 122.93
6.94085 122.945
6.97707 122.971
7.20125 123.277
7.23776 123.307
7.27329 123.316
7.73214 124.084
7.76885 124.113
7.89191 124.459
7.93009 124.515
