-24.179 133.571
-24.1251 133.454
-24.0764 133.373
-23.4505 132.085
-23.1774 131.71
-23.1319 131.647
-23.0872 131.589
-23.048 131.572
-23.0069 131.54
-22.9631 131.489
-22.9215 131.453
-22.8769 131.396
-22.7936 131.323
-22.7528 131.293
-22.7111 131.256
-22.6669 131.201
-22.5845 131.134
-22.5406 131.081
-22.4989 131.043
-22.4607 131.032
-22.4207 131.006
-22.3801 130.977
-22.3366 130.926
-22.2982 130.912
-22.255 130.863
-22.2169 130.851
-22.1758 130.818
-22.1356 130.79
-22.0948 130.759
-22.0543 130.73
-22.0134 130.696
-21.9758 130.688
-21.9335 130.645
-21.8965 130.642
-21.8592 130.636
-21.8206 130.62
-21.7786 130.579
-21.7377 130.546
-21.6994 130.532
-21.6567 130.485
-21.619 130.476
-21.5794 130.452
-21.5416 130.442
-21.5023 130.421
-21.4658 130.421
-21.4288 130.417
-21.389 130.392
-21.3505 130.376
-21.308 130.329
-21.2703 130.32
-21.233 130.314
-21.1935 130.29
-21.1558 130.281
-21.1168 130.261
-21.0776 130.24
-21.0384 130.218
-21.0007 130.209
-20.965 130.215
-20.9268 130.201
-20.8874 130.178
-20.8499 130.17
-20.8125 130.162
-20.7746 130.15
-20.7342 130.119
-20.6965 130.11
-20.6594 130.104
-20.6219 130.096
-20.584 130.084
-20.5471 130.081
-20.5104 130.079
-20.4733 130.073
-20.4358 130.065
-20.3984 130.057
-20.361 130.05
-20.3227 130.034
-20.2841 130.017
-20.2464 130.007
-20.2093 130.001
-20.1726 129.999
-20.1357 129.995
-20.0983 129.988
-20.0614 129.984
-20.0247 129.982
-19.9881 129.98
-19.9495 129.962
-19.9129 129.96
-19.8757 129.955
-19.8381 129.945
-19.8017 129.945
-19.7655 129.947
-19.7288 129.945
-19.6924 129.945
-19.6553 129.939
-19.6188 129.939
-19.5831 129.945
-19.5464 129.943
-19.5097 129.941
-19.4733 129.941
-19.4362 129.936
-19.3993 129.932
-19.3622 129.926
-19.3259 129.928
-19.2904 129.936
-19.2547 129.941
-19.2196 129.953
-19.1834 129.955
-19.1469 129.955
-19.1107 129.957
-19.0727 129.944
-19.0351 129.934
-19.0009 129.953
-18.9671 129.977
-18.9304 129.975
-18.8931 129.967
-18.8575 129.975
-18.8211 129.975
-18.785 129.979
-18.7475 129.969
-18.7117 129.975
-18.6783 130.002
-18.6432 130.014
-18.6069 130.016
-18.5698 130.01
-18.5333 130.01
-18.4957 130
-18.4614 130.02
-18.4258 130.028
-18.3896 130.029
-18.3522 130.022
-18.3157 130.022
-18.2792 130.022
-18.243 130.024
-18.2082 130.039
-18.1741 130.061
-18.1389 130.072
-18.1032 130.08
-18.0663 130.076
-18.0296 130.074
-17.9939 130.082
-17.9598 130.104
-17.925 130.119
-17.8887 130.121
-17.8534 130.133
-17.818 130.143
-17.7831 130.158
-17.7487 130.178
-17.713 130.186
-17.6771 130.192
-17.6418 130.203
-17.6074 130.223
-17.5715 130.229
-17.5366 130.244
-17.5009 130.252
-17.4647 130.256
-17.4294 130.268
-17.396 130.297
-17.361 130.313
-17.3261 130.328
-17.2916 130.348
-17.256 130.358
-17.2215 130.377
-17.1861 130.389
-17.1514 130.407
-17.1158 130.416
-17.0804 130.428
-17.0467 130.456
-17.0121 130.475
-16.9767 130.487
-16.9429 130.514
-16.9085 130.536
-16.8731 130.548
-16.8386 130.569
-16.8032 130.581
-16.7699 130.614
-16.7371 130.652
-16.7012 130.66
-16.6658 130.671
-16.6313 130.693
-16.596 130.707
-16.5619 130.732
-16.5276 130.756
-16.4925 130.771
-16.4587 130.801
-16.4251 130.832
-16.3916 130.864
-16.3586 130.901
-16.3222 130.905
-16.2865 130.915
-16.2517 130.935
-16.2196 130.982
-16.1856 131.01
-16.15 131.022
-16.1156 131.045
-16.0819 131.077
-16.0484 131.11
-16.0143 131.138
-15.9827 131.191
-15.948 131.213
-15.9135 131.237
-15.8791 131.262
-15.8455 131.296
-15.8123 131.334
-15.7785 131.365
-15.7445 131.395
-15.7088 131.407
-15.6765 131.454
-15.643 131.49
-15.6114 131.546
-15.576 131.561
-15.5421 131.593
-15.5091 131.635
-15.4737 131.651
-15.4423 131.71
-15.4089 131.748
-15.3774 131.806
-15.3441 131.846
-15.3121 131.899
-15.2787 131.937
-15.2446 131.969
-15.211 132.005
-15.0848 132.245
-15.049 132.259
-15.0168 132.313
-14.9832 132.351
-14.9496 132.389
-14.9177 132.447
-14.884 132.485
-14.8261 132.668
-14.7909 132.69
-14.7575 132.732
-14.724 132.773
-14.6946 132.861
