7.63882 130.824
7.67533 130.804
7.7112 130.77
7.74686 130.732
7.77627 130.561
7.80981 130.479
7.84173 130.363
7.87604 130.299
7.91015 130.232
7.94346 130.148
7.97616 130.053
8.01017 129.986
8.04453 129.926
8.07964 129.883
8.11347 129.813
8.14659 129.73
8.18192 129.693
8.21714 129.653
8.25322 129.632
8.28584 129.541
8.3197 129.476
8.35504 129.44
8.38906 129.379
8.42335 129.324
8.45762 129.269
8.49288 129.234
8.52812 129.199
8.56294 129.155
8.59805 129.118
8.63263 129.071
8.66657 129.012
8.70245 128.991
8.73676 128.94
8.77157 128.899
8.80731 128.875
8.84167 128.826
8.87749 128.805
8.91181 128.756
8.94718 128.727
8.98242 128.696
9.01755 128.663
9.05266 128.629
9.08819 128.604
9.12338 128.573
9.15736 128.52
9.19328 128.503
9.22766 128.458
9.26368 128.443
9.29902 128.415
9.33402 128.382
9.36823 128.336
9.40431 128.322
9.43972 128.297
9.47533 128.276
9.50981 128.235
9.54586 128.221
9.58134 128.198
9.61634 128.167
9.65157 128.14
9.68689 128.115
9.72278 128.099
9.75867 128.084
9.79431 128.065
9.82948 128.038
9.8644 128.007
9.89931 127.976
9.93433 127.947
9.97004 127.929
10.0063 127.922
10.0424 127.91
10.0776 127.885
10.1128 127.86
10.1478 127.831
10.1834 127.814
10.2196 127.804
10.2556 127.792
10.2916 127.781
10.3271 127.762
10.3625 127.74
10.3983 127.727
10.4337 127.706
10.4693 127.688
10.5054 127.679
10.5405 127.654
10.576 127.637
10.612 127.625
10.6482 127.617
10.6843 127.608
10.7196 127.587
10.7553 127.573
10.7914 127.564
10.8269 127.546
10.8626 127.531
10.8986 127.521
10.9345 127.51
10.9705 127.5
11.0064 127.489
11.042 127.473
11.0779 127.462
11.1139 127.452
11.15 127.445
11.186 127.435
11.2216 127.42
11.2577 127.412
11.2938 127.404
11.3298 127.395
11.3658 127.385
11.4018 127.376
11.4373 127.36
11.4733 127.351
11.5098 127.349
11.5464 127.349
11.5832 127.351
11.6195 127.347
11.6561 127.347
11.6928 127.347
11.7287 127.338
11.7645 127.326
11.7997 127.307
11.8356 127.298
11.8723 127.298
11.909 127.3
11.9456 127.3
11.9796 127.263
12.0147 127.244
12.0478 127.196
12.0839 127.19
12.1197 127.179
12.1624 127.261
12.2018 127.298
12.2381 127.294
12.2741 127.287
12.3108 127.287
12.3472 127.285
12.3837 127.283
12.4194 127.271
12.4557 127.268
12.4917 127.26
12.5275 127.248
12.5648 127.258
12.602 127.266
12.639 127.272
12.6757 127.272
12.712 127.268
12.7489 127.272
12.7858 127.276
12.8225 127.278
12.859 127.276
12.8959 127.28
12.9334 127.291
12.9706 127.299
13.0078 127.307
13.0446 127.309
13.0809 127.305
13.1172 127.301
13.1535 127.297
13.1901 127.297
13.2275 127.307
13.2649 127.316
13.3018 127.32
13.3387 127.324
13.3765 127.338
13.4132 127.34
13.451 127.353
13.4879 127.357
13.5247 127.359
13.5624 127.372
13.601 127.396
13.6387 127.409
13.6755 127.411
13.7115 127.403
13.7492 127.417
13.7865 127.425
13.8238 127.432
13.8622 127.454
13.9008 127.477
13.9378 127.481
13.9749 127.486
14.0122 127.494
14.0507 127.515
14.0882 127.525
14.1255 127.533
14.1652 127.567
14.2023 127.573
14.24 127.585
14.2779 127.598
14.315 127.604
14.3529 127.618
14.3914 127.639
14.4293 127.652
14.4679 127.674
14.505 127.68
14.5422 127.685
14.5808 127.707
14.6187 127.72
14.6587 127.757
14.6964 127.768
14.7344 127.782
14.7732 127.805
14.8121 127.83
14.8503 127.846
14.8887 127.865
14.9263 127.875
14.9655 127.902
15.0044 127.925
15.0424 127.939
15.0834 127.985
15.1212 127.997
15.1621 128.042
15.1996 128.049
15.237 128.057
15.2785 128.108
15.3162 128.117
15.3555 128.145
15.3948 128.172
15.4347 128.205
15.4743 128.234
15.5142 128.267
15.5538 128.296
15.5924 128.316
15.6311 128.335
15.6729 128.388
15.7122 128.413
15.7524 128.448
15.7905 128.462
15.8328 128.518
15.8752 128.575
15.9152 128.608
15.9548 128.635
15.9951 128.67
16.0356 128.708
16.0755 128.739
16.1174 128.79
16.1557 128.803
16.1978 128.856
16.2378 128.888
16.2802 128.942
16.4063 129.095
16.4495 129.158
16.4883 129.176
16.5338 129.261
16.9299 129.877
16.978 129.984
17.0172 130.003
