-5.73347 157.01
-5.69169 157.038
-5.64945 157.052
-5.60984 157.157
-4.72719 154.232
-4.68392 154.181
-4.64116 154.15
-4.59947 154.163
-4.4671 153.892
-4.42344 153.819
-4.38104 153.798
-4.33783 153.742
-4.29506 153.704
-4.25218 153.661
-4.21001 153.648
-4.12384 153.539
-4.08225 153.551
-4.03924 153.498
-3.99646 153.455
-3.95307 153.382
-3.91087 153.364
-3.86826 153.326
-3.82546 153.278
-3.78243 153.217
-3.74043 153.207
-3.69843 153.197
-3.65546 153.136
-3.61329 153.116
-3.57022 153.047
-3.52836 153.042
-3.48641 153.032
-3.44359 152.974
-3.40152 152.956
-3.35905 152.916
-3.31714 152.906
-3.27453 152.855
-3.23268 152.848
-3.19079 152.838
-3.14852 152.805
-3.10635 152.777
-3.06411 152.744
-3.02229 152.737
-2.97987 152.691
-2.93803 152.681
-2.89627 152.676
-2.85444 152.666
-2.81219 152.628
-2.77003 152.595
-2.72796 152.568
-2.6862 152.56
-2.6444 152.55
-2.60247 152.53
-2.56064 152.517
-2.51876 152.5
-2.47719 152.505
-2.43528 152.484
-2.39341 152.467
-2.35156 152.449
-2.30974 152.434
-2.26802 152.426
-2.22618 152.409
-2.18444 152.399
-2.14259 152.378
-2.10069 152.353
-2.05897 152.343
-2.01742 152.348
-1.97573 152.341
-1.93387 152.315
-1.89203 152.293
-1.85021 152.27
-1.8086 152.268
-1.76684 152.25
-1.72518 152.242
-1.68353 152.235
-1.64197 152.237
-1.60015 152.21
-1.55853 152.204
-1.517 152.209
-1.4754 152.207
-1.43379 152.202
-1.39218 152.197
-1.35051 152.184
-1.30885 152.171
-1.26727 152.169
-1.22575 152.176
-1.18417 152.173
-1.14251 152.158
-1.1009 152.151
-1.05937 152.156
-1.01786 152.166
-0.976283 152.163
-0.934653 152.15
-0.893092 152.15
-0.851374 152.118
-0.809775 152.108
-0.768212 152.105
-0.726745 152.125
-0.685318 152.157
-0.643775 152.162
-0.602194 152.157
-0.560607 152.149
-0.519085 152.162
-0.477501 152.154
-0.435953 152.159
-0.394385 152.156
-0.352807 152.149
-0.311243 152.146
-0.269692 152.151
-0.228132 152.151
-0.186553 152.136
-0.144993 152.133
-0.103435 152.13
-0.0618829 152.135
-0.0203397 152.165
0.021221 152.175
0.062786 152.177
0.104353 152.182
0.14592 152.185
0.18749 152.19
0.229067 152.199
0.270651 152.212
0.312237 152.222
0.353812 152.222
0.395413 152.236
0.43701 152.246
0.478596 152.249
0.520201 152.259
0.561836 152.278
0.603481 152.298
0.645072 152.298
0.686663 152.298
0.728281 152.305
0.769948 152.325
0.811595 152.338
0.853215 152.343
0.894871 152.355
0.936556 152.372
0.978235 152.387
1.01993 152.405
1.06159 152.412
1.10338 152.444
1.14503 152.449
1.1867 152.457
1.22844 152.474
1.27018 152.491
1.31193 152.509
1.35367 152.524
1.39539 152.536
1.4372 152.559
1.47913 152.596
1.52098 152.621
1.5627 152.628
1.60444 152.638
1.64617 152.646
1.68818 152.686
1.73023 152.728
1.77208 152.746
1.81402 152.773
1.85595 152.798
1.8979 152.823
1.93973 152.836
1.98174 152.866
2.02358 152.878
2.06594 152.938
2.10778 152.948
2.14987 152.981
2.19172 152.991
2.23389 153.029
2.27608 153.066
2.31829 153.104
2.36015 153.111
2.40198 153.116
2.4446 153.184
2.48703 153.235
2.52931 153.272
2.57148 153.3
2.61353 153.317
2.65579 153.35
2.69817 153.39
2.74053 153.428
2.78294 153.469
2.86782 153.549
2.91025 153.587
2.95274 153.628
3.33784 154.107
3.38 154.117
3.76897 154.696
3.81203 154.744
3.85615 154.847
3.89997 154.931
