-12.6715 148.849
-12.6279 148.812
-12.5853 148.791
-12.5395 148.723
-12.4939 148.654
-12.4502 148.616
-12.4057 148.565
-12.3614 148.516
-12.3177 148.478
-12.2741 148.439
-12.2295 148.386
-12.1874 148.369
-12.1425 148.311
-12.0987 148.268
-12.0565 148.251
-12.0113 148.186
-11.9675 148.142
-11.9254 148.126
-11.8808 148.07
-11.8391 148.058
-11.7946 148.003
-11.7525 147.986
-11.7077 147.926
-11.6657 147.909
-11.6228 147.878
-11.5798 147.845
-11.5382 147.835
-11.495 147.799
-11.4514 147.756
-11.4099 147.747
-11.3659 147.696
-11.3245 147.689
-11.2827 147.675
-11.2411 147.663
-11.1974 147.618
-11.1544 147.582
-11.1125 147.565
-11.071 147.556
-11.0297 147.549
-10.9867 147.513
-10.9451 147.502
-10.9033 147.487
-10.8608 147.459
-10.8178 147.423
-10.7761 147.409
-10.7337 147.383
-10.6935 147.395
-10.6506 147.359
-10.6088 147.343
-10.5671 147.328
-10.5252 147.309
-10.4842 147.307
-10.4418 147.281
-10.3998 147.26
-10.3572 147.229
-10.3158 147.22
-10.2741 147.203
-10.233 147.199
-10.1916 147.189
-10.1507 147.187
-10.1089 147.171
-10.068 147.168
-10.0268 147.162
-9.98476 147.14
-9.94278 147.119
-9.90171 147.114
-9.86051 147.108
-9.81918 147.098
-9.77697 147.072
-9.7354 147.058
-9.69447 147.056
-9.65366 147.056
-9.61273 147.054
-9.57192 147.054
-9.53074 147.047
-9.4898 147.045
-9.44875 147.041
-9.4072 147.027
-9.36591 147.017
-9.32474 147.011
-9.28393 147.011
-9.24288 147.006
-9.20184 147.002
-9.16067 146.995
-9.11939 146.986
-9.07847 146.984
-9.03695 146.969
-8.9958 146.963
-8.95523 146.968
-8.91477 146.975
-8.87396 146.975
-8.83304 146.973
-8.79188 146.966
-8.75073 146.96
-8.70958 146.953
-8.66866 146.951
-8.62819 146.958
-8.58771 146.965
-8.34784 142.675
-8.30618 142.637
-8.26496 142.607
-8.22155 142.53
-8.38297 146.953
-8.3415 146.938
-8.30177 146.963
-8.2603 146.949
-8.21916 146.942
-8.17813 146.937
-8.13763 146.945
-8.09818 146.976
-8.05777 146.986
-8.01725 146.994
-7.97662 146.999
-7.93579 146.999
-7.89536 147.009
-7.85554 147.033
-7.815 147.041
-7.77486 147.058
-7.73451 147.07
-7.69385 147.075
-7.65329 147.083
-7.61302 147.097
-7.57255 147.107
-7.53227 147.122
-7.49159 147.127
-7.45071 147.127
-7.40993 147.13
-7.36963 147.145
-7.32912 147.155
-7.28871 147.167
-7.2482 147.177
-7.20853 147.208
-7.16819 147.223
-7.12821 147.248
-7.08822 147.272
-7.04758 147.279
-7.00675 147.282
-6.96601 147.287
-6.92581 147.307
-6.88677 147.358
-6.84618 147.368
-6.80524 147.368
-6.76491 147.385
-6.72563 147.431
-6.68484 147.436
-6.64414 147.444
-6.60343 147.451
-6.56307 147.469
-6.52354 147.51
-6.4829 147.52
-6.442 147.523
-6.40201 147.552
-6.36152 147.567
-6.32168 147.601
-6.28165 147.63
-6.24137 147.652
-6.20149 147.686
-6.16135 147.713
-6.12047 147.718
-6.07967 147.726
-6.03958 147.755
-5.99869 147.76
-5.95811 147.775
-5.91884 147.831
-5.87824 147.846
-5.83793 147.87
-5.79724 147.883
-5.75736 147.922
-5.71822 147.985
-5.67757 148
-5.63727 148.027
-5.59623 148.03
-5.55621 148.067
-5.51718 148.137
-5.47655 148.155
-5.4364 148.189
-5.35627 148.265
-5.31636 148.309
-5.27656 148.358
-5.23633 148.393
-5.19568 148.412
-5.15461 148.418
-5.11454 148.459
-5.07466 148.508
-5.03548 148.585
-4.99522 148.621
-4.31628 149.597
-4.27554 149.629
-4.23709 149.763
-4.19663 149.811
-4.15664 149.88
-3.72969 153.52
