-12.0951 144.52
-12.0521 144.478
-12.0072 144.406
-11.9151 144.227
-11.8722 144.186
-11.8277 144.119
-11.783 144.049
-11.7386 143.982
-11.697 143.959
-11.6534 143.904
-11.6118 143.881
-11.5696 143.846
-11.5254 143.782
-11.4809 143.712
-11.4383 143.671
-11.3942 143.607
-11.3528 143.584
-11.3094 143.531
-11.2685 143.515
-11.2263 143.481
-11.1828 143.423
-11.1415 143.403
-11.0978 143.341
-11.0554 143.302
-11.0148 143.29
-10.9716 143.238
-10.9307 143.222
-10.8866 143.153
-10.8448 143.121
-10.8046 143.117
-10.7643 143.11
-10.7224 143.076
-10.6792 143.021
-10.6384 143.005
-10.5967 142.975
-10.5562 142.964
-10.513 142.907
-10.4722 142.891
-10.4305 142.859
-10.389 142.832
-10.3484 142.819
-10.3072 142.796
-10.2669 142.787
-10.2251 142.753
-10.1836 142.723
-10.1434 142.717
-10.1028 142.703
-10.0602 142.655
-10.0186 142.624
-9.97808 142.61
-9.93777 142.601
-9.89658 142.576
-9.85615 142.565
-9.81498 142.54
-9.77432 142.525
-9.73267 142.491
-9.69251 142.484
-9.65249 142.48
-9.61246 142.475
-9.57219 142.466
-9.53144 142.448
-9.48948 142.408
-9.44935 142.401
-9.40922 142.394
-9.36898 142.385
-9.32802 142.363
-9.28719 142.343
-9.2472 142.338
-9.2072 142.334
-9.16709 142.327
-9.12687 142.318
-9.08676 142.312
-9.04643 142.301
-9.00575 142.283
-8.9652 142.267
-8.92488 142.256
-8.88479 142.249
-8.84459 142.24
-8.80394 142.222
-8.76386 142.216
-8.724 142.214
-8.68437 142.216
-8.64462 142.217
-8.60487 142.217
-8.5649 142.212
-8.52461 142.201
-8.48422 142.188
-8.44425 142.184
-8.4044 142.182
-8.36412 142.17
-8.32374 142.157
-8.28368 142.15
-8.24383 142.148
-8.20398 142.146
-8.16403 142.142
-8.12418 142.14
-8.08444 142.14
-8.04438 142.134
-8.00454 142.132
-7.96499 142.136
-7.92534 142.139
-7.88559 142.139
-7.84594 142.142
-7.80619 142.142
-7.76643 142.142
-7.72658 142.14
-7.68643 142.131
-7.64639 142.125
-7.60683 142.129
-7.56717 142.132
-7.52722 142.128
-7.48746 142.128
-7.44741 142.121
-7.40709 142.108
-7.36687 142.097
-7.32711 142.097
-7.28754 142.102
-7.24796 142.106
-7.20884 142.123
-7.16926 142.127
-7.12977 142.134
-7.09045 142.146
-7.05103 142.155
-7.01152 142.162
-6.97218 142.174
-6.93258 142.179
-6.89297 142.184
-6.85327 142.186
-6.81365 142.191
-6.77481 142.216
-6.73578 142.237
-6.69683 142.26
-6.65719 142.265
-6.61746 142.267
-6.57832 142.286
-6.53891 142.297
-6.49934 142.305
-6.45943 142.302
-6.41961 142.303
-6.38002 142.31
-6.34116 142.337
-6.30157 142.344
-6.26189 142.349
-6.22276 142.37
-6.18425 142.409
-6.14478 142.421
-6.10515 142.428
-6.0656 142.437
-6.02673 142.467
-5.98701 142.472
-5.94751 142.484
-5.90801 142.495
-5.8682 142.498
-5.82839 142.5
-5.78939 142.528
-5.75045 142.558
-5.71179 142.597
-5.67281 142.627
-5.63318 142.636
-5.59348 142.644
-5.55426 142.667
-5.51539 142.701
-5.47594 142.718
-5.43627 142.727
-5.3964 142.729
-5.35699 142.748
-5.31731 142.757
-5.27823 142.788
-5.2392 142.82
-5.1997 142.836
-5.16117 142.887
-5.12138 142.894
-5.08158 142.901
-5.04256 142.936
-5.00421 142.996
-4.96452 143.008
-4.92544 143.042
-4.88647 143.082
-4.84724 143.112
-4.80738 143.119
-4.7674 143.122
-4.72886 143.179
-4.68933 143.2
-4.65016 143.235
-4.61144 143.288
-4.45404 143.409
-4.41482 143.447
-4.37554 143.482
-4.33573 143.496
-4.29686 143.549
-4.25714 143.568
-4.21779 143.603
-4.17854 143.642
-4.13927 143.682
-4.10055 143.747
-4.06118 143.785
-4.02185 143.824
-3.9824 143.859
-3.94293 143.894
-3.904 143.955
-3.864 143.967
-3.82532 144.042
-3.7866 144.116
-3.74713 144.156
-3.70765 144.196
-3.66871 144.264
-3.62937 144.313
-3.59038 144.381
-3.55149 144.456
-3.51189 144.496
-3.47246 144.545
-3.39549 144.75
-3.35592 144.797
-3.31621 144.837
-3.08409 145.465
-3.04448 145.524
-3.00481 145.581
-2.96453 145.603
-2.8028 148.326
