-24.8704 83.9037
-24.8432 83.8985
-5.87408 126.692
-5.83581 126.634
-5.7993 126.622
-5.76307 126.619
-5.72691 126.617
-5.04494 125.615
-5.00871 125.604
-4.97058 125.533
-4.93431 125.519
-4.89758 125.492
-4.82392 125.428
-4.63887 125.231
-4.60231 125.205
-4.56625 125.196
-4.53036 125.192
-4.45693 125.127
-4.42036 125.099
-4.38397 125.077
-4.3478 125.062
-4.31086 125.019
-4.27429 124.99
-4.23774 124.96
-4.20125 124.932
-4.16488 124.908
-4.12886 124.897
-4.09241 124.869
-4.05597 124.842
-4.01949 124.812
-3.98312 124.786
-3.947 124.769
-3.91065 124.744
-3.87432 124.718
-3.83836 124.707
-3.80218 124.686
-3.76637 124.681
-3.73056 124.675
-3.69418 124.646
-3.65812 124.629
-3.62215 124.616
-3.58572 124.583
-3.54985 124.574
-3.51399 124.565
-3.47784 124.543
-3.4417 124.521
-3.40578 124.508
-3.36986 124.495
-3.33363 124.467
-3.29788 124.462
-3.26213 124.456
-3.22624 124.443
-3.19015 124.421
-3.15431 124.41
-3.11835 124.394
-3.08252 124.383
-3.04687 124.381
-3.01101 124.368
-2.97508 124.352
-2.93926 124.341
-2.90341 124.328
-2.86771 124.322
-2.83191 124.311
-2.79607 124.298
-2.76015 124.28
-2.72433 124.267
-2.68852 124.254
-2.65271 124.241
-2.617 124.234
-2.58136 124.23
-2.54572 124.227
-2.50998 124.218
-2.4745 124.223
-2.43865 124.207
-2.40287 124.194
-2.36713 124.183
-2.33142 124.174
-2.29579 124.17
-2.2602 124.168
-2.22452 124.161
-2.18885 124.154
-2.15313 124.143
-2.1178 124.159
-2.08218 124.156
-2.02286 122.395
-1.98798 122.416
-1.95234 122.38
-1.93946 124.121
-1.90397 124.126
-1.86839 124.125
-1.83278 124.121
-1.79716 124.116
-1.76145 124.103
-1.72581 124.095
-1.69027 124.097
-1.65478 124.103
-1.61924 124.105
-1.58384 124.119
-1.54839 124.13
-1.51294 124.142
-1.47733 124.138
-1.44175 124.136
-1.40627 124.145
-1.3709 124.167
-1.33546 124.182
-1.29958 124.147
-1.26389 124.133
-1.22829 124.129
-1.19264 124.118
-1.1572 124.134
-1.1217 124.144
-1.08616 124.147
-1.05061 124.149
-1.01497 124.14
-0.979366 124.135
-0.943786 124.133
-0.908219 124.133
-0.872673 124.137
-0.837126 124.14
-0.801576 124.144
-0.766016 124.146
-0.730454 124.148
-0.694954 124.162
-0.659413 124.17
-0.623869 124.177
-0.588298 124.179
-0.552668 124.166
-0.517098 124.168
-0.481566 124.181
-0.446041 124.198
-0.410559 124.231
-0.374984 124.236
-0.339376 124.231
-0.303785 124.231
-0.268205 124.236
-0.23263 124.246
-0.197048 124.253
-0.161457 124.257
-0.125873 124.268
-0.09029 124.284
-0.0546995 124.301
-0.0190993 124.314
0.0165068 124.327
0.0521196 124.334
0.0877356 124.34
0.123356 124.351
0.158981 124.362
0.194604 124.364
0.230231 124.367
0.265867 124.378
0.301517 124.395
0.337189 124.421
0.372852 124.436
0.408522 124.45
0.444182 124.458
0.479873 124.476
0.515588 124.5
0.55128 124.513
0.58696 124.521
0.622676 124.537
0.658427 124.561
0.694116 124.567
0.729815 124.574
0.765542 124.587
0.801376 124.622
0.837084 124.628
0.872785 124.632
0.908595 124.656
0.944375 124.672
0.980311 124.715
1.01607 124.724
1.05184 124.735
1.08784 124.782
1.12374 124.81
1.15951 124.815
1.19539 124.837
1.23117 124.845
1.26693 124.849
1.30282 124.869
1.33869 124.886
1.37478 124.928
1.41096 124.979
1.44688 124.997
1.48298 125.034
1.51887 125.047
1.55475 125.059
1.59089 125.096
1.62689 125.118
1.66315 125.165
1.69911 125.18
1.73525 125.211
1.77126 125.23
1.80738 125.258
1.84354 125.288
1.87967 125.314
1.91588 125.346
1.95212 125.379
1.98836 125.411
2.02465 125.447
2.06115 125.497
2.09756 125.538
2.13383 125.568
2.17005 125.592
2.20633 125.621
2.24288 125.667
2.27947 125.716
2.31564 125.733
2.35206 125.767
2.38857 125.806
2.42533 125.861
2.46214 125.917
2.49866 125.953
2.53543 126.004
2.57232 126.06
2.60926 126.119
2.64592 126.158
2.68294 126.219
2.71961 126.256
2.75665 126.315
2.7933 126.349
2.83079 126.43
2.86788 126.487
2.90462 126.523
2.94231 126.61
2.97958 126.673
3.01721 126.752
3.05419 126.796
3.12939 126.945
3.24302 127.196
3.56029 128.447
3.5976 128.482
3.63446 128.496
3.67097 128.494
