-10.4372 155.003
-10.3951 155.003
-10.3528 155
-9.44703 152.886
-9.40487 152.876
-9.36096 152.831
-9.31399 152.723
-9.27039 152.682
-9.22668 152.64
-9.18177 152.572
-9.1392 152.552
-9.09471 152.492
-9.0512 152.452
-9.00891 152.437
-8.96531 152.394
-8.92031 152.322
-8.87711 152.287
-8.83381 152.249
-8.79146 152.232
-8.7483 152.197
-8.7047 152.152
-8.6602 152.087
-8.61687 152.047
-8.57367 152.009
-8.53026 151.967
-8.48788 151.947
-8.44529 151.922
-8.40281 151.9
-8.36046 151.88
-8.31713 151.838
-8.27359 151.79
-8.23095 151.763
-8.1894 151.761
-8.14775 151.756
-8.10427 151.708
-8.06145 151.676
-8.01876 151.646
-7.97681 151.634
-7.93403 151.602
-7.89158 151.577
-7.84987 151.569
-7.80795 151.557
-7.76604 151.545
-7.72249 151.492
-7.68019 151.47
-7.63749 151.438
-7.59491 151.408
-7.55314 151.398
-7.51127 151.386
-7.46902 151.364
-7.42657 151.336
-7.38453 151.319
-7.34279 151.309
-7.30057 151.287
-7.25893 151.279
-7.21682 151.26
-7.17463 151.237
-7.13253 151.218
-7.09073 151.205
-7.04921 151.2
-7.00779 151.198
-6.96627 151.193
-6.92412 151.171
-6.88224 151.156
-6.84074 151.151
-6.79933 151.148
-6.75756 151.136
-6.71544 151.114
-6.67359 151.099
-6.63219 151.097
-6.59044 151.084
-6.54852 151.067
-6.50635 151.042
-6.46445 151.025
-6.42375 151.042
-6.38219 151.035
-6.34063 151.027
-6.29883 151.012
-6.25753 151.012
-6.21632 151.015
-6.17494 151.012
-6.13331 151.003
-6.09186 150.998
-6.05064 151
-6.00926 150.998
-5.96757 150.985
-5.92596 150.975
-5.88467 150.975
-5.84337 150.975
-5.80169 150.963
-5.76009 150.953
-5.71896 150.958
-5.67752 150.953
-5.63615 150.951
-5.59508 150.958
-5.55416 150.97
-5.51301 150.975
-5.47186 150.98
-5.42955 150.946
-5.38762 150.923
-5.34726 150.955
-5.30703 150.992
-5.26586 150.997
-5.22414 150.982
-5.18257 150.973
-5.14141 150.977
-5.09983 150.968
-5.05881 150.977
-5.01717 150.965
-4.97601 150.97
-4.93484 150.975
-4.89374 150.982
-4.85256 150.987
-4.81171 151.004
-4.77066 151.014
-4.72954 151.022
-4.68791 151.009
-4.64661 151.009
-4.60548 151.016
-4.56454 151.031
-4.52352 151.044
-4.48227 151.046
-4.44089 151.043
-4.39957 151.043
-4.35843 151.051
-4.31745 151.066
-4.27636 151.075
-4.23543 151.093
-4.19461 151.115
-4.15372 151.135
-4.11265 151.147
-4.07153 151.157
-4.03024 151.159
-3.98895 151.162
-3.94771 151.167
-3.90668 151.181
-3.86569 151.199
-3.82485 151.223
-3.78374 151.236
-3.74263 151.248
-3.70132 151.25
-3.66044 151.275
-3.61931 151.287
-3.57837 151.31
-3.53728 151.324
-3.49608 151.334
-3.45521 151.361
-3.414 151.371
-3.37311 151.399
-3.3318 151.403
-3.29089 151.431
-3.24979 151.448
-3.20859 151.46
-3.16761 151.485
-3.12648 151.502
-3.08539 151.522
-3.04458 151.559
-3.00327 151.567
-2.96239 151.601
-2.92142 151.631
-2.88005 151.636
-2.83875 151.646
-2.79783 151.681
-2.75689 151.715
-2.71564 151.73
-2.67463 151.763
-2.63344 151.782
-2.59217 151.797
-2.5512 151.835
-2.51028 151.877
-2.46931 151.917
-2.42829 151.954
-2.38687 151.961
-2.34579 151.996
-2.30429 151.999
-2.26316 152.031
-2.18121 152.126
-2.14041 152.191
-2.09895 152.201
-2.01665 152.278
-1.97547 152.315
-1.93394 152.323
-1.89276 152.363
-1.85183 152.43
-1.81033 152.443
-1.76935 152.511
-1.72814 152.556
-1.68718 152.631
-1.64569 152.651
-1.60463 152.721
-1.56331 152.764
-1.52228 152.844
-1.48142 152.95
-1.43992 152.98
-1.39829 152.995
-1.35681 153.03
-1.31514 153.043
-1.14991 153.328
-1.10837 153.373
-1.06712 153.472
-0.402478 155.612
