-21.7658 130.732
-21.3546 130.424
-21.3135 130.393
-21.2785 130.409
-21.2348 130.357
-21.1934 130.324
-21.1546 130.31
-21.1178 130.312
-20.9136 130.164
-20.8734 130.138
-20.8354 130.131
-20.7948 130.103
-20.7156 130.062
-20.6781 130.058
-20.6389 130.04
-20.6036 130.054
-20.5637 130.031
-20.5262 130.027
-20.4416 129.942
-20.4041 129.938
-20.3671 129.939
-20.3297 129.935
-20.2885 129.901
-20.2469 129.864
-20.2097 129.862
-20.1742 129.874
-20.1343 129.851
-20.0969 129.847
-19.9756 129.762
-19.9384 129.761
-19.901 129.757
-19.8633 129.751
-19.8259 129.748
-19.7863 129.726
-19.7489 129.722
-19.711 129.715
-19.6741 129.715
-19.6369 129.713
-19.5995 129.709
-19.5578 129.67
-19.5209 129.67
-19.483 129.663
-19.4451 129.655
-19.406 129.637
-19.3686 129.634
-19.3315 129.632
-19.2945 129.632
-19.2578 129.634
-19.2207 129.633
-19.1826 129.623
-19.1449 129.617
-19.1071 129.61
-19.0683 129.594
-19.0316 129.596
-18.9951 129.6
-18.9584 129.603
-18.9212 129.601
-18.8831 129.591
-18.8448 129.58
-18.806 129.564
-18.7675 129.55
-18.7301 129.547
-18.6929 129.545
-18.6578 129.561
-18.6197 129.551
-18.583 129.554
-18.5465 129.558
-18.5102 129.564
-18.4731 129.562
-18.4361 129.562
-18.3998 129.569
-18.3638 129.577
-18.327 129.579
-18.2894 129.573
-18.25 129.552
-18.2139 129.56
-18.1792 129.58
-18.144 129.596
-18.107 129.596
-18.0683 129.581
-18.0302 129.571
-17.9952 129.589
-17.9604 129.609
-17.9251 129.625
-17.8875 129.62
-17.849 129.606
-17.8092 129.58
-17.7725 129.583
-17.7368 129.595
-17.7006 129.603
-17.6645 129.611
-17.6271 129.607
-17.5897 129.604
-17.5559 129.634
-17.5184 129.63
-17.4812 129.628
-17.4449 129.634
-17.4085 129.64
-17.3723 129.649
-17.3364 129.659
-17.3017 129.681
-17.2663 129.697
-17.2314 129.717
-17.1935 129.709
-17.1546 129.692
-17.1203 129.718
-17.0851 129.736
-17.0487 129.742
-17.0125 129.75
-16.9794 129.788
-16.9442 129.806
-16.9085 129.82
-16.8743 129.848
-16.8381 129.857
-16.801 129.857
-16.7648 129.865
-16.7289 129.877
-16.6924 129.883
-16.6572 129.902
-16.6231 129.932
-16.5876 129.948
-16.5509 129.952
-16.5144 129.958
-16.4799 129.984
-16.444 129.997
-16.4083 130.011
-16.3737 130.037
-16.3376 130.047
-16.3021 130.063
-16.2677 130.091
-16.2331 130.118
-16.1983 130.142
-16.1624 130.154
-16.1262 130.164
-16.0912 130.186
-16.0565 130.213
-16.0209 130.229
-15.9867 130.259
-15.9518 130.283
-15.9156 130.294
-15.8805 130.316
-15.8458 130.342
-15.8096 130.352
-15.7733 130.362
-15.7409 130.413
-15.7067 130.445
-15.672 130.471
-15.636 130.486
-15.5996 130.494
-15.564 130.512
-15.5271 130.516
-15.4927 130.547
-15.4603 130.599
-15.4246 130.615
-15.392 130.666
-15.3558 130.678
-15.3209 130.705
-15.2849 130.719
-15.2521 130.767
-15.2163 130.784
-15.1813 130.81
-15.1464 130.836
-15.1102 130.849
-15.0771 130.895
-15.0408 130.908
-15.0086 130.964
-14.9767 131.025
-14.9406 131.039
-14.908 131.092
-14.8724 131.113
-14.8395 131.163
-14.8052 131.198
-14.7704 131.229
-14.7361 131.263
-14.7037 131.32
-14.668 131.341
-14.6374 131.418
-14.6006 131.426
-14.4303 131.624
-13.3054 133.068
-13.2686 133.083
-13.2316 133.093
-13.1966 133.131
