18.4534 153.868
18.4855 153.759
18.54 153.886
18.6277 149.17
18.6674 149.152
18.705 149.113
18.8394 148.801
18.8734 148.727
18.9074 148.654
18.9415 148.583
18.9784 148.539
19.0182 148.524
19.0523 148.453
19.0898 148.416
19.1239 148.345
19.1969 148.252
19.2313 148.187
19.3319 147.962
19.3723 147.955
19.4157 147.977
19.45 147.911
19.4866 147.867
19.5244 147.836
19.7096 147.641
19.7433 147.571
19.7833 147.561
19.8205 147.525
19.8605 147.515
19.8972 147.474
19.9341 147.435
19.9694 147.382
20.0089 147.368
20.0488 147.358
20.0828 147.292
20.1194 147.251
20.1591 147.239
20.1972 147.213
20.2371 147.203
20.2746 147.172
20.3085 147.106
20.3484 147.097
20.3883 147.087
20.4253 147.051
20.4614 147.007
20.4997 146.983
20.5395 146.973
20.5757 146.93
20.6152 146.918
20.6548 146.906
20.6938 146.889
20.7315 146.86
20.7686 146.826
20.8076 146.809
20.8458 146.785
20.8842 146.764
20.924 146.754
20.9629 146.737
21.0016 146.718
21.0384 146.682
21.076 146.653
21.1151 146.638
21.1549 146.629
21.1935 146.61
21.2302 146.574
21.2694 146.559
21.3088 146.547
21.349 146.542
21.3898 146.542
21.4295 146.532
21.4667 146.501
21.5058 146.487
21.5455 146.477
21.5852 146.467
21.6234 146.446
21.6622 146.429
21.7005 146.407
21.7382 146.381
21.7756 146.352
21.816 146.35
21.8562 146.345
21.8958 146.335
21.9334 146.309
21.9696 146.27
22.0092 146.261
22.0497 146.258
22.0901 146.256
22.1282 146.234
22.1641 146.194
22.2062 146.205
22.2475 146.21
22.2885 146.212
22.3286 146.208
22.3687 146.203
22.4097 146.205
22.4518 146.217
22.4914 146.207
22.5306 146.195
22.5693 146.178
22.6102 146.181
22.6472 146.149
22.6887 146.157
22.732 146.178
22.7733 146.183
22.8174 146.211
22.8561 146.194
22.8959 146.187
22.9351 146.175
22.974 146.161
23.0158 146.17
23.0568 146.172
23.0975 146.172
23.139 146.179
23.1806 146.186
23.2213 146.186
23.2614 146.181
23.3011 146.174
23.3409 146.167
23.3816 146.167
23.4225 146.169
23.4641 146.176
23.506 146.185
23.5475 146.192
23.5876 146.188
23.6267 146.175
23.6674 146.175
23.7096 146.187
23.753 146.209
23.7955 146.223
23.8368 146.227
23.8778 146.23
23.9209 146.249
23.9649 146.275
24.0065 146.282
24.0469 146.279
24.0857 146.265
24.1239 146.246
24.1646 146.246
24.2053 146.245
24.2487 146.267
24.2906 146.276
24.3335 146.293
24.3751 146.3
24.4183 146.319
24.459 146.319
24.4994 146.316
24.5403 146.318
24.5845 146.345
24.6296 146.378
24.6725 146.394
24.7173 146.425
24.7587 146.43
24.7997 146.432
24.8442 146.461
24.8862 146.47
24.9272 146.473
24.9683 146.475
25.0093 146.477
25.0539 146.506
25.0955 146.513
25.1404 146.544
25.186 146.579
25.2287 146.594
25.274 146.627
25.3154 146.632
25.3561 146.632
25.4004 146.658
25.4418 146.663
25.5795 146.775
25.6252 146.811
25.6677 146.823
25.7121 146.849
25.9323 146.966
25.9738 146.971
26.0149 146.973
26.0641 147.033
26.1117 147.081
26.1579 147.119
26.2038 147.155
26.246 147.165
26.2889 147.179
26.525 147.403
26.8542 147.701
