-24.8717 83.9097
-24.8428 83.8965
-10.242 157.381
-10.053 157.041
-10.0067 156.972
-9.96325 156.959
-9.82237 156.711
-9.77901 156.698
-9.68568 156.539
-9.64118 156.502
-9.59669 156.466
-9.5534 156.453
-9.37106 156.211
-9.32809 156.203
-9.28373 156.167
-9.23888 156.119
-9.1943 156.078
-9.14999 156.041
-9.10557 156.002
-9.0608 155.955
-9.01618 155.91
-8.97181 155.871
-8.92881 155.861
-8.84063 155.793
-8.79633 155.754
-8.62211 155.66
-8.57799 155.624
-8.53494 155.611
-8.49096 155.577
-8.44827 155.572
-8.40455 155.544
-8.36118 155.523
-8.3159 155.458
-8.27188 155.421
-8.229 155.411
-8.18501 155.375
-8.14081 155.333
-8.09796 155.323
-8.05434 155.295
-8.01171 155.29
-7.96941 155.293
-7.92678 155.288
-7.88405 155.28
-7.84132 155.272
-7.79796 155.249
-7.75556 155.249
-7.71273 155.239
-7.66949 155.219
-7.62575 155.185
-7.58109 155.128
-7.53707 155.086
-7.4945 155.081
-7.45212 155.081
-7.40965 155.079
-7.36688 155.069
-7.32331 155.038
-7.28065 155.03
-7.2375 155.01
-7.19514 155.01
-7.15268 155.008
-7.11003 155
-7.06729 154.99
-7.02378 154.959
-6.98077 154.941
-6.93804 154.931
-6.89551 154.926
-6.85288 154.918
-6.81053 154.918
-6.76819 154.918
-6.72566 154.913
-6.68331 154.914
-6.64078 154.909
-6.59843 154.909
-6.55582 154.901
-6.51312 154.891
-6.47051 154.884
-6.42781 154.873
-6.3853 154.868
-6.34287 154.866
-6.30019 154.856
-6.25742 154.843
-6.21517 154.846
-6.17274 154.843
-6.13015 154.836
-6.08748 154.826
-6.04531 154.831
-6.00379 154.857
-5.9612 154.85
-5.91886 154.85
-5.87659 154.853
-5.83448 154.861
-5.79316 154.895
-5.75112 154.905
-5.70922 154.921
-5.66601 154.893
-5.62281 154.864
-5.58039 154.862
-5.53871 154.886
-5.49606 154.875
-5.45363 154.873
-5.4109 154.86
-5.3684 154.855
-5.32605 154.855
-5.28391 154.863
-5.24191 154.877
-5.1997 154.882
-5.15755 154.89
-5.11532 154.895
-5.07268 154.885
-5.03032 154.885
-4.98836 154.901
-4.9466 154.925
-4.90449 154.935
-4.86245 154.949
-4.82007 154.949
-4.77788 154.957
-4.73576 154.967
-4.69357 154.975
-4.65124 154.978
-4.60929 154.997
-4.56721 155.01
-4.52488 155.013
-4.4826 155.018
-4.44063 155.036
-4.39852 155.05
-4.35683 155.081
-4.31483 155.1
-4.2727 155.113
-4.23074 155.134
-4.18854 155.145
-4.14662 155.168
-4.10447 155.181
-4.06231 155.195
-4.02036 155.218
-3.97807 155.226
-3.93562 155.227
-3.89322 155.229
-3.85103 155.243
-3.8091 155.269
-3.76679 155.277
-3.72504 155.314
-3.68317 155.345
-3.64079 155.351
-3.59881 155.377
-3.55656 155.39
-3.51441 155.409
-3.473 155.469
-3.43068 155.48
-3.38831 155.488
-3.34648 155.527
-3.30518 155.598
-3.26273 155.604
-3.22024 155.606
-3.17778 155.612
-3.13575 155.643
-3.0938 155.68
-3.05203 155.73
-3.00983 155.754
-2.96758 155.775
-2.92548 155.807
-2.88313 155.823
-2.84112 155.863
-2.7994 155.923
-2.75694 155.934
-2.71473 155.963
-2.67225 155.974
-2.6298 155.987
-2.58778 156.032
-2.5457 156.074
-2.50359 156.117
-2.46178 156.183
-2.4193 156.199
-2.37711 156.238
-1.53196 157.338
-1.19313 158.103
-1.15037 158.162
-1.10736 158.181
-1.06447 158.224
