-24.8702 83.9027
-24.8437 83.9005
5.14554 132.498
5.18268 132.488
5.21931 132.462
5.25542 132.419
5.29051 132.344
5.32754 132.332
5.68521 131.843
5.75767 131.781
5.82993 131.714
5.86699 131.708
5.90242 131.656
5.97421 131.579
6.15267 131.368
6.18955 131.36
6.22636 131.35
6.26168 131.3
6.29847 131.29
6.33442 131.257
6.37128 131.249
6.4069 131.209
6.44367 131.199
6.47949 131.165
6.51554 131.137
6.5515 131.107
6.58815 131.095
6.62329 131.045
6.66024 131.041
6.73276 130.999
6.76864 130.969
6.8037 130.919
6.84053 130.913
6.87744 130.909
6.91419 130.901
6.9501 130.873
6.98516 130.825
7.02179 130.815
7.05851 130.807
7.09437 130.779
7.13107 130.771
7.167 130.745
7.20377 130.739
7.23951 130.709
7.27532 130.681
7.31085 130.648
7.34707 130.63
7.38337 130.614
7.42028 130.612
7.45719 130.61
7.49374 130.6
7.52903 130.562
7.56557 130.552
7.60156 130.53
7.63799 130.518
7.67478 130.514
7.71157 130.51
7.7479 130.496
7.78459 130.49
7.82109 130.48
7.85702 130.458
7.89342 130.447
7.9298 130.435
7.96647 130.429
8.00295 130.419
8.03942 130.409
8.07569 130.395
8.11234 130.389
8.1485 130.373
8.18495 130.363
8.22149 130.355
8.25783 130.343
8.29436 130.335
8.33119 130.333
8.36781 130.327
8.40444 130.321
8.44116 130.317
8.47787 130.313
8.51469 130.311
8.55151 130.309
8.58801 130.301
8.62462 130.295
8.66122 130.289
8.69761 130.279
8.7341 130.271
8.77101 130.271
8.80749 130.263
8.84439 130.263
8.88214 130.279
8.91926 130.283
8.95499 130.261
8.89885 128.548
9.02814 130.249
9.06461 130.242
9.104 130.287
9.14221 130.311
9.17813 130.293
9.21427 130.279
9.24929 130.245
9.2853 130.229
9.32207 130.227
9.35918 130.231
9.39596 130.229
9.43262 130.225
9.46939 130.223
9.50639 130.225
9.54339 130.227
9.57993 130.221
9.61658 130.217
9.65369 130.221
9.69069 130.223
9.72768 130.225
9.76468 130.227
9.80179 130.231
9.83914 130.239
9.87673 130.251
9.91444 130.265
9.95121 130.263
9.98821 130.265
10.0253 130.268
10.0628 130.278
10.1001 130.284
10.1368 130.282
10.173 130.27
10.2096 130.266
10.2465 130.266
10.284 130.276
10.3215 130.286
10.3594 130.302
10.3971 130.316
10.4345 130.324
10.4719 130.331
10.5092 130.337
10.5466 130.345
10.5841 130.355
10.622 130.371
10.6596 130.381
10.6968 130.387
10.7338 130.387
10.7709 130.391
10.8083 130.399
10.8456 130.404
10.8838 130.424
10.9214 130.434
10.9612 130.478
10.9988 130.488
11.0359 130.492
11.0737 130.503
11.111 130.509
11.1475 130.503
11.1872 130.545
11.2248 130.555
11.2626 130.567
11.3014 130.595
11.3392 130.607
11.3783 130.638
11.4159 130.648
11.453 130.65
11.4901 130.652
11.5277 130.662
11.5661 130.682
11.6047 130.706
11.6439 130.738
11.682 130.753
11.7219 130.795
11.7593 130.801
11.797 130.811
11.8361 130.841
11.8752 130.871
11.9134 130.887
11.9532 130.927
11.9907 130.933
12.0278 130.935
12.0684 130.984
12.1062 130.994
12.1444 131.01
12.1849 131.058
12.2228 131.07
12.2616 131.094
12.3004 131.118
12.3402 131.154
12.3787 131.174
12.418 131.204
12.4563 131.22
12.4965 131.262
12.5358 131.292
12.5747 131.316
12.613 131.332
12.6536 131.378
12.6918 131.392
12.7329 131.444
12.7743 131.5
12.8127 131.516
12.8523 131.549
12.8938 131.605
12.9337 131.641
12.9754 131.699
13.0142 131.719
13.0547 131.762
13.0949 131.8
13.1365 131.856
13.175 131.872
13.2165 131.927
13.2571 131.969
13.2974 132.008
13.3396 132.07
13.3816 132.129
13.4256 132.214
13.4662 132.254
13.5063 132.289
13.5478 132.342
13.5907 132.411
13.634 132.484
13.6747 132.524
13.7189 132.608
13.7621 132.679
13.805 132.746
