-20.7354 147.497
-20.5761 147.154
-20.5311 147.112
-20.4854 147.062
-20.38 146.839
-20.3357 146.801
-20.0942 146.43
-19.9087 146.199
-19.7251 145.982
-19.5891 145.833
-19.5482 145.824
-19.5013 145.759
-19.4571 145.719
-19.4132 145.682
-19.3691 145.643
-19.3233 145.587
-19.2819 145.573
-19.2351 145.508
-19.1935 145.492
-19.1473 145.432
-19.1059 145.418
-19.0651 145.409
-19.0201 145.361
-18.9791 145.349
-18.9356 145.314
-18.889 145.25
-18.8473 145.231
-18.8065 145.222
-18.7643 145.199
-18.7218 145.174
-18.6784 145.139
-18.6353 145.107
-18.5938 145.091
-18.5528 145.079
-18.5081 145.031
-18.4676 145.024
-18.4268 145.015
-18.3838 144.983
-18.3409 144.953
-18.2998 144.939
-18.2544 144.884
-18.2128 144.866
-18.1719 144.854
-18.1298 144.831
-18.087 144.802
-18.0459 144.788
-18.005 144.776
-17.965 144.774
-17.9244 144.765
-17.8837 144.756
-17.8426 144.742
-17.8008 144.722
-17.7602 144.713
-17.7182 144.69
-17.6773 144.679
-17.6367 144.669
-17.5943 144.642
-17.5528 144.624
-17.5124 144.617
-17.4715 144.605
-17.4307 144.594
-17.3894 144.578
-17.3493 144.574
-17.3087 144.565
-17.2681 144.556
-17.2264 144.535
-17.1849 144.517
-17.1457 144.521
-17.1057 144.519
-17.0647 144.506
-17.0239 144.494
-16.984 144.492
-16.9441 144.49
-16.9035 144.481
-16.8634 144.476
-16.8237 144.477
-16.7836 144.472
-16.7419 144.451
-16.7012 144.44
-16.6606 144.431
-16.6209 144.431
-16.5812 144.431
-16.5415 144.431
-16.5014 144.427
-16.4617 144.427
-16.4226 144.434
-16.3829 144.434
-16.3424 144.425
-16.3023 144.421
-16.2626 144.421
-16.2231 144.423
-16.1823 144.412
-16.142 144.405
-16.1025 144.407
-16.063 144.41
-16.0241 144.419
-15.9858 144.435
-15.9457 144.431
-15.9038 144.406
-15.8637 144.401
-15.8252 144.415
-15.7858 144.42
-15.7459 144.418
-15.7088 144.448
-15.6727 144.489
-15.6326 144.485
-15.5928 144.485
-15.5545 144.501
-15.5144 144.497
-15.4758 144.511
-15.4343 144.49
-15.393 144.472
-15.3525 144.463
-15.3143 144.481
-15.2773 144.513
-15.2385 144.525
-15.1997 144.537
-15.1584 144.518
-15.1158 144.484
-15.0759 144.482
-15.0386 144.512
-15.0004 144.53
-14.9614 144.54
-14.9222 144.547
-14.883 144.554
-14.8442 144.565
-14.8054 144.577
-14.7666 144.588
-14.7274 144.595
-14.6878 144.598
-14.6491 144.612
-14.6099 144.619
-14.5716 144.637
-14.5333 144.656
-14.4946 144.67
-14.4561 144.686
-14.4172 144.698
-14.3787 144.714
-14.3395 144.721
-14.3002 144.728
-14.262 144.749
-14.2233 144.763
-14.184 144.77
-14.1448 144.777
-14.1055 144.784
-14.0671 144.802
-14.0292 144.828
-13.9906 144.844
-13.9528 144.869
-13.9138 144.881
-13.8748 144.893
-13.8369 144.918
-13.799 144.944
-13.7605 144.962
-13.7226 144.988
-13.6847 145.013
-13.6458 145.027
-13.6075 145.048
-13.5709 145.092
-13.5313 145.097
-13.4923 145.109
-13.4533 145.12
-13.4149 145.141
-13.3772 145.172
-13.3386 145.19
-13.3009 145.22
-13.2634 145.253
-13.2258 145.286
-13.187 145.302
-13.1511 145.358
-13.1122 145.372
-13.0744 145.402
-13.0349 145.409
-12.9967 145.435
-12.9587 145.463
-12.9201 145.481
-12.8814 145.5
-12.8453 145.556
-12.8083 145.598
-12.7709 145.635
-12.7333 145.67
-12.6955 145.703
-12.6578 145.736
-12.6206 145.778
-12.583 145.813
-12.5435 145.822
-12.506 145.86
-12.4704 145.925
-12.4332 145.968
-12.3939 145.979
-12.3579 146.04
-12.3221 146.104
-12.283 146.12
-12.2455 146.16
-12.2079 146.198
-12.1715 146.254
-12.0592 146.379
-12.0236 146.449
-11.986 146.489
-11.9487 146.534
-11.9124 146.595
-11.8749 146.638
-11.8038 146.784
-11.7664 146.829
-11.7287 146.869
-11.6923 146.931
-11.655 146.978
-11.616 146.999
-11.4414 147.436
-11.4034 147.476
-11.3656 147.519
