-24.8702 83.9027
-24.8437 83.9005
-18.1612 132.742
-18.1214 132.718
-18.0831 132.708
-17.6804 132.067
-17.6424 132.059
-17.6016 132.023
-17.556 131.943
-17.5154 131.909
-17.344 131.686
-17.3066 131.682
-17.2231 131.59
-17.183 131.561
-17.1448 131.549
-17.1041 131.513
-17.062 131.463
-16.8203 131.266
-16.66 131.141
-16.6191 131.101
-16.5796 131.075
-16.542 131.068
-16.5047 131.064
-16.4655 131.04
-16.4234 130.988
-16.3852 130.975
-16.3478 130.969
-16.3086 130.945
-16.2711 130.94
-16.2313 130.91
-16.1896 130.86
-16.1516 130.849
-16.1121 130.821
-16.0726 130.793
-16.0352 130.787
-15.9956 130.76
-15.9565 130.736
-15.9191 130.73
-15.8817 130.725
-15.8444 130.719
-15.8034 130.675
-15.7654 130.664
-15.7258 130.634
-15.6879 130.622
-15.6492 130.603
-15.6118 130.597
-15.5747 130.593
-15.5358 130.572
-15.4968 130.548
-15.4595 130.542
-15.4208 130.523
-15.3835 130.517
-15.3462 130.511
-15.3087 130.503
-15.2715 130.5
-15.2342 130.494
-15.1952 130.47
-15.1568 130.453
-15.1195 130.447
-15.0804 130.421
-15.0432 130.418
-15.0058 130.41
-14.9683 130.402
-14.9308 130.394
-14.8926 130.379
-14.8555 130.375
-14.8187 130.375
-14.7813 130.367
-14.7436 130.358
-14.7053 130.34
-14.668 130.334
-14.6305 130.327
-14.5931 130.319
-14.5556 130.311
-14.5185 130.307
-14.4813 130.302
-14.4443 130.3
-14.4074 130.298
-14.3705 130.296
-14.3337 130.297
-14.297 130.297
-14.26 130.295
-14.2228 130.289
-14.1859 130.287
-14.1484 130.28
-14.1108 130.27
-14.0737 130.266
-14.0368 130.264
-14.0001 130.265
-13.9631 130.263
-13.9262 130.261
-13.8896 130.263
-13.853 130.265
-13.8163 130.266
-13.7792 130.262
-13.7429 130.268
-13.7067 130.274
-13.6706 130.282
-13.634 130.284
-13.5975 130.288
-13.7936 133.121
-13.5258 130.311
-13.4902 130.325
-13.4544 130.337
-13.4174 130.335
-13.3814 130.345
-13.3456 130.357
-13.3103 130.375
-13.2735 130.375
-13.2361 130.368
-13.1997 130.374
-13.1626 130.37
-13.1254 130.364
-13.0884 130.362
-13.0516 130.363
-13.0151 130.367
-12.9783 130.367
-12.9411 130.361
-12.9044 130.363
-12.8684 130.373
-12.8316 130.374
-12.7944 130.368
-12.7577 130.37
-12.7214 130.376
-12.6852 130.384
-12.6491 130.394
-12.6132 130.406
-12.5773 130.418
-12.5419 130.436
-12.5057 130.444
-12.4688 130.445
-12.4319 130.443
-12.3952 130.445
-12.3587 130.449
-12.3223 130.455
-12.2883 130.493
-12.2535 130.521
-12.2172 130.529
-12.1814 130.543
-12.145 130.549
-12.109 130.562
-12.0736 130.582
-12.0366 130.58
-11.9999 130.582
-11.9643 130.6
-11.928 130.608
-11.8917 130.616
-11.8564 130.638
-11.821 130.658
-11.7857 130.68
-11.7492 130.686
-11.7136 130.705
-11.6781 130.725
-11.642 130.737
-11.6054 130.741
-11.5693 130.753
-11.5344 130.781
-11.4992 130.807
-11.4638 130.829
-11.4275 130.837
-11.3909 130.843
-11.3556 130.868
-11.3199 130.886
-11.2857 130.926
-11.2493 130.934
-11.2126 130.938
-11.1778 130.97
-11.1428 131
-11.1075 131.024
-11.0713 131.037
-11.0362 131.065
-11.0012 131.095
-10.965 131.107
-10.9309 131.151
-10.8948 131.165
-10.8595 131.192
-10.8235 131.208
-10.7896 131.256
-10.7545 131.286
-10.7181 131.296
-10.6824 131.319
-10.6474 131.351
-10.6115 131.369
-10.5773 131.413
-10.5409 131.426
-10.5058 131.456
-10.4704 131.484
-10.435 131.51
-10.3993 131.533
-10.365 131.579
-10.3298 131.609
-10.2939 131.63
-10.2596 131.676
-10.2248 131.715
-10.19 131.753
-10.1558 131.802
-10.1197 131.82
-10.0856 131.871
-10.0516 131.925
-10.0156 131.946
-9.98157 131.998
-9.94555 132.019
-9.91107 132.065
-9.87479 132.082
-9.84052 132.132
-9.80551 132.171
-9.77155 132.228
-9.73651 132.267
-9.70133 132.303
-9.66754 132.364
-9.63384 132.428
-9.60035 132.495
-9.56683 132.562
-9.53143 132.597
-9.4959 132.63
-9.46196 132.691
-9.42663 132.728
-9.3931 132.797
-9.3592 132.861
-9.32493 132.918
-9.29121 132.986
-9.25588 133.025
-9.22322 133.113
-9.06016 133.57
-9.02498 133.615
-8.99229 133.708
-8.9611 133.83
-8.92572 133.874
-8.79905 135.074
-8.76219 135.095
-8.72552 135.121
-8.69535 135.274
