-5.82557 157.034
-5.78025 156.959
-5.73544 156.901
-5.6898 156.814
-5.64451 156.737
-5.59933 156.663
-5.55464 156.605
-5.50945 156.528
-5.46503 156.478
-5.41998 156.405
-5.28529 156.194
-5.24123 156.152
-5.19767 156.129
-5.15314 156.068
-5.10906 156.024
-5.06499 155.979
-5.0204 155.914
-4.97699 155.893
-4.93265 155.835
-4.8892 155.812
-4.84523 155.768
-4.80114 155.718
-4.75643 155.642
-4.71266 155.603
-4.66947 155.588
-4.6261 155.564
-4.58237 155.525
-4.53847 155.478
-4.49464 155.434
-4.45121 155.406
-4.4082 155.396
-4.3646 155.359
-4.32149 155.344
-4.27804 155.313
-4.23448 155.276
-4.19089 155.238
-4.14719 155.193
-4.10408 155.175
-4.06075 155.147
-4.01743 155.119
-3.97423 155.095
-3.93099 155.07
-3.88792 155.052
-3.8448 155.031
-3.80169 155.01
-3.75839 154.979
-3.71515 154.951
-3.67217 154.936
-3.6293 154.926
-3.58643 154.916
-3.54293 154.872
-3.49989 154.851
-3.45695 154.836
-3.41392 154.815
-3.37071 154.784
-3.32775 154.766
-3.28493 154.756
-3.24193 154.736
-3.1992 154.731
-3.15622 154.71
-3.11333 154.695
-3.07053 154.685
-3.02757 154.664
-2.98478 154.654
-2.94172 154.626
-2.89898 154.619
-2.85625 154.611
-2.81336 154.593
-2.77059 154.583
-2.72787 154.576
-2.68515 154.568
-2.6424 154.558
-2.5994 154.53
-2.55634 154.496
-2.51371 154.494
-2.47114 154.497
-2.42851 154.495
-2.38582 154.487
-2.34313 154.48
-2.3004 154.47
-2.25762 154.454
-2.21494 154.447
-2.1722 154.434
-2.1295 154.424
-2.08683 154.417
-2.04421 154.414
-2.00157 154.41
-1.95888 154.399
-1.91614 154.384
-1.87353 154.382
-1.83095 154.382
-1.78832 154.377
-1.74562 154.365
-1.70299 154.36
-1.66044 154.363
-1.61788 154.366
-1.57532 154.369
-1.53267 154.361
-1.48997 154.346
-1.44725 154.328
-1.40438 154.289
-1.3618 154.287
-1.3193 154.298
-1.27677 154.303
-1.23427 154.314
-1.19162 154.304
-1.1491 154.312
-1.10651 154.31
-1.06401 154.323
-1.02144 154.326
-0.978919 154.336
-0.936362 154.342
-0.893841 154.355
-0.851397 154.387
-0.808836 154.395
-0.766249 154.398
-0.72367 154.403
-0.681108 154.414
-0.638532 154.422
-0.595951 154.43
-0.553383 154.443
-0.510793 154.451
-0.468165 154.446
-0.425551 154.447
-0.382931 154.444
-0.340373 154.473
-0.29777 154.484
-0.255162 154.495
-0.212542 154.5
-0.169916 154.503
-0.1273 154.519
-0.0846851 154.548
-0.0420512 154.564
0.000593942 154.564
0.0432394 154.577
0.0858901 154.585
0.128548 154.601
0.171218 154.625
0.213893 154.641
0.25657 154.652
0.299238 154.652
0.341914 154.657
0.384662 154.702
0.427358 154.71
0.470063 154.721
0.512837 154.757
0.555551 154.766
0.59833 154.794
0.641065 154.805
0.683874 154.837
0.726615 154.845
0.769448 154.876
0.812213 154.887
0.854993 154.9
0.89786 154.932
0.940633 154.94
0.983537 154.974
1.02636 154.99
1.06928 155.022
1.1121 155.033
1.15519 155.091
1.19799 155.096
1.24082 155.104
1.28384 155.144
1.32694 155.191
1.36995 155.223
1.41261 155.202
1.45562 155.231
1.49892 155.297
1.54189 155.316
1.58501 155.353
1.62789 155.358
1.67075 155.361
1.84424 155.593
1.88718 155.599
1.9302 155.612
1.97378 155.681
2.01687 155.699
2.06055 155.773
2.1039 155.813
2.1469 155.819
2.19028 155.858
2.36429 156.044
3.20101 157.277
