2.07855 150.235
2.11955 150.222
2.16079 150.232
2.20198 150.237
2.34894 148.809
2.94077 147.493
2.98073 147.457
3.02106 147.445
3.06054 147.381
3.09975 147.302
3.13897 147.226
3.17852 147.172
3.21829 147.131
3.25743 147.055
3.29761 147.041
3.33686 146.974
3.37591 146.898
3.41609 146.886
3.45591 146.856
3.49546 146.81
3.53442 146.735
3.57414 146.702
3.61422 146.687
3.65328 146.621
3.69338 146.609
3.73258 146.552
3.77266 146.54
3.8123 146.507
3.85193 146.474
3.89198 146.462
3.93035 146.37
3.97037 146.358
4.01004 146.33
4.05015 146.323
4.0901 146.308
4.12896 146.245
4.16821 146.2
4.2077 146.167
4.24729 146.139
4.28675 146.106
4.32669 146.094
4.36662 146.082
4.40611 146.051
4.44547 146.016
4.48538 146.004
4.52426 145.95
4.56421 145.94
4.60369 145.912
4.6435 145.898
4.68296 145.87
4.7224 145.841
4.76225 145.83
4.80222 145.822
4.842 145.808
4.88103 145.766
4.92086 145.754
4.96073 145.745
5.00055 145.733
5.03953 145.69
5.07926 145.676
5.11898 145.662
5.15889 145.655
5.19769 145.608
5.23746 145.596
5.27735 145.589
5.31717 145.579
5.35651 145.554
5.39625 145.542
5.43565 145.518
5.47538 145.506
5.51461 145.478
5.55439 145.469
5.59445 145.469
5.6343 145.461
5.67336 145.429
5.71326 145.424
5.7536 145.433
5.79307 145.414
5.8326 145.398
5.87227 145.386
5.91223 145.383
5.95204 145.376
5.99163 145.362
6.03135 145.352
6.07115 145.345
6.11033 145.319
6.14997 145.308
6.18967 145.298
6.22961 145.295
6.26986 145.302
6.30996 145.304
6.34949 145.29
6.38886 145.271
6.42879 145.269
6.46847 145.259
6.50814 145.25
6.54839 145.257
6.58839 145.256
6.62831 145.254
6.66806 145.247
6.70797 145.244
6.74721 145.223
6.78635 145.199
6.82564 145.181
6.86485 145.16
6.90761 145.234
6.94839 145.254
6.98883 145.266
7.0283 145.251
7.06722 145.223
7.10721 145.223
7.14711 145.221
7.18719 145.223
7.22708 145.22
7.26707 145.22
7.30724 145.224
7.34686 145.215
7.38693 145.217
7.42739 145.228
7.46746 145.23
7.50802 145.244
7.54848 145.255
7.58895 145.267
7.62904 145.269
7.66893 145.266
7.70883 145.264
7.74843 145.254
7.78861 145.259
7.8286 145.258
7.86888 145.265
7.90907 145.269
7.94916 145.271
7.98925 145.274
8.02944 145.278
8.06963 145.282
8.11024 145.296
8.15054 145.303
8.19094 145.312
8.23146 145.323
8.27177 145.33
8.3125 145.346
8.3526 145.348
8.39271 145.35
8.43313 145.359
8.47431 145.384
8.51464 145.391
8.55497 145.398
8.59531 145.404
8.6364 145.427
8.67697 145.439
8.71808 145.462
8.75844 145.469
8.79879 145.475
8.83926 145.484
8.88006 145.5
8.92099 145.519
8.96181 145.535
9.00344 145.567
9.04485 145.595
9.08524 145.601
9.12563 145.608
9.16591 145.613
9.20665 145.626
9.24834 145.659
9.28933 145.677
9.33034 145.695
9.3717 145.721
9.41237 145.732
9.45255 145.734
9.49406 145.762
9.53607 145.799
9.57749 145.824
9.61842 145.841
9.65925 145.854
9.69983 145.863
9.74165 145.896
9.78262 145.912
9.82484 145.951
9.8667 145.984
9.9087 146.019
9.9492 146.025
10.0334 146.097
10.0743 146.111
10.1176 146.169
10.1595 146.2
10.1986 146.181
10.3269 146.32
10.3675 146.327
10.5369 146.479
10.5792 146.514
10.6228 146.572
10.6637 146.584
10.7062 146.623
10.7506 146.694
10.7933 146.736
10.8355 146.769
10.8784 146.813
10.9212 146.855
10.965 146.914
11.3585 147.416
11.403 147.482
11.4457 147.52
11.6765 147.976
11.7199 148.021
11.7627 148.057
