1.96714 124.816
2.00287 124.775
2.03813 124.697
2.07358 124.637
2.10895 124.574
2.14435 124.514
2.17975 124.456
2.21509 124.397
2.25051 124.345
2.81545 123.597
2.85123 123.588
2.88636 123.542
2.92212 123.533
2.95794 123.528
2.99336 123.5
3.3096 123.155
3.34533 123.15
3.38074 123.13
3.41604 123.104
3.45124 123.075
3.48679 123.062
3.52153 123.013
3.5567 122.984
3.59229 122.975
3.62752 122.949
3.66285 122.929
3.69835 122.916
3.73358 122.893
3.76881 122.869
3.80381 122.836
3.83935 122.827
3.8745 122.802
3.90925 122.76
3.94468 122.747
3.97984 122.724
4.01535 122.714
4.05095 122.709
4.08563 122.667
4.12065 122.64
4.15567 122.613
4.19114 122.604
4.22671 122.598
4.26198 122.582
4.29754 122.577
4.33266 122.555
4.36806 122.544
4.40301 122.517
4.43855 122.512
4.47433 122.515
4.50997 122.514
4.54509 122.494
4.58026 122.476
4.61542 122.457
4.64962 122.407
4.68481 122.39
4.71983 122.369
4.75532 122.363
4.79043 122.345
4.82521 122.316
4.86052 122.306
4.89622 122.307
4.93208 122.315
4.96783 122.318
5.00324 122.311
5.03837 122.295
5.07417 122.301
5.10975 122.299
5.14504 122.288
5.18009 122.27
5.21524 122.256
5.25016 122.234
5.28518 122.216
5.32062 122.211
5.35593 122.202
5.39081 122.18
5.42593 122.166
5.46116 122.155
5.49682 122.157
5.5323 122.153
5.56752 122.142
5.60293 122.137
5.63859 122.139
5.67393 122.132
5.70882 122.112
5.74428 122.108
5.77973 122.105
5.81506 122.098
5.85051 122.094
5.88596 122.091
5.92175 122.096
5.957 122.087
5.99197 122.071
6.02755 122.071
6.06368 122.086
6.09933 122.088
6.13449 122.077
6.17042 122.086
6.20551 122.073
6.24116 122.075
6.27738 122.092
6.3131 122.095
6.34811 122.081
6.38297 122.063
6.41803 122.05
6.45346 122.047
6.48903 122.047
6.5246 122.047
6.56099 122.067
6.59649 122.065
6.63176 122.058
6.66756 122.064
6.70374 122.078
6.73978 122.089
6.77543 122.091
6.81132 122.098
6.84729 122.108
6.88318 122.115
6.91908 122.122
6.95474 122.124
6.99017 122.121
7.02567 122.119
7.06134 122.121
7.09676 122.117
7.1325 122.121
7.16874 122.135
7.20547 122.161
7.24098 122.159
7.27549 122.136
7.31158 122.147
7.34775 122.159
7.38368 122.167
7.41944 122.17
7.45503 122.171
7.49088 122.176
7.52681 122.183
7.56327 122.202
7.5993 122.211
7.63585 122.231
7.67163 122.234
7.70724 122.235
7.74381 122.255
7.77978 122.262
7.81556 122.266
7.85153 122.273
7.88723 122.275
7.92275 122.273
7.96027 122.311
7.99681 122.33
8.03325 122.346
8.06907 122.35
8.1058 122.372
8.14088 122.361
8.17716 122.374
8.2127 122.372
8.24861 122.377
8.2849 122.39
8.32273 122.432
8.35981 122.459
8.39594 122.468
8.43207 122.478
8.47015 122.523
8.50611 122.529
8.54206 122.534
8.57891 122.556
8.61477 122.56
8.65104 122.571
8.6885 122.604
8.72348 122.591
8.76046 122.615
8.79897 122.666
8.83537 122.679
8.87249 122.704
8.90952 122.728
8.94667 122.754
8.98269 122.759
9.01882 122.767
9.05588 122.791
9.09317 122.818
9.12952 122.829
9.16788 122.875
9.20542 122.906
9.24265 122.932
9.27894 122.941
9.31629 122.968
9.35248 122.976
9.38975 123.001
9.53995 123.121
9.57739 123.148
9.61496 123.178
10.0339 123.578
10.0716 123.607
10.1082 123.618
10.1475 123.672
10.9481 124.882
10.9836 124.873
11.0216 124.899
