-25.4742 110.693
-25.4372 110.665
-25.0918 110.345
-24.6083 109.961
-24.5754 109.957
-24.5364 109.915
-24.503 109.908
-24.4645 109.87
-24.4317 109.865
-24.3986 109.859
-24.3593 109.816
-24.3195 109.77
-24.2865 109.764
-24.2511 109.744
-24.2194 109.746
-24.1858 109.736
-24.1471 109.697
-24.1133 109.686
-24.0752 109.65
-24.0427 109.646
-24.0102 109.643
-23.9754 109.626
-23.9444 109.632
-23.9063 109.596
-23.8675 109.555
-23.8367 109.562
-23.8017 109.544
-23.7662 109.523
-23.73 109.497
-23.695 109.478
-23.663 109.478
-23.63 109.472
-23.5945 109.451
-23.5616 109.445
-23.5264 109.425
-23.4942 109.423
-23.4622 109.423
-23.4295 109.418
-23.397 109.415
-23.3618 109.395
-23.3291 109.39
-23.2934 109.368
-23.2583 109.348
-23.2256 109.343
-23.1929 109.338
-23.1585 109.323
-23.1263 109.321
-23.0933 109.315
-23.0592 109.302
-23.0265 109.297
-22.9933 109.289
-22.959 109.274
-22.926 109.268
-22.8936 109.264
-22.8602 109.255
-22.828 109.254
-22.7953 109.249
-22.7605 109.231
-22.7278 109.226
-22.6952 109.221
-22.6608 109.206
-22.6274 109.197
-22.5931 109.182
-22.5612 109.181
-22.5285 109.177
-22.4961 109.173
-22.4653 109.181
-22.4336 109.182
-22.401 109.177
-22.3688 109.176
-22.3371 109.177
-22.3051 109.177
-22.2727 109.173
-22.2389 109.161
-22.2036 109.14
-22.1717 109.14
-22.1412 109.149
-22.1094 109.15
-22.0773 109.148
-22.0453 109.148
-22.0136 109.149
-21.9819 109.151
-21.9513 109.159
-21.9198 109.162
-21.8865 109.153
-21.8543 109.151
-21.8226 109.153
-21.7916 109.158
-21.7605 109.164
-21.7279 109.159
-21.6948 109.152
-21.6626 109.15
-21.6295 109.142
-21.5966 109.136
-21.5667 109.149
-21.537 109.164
-21.5053 109.166
-21.4735 109.167
-21.4416 109.167
-21.41 109.169
-21.3787 109.174
-21.3472 109.177
-21.3164 109.184
-21.2842 109.182
-21.2524 109.183
-21.2218 109.192
-21.1914 109.203
-21.1601 109.207
-21.1288 109.211
-21.0983 109.222
-21.0677 109.23
-21.0355 109.229
-21.0044 109.234
-20.9719 109.231
-20.9404 109.234
-20.9092 109.24
-20.8777 109.243
-20.8457 109.242
-20.8143 109.247
-20.7837 109.256
-20.753 109.264
-20.7232 109.279
-20.6925 109.288
-20.6609 109.291
-20.6291 109.292
-20.5982 109.299
-20.5683 109.314
-20.5382 109.328
-20.5073 109.335
-20.4766 109.344
-20.4454 109.35
-20.4147 109.359
-20.3854 109.378
-20.3553 109.391
-20.325 109.403
-20.2938 109.409
-20.2624 109.413
-20.231 109.418
-20.2013 109.434
-20.1716 109.45
-20.1406 109.458
-20.1107 109.473
-20.0794 109.478
-20.0486 109.487
-20.0176 109.495
-19.9866 109.502
-19.9568 109.518
-19.9262 109.529
-19.8956 109.539
-19.8654 109.553
-19.8365 109.575
-19.8063 109.588
-19.7752 109.596
-19.7444 109.605
-19.7156 109.629
-19.6843 109.634
-19.6535 109.643
-19.6251 109.67
-19.5955 109.688
-19.5642 109.694
-19.5343 109.711
-19.5049 109.73
-19.4744 109.742
-19.4459 109.769
-19.4144 109.774
-19.3818 109.77
-19.3494 109.769
-19.3183 109.776
-19.2878 109.788
-19.2603 109.823
-19.2343 109.868
-19.2044 109.884
-19.1744 109.901
-19.1434 109.91
-19.1139 109.929
-19.0851 109.955
-19.0578 109.991
-19.0268 110
-18.9974 110.021
-18.9684 110.045
-18.9388 110.065
-18.9068 110.066
-18.8755 110.074
-18.8487 110.115
-18.7956 110.201
-18.7624 110.193
-18.7333 110.218
-18.7058 110.254
-18.6767 110.278
-18.6462 110.292
-18.6151 110.301
-18.5867 110.331
-18.5578 110.357
-18.5289 110.383
-18.4975 110.39
-18.4675 110.408
-18.438 110.43
-18.409 110.456
-18.3823 110.5
-18.3541 110.532
-18.3251 110.558
-18.2978 110.597
-18.267 110.609
-18.2403 110.654
-18.2127 110.692
-18.1813 110.699
-17.9002 111.042
-17.8688 111.051
-17.8413 111.091
-17.812 111.118
-17.037 112.545
-16.806 114.255
