20.5543 173.581
20.5979 173.546
20.6396 173.492
20.6742 173.366
20.6937 173.086
20.7088 172.762
21.9077 169.936
21.9522 169.92
22.2444 169.634
22.3259 169.536
22.3712 169.53
22.4129 169.49
22.4582 169.483
22.4989 169.434
22.5426 169.413
22.5829 169.361
22.7526 169.232
22.7935 169.186
22.8381 169.174
22.8796 169.134
22.9245 169.125
22.97 169.121
23.0105 169.072
23.0543 169.054
23.0921 168.981
23.1335 168.941
23.179 168.938
23.2234 168.925
23.2641 168.88
23.3089 168.87
23.3506 168.834
23.3927 168.8
23.4378 168.794
23.4784 168.748
23.5176 168.69
23.5589 168.651
23.6033 168.638
23.6494 168.641
23.6944 168.635
23.736 168.598
23.78 168.583
23.8267 168.591
23.8711 168.579
23.9143 168.557
23.959 168.548
24.0036 168.538
24.0448 168.499
24.0866 168.466
24.1298 168.444
24.1759 168.447
24.2226 168.455
24.2683 168.455
24.3154 168.466
24.3621 168.475
24.4031 168.436
24.4431 168.387
24.4824 168.333
24.5227 168.287
24.564 168.251
24.6053 168.214
24.6502 168.208
24.689 168.151
24.7357 168.159
24.786 168.198
24.8319 168.2
24.8775 168.2
24.9227 168.196
24.9662 168.178
25.0121 168.181
25.0544 168.153
25.104 168.186
25.1514 168.2
25.1966 168.197
25.2452 168.22
25.2911 168.223
25.3404 168.252
25.3845 168.24
25.4282 168.225
25.4746 168.23
25.5235 168.257
25.5713 168.274
25.6154 168.262
25.6602 168.255
25.7096 168.285
25.7567 168.296
25.8011 168.287
25.8456 168.278
25.8923 168.286
25.9398 168.301
25.9846 168.294
26.0328 168.315
26.0799 168.326
26.1259 168.329
26.1703 168.319
26.2132 168.298
26.2592 168.3
26.3101 168.342
26.358 168.36
26.4059 168.377
26.4507 168.371
26.4974 168.379
26.545 168.394
26.5913 168.399
26.6369 168.399
26.6821 168.395
26.7261 168.383
26.7717 168.382
26.8192 168.397
26.8687 168.426
26.9155 168.435
26.9622 168.444
27.0086 168.449
27.0542 168.449
27.0986 168.439
27.1469 168.46
27.1965 168.489
27.2503 168.552
27.2959 168.551
27.3443 168.572
27.4011 168.656
27.4487 168.67
27.4951 168.676
27.5443 168.702
27.5903 168.705
27.6368 168.71
27.6824 168.71
27.7276 168.706
27.7781 168.742
27.8253 168.754
27.8762 168.792
27.9234 168.804
27.9756 168.852
28.0228 168.863
28.0746 168.908
28.1309 168.986
28.1774 168.991
28.2243 169
28.2757 169.042
28.3271 169.084
28.374 169.092
28.575 169.223
28.622 169.232
28.6698 169.246
28.7792 169.375
28.8266 169.387
28.8841 169.471
29.6816 170.248
29.7331 170.287
29.9679 170.643
