-28.6437 156.065
-28.6009 156.06
-28.559 156.061
-27.5823 154.529
-27.5311 154.463
-27.2869 154.212
-27.2363 154.149
-27.0509 154.015
-27.0043 153.98
-26.961 153.968
-26.9137 153.927
-26.8675 153.895
-26.8213 153.862
-26.778 153.849
-26.7308 153.809
-26.6804 153.746
-26.6365 153.729
-26.5936 153.719
-26.5514 153.714
-26.5063 153.689
-26.4568 153.631
-26.4139 153.621
-26.3703 153.606
-26.3201 153.543
-26.2769 153.531
-26.2347 153.526
-26.1898 153.501
-26.1459 153.484
-26.0999 153.451
-26.054 153.419
-26.0077 153.384
-25.9655 153.379
-25.9234 153.374
-25.8799 153.359
-25.8306 153.301
-25.7885 153.297
-25.7443 153.277
-25.7022 153.272
-25.6601 153.267
-25.6167 153.252
-25.5742 153.245
-25.526 153.195
-25.4826 153.18
-25.4409 153.178
-25.3991 153.176
-25.3543 153.151
-25.3119 153.143
-25.2692 153.134
-25.2268 153.126
-25.1837 153.114
-25.139 153.089
-25.0966 153.082
-25.0555 153.085
-25.0151 153.093
-24.9731 153.088
-24.9284 153.063
-24.8856 153.053
-24.8436 153.048
-24.8022 153.049
-24.7608 153.049
-24.7181 153.039
-24.6741 153.019
-24.6308 153.004
-24.5897 153.007
-24.5486 153.01
-24.5043 152.988
-24.4613 152.975
-24.4202 152.978
-24.3779 152.971
-24.3346 152.956
-24.2935 152.959
-24.2534 152.969
-24.2104 152.957
-24.169 152.957
-24.1286 152.965
-24.0866 152.96
-24.0436 152.948
-24.0022 152.948
-23.9611 152.951
-23.9185 152.941
-23.8758 152.931
-23.8354 152.939
-23.7972 152.964
-23.757 152.975
-23.7159 152.978
-23.6758 152.988
-23.6366 153.006
-23.5927 152.986
-23.5494 152.971
-23.5083 152.974
-23.4678 152.982
-23.4277 152.992
-23.3875 153.002
-23.3445 152.99
-23.301 152.973
-23.2602 152.978
-23.2224 153.008
-23.1835 153.029
-23.1448 153.052
-23.1019 153.039
-23.0592 153.03
-23.0178 153.03
-22.9788 153.05
-22.938 153.055
-22.8965 153.056
-22.8554 153.059
-22.8149 153.066
-22.7752 153.082
-22.735 153.092
-22.6956 153.11
-22.6563 153.128
-22.6151 153.131
-22.5737 153.131
-22.5334 153.141
-22.4952 153.169
-22.4549 153.179
-22.4135 153.18
-22.3723 153.183
-22.3323 153.195
-22.292 153.206
-22.252 153.219
-22.214 153.249
-22.1743 153.265
-22.1337 153.272
-22.0933 153.283
-22.053 153.293
-22.0141 153.316
-21.9764 153.349
-21.936 153.359
-21.8965 153.377
-21.8559 153.385
-21.8155 153.396
-21.7757 153.411
-21.737 153.437
-21.6986 153.465
-21.6585 153.477
-21.619 153.495
-21.5828 153.544
-21.5427 153.557
-21.502 153.565
-21.4615 153.575
-21.4245 153.616
-21.386 153.644
-21.3461 153.659
-21.3062 153.675
-21.2654 153.683
-21.2266 153.708
-21.187 153.726
-21.1498 153.767
-21.1101 153.785
-21.0741 153.836
-21.0341 153.852
-20.9966 153.89
-20.9589 153.926
-20.9208 153.959
-20.8805 153.972
-20.8419 154
-20.8024 154.021
-20.7643 154.054
-20.7258 154.085
-20.6858 154.1
-20.6484 154.141
-20.6108 154.18
-20.5729 154.216
-20.5325 154.229
-20.4948 154.267
-20.4593 154.326
-20.4192 154.342
-20.3812 154.378
-20.3437 154.419
-20.3068 154.465
-20.2666 154.481
-20.2318 154.547
-20.1937 154.584
-20.1535 154.599
-20.1197 154.676
-20.0845 154.741
-20.0445 154.759
-20.0058 154.79
-19.9676 154.826
-19.9302 154.87
-19.7839 155.079
-19.7166 155.242
-19.6783 155.278
-19.6381 155.296
-19.6032 155.366
-19.5627 155.382
-19.5248 155.423
-19.3886 155.743
-19.3542 155.821
