-24.8707 83.9047
-24.8439 83.9015
12.1458 140.175
12.1832 140.15
12.2215 140.139
12.2595 140.124
12.2972 140.103
12.3367 140.11
13.1523 138.481
13.1833 138.379
13.2189 138.337
13.2554 138.309
13.2919 138.28
13.3281 138.248
13.3634 138.204
13.3969 138.137
13.4303 138.069
13.4658 138.028
13.5012 137.987
13.5352 137.928
13.5725 137.911
13.6105 137.904
13.6472 137.88
13.681 137.819
13.7163 137.778
13.7499 137.715
13.7878 137.707
13.9644 137.507
14.0358 137.438
14.0717 137.406
14.1094 137.397
14.1431 137.339
14.181 137.332
14.2152 137.281
14.2526 137.268
14.2901 137.257
14.3259 137.224
14.3616 137.192
14.3973 137.16
14.433 137.127
14.4682 137.089
14.504 137.059
14.5418 137.052
14.5786 137.033
14.6155 137.015
14.6515 136.987
14.6869 136.953
14.7227 136.923
14.7603 136.914
14.7973 136.899
14.8349 136.89
14.8721 136.878
14.9062 136.828
14.9428 136.809
14.9778 136.77
15.0137 136.742
15.0504 136.725
15.0882 136.719
15.1255 136.708
15.1628 136.697
15.1992 136.676
15.2354 136.652
15.2721 136.635
15.307 136.596
15.3441 136.583
15.3827 136.588
15.4211 136.59
15.4584 136.579
15.4949 136.559
15.5302 136.527
15.5677 136.519
15.6049 136.508
15.6426 136.501
15.6796 136.489
15.7159 136.467
15.7533 136.458
15.7895 136.437
15.8258 136.416
15.863 136.405
15.8998 136.39
15.9378 136.388
15.9756 136.383
16.0135 136.381
16.0517 136.381
16.0895 136.377
16.1265 136.364
16.1624 136.34
16.1996 136.329
16.2369 136.321
16.2739 136.308
16.3094 136.28
16.3472 136.276
16.3855 136.278
16.4237 136.278
16.46 136.258
16.4965 136.241
16.5346 136.241
16.5727 136.241
16.6078 136.209
16.6439 136.188
16.681 136.177
16.7131 136.115
16.7574 136.179
16.8001 136.226
16.8392 136.236
16.8746 136.208
16.9167 136.249
16.9546 136.246
16.9927 136.246
17.0281 136.219
17.0656 136.212
17.1042 136.216
17.1423 136.216
17.1802 136.214
17.2172 136.203
17.2549 136.199
17.2934 136.203
17.3324 136.211
17.3711 136.217
17.4084 136.209
17.4467 136.211
17.4846 136.209
17.5225 136.206
17.5612 136.213
17.5998 136.217
17.6372 136.21
17.6742 136.199
17.7115 136.191
17.7495 136.191
17.7883 136.197
17.8264 136.197
17.8656 136.207
17.9046 136.216
17.9438 136.226
17.9821 136.228
18.0206 136.232
18.0603 136.247
18.099 136.253
18.1374 136.255
18.175 136.251
18.212 136.24
18.2505 136.244
18.2895 136.253
18.3285 136.261
18.3669 136.263
18.4059 136.271
18.4458 136.288
18.4859 136.307
18.5259 136.324
18.5651 136.335
18.6032 136.335
18.6409 136.33
18.6801 136.341
18.7196 136.353
18.7594 136.368
18.7998 136.389
18.8386 136.395
18.8786 136.412
18.9174 136.419
18.9564 136.427
18.9953 136.433
19.0339 136.437
19.0743 136.458
19.1162 136.492
19.1577 136.522
19.1963 136.526
19.2349 136.53
19.2735 136.534
19.3148 136.562
19.3534 136.566
19.3941 136.589
19.4325 136.591
19.5161 136.655
19.5557 136.668
19.5982 136.706
19.6424 136.759
19.6804 136.757
19.719 136.761
19.7589 136.776
19.801 136.81
19.8429 136.842
19.8845 136.872
19.9202 136.85
19.9609 136.871
20.006 136.931
20.1294 137.006
20.1716 137.04
20.2131 137.067
20.2521 137.074
20.2941 137.106
20.3396 137.168
20.3824 137.206
20.4222 137.219
20.4638 137.247
20.5025 137.251
20.5408 137.251
20.589 137.334
20.6324 137.377
20.6743 137.407
20.7142 137.42
20.7597 137.48
20.8052 137.54
20.8479 137.577
20.8902 137.609
20.9306 137.626
20.9757 137.682
21.0193 137.725
21.0658 137.792
21.1117 137.854
21.1551 137.895
21.2017 137.962
21.2457 138.007
21.2889 138.046
21.335 138.109
21.382 138.178
21.4287 138.245
21.4736 138.297
21.5148 138.319
21.5621 138.39
