-28.4649 141.312
-28.1161 140.581
-28.0709 140.539
-28.0254 140.495
-27.9715 140.399
-27.9125 140.27
-27.8678 140.231
-27.8235 140.194
-27.7695 140.095
-27.4842 139.748
-27.4438 139.735
-27.3949 139.667
-27.346 139.6
-27.306 139.589
-27.2545 139.505
-27.2138 139.49
-27.1704 139.457
-27.0347 139.324
-26.9921 139.296
-26.9524 139.287
-26.9092 139.255
-26.8616 139.194
-26.8213 139.181
-26.7774 139.145
-26.7345 139.115
-26.6953 139.108
-26.6534 139.085
-26.6135 139.074
-26.3433 138.805
-26.3018 138.784
-26.2633 138.782
-26.2251 138.782
-26.1856 138.774
-26.1455 138.761
-26.1002 138.714
-26.0598 138.699
-26.0174 138.671
-25.9789 138.669
-25.9369 138.643
-25.8942 138.613
-25.8545 138.603
-25.8118 138.573
-25.7721 138.562
-25.7301 138.536
-25.6913 138.532
-25.6487 138.502
-25.6099 138.498
-25.5677 138.47
-25.5286 138.464
-25.4864 138.436
-25.4504 138.451
-25.4082 138.424
-25.3691 138.417
-25.3275 138.394
-25.2863 138.373
-25.2475 138.368
-25.2088 138.364
-25.17 138.36
-25.1281 138.335
-25.0891 138.328
-25.0476 138.305
-25.0085 138.298
-24.9691 138.29
-24.9307 138.288
-24.8901 138.271
-24.8511 138.265
-24.8123 138.261
-24.7727 138.25
-24.7315 138.229
-24.6925 138.222
-24.6541 138.22
-24.6162 138.223
-24.5775 138.218
-24.5364 138.197
-24.4973 138.191
-24.4595 138.193
-24.4229 138.204
-24.386 138.213
-24.3475 138.211
-24.3082 138.202
-24.2674 138.183
-24.2287 138.179
-24.1899 138.175
-24.1515 138.173
-24.1122 138.164
-24.0735 138.16
-24.0351 138.158
-23.9972 138.16
-23.9594 138.163
-23.9213 138.163
-23.8828 138.161
-23.8438 138.154
-23.806 138.157
-23.769 138.165
-23.7312 138.168
-23.693 138.168
-23.6543 138.164
-23.6156 138.159
-23.5763 138.151
-23.5378 138.149
-23.5014 138.162
-23.4645 138.171
-23.426 138.169
-23.389 138.177
-23.3517 138.184
-23.315 138.195
-23.2789 138.21
-23.2459 138.248
-23.2048 138.227
-23.165 138.214
-23.1257 138.206
-23.0923 138.242
-23.0547 138.247
-23.0143 138.23
-22.9798 138.258
-22.9456 138.288
-22.9085 138.296
-22.8678 138.277
-22.8276 138.262
-22.7886 138.256
-22.7518 138.267
-22.7156 138.282
-22.6796 138.299
-22.642 138.304
-22.6038 138.304
-22.5667 138.313
-22.5313 138.334
-22.4928 138.332
-22.4532 138.321
-22.4152 138.324
-22.3784 138.335
-22.3432 138.358
-22.3058 138.365
-22.2676 138.365
-22.2294 138.365
-22.1933 138.382
-22.157 138.397
-22.1215 138.419
-22.0855 138.436
-22.0478 138.441
-22.0114 138.456
-21.9748 138.469
-21.9379 138.48
-21.9026 138.503
-21.8678 138.531
-21.8309 138.542
-21.7932 138.547
-21.7579 138.57
-21.7212 138.583
-21.6858 138.607
-21.6492 138.62
-21.6135 138.642
-21.5768 138.655
-21.5414 138.679
-21.5037 138.683
-21.4664 138.692
-21.4307 138.713
-21.3932 138.72
-21.3583 138.748
-21.3239 138.781
-21.2903 138.82
-21.2543 138.839
-21.2184 138.859
-21.1808 138.865
-21.1453 138.889
-21.1098 138.913
-21.0725 138.922
-21.0375 138.95
-21.0006 138.963
-20.9654 138.989
-20.928 138.998
-20.8927 139.024
-20.8561 139.039
-20.8221 139.076
-20.7888 139.119
-20.7527 139.139
-20.7191 139.18
-20.6835 139.204
-20.6461 139.213
-20.6114 139.245
-20.5806 139.311
-20.5465 139.347
-20.509 139.356
-20.4731 139.378
-20.4353 139.385
-20.4001 139.413
-20.3312 139.483
-20.2625 139.555
-20.1551 139.627
-20.12 139.658
-19.9859 139.835
-19.9542 139.896
-19.9168 139.907
-19.3887 140.727
-19.3564 140.787
-19.3238 140.844
-19.2869 140.862
-19.2584 140.957
-19.2263 141.019
-19.19 141.044
-19.1607 141.132
-19.071 141.383
-19.0368 141.428
-18.929 141.88
-18.8947 141.925
-18.8572 141.941
-18.8974 144.189
-18.8583 144.194
-18.8194 144.201
-18.7798 144.201
