-2.61741 154.145
-2.53075 154.065
-2.48788 154.057
-2.44463 154.021
-2.40164 154.003
-2.35813 153.943
-2.31539 153.943
-2.27261 153.941
-2.22981 153.936
-2.18698 153.928
-2.14376 153.887
-2.10022 153.817
-2.05751 153.817
-2.015 153.835
-1.97166 153.778
-1.92879 153.763
-1.88566 153.721
-1.84259 153.685
-1.79983 153.678
-1.75687 153.649
-1.71406 153.636
-1.67136 153.634
-1.62883 153.65
-1.58603 153.637
-1.54302 153.598
-1.49989 153.544
-1.45702 153.518
-1.41451 153.536
-1.3719 153.542
-1.329 153.511
-1.28622 153.493
-1.24368 153.509
-1.20104 153.511
-1.15827 153.493
-1.11544 153.465
-1.07268 153.447
-1.02987 153.419
-0.987178 153.409
-0.94456 153.411
-0.901968 153.419
-0.859372 153.427
-0.816659 153.412
-0.773832 153.371
-0.731127 153.353
-0.688527 153.358
-0.645955 153.371
-0.603339 153.374
-0.560583 153.338
-0.51786 153.307
-0.475214 153.297
-0.432596 153.294
-0.389978 153.292
-0.347355 153.287
-0.304745 153.287
-0.262135 153.287
-0.219506 153.277
-0.176877 153.264
-0.134275 153.267
-0.0916394 153.241
-0.0490265 153.229
-0.00639066 153.174
0.0361867 153.195
0.0787848 153.169
0.121371 153.18
0.163953 153.147
0.206544 153.167
0.249152 153.201
0.291773 153.232
0.334389 153.246
0.377003 153.253
0.419598 153.246
0.462249 153.272
0.504885 153.285
0.547545 153.306
0.590208 153.324
0.632832 153.324
0.675507 153.343
0.718239 153.376
0.760926 153.392
0.803557 153.39
0.846205 153.392
0.888886 153.403
0.931572 153.413
0.974229 153.416
1.01686 153.414
1.05951 153.414
1.10221 153.424
1.1449 153.432
1.18753 153.43
1.23021 153.435
1.27295 153.451
1.31577 153.477
1.35856 153.498
1.40142 153.527
1.44416 153.537
1.48689 153.545
1.52959 153.548
1.57236 153.561
1.61523 153.584
1.65795 153.59
1.70058 153.582
1.74326 153.582
1.78622 153.613
1.82919 153.645
1.87198 153.655
1.9148 153.668
1.95783 153.702
2.00085 153.734
2.04367 153.744
2.08653 153.757
2.12934 153.765
2.17237 153.794
2.21539 153.82
2.25824 153.831
2.30143 153.87
2.3443 153.88
2.38724 153.896
2.43012 153.907
2.47298 153.915
2.51587 153.925
2.55942 153.988
2.60247 154.009
2.6457 154.043
2.68891 154.074
2.73227 154.116
2.77526 154.129
2.81902 154.197
2.86192 154.203
2.90489 154.213
2.94818 154.245
2.99121 154.258
3.03413 154.263
3.07745 154.295
3.12143 154.368
3.16459 154.387
3.20846 154.45
3.25206 154.494
3.29517 154.507
3.33859 154.539
3.38162 154.547
3.42519 154.586
3.46888 154.631
3.5124 154.665
3.55668 154.742
3.60043 154.786
3.64415 154.829
3.82028 155.053
3.86406 155.093
3.90718 155.098
3.95099 155.138
3.99481 155.177
4.0387 155.22
4.08337 155.299
4.12753 155.352
4.17226 155.431
4.4854 155.944
