-11.313 132.925
-11.0442 131.69
-11.0045 131.65
-10.4885 130.52
-10.2873 130.24
-10.2483 130.203
-10.2094 130.167
-10.1696 130.117
-10.1308 130.082
-10.0904 130.021
-10.0498 129.957
-10.0112 129.924
-9.97258 129.891
-9.93397 129.858
-9.89491 129.817
-9.85351 129.737
-9.81543 129.712
-9.77818 129.7
-9.73977 129.669
-9.69998 129.615
-9.66184 129.588
-9.62485 129.58
-9.58661 129.551
-9.12559 129.146
-9.08873 129.139
-9.05068 129.11
-9.01253 129.079
-8.97462 129.052
-8.93777 129.044
-8.89871 128.996
-8.86167 128.984
-8.8237 128.955
-8.78594 128.93
-8.74882 128.917
-8.71109 128.892
-8.67429 128.884
-8.63575 128.844
-8.59876 128.832
-8.56087 128.803
-8.52288 128.773
-8.48531 128.75
-8.44845 128.74
-8.4116 128.73
-8.37455 128.717
-8.33741 128.702
-8.30067 128.694
-8.26364 128.68
-8.22681 128.671
-8.18881 128.638
-8.1518 128.625
-8.11499 128.615
-8.07828 128.607
-8.04033 128.575
-8.00353 128.565
-7.96674 128.555
-7.93014 128.55
-7.89354 128.544
-7.85629 128.525
-7.81896 128.504
-7.78228 128.496
-7.74542 128.484
-7.70829 128.467
-7.67163 128.459
-7.63469 128.446
-7.59813 128.44
-7.56156 128.435
-7.52491 128.427
-7.48782 128.41
-7.45108 128.4
-7.41453 128.394
-7.37754 128.379
-7.34082 128.369
-7.30445 128.367
-7.26817 128.367
-7.23197 128.369
-7.19561 128.367
-7.15915 128.363
-7.12219 128.348
-7.08591 128.348
-7.0493 128.34
-7.0126 128.331
-6.97632 128.331
-6.93996 128.329
-6.90336 128.321
-6.86675 128.313
-6.8304 128.311
-6.79396 128.307
-6.75736 128.3
-6.72093 128.296
-6.68418 128.284
-6.64752 128.275
-6.61117 128.273
-6.57506 128.277
-6.53863 128.273
-6.50221 128.269
-6.46586 128.267
-6.42951 128.265
-6.39332 128.267
-6.35713 128.269
-6.32093 128.271
-6.28481 128.274
-6.24847 128.272
-6.21205 128.269
-6.17681 128.295
-6.14133 128.316
-6.10418 128.293
-6.06732 128.278
-6.03097 128.276
-5.99462 128.274
-5.95899 128.291
-5.92299 128.299
-5.88748 128.32
-5.85106 128.316
-5.81415 128.298
-5.77793 128.3
-5.74199 128.31
-5.70584 128.314
-5.66949 128.312
-5.63327 128.313
-5.59738 128.325
-5.56149 128.336
-5.52546 128.344
-5.48943 128.351
-5.45346 128.361
-5.41794 128.384
-5.38189 128.391
-5.34526 128.382
-5.30921 128.389
-5.27278 128.385
-5.19657 127.174
-5.20029 128.389
-5.16435 128.401
-5.1281 128.402
-5.09161 128.397
-5.05536 128.399
-5.01965 128.418
-4.98435 128.45
-4.94838 128.461
-4.91218 128.465
-4.87597 128.469
-4.84016 128.486
-4.80406 128.494
-4.76784 128.498
-4.73156 128.499
-4.69545 128.507
-4.6594 128.516
-4.62367 128.537
-4.58788 128.557
-4.55186 128.568
-4.51561 128.572
-4.48012 128.602
-4.44446 128.627
-4.40863 128.646
-4.37236 128.65
-4.33636 128.663
-4.30019 128.671
-4.26407 128.681
-4.22831 128.704
-4.19253 128.727
-4.15645 128.738
-4.12036 128.749
-4.08451 128.771
-4.04835 128.78
-4.01205 128.784
-3.97613 128.803
-3.94044 128.832
-3.90464 128.857
-3.86846 128.866
-3.83269 128.893
-3.79691 128.92
-3.76111 128.947
-3.72485 128.954
-3.68891 128.976
-3.65268 128.985
-3.61694 129.016
-3.58118 129.047
-3.54485 129.052
-3.50899 129.079
-3.47316 129.108
-3.43727 129.135
-3.40103 129.147
-3.36558 129.195
-3.32933 129.206
-3.29295 129.212
-3.25717 129.247
-3.22094 129.26
-3.18517 129.297
-3.14931 129.33
-3.11336 129.359
-3.07739 129.387
-3.04145 129.418
-3.00553 129.451
-2.71827 129.749
-2.68189 129.763
-2.64615 129.815
-2.57396 129.881
-2.53778 129.911
-2.50203 129.967
-2.46585 129.998
-2.42966 130.029
-2.39345 130.06
-2.35773 130.125
-2.3216 130.164
-2.28569 130.218
-2.2498 130.277
-2.21359 130.314
-2.17733 130.349
-2.14106 130.384
-2.10506 130.441
-2.06901 130.496
-2.03283 130.543
-1.99679 130.602
-1.92536 130.78
-1.88901 130.822
-1.85257 130.857
-1.81641 130.918
-1.78042 130.997
-1.74381 131.022
-1.70802 131.125
-1.60042 131.435
-1.56386 131.479
-1.5272 131.515
