-24.8696 83.8996
-24.8432 83.8985
-4.1843 149.345
-3.80025 148.685
-3.75889 148.668
-3.58969 148.403
-3.54794 148.361
-3.50691 148.357
-3.46542 148.328
-3.42376 148.289
-3.38154 148.218
-3.29742 148.09
-3.25589 148.054
-3.21451 148.025
-3.17343 148.013
-3.13178 147.967
-3.08995 147.909
-3.04846 147.87
-2.80038 147.67
-2.75908 147.636
-2.71819 147.629
-2.67687 147.593
-2.63585 147.576
-2.59426 147.519
-2.55337 147.509
-2.51215 147.475
-2.47088 147.437
-2.42962 147.399
-2.38842 147.363
-2.34759 147.355
-2.30677 147.348
-2.26575 147.324
-2.22485 147.31
-2.18348 147.255
-2.14266 147.245
-2.10162 147.217
-2.06076 147.202
-2.01972 147.171
-1.9787 147.14
-1.93786 147.126
-1.89708 147.116
-1.85621 147.097
-1.81544 147.087
-1.77465 147.076
-1.73375 147.052
-1.69293 147.035
-1.65213 147.021
-1.61129 146.999
-1.5704 146.973
-1.52956 146.949
-1.48875 146.93
-1.44791 146.904
-1.40721 146.896
-1.36646 146.88
-1.32582 146.88
-1.28517 146.878
-1.24446 146.866
-1.20372 146.849
-1.16298 146.83
-1.12224 146.811
-1.08156 146.801
-1.04091 146.794
-1.00027 146.79
-0.95964 146.787
-0.919027 146.787
-0.878367 146.778
-0.837668 146.759
-0.797009 146.747
-0.756364 146.737
-0.715732 146.73
-0.675068 146.714
-0.634395 146.692
-0.59377 146.683
-0.553163 146.678
-0.512585 146.683
-0.472011 146.69
-0.431428 146.695
-0.390827 146.693
-0.350241 146.697
-0.309653 146.702
-0.269055 146.702
-0.228442 146.69
-0.187835 146.678
-0.147238 146.674
-0.10664 146.664
-0.0660437 146.648
-0.0254573 146.648
0.0151296 146.66
0.0557175 146.655
0.0963137 146.672
0.136892 146.653
0.177522 146.698
0.218225 146.791
0.258891 146.827
0.2993 146.689
0.339879 146.679
0.380363 146.624
0.42087 146.591
0.461498 146.612
0.502185 146.653
0.542787 146.658
0.583362 146.653
0.623903 146.639
0.664488 146.639
0.705118 146.651
0.745716 146.653
0.786334 146.661
0.826956 146.668
0.867569 146.673
0.908174 146.675
0.948791 146.68
0.989423 146.687
1.0301 146.702
1.07074 146.709
1.11134 146.709
1.15203 146.723
1.19266 146.728
1.23326 146.728
1.2739 146.733
1.31459 146.745
1.35522 146.747
1.39582 146.747
1.43656 146.764
1.47723 146.771
1.51794 146.783
1.55866 146.795
1.59936 146.805
1.64014 146.824
1.68088 146.836
1.72157 146.843
1.76229 146.853
1.80301 146.862
1.84385 146.884
1.88461 146.896
1.92542 146.913
1.96637 146.942
2.00717 146.956
2.0479 146.963
2.08864 146.97
2.12946 146.985
2.17039 147.009
2.21117 147.018
2.25201 147.033
2.29294 147.055
2.33376 147.067
2.37486 147.1
2.41589 147.127
2.45689 147.151
2.49775 147.163
2.53857 147.172
2.57934 147.177
2.62013 147.184
2.66125 147.213
2.70244 147.247
2.74343 147.266
2.78447 147.288
2.82563 147.317
2.86673 147.341
2.90795 147.372
2.94926 147.408
2.99047 147.437
3.03138 147.447
3.07229 147.456
3.11405 147.517
3.15507 147.531
3.1963 147.558
3.23733 147.572
3.27875 147.608
3.32039 147.657
3.36154 147.676
3.40301 147.712
3.444 147.722
3.48549 147.758
3.52709 147.799
3.56912 147.862
3.61034 147.882
3.65237 147.942
3.69352 147.957
3.73511 147.993
3.77677 148.032
3.8183 148.063
3.85989 148.097
3.9022 148.165
3.94368 148.192
3.98589 148.253
4.02765 148.291
4.06955 148.335
4.11194 148.401
4.15333 148.42
4.19588 148.491
4.23775 148.53
4.27974 148.574
4.32176 148.618
4.7062 149.23
