-24.8704 83.9037
-24.8437 83.9005
-5.54241 155.013
-5.0595 154.389
-5.01608 154.345
-4.97208 154.278
-4.92877 154.237
-4.54033 153.887
-4.49658 153.82
-4.45414 153.807
-4.36815 153.733
-4.32526 153.7
-4.28292 153.69
-4.23988 153.649
-4.19749 153.636
-4.15483 153.61
-4.11178 153.567
-4.06936 153.551
-4.02679 153.529
-3.9846 153.524
-3.94172 153.485
-3.89821 153.416
-3.85579 153.398
-3.81348 153.386
-3.77102 153.365
-3.72811 153.322
-3.68572 153.304
-3.6432 153.278
-3.60107 153.273
-3.55851 153.245
-3.51635 153.238
-3.47409 153.225
-3.43114 153.174
-3.3889 153.161
-3.34676 153.154
-3.30462 153.146
-3.26213 153.118
-3.22001 153.111
-3.17745 153.078
-3.13473 153.034
-3.09267 153.029
-3.05074 153.032
-3.00884 153.037
-2.96654 153.017
-2.92444 153.009
-2.88227 152.997
-2.83995 152.974
-2.79787 152.966
-2.75579 152.959
-2.71368 152.949
-2.67157 152.939
-2.62907 152.901
-2.58694 152.888
-2.54482 152.875
-2.5027 152.863
-2.46062 152.853
-2.41841 152.832
-2.37627 152.817
-2.33444 152.825
-2.29253 152.827
-2.25053 152.822
-2.20835 152.802
-2.16609 152.774
-2.12401 152.762
-2.08203 152.757
-2.04005 152.752
-1.99813 152.752
-1.95629 152.759
-1.91452 152.775
-1.87278 152.793
-1.83077 152.785
-1.78871 152.773
-1.74681 152.775
-1.70478 152.765
-1.66281 152.76
-1.62077 152.748
-1.5788 152.743
-1.53694 152.75
-1.49504 152.753
-1.45309 152.75
-1.41136 152.776
-1.3697 152.812
-1.32802 152.848
-1.28602 152.84
-1.24412 152.848
-1.2017 152.777
-1.15972 152.769
-1.1178 152.772
-1.07578 152.756
-1.0337 152.731
-0.991834 152.741
-0.949975 152.754
-0.908033 152.752
-0.866067 152.744
-0.824128 152.742
-0.782235 152.749
-0.740391 152.77
-0.6986 152.806
-0.656658 152.806
-0.61468 152.796
-0.57274 152.796
-0.530832 152.806
-0.488933 152.821
-0.447 152.826
-0.405047 152.824
-0.363106 152.827
-0.321183 152.839
-0.279273 152.862
-0.237325 152.868
-0.195364 152.865
-0.15341 152.868
-0.111457 152.873
-0.0694998 152.876
-0.0275435 152.883
0.0144147 152.899
0.0563798 152.906
0.0983526 152.932
0.140332 152.947
0.182315 152.958
0.224303 152.968
0.266321 153.001
0.308351 153.032
0.35035 153.035
0.392351 153.037
0.434374 153.05
0.476442 153.081
0.518467 153.088
0.560496 153.096
0.60267 153.153
0.644725 153.163
0.686759 153.165
0.728803 153.171
0.770859 153.178
0.813001 153.207
0.855177 153.24
0.897255 153.248
0.939335 153.255
0.981507 153.281
1.02362 153.294
1.06589 153.332
1.10815 153.368
1.15046 153.409
1.19266 153.43
1.23488 153.451
1.27708 153.469
1.3193 153.487
1.36166 153.525
1.4039 153.543
1.44625 153.577
1.48845 153.587
1.53083 153.62
1.57325 153.656
1.61549 153.669
1.658 153.713
1.7004 153.742
1.74262 153.749
1.78506 153.78
1.82758 153.819
1.87025 153.87
1.91312 153.94
1.95547 153.956
1.99812 154
2.04099 154.062
2.08354 154.093
2.12558 154.075
2.16867 154.152
2.21174 154.225
2.25416 154.238
2.59734 154.616
2.64022 154.655
2.68308 154.692
2.72606 154.736
2.76966 154.822
2.81319 154.9
2.85633 154.95
2.89949 154.999
2.94307 155.075
2.98672 155.153
3.02992 155.2
3.07364 155.279
3.42775 156.085
