-8.84652 124.834
-8.80663 124.755
-8.76647 124.671
-8.72808 124.618
-8.69082 124.586
-8.61024 124.409
-8.57346 124.383
-8.53688 124.362
-8.50051 124.343
-8.4611 124.269
-8.41723 124.111
-8.38112 124.097
-7.89656 123.598
-7.8597 123.565
-7.82077 123.491
-7.78396 123.459
-7.74715 123.427
-7.7118 123.423
-7.67635 123.417
-7.64002 123.394
-7.60308 123.358
-7.56441 123.286
-7.52883 123.277
-7.49368 123.277
-7.45767 123.259
-7.42063 123.22
-7.38224 123.152
-7.34652 123.139
-7.31098 123.13
-7.27384 123.087
-7.23815 123.075
-7.20104 123.032
-7.16429 122.996
-7.12796 122.969
-7.09263 122.964
-7.0573 122.958
-7.02035 122.917
-6.98471 122.905
-6.94844 122.878
-6.91225 122.853
-6.87592 122.824
-6.83984 122.801
-6.80456 122.795
-6.76912 122.787
-6.73314 122.765
-6.69709 122.742
-6.66167 122.733
-6.62579 122.713
-6.5903 122.703
-6.55444 122.683
-6.51904 122.674
-6.48319 122.654
-6.44706 122.628
-6.41168 122.619
-6.37585 122.599
-6.34033 122.587
-6.3046 122.569
-6.26873 122.547
-6.2333 122.537
-6.19745 122.515
-6.16211 122.506
-6.12684 122.499
-6.09122 122.483
-6.05574 122.471
-6.01986 122.448
-5.98426 122.432
-5.94929 122.431
-5.91425 122.43
-5.87894 122.421
-5.84363 122.412
-5.80799 122.394
-5.77223 122.373
-5.73687 122.362
-5.70119 122.342
-5.66591 122.334
-5.63109 122.337
-5.59627 122.34
-5.56118 122.337
-5.52559 122.319
-5.48994 122.3
-5.45494 122.298
-5.42012 122.301
-5.38542 122.308
-5.35023 122.301
-5.3151 122.296
-5.27991 122.289
-5.24478 122.283
-5.20984 122.283
-5.17472 122.278
-5.1396 122.272
-5.10437 122.263
-5.06908 122.253
-5.03367 122.239
-4.99874 122.239
-4.96369 122.235
-4.92847 122.226
-4.89349 122.224
-4.85861 122.226
-4.82363 122.224
-4.78836 122.213
-4.75327 122.208
-4.71845 122.211
-4.68358 122.213
-4.64849 122.208
-4.61351 122.206
-4.57847 122.202
-4.5437 122.208
-4.50909 122.218
-4.47406 122.215
-4.43871 122.2
-4.40353 122.191
-4.36866 122.193
-4.33434 122.214
-4.2996 122.221
-4.26452 122.216
-4.22974 122.221
-4.19481 122.221
-4.16007 122.228
-4.12523 122.232
-4.09053 122.24
-4.05555 122.238
-4.02052 122.235
-3.98577 122.242
-3.95101 122.249
-3.91607 122.249
-3.88118 122.251
-3.84628 122.252
-3.8113 122.25
-3.77627 122.247
-3.74129 122.245
-3.70682 122.264
-3.67188 122.264
-3.63694 122.264
-3.60224 122.275
-3.56738 122.278
-3.53243 122.278
-3.49749 122.278
-3.46274 122.287
-3.42795 122.294
-3.39328 122.306
-3.35844 122.311
-3.32368 122.32
-3.28887 122.327
-3.25411 122.336
-3.21922 122.339
-3.18433 122.343
-3.14952 122.35
-3.11495 122.369
-3.0802 122.38
-3.04537 122.387
-3.01054 122.394
-2.9757 122.401
-2.941 122.415
-2.90636 122.433
-2.87158 122.443
-2.83673 122.45
-2.80187 122.457
-2.76721 122.475
-2.73263 122.498
-2.69779 122.507
-2.66292 122.514
-2.62816 122.528
-2.59325 122.533
-2.55827 122.535
-2.52336 122.54
-2.48884 122.57
-2.45395 122.577
-2.41913 122.59
-2.38445 122.611
-2.34965 122.625
-2.31503 122.652
-2.28034 122.675
-2.24555 122.691
-2.21058 122.696
-2.17559 122.699
-2.14078 122.715
-2.10623 122.751
-2.0713 122.76
-2.03658 122.785
-2.00183 122.808
-1.96693 122.82
-1.93213 122.841
-1.89735 122.865
-1.86245 122.879
-1.82767 122.904
-1.79288 122.929
-1.75809 122.953
-1.72321 122.973
-1.68831 122.991
-1.65362 123.028
-1.6187 123.046
-1.58385 123.071
-1.54893 123.091
-1.51395 123.105
-1.47902 123.124
-1.4441 123.146
-1.40928 123.18
-1.37448 123.217
-1.33973 123.262
-1.30462 123.267
-1.2695 123.273
-1.23461 123.305
-1.19981 123.351
-1.16485 123.378
-1.12976 123.391
-1.09475 123.416
-1.05974 123.441
-1.02477 123.473
-0.989953 123.531
-0.919891 123.59
-0.884936 123.635
-0.849746 123.644
-0.814822 123.699
-0.779744 123.732
-0.744632 123.761
-0.709527 123.793
-0.674513 123.847
-0.639366 123.878
-0.604191 123.905
-0.569011 123.934
-0.533919 123.988
-0.498899 124.067
-0.463627 124.085
-0.428442 124.132
-0.393266 124.188
-0.35806 124.243
-0.322777 124.277
-0.287519 124.328
-0.252202 124.362
-0.21691 124.417
-0.181601 124.475
-0.146238 124.515
-0.110847 124.548
-0.0754602 124.597
-0.0400672 124.662
-0.00465929 124.748
0.0307881 124.83
0.0662781 124.889
0.101794 124.944
