-20.4477 136.19
-20.4022 136.131
-20.2236 135.918
-19.8312 135.512
-19.7461 135.439
-19.7045 135.409
-19.6631 135.382
-19.6236 135.372
-19.5789 135.315
-19.5373 135.285
-19.4952 135.252
-19.4522 135.21
-19.4072 135.151
-19.3681 135.143
-19.3266 135.113
-19.2872 135.103
-19.2423 135.044
-19.1968 134.979
-19.1572 134.967
-19.1184 134.961
-19.0795 134.955
-19.036 134.906
-18.9941 134.873
-18.9557 134.871
-18.9155 134.852
-18.8766 134.846
-18.7541 134.774
-18.7123 134.74
-18.6707 134.709
-18.6312 134.697
-18.5934 134.699
-18.5557 134.704
-18.5151 134.681
-18.4708 134.624
-18.4311 134.61
-18.3915 134.595
-18.3516 134.579
-18.3133 134.577
-18.2715 134.544
-18.2303 134.515
-18.192 134.513
-18.1537 134.511
-18.1147 134.503
-18.0742 134.48
-18.0359 134.478
-17.9974 134.474
-17.9562 134.445
-17.9177 134.441
-17.8779 134.425
-17.8389 134.417
-17.7993 134.402
-17.7597 134.388
-17.7232 134.403
-17.6849 134.401
-17.6447 134.38
-17.6049 134.364
-17.5664 134.36
-17.5266 134.344
-17.4879 134.338
-17.4474 134.315
-17.4087 134.309
-17.3687 134.29
-17.3303 134.286
-17.2926 134.291
-17.2559 134.304
-17.2176 134.302
-17.1791 134.298
-17.1396 134.284
-17.0992 134.261
-17.0597 134.246
-17.0216 134.247
-16.9844 134.255
-16.9459 134.252
-16.9077 134.25
-16.8696 134.25
-16.8303 134.238
-16.7912 134.228
-16.7536 134.232
-16.7159 134.236
-16.6777 134.235
-16.6382 134.22
-16.5991 134.21
-16.5602 134.202
-16.5207 134.188
-16.4822 134.184
-16.445 134.192
-16.4088 134.212
-16.3709 134.214
-16.3322 134.208
-16.2936 134.202
-16.2557 134.204
-16.2176 134.205
-16.1794 134.203
-16.1413 134.203
-16.1034 134.205
-16.0664 134.216
-16.0275 134.208
-15.9886 134.2
-15.9494 134.188
-15.9109 134.184
-15.8718 134.174
-15.8336 134.172
-15.7961 134.178
-15.7584 134.183
-15.7207 134.187
-15.6832 134.194
-15.6457 134.2
-15.607 134.194
-15.568 134.184
-15.5297 134.182
-15.4914 134.18
-15.4551 134.2
-15.4183 134.215
-15.3837 134.253
-15.3496 134.297
-15.3124 134.308
-15.2743 134.308
-15.2373 134.321
-15.203 134.363
-15.1658 134.374
-15.128 134.378
-15.0904 134.385
-15.0525 134.387
-15.016 134.406
-14.979 134.419
-14.9419 134.432
-14.9053 134.449
-14.8677 134.456
-14.8301 134.462
-14.7923 134.467
-14.7548 134.476
-14.7194 134.507
-14.6832 134.531
-14.645 134.531
-14.6068 134.531
-14.5697 134.544
-14.5344 134.578
-14.4982 134.602
-14.4607 134.61
-14.4243 134.632
-14.3872 134.645
-14.3525 134.687
-14.3152 134.698
-14.2777 134.706
-14.2398 134.711
-14.2031 134.73
-14.1661 134.745
-14.1317 134.792
-14.0938 134.796
-14.0564 134.807
-14.0201 134.831
-13.9825 134.839
-13.9461 134.863
-13.9085 134.872
-13.871 134.88
-13.837 134.934
-13.8018 134.972
-13.7645 134.985
-13.7289 135.019
-13.6928 135.047
-13.655 135.053
-13.619 135.083
-13.5812 135.09
-13.545 135.118
-13.5074 135.126
-13.4732 135.18
-13.436 135.195
-13.402 135.25
-13.3663 135.284
-13.1477 135.439
-13.1157 135.522
-13.0782 135.535
-13.0417 135.561
-13.0042 135.574
-12.9697 135.626
-12.9318 135.634
-12.8954 135.662
-12.8594 135.695
-12.8234 135.729
-12.7881 135.772
-12.6821 135.901
-12.6461 135.936
-12.6099 135.968
-12.574 136.005
-12.54 136.067
-12.5063 136.134
-12.4705 136.173
-12.1914 136.594
-11.4093 139.443
-11.2852 138.145
-11.2447 138.123
-11.2054 138.121
-11.1669 138.13
