1.21612 158.467
1.25967 158.432
1.30335 158.421
1.34682 158.378
1.43299 158.187
1.47609 158.103
2.42402 157.007
2.46733 156.997
2.51001 156.935
2.55286 156.889
2.59614 156.879
2.85418 156.705
2.89699 156.665
2.94028 156.66
2.98266 156.593
3.02573 156.574
3.06888 156.561
3.11123 156.497
3.15436 156.483
3.19705 156.443
3.2402 156.433
3.28265 156.379
3.32578 156.369
3.36917 156.374
3.41221 156.358
3.455 156.329
3.49742 156.278
3.54042 156.262
3.58328 156.238
3.62636 156.228
3.66895 156.19
3.71103 156.127
3.75399 156.111
3.79718 156.108
3.84038 156.105
3.88326 156.087
3.9264 156.082
3.96937 156.068
4.01213 156.044
4.05472 156.013
4.09772 156.002
4.14062 155.986
4.18328 155.96
4.22582 155.928
4.26897 155.925
4.31246 155.938
4.35555 155.933
4.39817 155.907
4.44113 155.896
4.48433 155.896
4.52747 155.894
4.57036 155.88
4.61318 155.864
4.65594 155.846
4.69925 155.851
4.74237 155.849
4.78505 155.827
4.82791 155.814
4.87076 155.801
4.91354 155.785
4.95579 155.748
4.99868 155.737
5.04211 155.748
5.08527 155.748
5.12822 155.74
5.17118 155.732
5.21378 155.711
5.25651 155.695
5.29966 155.695
5.34238 155.679
5.38516 155.666
5.42599 155.581
5.46947 155.595
5.51326 155.618
5.55764 155.664
5.60101 155.672
5.64467 155.69
5.68774 155.688
5.73119 155.698
5.77341 155.666
5.81639 155.661
5.86046 155.693
5.90392 155.704
5.94778 155.728
5.99093 155.728
6.03415 155.73
6.07722 155.728
6.12012 155.72
6.16368 155.733
6.20741 155.752
6.25106 155.768
6.29447 155.776
6.33788 155.784
6.38112 155.786
6.42445 155.792
6.46769 155.794
6.5112 155.805
6.55471 155.816
6.59778 155.813
6.64129 155.824
6.68517 155.845
6.7287 155.856
6.77159 155.848
6.81421 155.832
6.85857 155.866
6.90285 155.898
6.94546 155.882
6.98976 155.914
7.03416 155.949
7.07744 155.951
7.12024 155.941
7.16333 155.938
7.20787 155.975
7.25193 155.999
7.2961 156.026
7.3394 156.029
7.3829 156.037
7.42729 156.069
7.47191 156.106
7.51532 156.111
7.55874 156.117
7.60216 156.122
7.64548 156.125
7.68963 156.149
7.73316 156.157
7.77754 156.186
7.82098 156.191
7.86495 156.21
7.91052 156.269
7.95398 156.274
7.99895 156.317
8.04275 156.33
8.08612 156.333
8.13168 156.389
8.1755 156.402
8.21933 156.415
8.26405 156.45
8.3089 156.488
8.35264 156.498
8.39764 156.538
8.44117 156.544
8.48607 156.581
8.52973 156.589
8.57478 156.629
8.70874 156.72
8.75504 156.787
8.79886 156.798
8.84545 156.871
8.88918 156.879
8.93328 156.895
8.98019 156.973
9.02554 157.016
9.07066 157.053
9.38687 157.314
9.94144 157.974
9.98709 158.015
