-30.6798 146.187
-30.6299 146.127
-30.5169 145.927
-30.4694 145.88
-30.2582 145.565
-30.2124 145.528
-30.1655 145.484
-29.918 145.185
-29.8765 145.173
-29.8264 145.109
-29.7755 145.04
-29.7341 145.028
-29.6897 144.999
-29.6442 144.962
-29.5434 144.829
-29.5025 144.82
-29.4604 144.804
-29.4108 144.742
-29.3617 144.682
-29.3208 144.673
-29.2802 144.667
-29.2364 144.639
-29.1936 144.619
-29.1338 144.493
-29.09 144.466
-29.0532 144.482
-29.0142 144.484
-28.9693 144.45
-28.924 144.414
-28.8806 144.389
-28.8413 144.389
-28.8004 144.38
-28.7548 144.341
-28.7096 144.305
-28.6696 144.3
-28.6255 144.271
-28.5811 144.239
-28.5352 144.198
-28.4912 144.168
-28.45 144.157
-28.4064 144.13
-28.3663 144.126
-28.3227 144.098
-28.2816 144.087
-28.2415 144.083
-28.2022 144.083
-28.1583 144.053
-28.114 144.022
-28.0739 144.017
-28.0336 144.011
-27.9854 143.954
-27.9489 143.972
-27.9054 143.945
-27.8668 143.95
-27.8271 143.948
-27.7836 143.921
-27.7426 143.909
-27.6997 143.887
-27.6584 143.873
-27.6173 143.862
-27.578 143.862
-27.538 143.858
-27.4963 143.842
-27.4546 143.826
-27.4153 143.827
-27.3746 143.818
-27.3326 143.8
-27.2912 143.786
-27.2526 143.791
-27.2116 143.78
-27.1713 143.773
-27.1334 143.782
-27.0959 143.794
-27.0569 143.796
-27.0176 143.797
-26.9776 143.792
-26.9339 143.763
-26.8912 143.74
-26.8496 143.725
-26.8106 143.727
-26.7727 143.736
-26.7331 143.734
-26.6935 143.732
-26.6542 143.732
-26.6156 143.737
-26.5759 143.735
-26.535 143.724
-26.4947 143.717
-26.455 143.715
-26.4148 143.708
-26.3745 143.702
-26.3355 143.704
-26.2976 143.714
-26.2586 143.716
-26.219 143.714
-26.1797 143.714
-26.1407 143.717
-26.1024 143.724
-26.0641 143.731
-26.0248 143.731
-25.9845 143.724
-25.9442 143.717
-25.9052 143.72
-25.8669 143.727
-25.8296 143.741
-25.7971 143.789
-25.7578 143.789
-25.7181 143.787
-25.6739 143.753
-25.6359 143.762
-25.6001 143.787
-25.5653 143.819
-25.5247 143.811
-25.4905 143.847
-25.4547 143.872
-25.4199 143.905
-25.3795 143.898
-25.3376 143.88
-25.2963 143.866
-25.2557 143.857
-25.2151 143.848
-25.1757 143.849
-25.1367 143.851
-25.0995 143.867
-25.0605 143.87
-25.0205 143.865
-24.9818 143.87
-24.9459 143.895
-24.9084 143.909
-24.8706 143.921
-24.8312 143.921
-24.7887 143.898
-24.7509 143.91
-24.7152 143.937
-24.6784 143.956
-24.6408 143.97
-24.6036 143.986
-24.5658 143.998
-24.5298 144.023
-24.4916 144.032
-24.4531 144.039
-24.4168 144.062
-24.3789 144.074
-24.3413 144.088
-24.3068 144.124
-24.2701 144.145
-24.2331 144.164
-24.198 144.196
-24.16 144.208
-24.1209 144.21
-24.082 144.215
-24.0438 144.224
-24.0086 144.256
-23.9749 144.3
-23.9393 144.33
-23.8998 144.33
-23.8618 144.342
-23.8241 144.356
-23.7901 144.397
-23.7544 144.427
-23.7167 144.441
-23.6796 144.46
-23.6416 144.471
-23.6041 144.488
-23.5661 144.499
-23.5319 144.541
-23.4938 144.553
-23.4584 144.585
-23.423 144.617
-23.3855 144.634
-23.3498 144.664
-23.3111 144.671
-23.276 144.706
-23.2411 144.743
-23.2065 144.782
-23.1707 144.812
-23.1346 144.84
-23.0973 144.859
-23.0653 144.919
-23.0268 144.928
-22.9871 144.928
-22.9548 144.986
-22.3934 145.587
-22.3553 145.601
-22.3226 145.66
-21.7923 146.563
-21.7565 146.599
-21.7184 146.615
-21.6914 146.726
-21.66 146.799
-21.6296 146.882
-21.6025 146.993
-21.5718 147.074
-21.5408 147.152
-21.5079 147.214
-21.4757 147.283
-21.446 147.373
-21.4207 147.501
-21.3937 147.615
-21.3589 147.663
-21.4703 150.032
-21.4337 150.069
