-24.8704 83.9037
-24.8432 83.8985
14.3605 134.896
14.3979 134.889
14.432 134.845
14.4664 134.803
14.8545 134.049
14.8864 133.983
15.1364 133.411
15.17 133.368
15.2018 133.304
15.2378 133.288
15.2671 133.197
15.2966 133.109
15.3326 133.093
15.3646 133.033
15.3968 132.976
15.4331 132.963
15.5308 132.806
15.5627 132.747
15.5967 132.71
15.631 132.677
15.6629 132.618
15.6968 132.581
15.7309 132.547
15.7655 132.518
15.7994 132.481
15.8329 132.441
15.8675 132.412
15.9019 132.382
15.9338 132.325
15.9674 132.286
16.001 132.248
16.0352 132.215
16.0697 132.187
16.1062 132.178
16.1383 132.126
16.1722 132.091
16.2085 132.081
16.2428 132.051
16.2745 131.994
16.3107 131.984
16.3427 131.931
16.3762 131.893
16.4108 131.867
16.4469 131.856
16.4817 131.832
16.5179 131.822
16.5519 131.79
16.584 131.739
16.6205 131.733
16.6547 131.703
16.6888 131.672
16.7243 131.656
16.7604 131.646
16.7963 131.634
16.831 131.61
16.8638 131.568
16.8966 131.525
16.9321 131.509
16.9682 131.499
17.0003 131.451
17.0347 131.425
17.0718 131.424
17.1078 131.414
17.1432 131.398
17.1793 131.388
17.213 131.356
17.2484 131.34
17.284 131.326
17.3204 131.32
17.356 131.306
17.3905 131.281
17.4242 131.249
17.4587 131.225
17.4944 131.213
17.5289 131.189
17.5646 131.177
17.5999 131.161
17.6367 131.159
17.6724 131.147
17.7069 131.123
17.7419 131.105
17.7776 131.093
17.8131 131.078
17.8488 131.066
17.8821 131.032
17.918 131.022
17.9543 131.016
17.9902 131.006
18.0265 131
18.0617 130.984
18.0963 130.962
18.1317 130.948
18.1684 130.946
18.2045 130.938
18.2403 130.928
18.2762 130.918
18.3124 130.912
18.3474 130.894
18.3821 130.874
18.4172 130.858
18.4535 130.852
18.4904 130.852
18.5291 130.867
18.5669 130.875
18.6015 130.855
18.6356 130.829
18.6713 130.819
18.7078 130.815
18.7404 130.777
18.773 130.739
18.8061 130.706
18.8436 130.711
18.883 130.733
18.9241 130.771
18.966 130.815
19.0056 130.838
19.0412 130.826
19.0783 130.828
19.1145 130.822
19.1502 130.812
19.186 130.802
19.2221 130.796
19.259 130.796
19.2964 130.8
19.3328 130.796
19.3678 130.78
19.4035 130.77
19.4425 130.788
19.4793 130.788
19.5153 130.78
19.5521 130.779
19.589 130.779
19.6249 130.771
19.6609 130.763
19.6968 130.755
19.7353 130.769
19.7729 130.775
19.809 130.769
19.8451 130.763
19.882 130.763
19.9189 130.763
19.9555 130.761
19.9928 130.764
20.0299 130.766
20.0675 130.772
20.1055 130.782
20.1433 130.79
20.1804 130.792
20.2173 130.792
20.2546 130.796
20.2932 130.809
20.3322 130.827
20.3703 130.837
20.4074 130.839
20.4452 130.847
20.4836 130.859
20.5214 130.867
20.559 130.872
20.5969 130.88
20.6335 130.878
20.6704 130.878
20.708 130.884
20.7466 130.898
20.7867 130.924
20.8255 130.94
20.8626 130.941
20.9 130.945
20.9371 130.947
20.9753 130.957
21.0149 130.979
21.052 130.981
21.0894 130.985
21.1293 131.008
21.1682 131.024
21.2056 131.028
21.2427 131.03
21.2801 131.034
21.3214 131.068
21.3595 131.078
21.3969 131.082
21.4351 131.091
21.4756 131.119
21.5153 131.141
21.5556 131.167
21.5938 131.177
21.6314 131.183
21.6717 131.209
21.7125 131.239
21.7526 131.262
21.7905 131.27
21.8282 131.276
21.8683 131.3
21.9097 131.334
21.9503 131.362
21.9907 131.388
22.0297 131.404
22.068 131.414
22.1073 131.432
22.1459 131.444
22.1884 131.486
22.2299 131.52
22.2687 131.533
22.3105 131.569
22.3491 131.581
22.3877 131.593
22.4287 131.623
22.4722 131.671
22.511 131.685
22.5529 131.721
22.5948 131.758
22.6351 131.782
22.6762 131.812
22.7178 131.846
22.7598 131.882
22.8012 131.914
22.8432 131.95
22.8879 132.006
22.9299 132.043
22.9703 132.067
23.0126 132.105
23.0577 132.163
23.0993 132.196
23.1397 132.22
23.1799 132.242
23.2251 132.301
23.2706 132.361
23.3164 132.424
23.3595 132.466
23.4037 132.517
23.4468 132.559
23.4924 132.62
23.5353 132.661
23.5779 132.699
23.6239 132.762
23.7696 133.004
23.914 133.235
23.9609 133.302
24.0075 133.368
