37.7689 139.612
37.7795 139.479
37.8004 139.395
37.8171 139.292
37.8074 139.065
37.8156 138.923
37.8189 138.577
37.8485 138.535
37.8791 138.498
37.6024 135.273
37.7396 135.036
37.9148 134.632
37.9475 134.609
37.9805 134.588
37.9983 134.498
38.0281 134.463
38.0528 134.404
38.0821 134.367
38.117 134.354
38.144 134.307
38.177 134.286
38.203 134.234
38.2322 134.196
38.2554 134.132
38.2893 134.115
38.3166 134.07
38.3519 134.059
38.3764 134.001
38.4009 133.943
38.4394 133.947
38.4751 133.939
38.5028 133.896
38.5277 133.84
38.5587 133.811
38.5916 133.79
38.6202 133.751
38.6544 133.736
38.6806 133.687
