-40.2145 143.654
-40.1691 143.626
-40.1288 143.622
-40.0875 143.614
-40.0395 143.575
-39.9926 143.541
-39.9528 143.539
-39.908 143.515
-39.8662 143.504
-39.8183 143.465
-39.7719 143.433
-39.7337 143.439
-39.6945 143.439
-39.6548 143.438
-39.6156 143.438
-39.5754 143.434
-39.5296 143.405
-39.4777 143.348
-39.4375 143.344
-39.4039 143.37
-39.3571 143.336
-39.3154 143.325
-39.2696 143.296
-39.2249 143.271
-39.1847 143.267
-39.144 143.261
-39.1044 143.259
-39.0597 143.234
-39.0185 143.226
-38.9778 143.219
-38.9376 143.215
-38.8905 143.179
-38.8448 143.15
-38.8066 143.155
-38.7695 143.165
-38.7303 143.165
-38.6887 143.155
-38.645 143.134
-38.5979 143.098
-38.5612 143.11
-38.528 143.139
-38.4933 143.16
-38.4576 143.177
-38.4189 143.18
-38.3782 143.174
-38.3405 143.181
-38.2984 143.168
-38.2508 143.129
-38.2107 143.125
-38.174 143.137
-38.1397 143.161
-38.0956 143.139
-38.0539 143.128
-38.0089 143.101
-37.9731 143.118
-37.9349 143.123
-37.8957 143.123
-37.8536 143.11
-37.8164 143.12
-37.7801 143.135
-37.7404 143.133
-37.7012 143.134
-37.6562 143.106
-37.614 143.093
-37.5748 143.094
-37.5434 143.131
-37.5085 143.153
-37.464 143.128
-37.4247 143.129
-37.3889 143.145
-37.3501 143.148
-37.3123 143.156
-37.2779 143.18
-37.2382 143.178
-37.1965 143.167
-37.1563 143.163
-37.1238 143.196
-37.0793 143.171
-37.0333 143.139
-37.0003 143.17
-36.9667 143.198
-36.9322 143.222
-36.8901 143.209
-36.8489 143.2
-36.8125 143.215
-36.7718 143.208
-36.7311 143.202
-36.6904 143.196
-36.6577 143.229
-36.6245 143.259
-36.5932 143.299
-36.5656 143.358
-36.5371 143.412
-36.5025 143.435
-36.457 143.406
-36.4153 143.395
-36.3722 143.377
-36.331 143.368
-36.2921 143.371
-36.256 143.388
-36.2227 143.419
-36.1471 143.239
-36.0943 143.173
-36.0466 143.132
-36.0018 143.105
-35.9546 143.066
-35.9038 143.009
-35.858 142.977
-35.7439 142.603
-35.6942 142.551
-35.6482 142.517
-35.8251 143.604
-35.7898 143.625
-35.7513 143.631
-35.7137 143.641
-35.6774 143.657
-35.6426 143.681
-35.6045 143.689
-35.5714 143.722
-35.5338 143.732
-35.4989 143.756
-35.0314 141.582
-35.43 143.808
-35.3918 143.816
-35.3537 143.823
-35.3205 143.856
-35.2915 143.91
-35.2529 143.916
-35.2147 143.923
-35.182 143.959
-35.1501 143.999
-35.116 144.028
-35.0814 144.054
-35.0437 144.064
-35.0063 144.076
-34.974 144.114
-34.9357 144.122
-34.8691 144.188
-34.8363 144.224
-34.8025 144.255
-34.7651 144.267
-34.7317 144.3
-34.693 144.306
-34.665 144.367
-34.6289 144.387
-34.5959 144.422
-34.5571 144.428
-34.5291 144.489
-34.4644 144.568
-34.426 144.575
-34.3599 144.647
-34.321 144.652
-34.2937 144.719
-34.2561 144.731
-34.2283 144.795
-34.1952 144.831
-34.1585 144.848
-34.1311 144.915
-34.0979 144.951
-34.0643 144.984
-34.0262 144.994
-33.9939 145.035
-33.8372 145.267
-33.8039 145.303
-33.771 145.341
-33.7429 145.406
-33.5868 145.646
-33.5599 145.718
-33.5216 145.728
-33.3885 146.098
-33.3506 146.111
-33.3174 146.15
-32.4785 145.509
-32.463 145.647
-32.4424 145.757
-32.4344 145.938
-32.4349 146.168
-32.4342 146.391
-32.4215 146.548
-32.3999 146.654
-32.3639 146.678
