-24.8724 83.9128
-24.8434 83.8995
4.28473 175.412
4.33068 175.364
4.3772 175.345
4.60652 175.104
4.65309 175.091
4.69979 175.084
4.74509 175.015
4.7915 174.995
4.83625 174.904
4.88218 174.865
4.92759 174.805
4.97357 174.77
5.02071 174.786
5.06464 174.666
5.11034 174.622
5.15685 174.612
5.20351 174.609
5.25094 174.637
5.2969 174.606
5.3434 174.596
5.38902 174.552
5.43558 174.545
5.48206 174.536
5.5287 174.533
5.57533 174.529
5.62022 174.46
5.66667 174.45
5.71287 174.431
5.75744 174.353
5.80377 174.34
5.84958 174.308
5.8959 174.296
5.94239 174.289
5.98887 174.283
6.03518 174.27
6.08094 174.239
6.12668 174.207
6.17314 174.201
6.21969 174.197
6.26605 174.188
6.31213 174.169
6.35839 174.156
6.40464 174.143
6.45088 174.131
6.49645 174.096
6.54229 174.071
6.58929 174.083
6.63512 174.058
6.68123 174.042
6.72783 174.042
6.77443 174.042
6.82063 174.029
6.86682 174.017
6.91311 174.007
6.95959 174.004
7.00639 174.01
7.05277 174.004
7.09873 173.985
7.14479 173.969
7.19137 173.969
7.23795 173.969
7.28431 173.962
7.33067 173.956
7.3767 173.94
7.42283 173.927
7.46874 173.908
7.51442 173.883
7.5612 173.889
7.60764 173.886
7.65589 173.933
7.70268 173.939
7.74868 173.923
7.7949 173.914
7.8418 173.923
7.88813 173.916
7.93469 173.916
7.9809 173.907
8.02745 173.907
8.07401 173.906
8.12021 173.897
8.16616 173.881
8.21258 173.878
8.25938 173.884
8.30678 173.906
8.35444 173.934
8.40162 173.949
8.44781 173.94
8.49399 173.93
8.54055 173.93
8.58736 173.936
8.6343 173.945
8.68201 173.973
8.72909 173.986
8.77578 173.989
8.82274 173.998
8.87049 174.026
8.91772 174.042
8.96456 174.048
9.01127 174.051
9.05892 174.076
9.10577 174.082
9.15235 174.082
9.19934 174.091
9.24661 174.106
9.29375 174.119
9.34006 174.112
9.3872 174.125
9.43379 174.124
9.4815 174.149
9.52894 174.168
9.57625 174.184
9.62313 174.19
9.66988 174.193
9.71806 174.227
9.76669 174.271
9.81389 174.283
9.8627 174.33
9.91154 174.377
9.9598 174.412
10.0066 174.415
10.052 174.389
10.0988 174.392
10.1476 174.436
10.1962 174.477
10.245 174.521
10.2923 174.533
10.3391 174.536
10.4835 174.624
10.5305 174.63
10.5793 174.674
10.6308 174.769
10.6783 174.785
10.7255 174.794
10.7743 174.835
10.8236 174.885
10.8713 174.904
10.9215 174.97
10.9705 175.014
11.0183 175.033
11.0673 175.077
11.1143 175.08
11.1617 175.093
11.2114 175.146
11.261 175.2
11.314 175.317
12.0189 176.192
12.0665 176.201
