-24.87 83.9017
-24.8434 83.8995
-13.7312 108.918
-13.6985 108.911
-13.6648 108.893
-13.6309 108.873
-13.5981 108.864
-13.5638 108.841
-13.5278 108.799
-13.4916 108.754
-13.4588 108.745
-13.2548 108.614
-13.2227 108.612
-13.1901 108.605
-13.0536 108.51
-13.0194 108.484
-12.9839 108.446
-12.9513 108.438
-12.9178 108.42
-12.8857 108.417
-12.8531 108.41
-12.8195 108.391
-12.7839 108.351
-12.7518 108.348
-12.7198 108.346
-12.6876 108.342
-12.6539 108.321
-12.6201 108.3
-12.5865 108.281
-12.554 108.273
-12.5214 108.265
-12.4868 108.233
-12.4541 108.225
-12.4218 108.219
-12.3898 108.217
-12.3563 108.198
-12.3224 108.174
-12.2894 108.161
-12.2569 108.153
-12.2243 108.145
-12.1913 108.131
-12.159 108.125
-12.126 108.112
-12.0937 108.106
-12.0614 108.1
-12.0287 108.09
-11.9965 108.085
-11.9642 108.079
-11.9315 108.069
-11.8984 108.054
-11.866 108.047
-11.8342 108.047
-11.8016 108.038
-11.7692 108.031
-11.7369 108.025
-11.705 108.023
-11.6725 108.014
-11.6396 108.001
-11.6073 107.995
-11.5751 107.991
-11.5426 107.982
-11.5102 107.974
-11.478 107.97
-11.4453 107.958
-11.413 107.952
-11.3811 107.951
-11.3496 107.954
-11.318 107.957
-11.286 107.954
-11.254 107.951
-11.2217 107.945
-11.1896 107.94
-11.1574 107.936
-11.1253 107.932
-11.093 107.926
-11.0607 107.918
-11.0284 107.912
-10.9965 107.911
-10.9644 107.906
-10.9327 107.908
-10.9016 107.917
-10.8698 107.917
-10.8376 107.911
-10.8054 107.905
-10.7737 107.906
-10.7423 107.911
-10.7104 107.909
-10.6787 107.911
-10.6474 107.917
-10.6156 107.917
-10.5834 107.912
-10.552 107.917
-10.5208 107.924
-10.489 107.924
-10.4567 107.918
-10.4248 107.917
-10.3939 107.928
-10.3631 107.942
-10.3321 107.952
-10.3017 107.971
-10.2695 107.965
-10.2382 107.973
-10.2074 107.986
-10.1754 107.983
-10.1425 107.968
-10.1099 107.958
-10.0774 107.947
-10.0459 107.952
-10.014 107.95
-9.98239 107.953
-9.95122 107.962
-9.92005 107.971
-9.88845 107.974
-9.85695 107.978
-9.82566 107.986
-9.79426 107.992
-9.76234 107.99
-9.73042 107.989
-9.69912 107.996
-9.66771 108.002
-9.63609 108.005
-9.60509 108.017
-9.57419 108.03
-9.54256 108.033
-9.51062 108.031
-9.479 108.034
-9.44757 108.04
-9.41623 108.048
-9.3852 108.06
-9.35446 108.076
-9.32381 108.094
-9.29286 108.107
-9.2615 108.114
-9.22974 108.116
-9.19779 108.114
-9.16613 108.117
-9.13496 108.128
-9.10368 108.136
-9.0723 108.144
-9.04141 108.159
-9.0104 108.172
-8.97921 108.182
-8.94905 108.209
-8.91813 108.224
-8.88624 108.224
-8.85407 108.219
-8.82247 108.224
-8.79237 108.252
-8.76216 108.279
-8.73073 108.286
-8.69938 108.295
-8.66896 108.319
-8.63844 108.341
-8.60745 108.356
-8.57617 108.366
-8.54534 108.384
-8.5136 108.387
-8.48176 108.388
-8.45073 108.403
-8.41961 108.417
-8.38884 108.436
-8.35824 108.458
-8.32754 108.479
-8.29638 108.492
-8.26638 108.525
-8.23485 108.533
-8.20315 108.537
-8.17223 108.555
-8.14157 108.577
-8.11072 108.597
-8.07942 108.609
-8.04882 108.633
-8.0188 108.667
-7.9874 108.677
-7.95599 108.688
-7.92585 108.721
-7.89451 108.733
-7.86325 108.746
-7.83216 108.762
-7.80105 108.779
-7.77102 108.815
-7.73956 108.825
-7.70967 108.864
-7.67902 108.89
-7.64811 108.91
-7.61653 108.919
-7.58544 108.937
-7.55491 108.966
-7.52477 109.002
-7.49325 109.012
-7.46228 109.033
-7.43146 109.057
-7.40087 109.086
-7.37019 109.113
-7.34012 109.152
-7.30933 109.178
-7.27885 109.209
-7.24865 109.247
-7.21806 109.277
-7.18753 109.309
-7.15606 109.322
-7.12335 109.312
-7.0931 109.349
-7.06404 109.411
-7.03351 109.444
-7.0032 109.482
-6.97167 109.496
-6.94058 109.518
-6.9106 109.564
-6.88 109.597
-6.84991 109.641
-6.81972 109.683
-6.78879 109.71
-6.75886 109.759
-6.72869 109.803
-6.69778 109.832
-6.66671 109.858
-6.63678 109.908
-6.60596 109.94
-6.57521 109.973
-6.54373 109.991
-6.51345 110.035
-6.48384 110.095
-6.45365 110.142
-6.42371 110.195
-6.39355 110.244
-6.36316 110.289
-6.33288 110.336
-6.30279 110.388
-6.27248 110.435
-6.24228 110.486
-6.18275 110.609
-6.15175 110.642
-6.03519 110.956
-6.0048 111.007
-5.97392 111.047
-5.94595 111.157
-5.91574 111.214
-5.88667 111.299
-5.62062 112.83
-5.58776 112.834
