23.7211 130.055
23.7467 129.975
23.7711 129.887
23.7918 129.774
23.7982 129.562
24.2137 129.127
24.2424 129.072
24.2707 129.015
24.2894 128.893
24.3165 128.829
24.348 128.793
24.3718 128.707
24.3983 128.639
24.4291 128.6
24.4576 128.545
24.4872 128.498
24.5118 128.418
24.5393 128.357
24.5671 128.299
24.5972 128.256
24.6211 128.172
24.6526 128.139
24.6836 128.102
24.7074 128.019
24.7377 127.978
24.7698 127.949
24.8596 127.821
24.8878 127.767
24.9174 127.722
24.9458 127.67
24.9789 127.649
25.0109 127.62
25.0407 127.577
25.0678 127.518
25.0991 127.485
25.1304 127.452
25.1584 127.398
25.1926 127.385
25.2214 127.336
25.2554 127.321
25.2845 127.275
25.3162 127.246
25.3468 127.21
25.378 127.177
25.4055 127.121
25.44 127.11
25.468 127.058
25.5031 127.05
25.5354 127.025
25.5662 126.991
25.5972 126.958
25.6295 126.933
25.6608 126.903
25.6931 126.878
25.7247 126.849
25.7591 126.838
25.7907 126.809
25.8219 126.778
25.8508 126.733
25.8839 126.713
25.9111 126.658
25.9423 126.628
25.9772 126.62
26.01 126.599
26.0427 126.578
26.0767 126.565
26.1088 126.54
26.1411 126.517
26.1738 126.496
26.2025 126.45
26.237 126.441
26.27 126.422
26.3045 126.412
26.3359 126.384
26.3695 126.369
26.4024 126.35
26.435 126.329
26.4686 126.314
26.5015 126.295
26.5372 126.293
26.5667 126.253
26.5942 126.202
26.6286 126.192
26.6609 126.169
26.6947 126.156
26.7263 126.13
26.7559 126.092
26.7906 126.084
26.8263 126.082
26.8582 126.058
26.8919 126.044
26.9269 126.039
26.9613 126.029
26.9935 126.007
27.0278 125.997
27.0606 125.978
27.093 125.957
27.1264 125.942
27.1585 125.92
27.1951 125.923
27.2275 125.903
27.2583 125.872
27.2894 125.844
27.3201 125.814
27.358 125.825
27.3981 125.85
27.4346 125.853
27.4696 125.848
27.5032 125.835
27.5365 125.82
27.5705 125.808
27.6067 125.81
27.6413 125.803
27.6759 125.795
27.7078 125.772
27.7414 125.759
27.7734 125.737
27.807 125.723
27.8356 125.682
27.8695 125.671
27.906 125.674
27.9458 125.697
27.982 125.699
28.0172 125.695
28.0541 125.701
28.0886 125.693
28.1221 125.68
28.1553 125.665
28.1925 125.672
28.2304 125.684
28.2612 125.655
28.2924 125.629
28.3306 125.642
28.3721 125.674
28.4069 125.669
28.4404 125.655
28.4762 125.655
28.5134 125.663
28.5476 125.653
28.5807 125.638
28.6155 125.633
28.651 125.631
28.6875 125.635
28.723 125.633
28.7544 125.608
28.7879 125.595
28.8234 125.593
28.8592 125.593
28.895 125.593
28.9311 125.595
28.9659 125.589
29.0007 125.584
29.0368 125.585
29.0778 125.614
29.1153 125.623
29.1511 125.623
29.1869 125.623
29.2203 125.61
29.2551 125.604
29.2898 125.598
29.3256 125.598
29.3628 125.606
29.4052 125.642
29.4417 125.645
29.4747 125.63
29.5105 125.63
29.5463 125.63
29.5828 125.634
29.6193 125.638
29.6544 125.634
29.6895 125.63
29.726 125.634
29.7659 125.657
29.8063 125.681
29.8431 125.687
29.8793 125.688
29.9154 125.69
29.9512 125.69
29.987 125.69
30.0235 125.694
30.0593 125.694
30.1004 125.722
30.1369 125.726
30.177 125.748
31.2575 126.151
31.2974 126.172
31.3333 126.172
31.3699 126.176
31.4061 126.178
31.6184 126.346
32.3329 126.868
32.3746 126.897
32.4125 126.906
32.4535 126.931
