-20.7252 125.557
-19.4061 122.921
-19.3672 122.889
-19.329 122.862
-19.288 122.812
-19.2475 122.766
-19.2104 122.748
-19.1688 122.693
-19.1281 122.645
-19.0922 122.636
-19.0535 122.604
-19.0105 122.537
-18.9737 122.521
-18.9331 122.473
-18.897 122.462
-18.8578 122.425
-18.8206 122.406
-18.7805 122.361
-18.7438 122.345
-18.704 122.303
-18.6677 122.291
-18.6277 122.246
-18.5915 122.234
-18.5519 122.193
-18.5155 122.179
-18.4772 122.149
-18.4376 122.109
-18.4012 122.094
-18.3636 122.07
-18.326 122.045
-18.2884 122.02
-18.2502 121.99
-18.2124 121.964
-18.1764 121.953
-18.1393 121.932
-18.1023 121.913
-18.067 121.907
-18.0313 121.899
-17.9938 121.874
-17.9563 121.849
-17.9208 121.842
-17.8835 121.819
-17.8462 121.797
-17.8107 121.789
-17.7753 121.782
-17.738 121.76
-17.7003 121.733
-17.6623 121.703
-17.626 121.689
-17.5896 121.673
-17.5538 121.663
-17.5193 121.665
-17.4841 121.659
-17.4481 121.647
-17.4119 121.633
-17.3737 121.601
-17.3385 121.596
-17.3031 121.589
-17.2671 121.577
-17.2309 121.563
-17.1947 121.549
-17.1589 121.538
-17.122 121.517
-17.0866 121.51
-17.052 121.51
-17.0172 121.508
-16.9816 121.499
-16.9449 121.48
-16.9097 121.475
-16.8757 121.48
-16.8392 121.462
-16.8034 121.452
-16.7673 121.438
-16.7333 121.443
-16.697 121.427
-16.6612 121.417
-16.6253 121.405
-16.5905 121.403
-16.5557 121.401
-16.521 121.399
-16.4854 121.39
-16.4492 121.375
-16.4138 121.368
-16.3805 121.38
-16.3463 121.383
-16.3106 121.373
-16.2758 121.371
-16.2411 121.369
-16.2061 121.366
-16.1693 121.345
-16.1336 121.334
-16.1 121.343
-16.0663 121.351
-16.0317 121.351
-15.9967 121.348
-15.9621 121.348
-15.9272 121.344
-15.8919 121.337
-15.8571 121.335
-15.822 121.33
-15.7872 121.328
-15.7526 121.328
-15.718 121.328
-15.684 121.333
-15.6502 121.342
-15.6164 121.349
-15.5814 121.346
-15.5463 121.34
-15.5117 121.34
-15.4773 121.342
-15.4428 121.344
-15.4091 121.352
-15.375 121.358
-15.3402 121.356
-15.3048 121.347
-15.2714 121.359
-15.2387 121.378
-15.2058 121.396
-15.1686 121.369
-15.1329 121.359
-15.0994 121.369
-15.0646 121.368
-15.0312 121.38
-14.9974 121.388
-14.9626 121.387
-14.9285 121.392
-14.8962 121.416
-14.8626 121.427
-14.8283 121.43
-14.7944 121.437
-14.7607 121.448
-14.7266 121.453
-14.6926 121.46
-14.6588 121.468
-14.626 121.488
-14.5918 121.493
-14.5577 121.498
-14.5239 121.507
-14.4897 121.512
-14.4563 121.526
-14.4215 121.524
-14.3864 121.519
-14.3512 121.514
-14.3167 121.515
-14.2825 121.52
-14.2503 121.547
-14.2163 121.554
-14.1834 121.573
-14.1511 121.599
-14.1176 121.611
-14.0843 121.627
-14.0501 121.632
-14.0175 121.655
-13.9839 121.667
-13.9501 121.678
-13.9157 121.681
-13.881 121.681
-13.8473 121.692
-13.8137 121.704
-13.7799 121.714
-13.7458 121.721
-13.7131 121.744
-13.6791 121.753
-13.6452 121.762
-13.6125 121.784
-13.5805 121.816
-13.5468 121.828
-13.5144 121.855
-13.4804 121.863
-13.4467 121.876
-13.4141 121.9
-13.3799 121.907
-13.3458 121.914
-13.3116 121.921
-13.2784 121.939
-13.2464 121.972
-13.2119 121.976
-13.1787 121.993
-13.146 122.018
-13.1143 122.055
-13.0814 122.078
-13.0487 122.102
-13.0155 122.122
-12.9816 122.132
-12.9488 122.157
-12.916 122.182
-12.8834 122.208
-12.8506 122.233
-12.8166 122.243
-12.7855 122.289
-12.7536 122.325
-12.7209 122.351
-12.6864 122.356
-12.653 122.374
-12.6204 122.402
-12.5859 122.408
-12.5512 122.409
-12.5183 122.434
-12.4862 122.469
-12.4552 122.517
-12.4242 122.567
-12.3903 122.579
-12.3586 122.62
-12.3247 122.634
-12.292 122.663
-12.2609 122.711
-12.2267 122.721
-12.1938 122.748
-12.1627 122.798
-12.1303 122.83
-12.0959 122.839
-12.0644 122.883
-12.0032 122.997
-11.9687 123.004
-11.9354 123.027
-11.9028 123.059
-11.8701 123.09
-11.7735 123.204
-10.9969 124.645
-10.9131 124.97
-10.8787 124.986
-10.8447 125.008
-10.8128 125.06
