-24.8698 83.9006
5.87713 155.245
5.91848 155.209
5.96152 155.227
6.04188 155.081
6.0839 155.067
6.12485 155.02
6.16494 154.947
6.20701 154.937
6.24832 154.903
6.28825 154.827
6.32797 154.747
6.36982 154.731
6.41088 154.692
6.45183 154.65
6.49268 154.606
6.53378 154.569
6.57485 154.533
6.61565 154.489
6.6566 154.45
6.69745 154.408
6.73919 154.393
6.78028 154.359
6.82108 154.317
6.8626 154.296
6.903 154.245
6.94477 154.232
6.98494 154.175
7.02661 154.159
7.06731 154.118
7.10818 154.081
7.14981 154.066
7.19095 154.037
7.23276 154.027
7.27457 154.016
7.31558 153.985
7.35647 153.952
7.39686 153.905
7.43772 153.872
7.47968 153.866
7.52123 153.851
7.56166 153.807
7.60329 153.794
7.64492 153.781
7.68644 153.765
7.72743 153.737
7.7682 153.703
7.80958 153.685
7.85128 153.675
7.89297 153.664
7.93444 153.649
7.97526 153.618
8.0166 153.6
8.05783 153.579
8.09927 153.564
8.14026 153.538
8.18201 153.53
8.22365 153.52
8.26517 153.507
8.30613 153.481
8.34707 153.455
8.38857 153.442
8.42961 153.419
8.47098 153.403
8.51257 153.393
8.55439 153.388
8.59609 153.38
8.63836 153.385
8.67959 153.367
8.72034 153.339
8.76202 153.331
8.80393 153.328
8.84584 153.326
8.88751 153.318
8.92846 153.295
8.97048 153.294
9.01371 153.32
9.05586 153.322
9.09642 153.292
9.13733 153.268
9.17873 153.255
9.22074 153.255
9.2625 153.25
9.30401 153.24
9.34564 153.232
9.38726 153.224
9.42888 153.216
9.46999 153.198
9.51135 153.185
9.5495 153.108
9.58916 153.062
9.63486 153.136
9.68827 153.362
9.72247 153.208
9.76525 153.223
9.93144 155.642
9.84818 153.202
9.89017 153.202
9.93283 153.215
9.97482 153.215
10.0169 153.217
10.0587 153.212
10.1005 153.209
10.1428 153.214
10.1851 153.219
10.2273 153.224
10.2693 153.224
10.3116 153.229
10.3538 153.234
10.3961 153.239
10.4381 153.239
10.4798 153.233
10.5219 153.236
10.5644 153.243
10.6066 153.248
10.6488 153.251
10.6915 153.264
10.7336 153.266
10.7757 153.268
10.8182 153.276
10.8606 153.283
10.9028 153.286
10.9445 153.281
10.986 153.273
11.0283 153.278
11.0713 153.296
11.1153 153.329
11.1577 153.336
11.2002 153.344
11.2423 153.346
11.2848 153.354
11.3271 153.359
11.3694 153.364
11.4123 153.379
11.4572 153.427
11.4997 153.435
11.5416 153.432
11.5842 153.442
11.6278 153.468
11.6701 153.473
11.7128 153.483
11.7556 153.496
11.8005 153.542
11.8432 153.552
11.8854 153.554
11.9276 153.557
11.9701 153.564
12.0129 153.577
12.0568 153.605
12.1004 153.631
12.1433 153.643
12.186 153.653
12.2314 153.705
12.2747 153.725
12.3191 153.761
12.3635 153.797
12.406 153.802
12.4486 153.809
12.4915 153.822
12.5376 153.884
12.5804 153.894
12.6239 153.914
12.6672 153.932
12.7113 153.963
12.7564 154.007
12.7993 154.019
12.8461 154.089
12.8893 154.104
12.9337 154.138
12.9768 154.15
13.0231 154.212
13.0662 154.225
13.1113 154.269
13.1565 154.313
13.2009 154.344
13.2434 154.349
13.2881 154.385
13.3361 154.467
13.3792 154.48
13.4258 154.542
13.4691 154.558
13.5159 154.622
13.5589 154.633
13.6041 154.674
13.6498 154.723
13.6974 154.798
13.7429 154.842
13.788 154.881
13.8331 154.92
13.879 154.969
13.9746 155.12
14.0202 155.164
14.0631 155.172
14.6048 156.175
14.6505 156.217
