-21.018 147.561
-20.9754 147.547
-20.9337 147.541
-20.8906 147.522
-20.6917 147.21
-20.6468 147.175
-20.6016 147.136
-20.4624 146.988
-20.4208 146.981
-20.2411 146.833
-19.6162 146.337
-19.5755 146.337
-19.5351 146.34
-19.4916 146.314
-19.4486 146.293
-19.4031 146.248
-19.3637 146.26
-19.3231 146.261
-19.2796 146.235
-19.2342 146.19
-19.1885 146.142
-19.1405 146.073
-19.0984 146.059
-19.055 146.033
-19.0122 146.012
-18.9708 146.005
-18.9327 146.03
-18.8886 145.997
-18.8435 145.954
-18.8024 145.95
-18.762 145.953
-18.7211 145.951
-18.6786 145.932
-18.6363 145.916
-18.5922 145.883
-18.5487 145.855
-18.5083 145.857
-18.4699 145.879
-18.4259 145.846
-18.3824 145.818
-18.3414 145.814
-18.3 145.807
-18.2571 145.784
-18.2165 145.784
-18.1756 145.782
-18.1334 145.766
-18.0916 145.754
-18.0496 145.74
-18.0076 145.727
-17.9651 145.708
-17.9255 145.718
-17.8839 145.709
-17.8415 145.69
-17.8007 145.688
-17.7584 145.672
-17.7179 145.672
-17.6768 145.668
-17.6334 145.64
-17.5929 145.64
-17.5527 145.645
-17.5119 145.643
-17.4709 145.639
-17.4289 145.625
-17.3868 145.609
-17.3471 145.619
-17.3063 145.617
-17.2664 145.625
-17.2269 145.637
-17.187 145.645
-17.1459 145.64
-17.104 145.626
-17.0634 145.627
-17.0233 145.632
-16.9818 145.623
-16.9392 145.602
-16.8981 145.597
-16.8569 145.591
-16.8161 145.589
-16.7755 145.589
-16.7347 145.587
-16.693 145.576
-16.6509 145.559
-16.6098 145.555
-16.5749 145.617
-16.538 145.658
-16.4971 145.656
-16.4565 145.657
-16.4144 145.641
-16.3714 145.615
-16.3284 145.589
-16.2861 145.57
-16.2442 145.556
-16.2038 145.559
-16.1664 145.595
-16.1264 145.603
-16.0875 145.622
-16.0515 145.675
-16.0134 145.704
-15.9759 145.74
-15.9365 145.755
-15.8964 145.763
-15.8547 145.751
-15.8145 145.756
-15.7755 145.776
-15.7361 145.791
-15.6968 145.808
-15.657 145.818
-15.6159 145.813
-15.575 145.811
-15.5353 145.824
-15.4969 145.851
-15.4576 145.868
-15.4181 145.882
-15.3803 145.916
-15.3395 145.917
-15.2994 145.924
-15.2597 145.937
-15.2206 145.956
-15.1817 145.978
-15.1423 145.995
-15.1034 146.017
-15.0646 146.042
-15.0241 146.044
-14.9835 146.047
-14.9451 146.076
-14.9059 146.096
-14.8679 146.13
-14.8293 146.157
-14.7896 146.172
-14.7496 146.182
-14.7106 146.204
-14.6734 146.25
-14.6334 146.26
-14.5934 146.27
-14.5533 146.28
-14.5165 146.33
-14.4766 146.343
-14.4371 146.36
-14.4001 146.409
-14.3602 146.421
-14.3204 146.436
-14.2816 146.463
-14.2432 146.494
-14.2031 146.504
-14.1656 146.548
-14.1275 146.585
-14.0888 146.614
-14.0488 146.626
-14.0086 146.637
-13.9721 146.695
-13.9321 146.707
-13.8961 146.773
-13.8559 146.783
-13.8153 146.788
-13.7769 146.822
-13.7408 146.888
-13.7004 146.896
-13.6244 146.976
-13.5479 147.052
-13.5101 147.096
-13.4713 147.128
-13.4312 147.141
-13.3949 147.207
-13.3567 147.246
-13.3181 147.28
-13.2779 147.293
-13.1654 147.445
-13.127 147.484
-13.0887 147.523
-13.0504 147.565
-13.0139 147.631
-12.9764 147.683
-12.9401 147.754
-12.9015 147.791
-12.8635 147.838
-12.8264 147.897
-12.786 147.91
-12.7476 147.952
-12.7114 148.025
-12.6751 148.099
-12.6019 148.237
-12.5657 148.314
-12.5295 148.391
-12.4933 148.467
-12.4572 148.546
-12.4207 148.621
-12.2406 149.033
-11.8626 148.967
