-24.8726 83.9138
-24.8437 83.9005
25.6923 118.285
25.7162 118.226
25.7381 118.155
25.7525 118.04
25.7794 117.999
25.8095 117.977
25.8293 117.894
25.8232 117.461
25.8529 117.438
27.192 116.084
27.2173 116.039
27.2468 116.018
27.2784 116.008
27.3027 115.959
27.3274 115.911
27.3557 115.883
27.3803 115.835
27.4091 115.811
27.4352 115.771
27.464 115.747
27.494 115.729
27.5243 115.712
27.5501 115.671
27.5794 115.65
27.6106 115.639
27.6393 115.614
27.665 115.573
27.6956 115.558
27.721 115.516
27.7494 115.49
27.7817 115.485
27.8073 115.444
27.8369 115.424
27.8619 115.38
27.8899 115.352
27.9183 115.326
27.9472 115.304
27.9792 115.297
28.0087 115.277
28.0385 115.259
28.0698 115.25
28.0978 115.222
28.1258 115.194
28.1543 115.17
28.1844 115.154
28.2126 115.128
28.2405 115.1
28.2712 115.087
28.2979 115.053
28.3288 115.041
28.3582 115.022
28.3886 115.007
28.4195 114.996
28.4467 114.965
28.4746 114.938
28.5042 114.92
28.5342 114.903
28.566 114.897
28.5969 114.886
28.6263 114.866
28.6547 114.842
28.6824 114.814
28.7133 114.803
28.7432 114.787
28.7747 114.779
28.8074 114.777
28.838 114.764
28.866 114.738
28.8965 114.725
28.9261 114.707
28.9572 114.698
28.9864 114.678
29.016 114.661
29.0455 114.643
29.0735 114.617
29.1039 114.604
29.1353 114.596
29.1677 114.593
29.1994 114.586
29.2308 114.578
29.2606 114.562
29.2923 114.556
29.3237 114.547
29.3532 114.53
29.3829 114.514
29.4133 114.501
29.4441 114.489
29.4741 114.475
29.5064 114.472
29.5378 114.464
29.5669 114.444
29.5969 114.43
29.6286 114.423
29.6596 114.414
29.6906 114.404
29.7222 114.397
29.7532 114.388
29.6045 113.484
29.8174 114.38
29.8458 114.357
29.8738 114.333
29.9051 114.325
29.9422 114.346
29.9761 114.351
30.0096 114.354
30.0438 114.36
30.0741 114.347
30.1008 114.317
30.1301 114.299
30.1594 114.281
30.1922 114.281
30.2238 114.275
30.2527 114.256
30.2843 114.249
30.3204 114.265
30.3536 114.267
30.3822 114.246
30.4117 114.23
30.4426 114.22
30.4764 114.225
30.5103 114.23
30.5434 114.231
30.5763 114.231
30.6081 114.226
30.639 114.217
30.6692 114.204
30.7003 114.196
30.7318 114.189
30.7623 114.178
30.7948 114.176
30.8286 114.181
30.8631 114.189
30.8979 114.199
30.9311 114.2
30.9619 114.191
30.993 114.183
31.0262 114.184
31.0593 114.186
31.0928 114.189
31.1253 114.187
31.1564 114.179
31.1875 114.171
31.2166 114.154
31.2467 114.141
31.2784 114.136
31.3136 114.147
31.3495 114.161
31.3846 114.173
31.4181 114.176
31.4512 114.177
31.4837 114.176
31.5155 114.171
31.5479 114.169
31.5824 114.177
31.6169 114.185
31.6514 114.193
31.6849 114.196
31.719 114.203
31.7532 114.209
31.7874 114.215
31.8229 114.228
31.8557 114.228
31.8895 114.233
31.9234 114.238
31.9565 114.239
31.9903 114.244
32.0242 114.249
32.0604 114.265
32.0956 114.276
32.1284 114.276
32.1623 114.281
32.1933 114.273
32.2265 114.274
32.2614 114.284
32.2949 114.287
32.3304 114.3
32.3646 114.306
32.3995 114.316
32.4337 114.322
32.4694 114.335
32.5036 114.341
32.5417 114.365
32.579 114.386
32.614 114.396
32.6478 114.4
32.6824 114.408
32.7167 114.415
32.7544 114.437
32.7905 114.452
32.8272 114.469
32.8607 114.472
32.8964 114.485
32.9317 114.497
32.9681 114.513
33.0024 114.519
33.0377 114.53
33.0752 114.551
33.112 114.569
33.1474 114.58
33.1856 114.604
33.2224 114.622
33.2581 114.635
33.2943 114.649
33.3307 114.665
33.3658 114.675
33.4012 114.686
33.4387 114.707
33.4771 114.731
33.515 114.754
33.5526 114.774
33.5895 114.792
33.6286 114.82
33.6696 114.855
33.705 114.866
33.7405 114.878
33.7749 114.884
33.8158 114.92
33.8524 114.936
33.8953 114.979
33.9315 114.994
33.9726 115.029
34.0103 115.05
