-42.1995 161.361
-42.1491 161.325
-42.1051 161.32
-42.0547 161.285
-41.8268 161.018
-41.7748 160.975
-41.724 160.937
-41.6727 160.897
-41.627 160.883
-41.5683 160.807
-41.5175 160.77
-41.4668 160.732
-41.4212 160.718
-41.3717 160.686
-41.3262 160.673
-40.7684 160.25
-40.7246 160.245
-40.4755 160.071
-40.4273 160.044
-40.3842 160.041
-40.3416 160.042
-40.2985 160.039
-40.2543 160.031
-40.2046 159.997
-40.1615 159.994
-40.1173 159.986
-40.067 159.949
-40.0239 159.946
-39.9803 159.941
-39.9312 159.909
-39.893 159.931
-39.8493 159.926
-39.7948 159.867
-39.7446 159.829
-39.6989 159.814
-39.6509 159.787
-39.6138 159.814
-39.5691 159.804
-39.5223 159.782
-39.4808 159.788
-39.4426 159.81
-39.3953 159.786
-39.3468 159.757
-39.3027 159.749
-39.2602 159.749
-39.2177 159.749
-39.1693 159.72
-39.1246 159.71
-39.0832 159.715
-39.0418 159.721
-39.0019 159.735
-38.9583 159.73
-38.9121 159.711
-38.8669 159.698
-38.8207 159.68
-38.7782 159.68
-38.7352 159.678
-38.6927 159.678
-38.6518 159.686
-38.6066 159.673
-38.5605 159.655
-38.519 159.66
-38.4791 159.674
-38.4361 159.672
-38.3947 159.677
-38.3527 159.68
-38.3081 159.67
-38.2656 159.67
-38.2257 159.684
-38.1868 159.703
-38.1454 159.709
-38.1018 159.704
-38.0588 159.702
-38.0163 159.702
-37.9748 159.708
-37.937 159.732
-37.8944 159.732
-37.8478 159.711
-37.8042 159.706
-37.7632 159.715
-37.7238 159.731
-37.6834 159.742
-37.6388 159.732
-37.604 159.773
-37.563 159.781
-37.5204 159.781
-37.4779 159.782
-37.4415 159.814
-37.4061 159.852
-37.3636 159.853
-37.3179 159.837
-37.2785 159.854
-37.2379 159.865
-37.1994 159.887
-37.1569 159.887
-37.1123 159.876
-37.0687 159.871
-37.0271 159.877
-36.9841 159.875
-36.9415 159.875
-36.8989 159.876
-36.8508 159.846
-36.8113 159.863
-36.7712 159.877
-36.7397 159.936
-36.7002 159.953
-36.6551 159.94
-36.615 159.954
-36.5814 160.003
-36.5418 160.019
-36.5017 160.033
-36.4641 160.06
-36.4225 160.066
-36.3803 160.069
-36.3402 160.083
-36.303 160.113
-36.2644 160.135
-36.2232 160.144
-36.1861 160.174
-36.1494 160.207
-36.1087 160.218
-36.0675 160.226
-36.0288 160.248
-35.995 160.297
-35.9582 160.33
-35.9195 160.352
-35.8793 160.366
-35.8385 160.377
-35.7983 160.391
-35.7595 160.413
-35.7188 160.425
-35.6868 160.485
-35.648 160.507
-35.6053 160.507
-35.5635 160.513
-35.5232 160.527
-35.4868 160.563
-35.4514 160.604
-35.4164 160.647
-35.3819 160.694
-35.3449 160.727
-35.3031 160.733
-35.2657 160.763
-35.218 160.736
-35.1474 160.821
-35.1171 160.893
-35.0762 160.904
-34.9646 161
-34.9284 161.039
-34.8918 161.075
-34.8219 161.166
-34.7862 161.207
-34.7442 161.213
-34.708 161.252
-34.4526 161.514
-33.8956 162.546
-33.8548 162.56
-33.8125 162.566
-33.7781 162.619
-33.7466 162.689
-33.723 162.805
-33.6937 162.889
-33.6579 162.934
-33.6174 162.951
-33.6011 163.113
-33.5731 163.205
-33.4905 163.491
-33.4568 163.55
-33.4329 163.668
-33.8287 166.58
-33.8114 166.742
-33.7959 166.916
-33.7799 167.087
-33.7452 167.145
-33.6934 167.099
