17.043 172.586
17.088 172.564
17.1254 172.448
17.1556 172.245
17.7256 170.154
17.7674 170.101
17.8091 170.049
17.8475 169.957
17.8859 169.865
17.9291 169.832
17.9716 169.789
18.0146 169.752
18.1739 169.462
18.341 169.267
18.3828 169.218
18.5086 169.081
18.5506 169.035
18.5952 169.02
18.637 168.974
18.6792 168.932
18.7205 168.88
18.7609 168.819
18.803 168.777
18.8863 168.683
18.9313 168.673
18.9728 168.625
19.014 168.573
19.059 168.564
19.1045 168.561
19.1484 168.539
19.1929 168.524
19.2325 168.458
19.2761 168.433
19.3174 168.385
19.3559 168.307
19.4 168.288
19.4458 168.288
19.4916 168.288
19.5362 168.275
19.5785 168.239
19.6192 168.185
19.6606 168.139
19.7055 168.13
19.7481 168.097
19.7918 168.076
19.8366 168.066
19.8803 168.045
19.924 168.024
19.968 168.005
20.0128 167.996
20.0544 167.954
20.0948 167.9
20.1367 167.861
20.1818 167.854
20.2307 167.887
20.2763 167.887
20.3187 167.853
20.3582 167.79
20.4003 167.754
20.4432 167.727
20.4859 167.697
20.5318 167.699
20.5792 167.717
20.6245 167.714
20.6692 167.704
20.7139 167.695
20.758 167.68
20.8006 167.65
20.8432 167.62
20.8875 167.607
20.9325 167.601
20.9778 167.598
21.0221 167.585
21.0668 167.576
21.112 167.573
21.1567 167.564
21.1998 167.539
21.2377 167.465
21.2761 167.396
21.3204 167.384
21.3634 167.359
21.4099 167.368
21.4591 167.403
21.5043 167.4
21.552 167.421
21.5978 167.423
21.6405 167.396
21.6879 167.414
21.7335 167.413
21.7815 167.437
21.8289 167.454
21.8766 167.475
21.9199 167.454
21.9661 167.459
22.0125 167.468
22.059 167.476
22.1052 167.482
22.1507 167.482
22.1985 167.502
22.2462 167.522
22.2914 167.519
22.3357 167.507
22.3825 167.518
22.428 167.518
22.4725 167.509
22.5184 167.511
22.5639 167.511
22.61 167.517
22.6565 167.525
22.705 167.552
22.7525 167.569
22.7983 167.572
22.8425 167.559
22.8867 167.547
22.9326 167.55
22.9787 167.555
23.0232 167.546
23.0677 167.537
23.1176 167.575
23.1641 167.584
23.2147 167.628
23.2608 167.634
23.307 167.639
23.357 167.677
23.4028 167.68
23.4463 167.662
23.4942 167.682
23.5425 167.706
23.5873 167.699
23.6325 167.696
23.6825 167.734
23.7297 167.749
23.7838 167.823
23.8304 167.832
23.8767 167.837
23.9257 167.867
23.9719 167.872
24.0178 167.875
24.0672 167.907
24.1135 167.913
24.1653 167.966
24.2123 167.978
24.2589 167.987
24.3041 167.983
24.3536 168.016
24.4027 168.045
24.4539 168.093
24.5013 168.107
24.5526 168.155
24.7026 168.264
24.749 168.27
24.7989 168.306
24.8496 168.347
24.8999 168.386
24.9463 168.391
24.9937 168.406
25.0445 168.448
25.1003 168.531
25.1474 168.543
25.1927 168.54
25.3434 168.65
25.5038 168.838
25.5562 168.892
25.6116 168.97
25.6629 169.015
25.7128 169.048
25.759 169.05
25.807 169.068
25.8591 169.119
