-23.2607 141.241
-23.2133 141.18
-23.1724 141.169
-23.1253 141.111
-23.0838 141.095
-23.0353 141.026
-22.9909 140.988
-22.9443 140.931
-22.904 140.925
-22.8597 140.887
-22.8113 140.818
-22.7659 140.771
-22.7205 140.724
-22.6803 140.717
-22.6398 140.709
-22.5993 140.7
-22.5595 140.696
-22.5213 140.706
-22.4215 140.54
-22.381 140.531
-22.0829 140.35
-22.0403 140.323
-21.9999 140.315
-21.9537 140.259
-21.9103 140.226
-21.8733 140.244
-21.8338 140.242
-21.7917 140.22
-21.7481 140.185
-21.7069 140.17
-21.6641 140.141
-21.6243 140.137
-21.5818 140.11
-21.5382 140.075
-21.4985 140.071
-21.4587 140.067
-21.4165 140.043
-21.377 140.041
-21.3337 140.008
-21.287 139.945
-21.2472 139.941
-21.2075 139.937
-21.1678 139.933
-21.1283 139.931
-21.0897 139.936
-21.0499 139.932
-21.0094 139.922
-20.9657 139.884
-20.9254 139.875
-20.8852 139.867
-20.8418 139.832
-20.7994 139.805
-20.7608 139.81
-20.7242 139.833
-20.6848 139.831
-20.6443 139.82
-20.6025 139.798
-20.5625 139.792
-20.5225 139.786
-20.4826 139.779
-20.4416 139.764
-20.4024 139.765
-20.3632 139.765
-20.323 139.756
-20.281 139.732
-20.2413 139.728
-20.2019 139.726
-20.1625 139.725
-20.1233 139.725
-20.0836 139.721
-20.0431 139.71
-20.0027 139.699
-19.9622 139.689
-19.9228 139.687
-19.8844 139.694
-19.846 139.701
-19.8073 139.706
-19.7686 139.711
-19.7292 139.709
-19.6897 139.707
-19.6493 139.696
-19.6101 139.697
-19.5712 139.699
-19.5317 139.697
-19.4913 139.687
-19.4521 139.687
-19.4136 139.694
-19.3744 139.695
-19.3343 139.686
-19.2943 139.68
-19.2549 139.678
-19.2159 139.68
-19.177 139.683
-19.1402 139.706
-19.1003 139.7
-19.0586 139.678
-19.0199 139.682
-18.9848 139.721
-18.9497 139.759
-18.9133 139.786
-18.8736 139.782
-18.8303 139.745
-18.7856 139.694
-18.7438 139.669
-18.7069 139.692
-18.6736 139.748
-18.6368 139.771
-18.5963 139.76
-18.5533 139.725
-18.5129 139.714
-18.4688 139.668
-18.4277 139.65
-18.3875 139.642
-18.3488 139.646
-18.3268 139.812
-18.291 139.846
-18.2533 139.862
-18.2168 139.889
-18.1794 139.908
-18.1413 139.919
-18.1024 139.924
-18.0638 139.931
-18.0255 139.94
-17.9871 139.95
-17.9485 139.957
-17.911 139.975
-17.8739 139.998
-17.8362 140.014
-17.7976 140.021
-17.7594 140.033
-17.7216 140.049
-17.6848 140.074
-17.6481 140.101
-17.6121 140.135
-17.5743 140.151
-17.5345 140.147
-17.4947 140.143
-17.4585 140.174
-17.4211 140.195
-17.3835 140.213
-17.3466 140.238
-17.3081 140.248
-17.27 140.262
-17.2337 140.293
-17.1954 140.305
-17.1583 140.33
-17.122 140.362
-17.0856 140.394
-17.0479 140.412
-17.0122 140.451
-16.9725 140.449
-16.9329 140.447
-16.8945 140.459
-16.8602 140.513
-16.8237 140.545
-16.7851 140.554
-16.748 140.58
-16.7117 140.614
-16.6735 140.628
-16.6391 140.682
-16.6 140.687
-16.5611 140.694
-16.525 140.731
-16.4889 140.767
-16.4527 140.804
-16.4163 140.838
-16.3801 140.875
-16.342 140.891
-16.3052 140.921
-16.2658 140.923
-16.232 140.987
-16.198 141.049
-16.1593 141.058
-16.1209 141.072
-16.0844 141.106
-16.0117 141.18
-15.9774 141.239
-15.939 141.253
-15.4395 141.901
-15.4033 141.943
-15.3648 141.959
-15.3305 142.024
-15.2944 142.068
-15.2603 142.135
-15.2261 142.202
-15.1891 142.236
-15.1528 142.278
-14.2499 143.484
-14.2036 143.407
-14.1634 143.408
