-14.7457 123.12
-14.7126 123.14
-13.6668 120.834
-13.3965 120.507
-13.3595 120.477
-13.3221 120.444
-13.2091 120.332
-13.1707 120.285
-13.1357 120.278
-12.9849 120.123
-12.9499 120.116
-12.9147 120.106
-12.8013 119.984
-12.7664 119.977
-12.728 119.929
-12.6909 119.896
-12.6525 119.846
-12.6174 119.838
-12.5827 119.832
-12.545 119.791
-12.5081 119.76
-12.4713 119.729
-12.4352 119.707
-12.4005 119.702
-12.3641 119.676
-12.3276 119.649
-12.2914 119.625
-12.2565 119.618
-12.2216 119.609
-12.1858 119.59
-12.1496 119.567
-12.113 119.537
-12.0769 119.513
-12.0422 119.508
-12.0073 119.5
-11.9702 119.464
-11.9351 119.453
-11.8989 119.428
-11.8629 119.406
-11.828 119.397
-11.7934 119.392
-11.7564 119.356
-11.7213 119.346
-11.6855 119.325
-11.6517 119.33
-11.6178 119.334
-11.5829 119.325
-11.5463 119.294
-11.5098 119.264
-11.4739 119.241
-11.4394 119.238
-11.4041 119.223
-11.3699 119.223
-11.3355 119.221
-11.3007 119.212
-11.2661 119.207
-11.2314 119.2
-11.1957 119.18
-11.16 119.159
-11.1253 119.152
-11.0904 119.142
-11.0551 119.127
-11.0205 119.122
-10.9865 119.123
-10.9515 119.113
-10.9169 119.106
-10.8818 119.094
-10.8473 119.089
-10.8125 119.08
-10.7777 119.072
-10.743 119.065
-10.7084 119.058
-10.673 119.041
-10.638 119.029
-10.6034 119.022
-10.5689 119.019
-10.5347 119.017
-10.5001 119.012
-10.4657 119.009
-10.4314 119.007
-10.3969 119.002
-10.3622 118.993
-10.3276 118.986
-10.2934 118.986
-10.2592 118.986
-10.2247 118.981
-10.1899 118.971
-10.1554 118.966
-10.1214 118.969
-10.0874 118.971
-10.053 118.967
-10.0186 118.964
-9.98433 118.962
-9.94995 118.958
-9.91534 118.952
-9.88085 118.946
-9.84713 118.953
-9.81341 118.96
-9.77924 118.96
-9.74497 118.958
-9.71091 118.96
-9.67664 118.958
-9.64237 118.956
-9.60799 118.953
-9.57393 118.954
-9.5403 118.963
-9.50667 118.971
-9.47292 118.978
-9.43928 118.986
-9.40469 118.979
-9.36967 118.966
-9.33519 118.961
-9.30071 118.955
-9.26592 118.945
-9.23185 118.947
-9.19769 118.947
-9.16373 118.95
-9.12976 118.953
-9.096 118.96
-9.06234 118.969
-9.02868 118.977
-8.99541 118.992
-8.96204 119.006
-8.92826 119.012
-8.89377 119.007
-8.85919 119
-8.82541 119.007
-8.79221 119.024
-8.75911 119.043
-8.7258 119.058
-8.69238 119.071
-8.65896 119.085
-8.62563 119.1
-8.59181 119.107
-8.55799 119.114
-8.52417 119.12
-8.49024 119.125
-8.45622 119.129
-8.422 119.129
-8.38789 119.13
-8.35461 119.147
-8.32142 119.166
-8.28738 119.169
-8.25353 119.176
-8.2206 119.2
-8.18701 119.211
-8.15351 119.225
-8.11973 119.233
-8.08631 119.249
-8.05252 119.257
-8.01864 119.264
-7.98547 119.284
-7.9522 119.303
-7.91857 119.315
-7.88475 119.323
-7.8512 119.337
-7.81781 119.354
-7.78442 119.371
-7.75137 119.395
-7.71762 119.405
-7.68368 119.412
-7.64983 119.42
-7.6164 119.437
-7.58365 119.468
-7.54995 119.48
-7.51599 119.486
-7.48321 119.517
-7.44941 119.527
-7.41543 119.534
-7.38162 119.544
-7.34863 119.571
-7.31473 119.58
-7.28106 119.594
-7.24878 119.636
-7.21575 119.664
-7.1823 119.682
-7.1486 119.696
-7.11465 119.704
-7.08078 119.715
-7.04706 119.728
-7.01406 119.757
-6.98095 119.785
-6.94737 119.802
-6.9144 119.833
-6.88127 119.86
-6.84797 119.884
-6.81481 119.911
-6.78141 119.934
-6.7483 119.963
-6.71518 119.992
-6.68122 120.002
-6.64808 120.031
-6.6156 120.076
-6.58326 120.124
-6.54933 120.136
-6.51591 120.16
-6.48256 120.186
-6.44934 120.215
-6.41604 120.243
-6.38287 120.274
-6.34961 120.303
-6.31627 120.331
-6.28278 120.355
-6.25034 120.405
-6.21703 120.434
-6.1835 120.458
-6.14932 120.467
-6.11612 120.5
-6.0845 120.572
-6.05112 120.602
-6.01766 120.629
-5.98494 120.676
-5.95091 120.69
-5.91903 120.759
-5.88572 120.792
-5.85245 120.827
-5.81951 120.87
-5.78614 120.903
-5.75264 120.933
-5.71925 120.966
-5.68747 121.042
-5.65469 121.093
-5.62137 121.129
-5.58855 121.18
-5.5552 121.217
-5.52247 121.271
-5.48965 121.323
-5.45693 121.379
-5.42419 121.435
-5.39142 121.491
-5.35863 121.547
-5.32576 121.601
-5.13063 122.006
-5.09752 122.058
