-1.27231 136.752
-1.23417 136.756
-1.1961 136.771
-1.15797 136.779
-0.575837 134.349
-0.311268 133.898
-0.273686 133.881
-0.236055 133.834
-0.198418 133.771
-0.160872 133.752
-0.123303 133.707
-0.0857296 133.638
-0.0481979 133.583
-0.0107115 133.567
0.0267742 133.53
0.0642484 133.445
0.101691 133.41
0.139127 133.4
0.176546 133.369
0.251281 133.245
0.288681 133.243
0.400569 133.075
0.437882 133.05
0.475226 133.044
0.512511 133.016
0.549834 133.006
0.587165 132.999
0.624388 132.961
0.661602 132.925
0.698807 132.89
0.735949 132.844
0.773054 132.793
0.810242 132.767
0.8475 132.759
0.884514 132.7
0.921634 132.668
0.958875 132.662
0.996124 132.658
1.03335 132.649
1.0703 132.595
1.10737 132.565
1.14445 132.539
1.18163 132.528
1.21883 132.522
1.25604 132.518
1.29309 132.492
1.33009 132.46
1.36711 132.433
1.40425 132.423
1.44124 132.395
1.4782 132.365
1.51515 132.335
1.55217 132.315
1.58929 132.306
1.62637 132.294
1.66304 132.24
1.69985 132.202
1.73696 132.196
1.77412 132.196
1.81125 132.192
1.84824 132.176
1.88533 132.169
1.92243 132.163
1.95949 132.155
1.99628 132.123
2.03324 132.107
2.07027 132.097
2.10695 132.059
2.14386 132.041
2.18096 132.039
2.21799 132.03
2.25498 132.02
2.29187 132.002
2.32878 131.986
2.36586 131.984
2.403 131.986
2.44006 131.982
2.47706 131.974
2.51403 131.964
2.55099 131.953
2.58789 131.939
2.62484 131.929
2.66188 131.925
2.69897 131.925
2.73607 131.925
2.77301 131.915
2.80972 131.891
2.84661 131.879
2.88343 131.863
2.92048 131.861
2.95763 131.864
2.99461 131.858
3.03131 131.836
3.0681 131.82
3.10496 131.808
3.14196 131.804
3.17891 131.798
3.21594 131.796
3.25305 131.798
3.29034 131.809
3.32749 131.813
3.36471 131.821
3.40174 131.819
3.43877 131.817
3.47556 131.803
3.51254 131.799
3.54957 131.797
3.58763 131.844
3.62554 131.884
3.66207 131.858
3.69872 131.838
3.736 131.848
3.77246 131.82
3.80904 131.798
3.84606 131.796
3.88339 131.807
3.91995 131.785
3.95669 131.771
3.99393 131.779
4.03131 131.793
4.06846 131.797
4.10528 131.787
4.14224 131.783
4.17925 131.78
4.21654 131.79
4.25385 131.8
4.2911 131.808
4.32831 131.814
4.36532 131.812
4.40232 131.809
4.43964 131.819
4.47701 131.831
4.51423 131.837
4.5515 131.845
4.58878 131.853
4.626 131.858
4.66291 131.852
4.6997 131.842
4.73714 131.856
4.77459 131.87
4.812 131.882
4.84929 131.889
4.88653 131.895
4.92366 131.897
4.96107 131.909
4.99838 131.917
5.0358 131.929
5.07317 131.938
5.11025 131.938
5.14733 131.938
5.1847 131.948
5.22227 131.964
5.25984 131.98
5.29729 131.992
5.33475 132.003
5.37203 132.009
5.40955 132.023
5.44722 132.041
5.48457 132.049
5.52198 132.059
5.55954 132.072
5.59742 132.096
5.63518 132.116
5.67269 132.128
5.71013 132.138
5.74798 132.16
5.78536 132.167
5.82303 132.183
5.86083 132.203
5.89816 132.209
5.93549 132.215
5.97311 132.229
6.01129 132.259
6.04913 132.279
6.08634 132.28
6.12376 132.288
6.16213 132.322
6.20094 132.368
6.23831 132.374
6.27576 132.382
6.31396 132.41
6.35231 132.442
6.38993 132.454
6.42815 132.482
6.46646 132.512
6.5041 132.523
6.54213 132.545
6.5804 132.573
6.61961 132.625
6.6576 132.645
6.69552 132.663
6.73297 132.669
6.77018 132.669
6.80868 132.701
6.84734 132.737
6.88675 132.791
6.92529 132.824
6.96393 132.858
7.00242 132.888
7.04133 132.928
7.08035 132.97
7.11855 132.992
7.15684 133.016
7.19582 133.057
7.2343 133.085
7.27212 133.097
7.31054 133.123
7.34906 133.151
7.38899 133.212
7.42798 133.25
7.46663 133.28
7.78308 133.671
7.82226 133.709
7.86202 133.76
7.90115 133.796
7.94067 133.841
7.98201 133.925
8.06299 134.053
8.22571 134.319
8.26534 134.361
8.30598 134.425
8.34794 134.515
8.38865 134.579
8.42818 134.618
8.74126 135.602
8.77911 135.601
