7.09796 153.768
7.13982 153.75
7.25421 153.397
7.29357 153.315
7.64889 152.646
7.68964 152.607
7.7315 152.597
7.80853 152.412
7.84899 152.368
7.89058 152.353
7.93008 152.287
7.97154 152.27
8.01205 152.229
8.04968 152.12
8.08993 152.074
8.13058 152.039
8.17143 152.009
8.21195 151.971
8.25169 151.915
8.29152 151.862
8.33111 151.804
8.37231 151.784
8.41307 151.754
8.45326 151.711
8.49344 151.668
8.53382 151.63
8.57452 151.6
8.61565 151.58
8.65622 151.547
8.69688 151.517
8.73787 151.494
8.77702 151.431
8.81729 151.394
8.85743 151.353
8.8979 151.321
8.93906 151.303
8.97963 151.273
9.01994 151.238
9.06119 151.223
9.10184 151.196
9.14247 151.168
9.18358 151.151
9.22395 151.118
9.26443 151.088
9.30575 151.075
9.34718 151.065
9.38751 151.033
9.42794 151.003
9.46923 150.99
9.50952 150.958
9.55004 150.93
9.59106 150.913
9.63168 150.888
9.67293 150.876
9.71392 150.858
9.75376 150.818
9.7946 150.798
9.83595 150.788
9.87703 150.773
9.91733 150.743
9.95853 150.731
9.99972 150.719
10.0409 150.706
10.0821 150.694
10.1217 150.651
10.1622 150.626
10.2031 150.609
10.245 150.611
10.2864 150.604
10.3273 150.587
10.3688 150.582
10.4103 150.574
10.4514 150.562
10.4928 150.555
10.5336 150.537
10.5735 150.502
10.615 150.497
10.6564 150.49
10.6975 150.477
10.7387 150.468
10.7799 150.458
10.8206 150.438
10.8619 150.43
10.9033 150.423
10.9446 150.416
10.9861 150.411
11.0267 150.391
11.068 150.383
11.1095 150.378
11.1508 150.371
11.191 150.344
11.232 150.331
11.2741 150.336
11.3148 150.319
11.3559 150.309
11.3972 150.302
11.4387 150.297
11.4801 150.292
11.5238 150.324
11.5647 150.309
11.6069 150.317
11.6495 150.332
11.6911 150.329
11.7337 150.342
11.7742 150.322
11.8148 150.305
11.8569 150.31
11.8988 150.312
11.9407 150.315
11.9826 150.317
12.0247 150.322
12.068 150.347
12.1111 150.37
12.154 150.387
12.1959 150.39
12.2379 150.392
12.2796 150.392
12.3214 150.392
12.3631 150.393
12.4044 150.385
12.4452 150.37
12.4881 150.388
12.5303 150.395
12.5719 150.393
12.6139 150.395
12.6559 150.4
12.6984 150.41
12.7418 150.435
12.7842 150.445
12.8267 150.455
12.8686 150.458
12.9107 150.463
12.9528 150.468
12.9951 150.475
13.0374 150.483
13.0807 150.505
13.123 150.513
13.1653 150.521
13.2078 150.531
13.2516 150.561
13.2933 150.558
13.3352 150.561
13.3775 150.568
13.4213 150.596
13.4643 150.613
13.5082 150.643
13.5502 150.646
13.5922 150.648
13.6361 150.678
13.6781 150.681
13.7223 150.713
13.7641 150.713
13.8064 150.721
13.8504 150.751
13.8928 150.758
13.9352 150.766
13.9774 150.771
14.0231 150.824
14.0657 150.834
14.1101 150.869
14.1527 150.879
14.1973 150.916
14.2399 150.926
14.284 150.957
14.3284 150.989
14.3733 151.029
14.4166 151.049
14.4595 151.062
14.505 151.11
14.5478 151.122
14.5924 151.158
14.637 151.193
14.6815 151.225
14.724 151.233
14.769 151.273
14.8121 151.288
14.8572 151.329
14.9001 151.341
14.944 151.366
15.0819 151.52
15.1269 151.558
15.1697 151.568
15.5355 151.937
15.5805 151.973
16.1007 152.66
16.1465 152.703
