-4.25004 136.717
-4.21058 136.683
-4.17031 136.615
-4.12858 136.484
-4.08899 136.442
-4.04927 136.393
-4.00902 136.32
-3.96841 136.231
-3.92852 136.171
-3.88934 136.142
-3.84998 136.104
-3.81002 136.038
-3.77014 135.974
-3.73042 135.917
-3.6905 135.849
-3.65052 135.777
-3.6117 135.758
-3.5723 135.712
-3.5331 135.674
-3.49344 135.612
-3.45471 135.595
-3.41509 135.534
-3.37588 135.492
-3.33689 135.461
-3.29792 135.429
-3.25896 135.397
-3.21949 135.338
-3.18041 135.298
-3.14158 135.271
-3.10298 135.257
-3.0636 135.198
-3.02469 135.164
-2.98613 135.149
-2.94688 135.095
-2.90798 135.059
-2.86928 135.034
-2.8309 135.028
-2.792 134.99
-2.75319 134.957
-2.71415 134.909
-2.67573 134.898
-2.63696 134.865
-2.5982 134.831
-2.55968 134.812
-2.52076 134.766
-2.48235 134.754
-2.44386 134.735
-2.40543 134.721
-2.36677 134.689
-2.32819 134.662
-2.28987 134.654
-2.25125 134.623
-2.21269 134.596
-2.17412 134.566
-2.13575 134.552
-2.09746 134.544
-2.059 134.521
-2.02052 134.496
-1.98217 134.481
-1.94354 134.442
-1.90523 134.429
-1.86695 134.419
-1.82868 134.409
-1.79027 134.386
-1.75188 134.363
-1.71362 134.353
-1.67541 134.347
-1.637 134.32
-1.59865 134.299
-1.56048 134.295
-1.52211 134.27
-1.48381 134.251
-1.44548 134.228
-1.40717 134.208
-1.369 134.202
-1.33086 134.2
-1.29267 134.191
-1.25439 134.171
-1.21623 134.165
-1.17805 134.156
-1.13979 134.136
-1.10161 134.125
-1.06346 134.119
-1.02525 134.103
-0.987078 134.092
-0.948949 134.088
-0.910797 134.08
-0.872638 134.07
-0.834482 134.06
-0.796372 134.058
-0.758232 134.049
-0.720086 134.039
-0.681944 134.029
-0.643823 134.023
-0.605703 134.017
-0.567571 134.006
-0.529464 134.002
-0.491345 133.994
-0.453223 133.984
-0.415133 133.984
-0.377042 133.984
-0.338937 133.978
-0.300838 133.974
-0.262752 133.976
-0.224654 133.972
-0.186554 133.966
-0.148457 133.96
-0.110361 133.954
-0.0722695 133.949
-0.0341812 133.95
0.00391126 133.937
0.0419984 133.931
0.080083 133.923
0.118167 133.921
0.156252 133.921
0.194346 133.932
0.232436 133.934
0.270531 133.938
0.308641 133.951
0.34671 133.936
0.384737 133.903
0.422839 133.911
0.460946 133.92
0.499003 133.907
0.537114 133.916
0.575216 133.92
0.613293 133.916
0.651377 133.914
0.689475 133.916
0.727575 133.918
0.765711 133.929
0.803843 133.937
0.842008 133.952
0.88015 133.96
0.918275 133.965
0.956424 133.973
0.994578 133.982
1.03276 133.994
1.07092 134.003
1.1091 134.013
1.14726 134.019
1.18537 134.017
1.2235 134.02
1.26171 134.032
1.29993 134.045
1.33812 134.053
1.37633 134.064
1.41451 134.07
1.45273 134.081
1.49097 134.093
1.52918 134.102
1.56738 134.108
1.60564 134.121
1.64384 134.127
1.68207 134.135
1.72032 134.146
1.75858 134.156
1.79686 134.169
1.83505 134.171
1.87323 134.173
1.91164 134.197
1.95018 134.23
1.98845 134.238
2.02674 134.249
2.06514 134.268
2.10343 134.276
2.14184 134.295
2.18021 134.31
2.21859 134.325
2.25693 134.335
2.29535 134.352
2.33402 134.388
2.37241 134.4
2.41077 134.411
2.44936 134.438
2.4878 134.453
2.52633 134.474
2.56459 134.476
2.60354 134.524
2.64195 134.535
2.68029 134.541
2.7189 134.564
2.75729 134.573
2.79605 134.604
2.83485 134.638
2.87333 134.651
2.91199 134.674
2.95077 134.703
2.9892 134.712
3.028 134.741
3.067 134.781
3.10579 134.809
3.14426 134.817
3.18311 134.847
3.22209 134.883
3.26089 134.908
3.29978 134.937
3.33824 134.944
3.37769 135.001
3.41683 135.041
3.45574 135.068
3.49428 135.077
3.53381 135.134
3.57246 135.147
3.61198 135.202
3.65118 135.24
3.68986 135.253
3.72959 135.314
3.76875 135.348
3.80788 135.38
3.84707 135.414
3.88585 135.428
3.92502 135.46
4.12325 135.711
4.16284 135.756
4.20275 135.813
4.24212 135.847
4.3623 136.028
4.40229 136.084
4.44117 136.095
