-18.1398 146.131
-18.0965 146.099
-17.5774 144.877
-17.5365 144.866
-17.1164 144.214
-17.0731 144.175
-17.0294 144.131
-16.9841 144.072
-16.9441 144.068
-16.8516 143.926
-16.8083 143.887
-16.7675 143.874
-16.7222 143.812
-16.6814 143.799
-16.6416 143.796
-16.5036 143.587
-16.4608 143.551
-16.4202 143.539
-16.3765 143.494
-16.3364 143.487
-16.2942 143.458
-16.2539 143.449
-16.2138 143.442
-16.0821 143.295
-16.0398 143.263
-15.9991 143.25
-15.9592 143.245
-15.918 143.225
-15.8751 143.187
-15.8301 143.123
-15.7896 143.112
-15.7486 143.094
-15.7084 143.085
-15.6684 143.078
-15.6238 143.02
-15.5836 143.011
-15.5434 143.002
-15.4997 142.952
-15.4593 142.941
-15.4193 142.934
-15.3776 142.907
-15.3376 142.9
-15.2973 142.889
-15.2544 142.849
-15.2139 142.835
-15.1741 142.831
-15.1326 142.806
-15.0923 142.795
-15.0504 142.765
-15.0096 142.748
-14.9677 142.718
-14.9271 142.703
-14.8875 142.7
-14.8478 142.696
-14.808 142.692
-14.7679 142.683
-14.7278 142.674
-14.6879 142.667
-14.6469 142.647
-14.6059 142.627
-14.5658 142.618
-14.5259 142.611
-14.4859 142.602
-14.4452 142.586
-14.4048 142.573
-14.3651 142.569
-14.3243 142.551
-14.2844 142.544
-14.2453 142.546
-14.206 142.546
-14.1664 142.544
-14.1268 142.54
-14.0865 142.529
-14.0465 142.52
-14.0064 142.511
-13.965 142.484
-13.925 142.475
-13.8851 142.468
-13.8456 142.466
-13.8063 142.466
-13.7668 142.464
-13.7271 142.459
-13.6878 142.46
-13.6486 142.462
-13.6098 142.469
-13.5705 142.469
-13.5308 142.464
-13.4908 142.455
-13.4511 142.451
-13.4118 142.451
-13.3732 142.46
-13.3338 142.46
-13.2935 142.447
-13.2545 142.451
-13.2157 142.458
-13.1765 142.46
-13.1368 142.456
-13.0977 142.458
-13.0585 142.461
-13.0188 142.456
-12.9795 142.456
-12.9411 142.47
-12.9024 142.479
-12.8623 142.468
-12.8247 142.493
-12.7849 142.486
-12.7465 142.499
-12.708 142.511
-12.668 142.502
-12.6281 142.495
-12.5886 142.493
-12.5491 142.491
-12.5104 142.5
-12.4707 142.495
-12.4301 142.477
-12.3903 142.471
-12.3511 142.473
-12.3124 142.482
-12.2743 142.5
-12.2361 142.518
-12.1985 142.543
-12.1599 142.554
-12.1225 142.584
-12.0847 142.606
-12.0454 142.609
-12.0059 142.606
-11.9671 142.615
-11.9282 142.622
-11.89 142.64
-11.8512 142.649
-11.8118 142.649
-11.773 142.659
-11.7342 142.668
-11.6954 142.677
-11.6573 142.697
-11.6189 142.713
-11.5798 142.717
-11.5404 142.718
-11.5019 142.731
-11.4645 142.763
-11.4266 142.788
-11.3878 142.797
-11.3488 142.804
-11.3101 142.815
-11.2726 142.847
-11.2346 142.869
-11.1959 142.881
-11.1564 142.881
-11.1185 142.906
-11.0802 142.924
-11.0422 142.949
-11.0036 142.962
-10.9654 142.983
-10.9274 143.008
-10.89 143.042
-10.8515 143.058
-10.8138 143.087
-10.7747 143.094
-10.7356 143.101
-10.6992 143.153
-10.6602 143.162
-10.6211 143.169
-10.5833 143.198
-10.5458 143.233
-10.5068 143.242
-10.4692 143.276
-10.4315 143.308
-10.3941 143.344
-10.3547 143.346
-10.3171 143.38
-10.2793 143.412
-10.2403 143.421
-10.1655 143.499
-10.1291 143.556
-10.0901 143.567
-9.97546 143.643
-9.07563 144.666
-9.0376 144.703
-8.99852 144.72
-8.96347 144.817
-8.92711 144.888
-8.88935 144.932
-8.78262 145.201
-8.74476 145.245
-8.70721 145.296
-8.67154 145.387
-8.63517 145.464
-8.59744 145.513
-8.55957 145.559
-8.52322 145.639
-8.2725 148.082
-8.23111 148.065
-8.19111 148.079
