-0.86881 147.225
-0.8277 147.257
1.09307 143.751
1.13338 143.718
1.25428 143.627
1.29453 143.595
1.33479 143.564
1.37519 143.555
1.41524 143.499
1.45556 143.483
1.49578 143.455
1.53592 143.418
1.57622 143.402
1.61643 143.376
1.65664 143.353
1.69691 143.337
1.73703 143.304
1.77728 143.288
1.81723 143.242
1.85756 143.235
1.89787 143.228
1.93795 143.198
1.97809 143.175
2.01836 143.165
2.05861 143.154
2.09872 143.131
2.13893 143.117
2.17894 143.087
2.219 143.061
2.25932 143.059
2.29953 143.048
2.3397 143.034
2.37992 143.025
2.42021 143.02
2.46033 143.004
2.50021 142.969
2.54009 142.937
2.58013 142.916
2.62032 142.907
2.66043 142.893
2.70058 142.882
2.74085 142.879
2.78119 142.882
2.82143 142.877
2.86124 142.845
2.90122 142.824
2.94137 142.815
2.98151 142.806
3.02154 142.79
3.06172 142.783
3.10185 142.774
3.1419 142.76
3.18214 142.758
3.22234 142.753
3.26246 142.744
3.30282 142.749
3.34301 142.744
3.3827 142.712
3.42254 142.689
3.46272 142.684
3.50263 142.666
3.54249 142.645
3.58257 142.636
3.62305 142.648
3.66312 142.639
3.7036 142.65
3.74367 142.641
3.7834 142.616
3.82312 142.59
3.86288 142.567
3.90297 142.56
3.94345 142.572
3.98374 142.574
4.02448 142.598
4.06553 142.635
4.10578 142.635
4.14567 142.619
4.18617 142.63
4.22647 142.633
4.26656 142.626
4.30692 142.631
4.34749 142.645
4.38796 142.654
4.42827 142.656
4.46829 142.647
4.50838 142.64
4.54857 142.638
4.5891 142.65
4.62953 142.657
4.66978 142.657
4.71026 142.666
4.75123 142.694
4.79191 142.71
4.83247 142.722
4.87298 142.731
4.91362 142.745
4.95389 142.745
4.99378 142.731
5.03424 142.738
5.07482 142.75
5.11528 142.757
5.15549 142.755
5.19602 142.764
5.23695 142.787
5.27749 142.797
5.3179 142.801
5.35825 142.804
5.39866 142.808
5.43956 142.829
5.48033 142.846
5.52124 142.867
5.56153 142.867
5.60112 142.843
5.64197 142.862
5.68276 142.878
5.72385 142.904
5.76436 142.911
5.80561 142.941
5.84673 142.967
5.88741 142.978
5.92795 142.985
5.96842 142.99
6.00964 143.018
6.05103 143.05
6.09167 143.06
6.13292 143.088
6.17349 143.095
6.21391 143.097
6.25504 143.12
6.29554 143.125
6.33604 143.13
6.37655 143.134
6.41786 143.162
6.45944 143.197
6.50111 143.235
6.54189 143.246
6.58325 143.274
6.62396 143.284
6.66543 143.314
6.707 143.347
6.74884 143.386
6.78975 143.4
6.83093 143.421
6.8716 143.428
6.91323 143.461
6.95478 143.491
6.99662 143.529
7.0374 143.538
7.08007 143.596
7.12096 143.608
7.16177 143.618
7.20249 143.625
7.28993 143.791
7.33079 143.8
7.37249 143.831
7.41317 143.835
7.45517 143.873
7.49614 143.884
7.66729 144.105
7.7095 144.145
7.75144 144.178
7.7921 144.18
7.83277 144.183
7.87573 144.239
8.7004 145.39
