-24.8702 83.9027
-24.8439 83.9015
1.92182 135.623
1.95982 135.61
2.77509 134.139
2.81237 134.105
2.84962 134.072
3.03508 133.871
3.10834 133.747
3.1455 133.716
3.18303 133.706
3.2201 133.671
3.25718 133.638
3.29433 133.609
3.33143 133.578
3.36839 133.541
3.4055 133.512
3.44305 133.506
3.4801 133.475
3.51701 133.438
3.55343 133.378
3.58983 133.319
3.6272 133.306
3.66422 133.278
3.70118 133.247
3.73857 133.237
3.77546 133.204
3.81202 133.157
3.84948 133.15
3.88651 133.126
3.92317 133.085
3.96056 133.077
3.99761 133.054
4.03509 133.05
4.07246 133.042
4.10876 132.988
4.14552 132.956
4.18267 132.939
4.21951 132.911
4.25639 132.884
4.29331 132.86
4.33063 132.851
4.36754 132.827
4.40464 132.811
4.44146 132.784
4.47882 132.778
4.51622 132.774
4.55318 132.753
4.58987 132.723
4.62692 132.706
4.66408 132.694
4.70112 132.678
4.73821 132.663
4.77558 132.659
4.81289 132.653
4.85009 132.643
4.88681 132.617
4.92357 132.592
4.96074 132.582
4.99803 132.576
5.03459 132.545
5.07174 132.535
5.10877 132.521
5.14579 132.506
5.1828 132.492
5.22006 132.486
5.25737 132.482
5.2945 132.472
5.33168 132.464
5.36879 132.454
5.40597 132.445
5.44314 132.437
5.48037 132.431
5.51766 132.427
5.55502 132.425
5.59211 132.415
5.62933 132.409
5.66615 132.39
5.70349 132.388
5.74063 132.38
5.77791 132.376
5.8149 132.364
5.85217 132.36
5.88923 132.35
5.92642 132.344
5.96332 132.329
6.00044 132.321
6.03805 132.327
6.07552 132.329
6.11277 132.325
6.1501 132.323
6.18779 132.331
6.22518 132.331
6.26236 132.325
6.29968 132.323
6.33586 132.291
6.37127 132.238
6.40887 132.244
6.44933 132.325
6.48858 132.374
6.52505 132.349
6.56142 132.323
6.59826 132.309
6.63549 132.305
6.67216 132.286
6.70922 132.278
6.747 132.288
6.78463 132.294
6.82201 132.294
6.85939 132.294
6.89644 132.286
6.93357 132.28
6.97103 132.282
7.00858 132.286
7.04621 132.292
7.08376 132.296
7.12122 132.298
7.15886 132.304
7.19624 132.304
7.23344 132.3
7.27108 132.306
7.30872 132.313
7.34654 132.323
7.38392 132.323
7.42113 132.319
7.4586 132.321
7.49624 132.327
7.53381 132.331
7.57128 132.333
7.60948 132.351
7.64769 132.369
7.68544 132.377
7.72293 132.379
7.76041 132.381
7.79845 132.396
7.8366 132.412
7.87456 132.424
7.91214 132.428
7.94983 132.434
7.9878 132.446
8.0254 132.45
8.06328 132.46
8.10127 132.473
8.13984 132.497
8.17765 132.505
8.21585 132.521
8.25376 132.532
8.29117 132.532
8.32879 132.536
8.36711 132.554
8.40564 132.576
8.44347 132.584
8.48161 132.599
8.52088 132.635
8.55801 132.629
8.59638 132.647
8.63527 132.676
8.67323 132.686
8.7111 132.694
8.75065 132.735
8.78832 132.739
8.82588 132.741
8.86377 132.749
8.90176 132.759
8.94148 132.802
8.98013 132.825
9.01924 132.855
9.0577 132.874
9.09562 132.882
9.13388 132.896
9.17512 132.966
9.21307 132.974
9.25079 132.978
9.28931 132.996
9.32749 133.008
9.36568 133.021
9.40489 133.051
9.44401 133.08
9.48336 133.113
9.52285 133.148
9.56201 133.176
9.60152 133.211
9.6407 133.24
9.67967 133.264
9.71782 133.275
9.7561 133.287
9.79603 133.328
9.83433 133.34
9.87417 133.379
9.91512 133.437
9.95477 133.472
9.99431 133.505
10.0339 133.538
10.0732 133.566
10.1128 133.599
10.1526 133.636
10.1924 133.671
10.2324 133.711
10.2734 133.766
10.3133 133.803
10.3543 133.857
10.3926 133.867
10.4326 133.905
10.4744 133.971
10.5158 134.031
10.5557 134.066
10.596 134.107
10.6376 134.17
10.6761 134.18
10.7171 134.232
11.6121 136.305
11.6514 136.32
11.6898 136.322
