-33.7016 144.509
-33.2893 143.769
-33.1842 143.624
-33.1371 143.581
-33.0885 143.529
-32.5046 142.898
-32.455 142.84
-32.4149 142.833
-32.3707 142.804
-32.3252 142.768
-31.9548 142.44
-31.9159 142.44
-31.8774 142.442
-31.8334 142.413
-31.7925 142.402
-31.7469 142.364
-31.7029 142.335
-31.6581 142.302
-31.6141 142.273
-31.5753 142.273
-31.5345 142.262
-31.4854 142.204
-31.4442 142.191
-31.3999 142.16
-31.3599 142.153
-31.3187 142.14
-31.2701 142.085
-31.2305 142.08
-31.1914 142.078
-31.1479 142.052
-31.1036 142.021
-31.0594 141.99
-31.0187 141.979
-30.9783 141.97
-30.9388 141.966
-30.8954 141.939
-30.8554 141.932
-30.8148 141.921
-30.776 141.922
-30.7357 141.913
-30.6958 141.906
-30.6516 141.875
-30.6079 141.847
-30.5676 141.838
-30.525 141.816
-30.4843 141.805
-30.4444 141.798
-30.4046 141.792
-30.365 141.788
-30.3267 141.79
-30.286 141.779
-30.2458 141.77
-30.2059 141.764
-30.1664 141.759
-30.125 141.744
-30.0847 141.735
-30.0449 141.729
-30.005 141.722
-29.9651 141.716
-29.9256 141.712
-29.882 141.683
-29.8459 141.699
-29.8083 141.705
-29.7692 141.703
-29.7263 141.679
-29.6868 141.675
-29.6499 141.686
-29.6101 141.68
-29.5688 141.664
-29.5289 141.658
-29.4891 141.651
-29.4499 141.649
-29.4112 141.649
-29.3717 141.645
-29.3326 141.643
-29.295 141.65
-29.2581 141.661
-29.2197 141.664
-29.1824 141.673
-29.144 141.675
-29.1038 141.666
-29.0614 141.644
-29.0234 141.649
-28.985 141.651
-28.9448 141.643
-28.9046 141.634
-28.8662 141.636
-28.8299 141.652
-28.7919 141.657
-28.7521 141.65
-28.7126 141.646
-28.6753 141.655
-28.6412 141.684
-28.6078 141.717
-28.5683 141.713
-28.5331 141.736
-28.4921 141.722
-28.453 141.72
-28.4146 141.723
-28.3815 141.759
-28.3487 141.797
-28.3042 141.761
-28.2715 141.799
-28.232 141.795
-28.1928 141.793
-28.1536 141.791
-28.1162 141.8
-28.0753 141.787
-28.0369 141.789
-28.0002 141.803
-27.962 141.807
-27.9229 141.805
-27.8851 141.812
-27.8473 141.819
-27.812 141.841
-27.7753 141.855
-27.7368 141.857
-27.6972 141.853
-27.6615 141.873
-27.6244 141.884
-27.5863 141.889
-27.5467 141.885
-27.5075 141.883
-27.4684 141.881
-27.4285 141.874
-27.3937 141.901
-27.3597 141.932
-27.3253 141.962
-27.2902 141.986
-27.2551 142.011
-27.2172 142.018
-27.1821 142.043
-27.1459 142.061
-27.1077 142.065
-27.0685 142.063
-27.0333 142.088
-26.9978 142.111
-26.9626 142.135
-26.9271 142.158
-26.8915 142.18
-26.8566 142.207
-26.8211 142.23
-26.7841 142.243
-26.7496 142.273
-26.712 142.282
-26.674 142.289
-26.636 142.296
-26.6014 142.325
-26.5678 142.361
-26.5292 142.363
-26.4942 142.39
-26.4605 142.427
-26.4242 142.445
-26.3921 142.492
-26.3548 142.503
-26.3171 142.512
-26.2791 142.519
-26.247 142.567
-26.2099 142.58
-26.1755 142.612
-26.141 142.644
-26.1066 142.675
-26.0695 142.689
-26.0393 142.75
-26.0021 142.764
-25.968 142.798
-25.9328 142.825
-25.8947 142.832
-25.8569 142.841
-25.8262 142.9
-25.7926 142.938
-25.7545 142.945
-25.6862 143.015
-25.6522 143.052
-25.5499 143.158
-25.5162 143.197
-25.4818 143.231
-25.4464 143.259
-24.8863 144.035
-24.852 144.072
-24.816 144.097
-24.7791 144.115
-24.7613 144.274
-24.7256 144.301
-24.6949 144.366
-24.6635 144.425
-24.6309 144.476
-24.6005 144.543
-24.5665 144.584
-24.5323 144.624
-24.4987 144.668
-24.4721 144.764
-24.4431 144.843
-24.4138 144.919
-24.3841 144.993
-24.3537 145.063
-24.2792 145.397
-24.2457 145.443
-24.1745 145.807
-24.4041 148.762
-24.3592 148.729
-24.3212 148.748
-24.2836 148.77
