-0.855316 161.678
-0.81079 161.664
-0.766282 161.653
0.0785216 160.279
0.122665 160.232
0.166801 160.215
0.210917 160.179
0.254977 160.096
0.519103 159.845
0.563128 159.831
0.607059 159.785
0.650905 159.716
0.694901 159.705
0.73881 159.669
0.782791 159.658
0.826519 159.581
0.870355 159.54
0.914312 159.531
0.958266 159.523
1.00206 159.482
1.04599 159.471
1.08977 159.433
1.13351 159.389
1.17711 159.325
1.22098 159.312
1.26479 159.29
1.30853 159.257
1.35221 159.219
1.39612 159.216
1.43996 159.205
1.48369 159.178
1.52754 159.17
1.57125 159.142
1.61488 159.107
1.65869 159.096
1.70252 159.088
1.74619 159.06
1.7898 159.028
1.83341 158.998
1.87704 158.97
1.92083 158.962
1.96452 158.943
2.00801 158.905
2.05154 158.872
2.09534 158.867
2.1393 158.878
2.18321 158.883
2.22691 158.87
2.27043 158.84
2.31403 158.818
2.35777 158.81
2.40151 158.802
2.44531 158.799
2.48908 158.794
2.53281 158.786
2.5764 158.766
2.62009 158.756
2.66356 158.728
2.70724 158.718
2.75087 158.704
2.7945 158.69
2.83801 158.669
2.88143 158.641
2.92503 158.628
2.96887 158.631
3.01255 158.622
3.05614 158.609
3.09956 158.584
3.14322 158.576
3.18693 158.571
3.23049 158.557
3.27432 158.56
3.3181 158.56
3.36166 158.547
3.40412 158.468
3.44714 158.424
3.49034 158.391
3.5338 158.375
3.57802 158.402
3.62308 158.476
3.66872 158.58
3.71191 158.547
3.75488 158.504
3.7985 158.496
3.84247 158.507
3.88672 158.531
3.93055 158.534
3.97422 158.529
4.01826 158.542
4.06242 158.562
4.10626 158.564
4.15032 158.578
4.19467 158.605
4.23852 158.608
4.28238 158.611
4.32629 158.617
4.3702 158.622
4.41417 158.63
4.45785 158.625
4.50116 158.603
4.54526 158.617
4.5893 158.628
4.63328 158.636
4.67715 158.639
4.72164 158.669
4.76577 158.683
4.81075 158.732
4.85483 158.743
4.89871 158.746
4.94247 158.743
4.98629 158.743
5.03038 158.754
5.07434 158.76
5.11789 158.749
5.16157 158.743
5.20645 158.785
5.25148 158.831
5.29625 158.867
5.34024 158.872
5.38394 158.867
5.42786 158.87
5.47208 158.883
5.51683 158.916
5.56106 158.93
5.60583 158.963
5.65 158.974
5.69472 159.004
5.73883 159.013
5.78286 159.018
5.82713 159.032
5.87268 159.09
5.91682 159.098
5.96104 159.109
6.00518 159.117
6.04981 159.142
6.09479 159.178
6.1392 159.194
6.18421 159.23
6.22746 159.208
6.27231 159.238
6.31744 159.277
6.36171 159.288
6.40774 159.354
6.45204 159.365
6.49731 159.406
6.54252 159.445
6.58667 159.45
6.6319 159.489
6.67724 159.53
6.72269 159.574
6.76715 159.588
6.81115 159.588
6.85524 159.591
6.90046 159.627
6.94712 159.704
6.99305 159.76
7.03747 159.771
7.26689 160.028
7.31118 160.034
7.77203 160.553
7.81677 160.567
8.43794 161.688
8.48275 161.697
8.52744 161.702
