-24.8704 83.9037
-24.8441 83.9025
3.21392 146.219
3.25261 146.117
3.29211 146.062
3.33128 145.991
3.37098 145.95
3.40953 145.849
3.44848 145.77
3.48788 145.718
3.527 145.652
3.5664 145.603
3.6056 145.544
3.64449 145.47
3.68326 145.393
3.72275 145.353
3.76208 145.306
3.80106 145.242
3.84034 145.195
3.87917 145.127
3.91861 145.089
3.95804 145.052
3.99724 145.005
4.03596 144.937
4.07538 144.901
4.11531 144.89
4.15391 144.819
4.19302 144.773
4.2321 144.726
4.27176 144.705
4.31125 144.677
4.35106 144.663
4.3903 144.625
4.42897 144.564
4.46823 144.529
4.50805 144.518
4.54671 144.459
4.58574 144.417
4.62536 144.399
4.66419 144.35
4.70383 144.333
4.74233 144.273
4.78189 144.254
4.82132 144.231
4.86093 144.215
4.90015 144.184
4.93943 144.157
4.97907 144.143
5.01864 144.126
5.0575 144.084
5.09653 144.05
5.13594 144.029
5.17514 144.001
5.21433 143.973
5.25351 143.945
5.29308 143.931
5.33217 143.901
5.37179 143.889
5.41148 143.88
5.44998 143.831
5.48972 143.824
5.52875 143.794
5.56926 143.813
5.60834 143.785
5.6472 143.75
5.68611 143.718
5.72567 143.706
5.76471 143.678
5.80447 143.674
5.84424 143.669
5.88377 143.657
5.92338 143.648
5.96184 143.604
6.0015 143.597
6.04117 143.59
6.08075 143.581
6.11994 143.56
6.15958 143.553
6.19868 143.53
6.23824 143.521
6.27787 143.514
6.31758 143.509
6.35673 143.488
6.39618 143.477
6.4358 143.47
6.47534 143.461
6.51486 143.451
6.55414 143.435
6.59365 143.426
6.63317 143.417
6.67251 143.403
6.71235 143.403
6.75297 143.423
6.79317 143.433
6.83276 143.426
6.87217 143.414
6.91096 143.386
6.94992 143.363
6.98931 143.352
7.02887 143.345
7.06834 143.335
7.10753 143.319
7.14681 143.305
7.18617 143.294
7.2258 143.289
7.26581 143.294
7.3059 143.3
7.34572 143.3
7.38535 143.296
7.42603 143.316
7.46652 143.333
7.50644 143.335
7.54539 143.314
7.58512 143.312
7.62445 143.3
7.66407 143.295
7.70339 143.284
7.7432 143.284
7.78351 143.295
7.82333 143.295
7.86254 143.281
7.90205 143.274
7.94125 143.26
7.98105 143.26
8.02127 143.269
8.06128 143.274
8.10088 143.269
8.14027 143.26
8.18017 143.262
8.22019 143.267
8.26094 143.287
8.30096 143.292
8.34077 143.292
8.38133 143.308
8.42147 143.315
8.4615 143.319
8.50175 143.329
8.54222 143.342
8.58215 143.344
8.62185 143.342
8.66234 143.356
8.70282 143.37
8.74343 143.386
8.78337 143.388
8.8232 143.388
8.86302 143.388
8.90285 143.388
8.94324 143.399
8.98399 143.417
9.02475 143.436
9.0647 143.438
9.10465 143.44
9.14495 143.449
9.18502 143.454
9.22604 143.477
9.266 143.479
9.30716 143.504
9.3476 143.516
9.38914 143.548
9.42972 143.562
9.47067 143.583
9.51102 143.592
9.55113 143.596
9.59124 143.601
9.63123 143.603
9.67246 143.628
9.71407 143.661
9.75457 143.672
9.79584 143.697
9.83597 143.702
9.877 143.723
9.91765 143.736
9.95921 143.766
10.0004 143.79
10.0409 143.801
10.0819 143.819
10.1236 143.852
10.165 143.877
10.2053 143.884
10.2457 143.893
10.2876 143.928
10.3293 143.958
10.3696 143.965
10.4109 143.988
10.4526 144.018
10.4935 144.034
10.5342 144.048
10.577 144.097
10.6182 144.117
10.6612 144.168
10.7015 144.173
10.7438 144.212
10.7848 144.229
10.8281 144.284
10.8688 144.296
10.9109 144.331
10.953 144.365
10.9952 144.4
11.0375 144.437
11.0796 144.472
11.1224 144.516
11.1652 144.561
11.207 144.589
11.2492 144.624
11.2916 144.661
11.3343 144.703
11.3769 144.742
11.4195 144.782
11.4636 144.845
11.5046 144.859
11.5489 144.925
11.5935 144.995
11.7237 145.145
11.8566 145.335
11.8993 145.372
