-4.88568 141.764
-4.84709 141.789
-4.80794 141.793
-3.9505 138.676
-3.71145 138.331
-3.67229 138.301
-3.63355 138.29
-3.55434 138.184
-3.5151 138.148
-3.47527 138.081
-3.4355 138.017
-3.39637 137.983
-3.35785 137.978
-3.31832 137.923
-3.27973 137.914
-3.2411 137.903
-3.20114 137.822
-3.16242 137.805
-3.12287 137.743
-3.08375 137.702
-3.04479 137.67
-3.00635 137.666
-2.96704 137.612
-2.92798 137.572
-2.88904 137.538
-2.85056 137.529
-2.81165 137.495
-2.77289 137.469
-2.73446 137.463
-2.69572 137.437
-2.65683 137.401
-2.61795 137.365
-2.57916 137.333
-2.5407 137.322
-2.50167 137.273
-2.4632 137.26
-2.4243 137.218
-2.38575 137.199
-2.34745 137.197
-2.30906 137.188
-2.27045 137.162
-2.23204 137.152
-2.19305 137.097
-2.15464 137.084
-2.11602 137.054
-2.07738 137.022
-2.03881 136.995
-2.00048 136.986
-1.96218 136.98
-1.92376 136.963
-1.88546 136.956
-1.84712 136.946
-1.80865 136.922
-1.77016 136.897
-1.73184 136.886
-1.69351 136.873
-1.65507 136.85
-1.61683 136.846
-1.57853 136.835
-1.54012 136.812
-1.50189 136.808
-1.46357 136.793
-1.42525 136.778
-1.38696 136.765
-1.3485 136.731
-1.31024 136.721
-1.272 136.712
-1.2338 136.708
-1.19557 136.699
-1.15725 136.678
-1.11889 136.651
-1.08055 136.623
-1.04237 136.619
-1.00424 136.621
-0.966086 136.621
-0.927898 136.614
-0.889736 136.612
-0.85161 136.616
-0.813438 136.612
-0.775226 136.599
-0.737029 136.589
-0.698866 136.584
-0.660732 136.586
-0.622579 136.584
-0.584355 136.563
-0.546178 136.552
-0.508012 136.544
-0.469864 136.539
-0.431724 136.537
-0.393585 136.535
-0.355447 136.533
-0.317315 136.533
-0.279182 136.533
-0.24105 136.533
-0.202921 136.535
-0.164777 136.526
-0.126633 136.515
-0.088503 136.513
-0.0503767 136.515
-0.0122473 136.513
0.0258797 136.515
0.0640091 136.496
0.102138 136.53
0.140278 136.553
0.178425 136.571
0.21656 136.565
0.254684 136.55
0.29279 136.527
0.33092 136.527
0.369049 136.527
0.407171 136.522
0.445327 136.535
0.483483 136.545
0.521616 136.545
0.559726 136.537
0.597806 136.52
0.635946 136.524
0.674111 136.534
0.712288 136.547
0.750445 136.553
0.78857 136.551
0.826721 136.555
0.864894 136.563
0.903009 136.559
0.941111 136.553
0.979243 136.552
1.01739 136.554
1.05558 136.565
1.09375 136.571
1.13202 136.592
1.17021 136.6
1.20841 136.609
1.24661 136.617
1.28476 136.619
1.32292 136.621
1.36118 136.636
1.39944 136.65
1.43771 136.665
1.4761 136.694
1.51426 136.694
1.55238 136.69
1.59061 136.698
1.62889 136.711
1.66721 136.727
1.70547 136.738
1.7437 136.744
1.78207 136.765
1.82037 136.778
1.85864 136.786
1.89701 136.805
1.93542 136.826
1.97365 136.83
2.01195 136.84
2.05043 136.866
2.08872 136.874
2.12704 136.884
2.16551 136.907
2.20402 136.933
2.24236 136.943
2.28065 136.949
2.31913 136.97
2.35742 136.977
2.39598 137.002
2.43463 137.034
2.47341 137.074
2.51203 137.101
2.55051 137.118
2.58906 137.139
2.62736 137.143
2.6658 137.156
2.7044 137.179
2.74305 137.204
2.78147 137.215
2.8199 137.225
2.85898 137.276
2.89746 137.289
2.93591 137.299
2.97493 137.343
3.0135 137.36
3.05249 137.401
3.09104 137.415
3.12983 137.443
3.16836 137.455
3.20725 137.487
3.24615 137.519
3.28506 137.551
3.47958 137.697
3.51857 137.729
3.55758 137.761
3.59669 137.797
3.63616 137.85
3.67482 137.863
3.71406 137.904
3.75373 137.963
3.79306 138.006
3.83269 138.062
3.8714 138.074
3.91102 138.128
3.95028 138.164
4.66985 139.206
4.71083 139.292
4.75121 139.355
