-5.54516 130.569
-5.50568 130.511
-5.46794 130.503
-5.43046 130.503
-5.39272 130.495
-5.23689 130.313
-5.19855 130.285
-5.16087 130.277
-5.12255 130.249
-5.08488 130.242
-5.04658 130.214
-5.00823 130.184
-4.96922 130.132
-4.93225 130.146
-4.89327 130.094
-4.85552 130.082
-4.81663 130.032
-4.77902 130.025
-4.74076 129.995
-4.70187 129.943
-4.66422 129.933
-4.62658 129.923
-4.58906 129.917
-4.55092 129.89
-4.51273 129.86
-4.4746 129.832
-4.43716 129.828
-4.39978 129.826
-4.36179 129.803
-4.32387 129.781
-4.28633 129.773
-4.24832 129.747
-4.21064 129.734
-4.1726 129.706
-4.13456 129.678
-4.09665 129.654
-4.0592 129.648
-4.02181 129.645
-3.98441 129.641
-3.94687 129.631
-3.9087 129.595
-3.87112 129.584
-3.8337 129.578
-3.79627 129.572
-3.75895 129.57
-3.7212 129.55
-3.68351 129.533
-3.64624 129.533
-3.60883 129.527
-3.57084 129.495
-3.53313 129.475
-3.49556 129.462
-3.4583 129.462
-3.42096 129.458
-3.38306 129.428
-3.34552 129.415
-3.30793 129.399
-3.27052 129.391
-3.23316 129.385
-3.19563 129.371
-3.15839 129.372
-3.12111 129.37
-3.08376 129.364
-3.0464 129.358
-3.00905 129.352
-2.97185 129.354
-2.93469 129.359
-2.89753 129.363
-2.86018 129.357
-2.82243 129.329
-2.78467 129.3
-2.74734 129.294
-2.71025 129.302
-2.67299 129.3
-2.63569 129.296
-2.5986 129.304
-2.5614 129.306
-2.52404 129.298
-2.48669 129.291
-2.44968 129.305
-2.41236 129.299
-2.37476 129.275
-2.33733 129.261
-2.29999 129.254
-2.26271 129.25
-2.22557 129.256
-2.18849 129.266
-2.15124 129.264
-2.11402 129.264
-2.07685 129.268
-2.03938 129.251
-2.00201 129.239
-1.96486 129.245
-1.92789 129.265
-1.89067 129.265
-1.85337 129.259
-1.81612 129.257
-1.77906 129.271
-1.74185 129.273
-1.70489 129.297
-1.66772 129.303
-1.63053 129.307
-1.59331 129.309
-1.55616 129.317
-1.51896 129.322
-1.48174 129.324
-1.44455 129.33
-1.40732 129.332
-1.37006 129.33
-1.33283 129.332
-1.29568 129.342
-1.25858 129.36
-1.22141 129.37
-1.18424 129.38
-1.14712 129.398
-1.10996 129.412
-1.07271 129.414
-1.03546 129.416
-0.998235 129.422
-0.961033 129.432
-0.923827 129.442
-0.886615 129.452
-0.849447 129.47
-0.81219 129.475
-0.774986 129.489
-0.737733 129.495
-0.700477 129.501
-0.663285 129.521
-0.626029 129.529
-0.588761 129.535
-0.551547 129.555
-0.514301 129.569
-0.477093 129.595
-0.439858 129.617
-0.402561 129.623
-0.365298 129.641
-0.328004 129.651
-0.290715 129.665
-0.253434 129.685
-0.216148 129.707
-0.178843 129.725
-0.141547 129.753
-0.104196 129.751
-0.0668471 129.751
-0.0295156 129.769
0.00782863 129.781
0.0451806 129.789
0.082532 129.814
0.119894 129.842
0.157266 129.848
0.194648 129.874
0.232031 129.882
0.269416 129.888
0.306829 129.916
0.344249 129.94
0.381673 129.96
0.419093 129.972
0.456575 130.012
0.494112 130.068
0.531555 130.076
0.569046 130.101
0.606501 130.109
0.644035 130.141
0.681571 130.169
0.71912 130.197
0.756597 130.203
0.794175 130.233
0.831707 130.249
0.869419 130.304
0.90706 130.338
0.944687 130.366
0.982327 130.394
1.09554 130.515
1.13312 130.523
1.17085 130.556
1.20847 130.568
1.24621 130.598
1.28436 130.683
1.32219 130.719
1.35994 130.743
1.39757 130.75
1.43538 130.778
1.473 130.782
1.51067 130.792
1.54859 130.831
1.66398 131.108
1.70195 131.141
1.73992 131.171
1.77792 131.204
1.81615 131.256
1.85395 131.267
2.91804 134.06
