-24.8707 83.9047
-24.8434 83.8995
-10.1187 140.222
-9.82731 139.901
-9.78647 139.868
-9.74589 139.84
-9.70641 139.831
-9.66585 139.802
-9.45966 139.593
-9.42013 139.583
-9.3799 139.558
-9.34086 139.556
-9.30007 139.521
-9.2601 139.502
-9.2191 139.462
-9.17938 139.447
-9.13876 139.414
-9.09826 139.383
-9.05892 139.375
-9.01855 139.346
-8.97899 139.333
-8.93977 139.327
-8.89821 139.274
-8.85768 139.241
-8.81704 139.206
-8.77786 139.2
-8.73867 139.194
-8.6984 139.165
-8.65814 139.137
-8.61908 139.133
-8.58035 139.135
-8.54118 139.129
-8.50085 139.098
-8.46042 139.065
-8.42117 139.057
-8.38223 139.055
-8.34225 139.031
-8.30312 139.024
-8.26399 139.018
-8.22279 138.968
-8.18306 138.948
-8.14405 138.944
-8.10423 138.922
-8.06472 138.907
-8.02652 138.92
-7.98702 138.905
-7.94712 138.881
-7.90763 138.866
-7.86864 138.862
-7.82956 138.855
-7.79057 138.851
-7.7512 138.838
-7.71145 138.816
-7.67247 138.812
-7.6333 138.804
-7.59367 138.784
-7.55451 138.776
-7.51545 138.769
-7.4763 138.761
-7.43706 138.75
-7.3981 138.746
-7.35924 138.744
-7.32037 138.742
-7.28133 138.735
-7.24238 138.731
-7.20334 138.725
-7.16412 138.714
-7.12535 138.714
-7.08649 138.712
-7.04746 138.705
-7.00826 138.695
-6.96932 138.69
-6.9302 138.682
-6.89136 138.68
-6.85268 138.682
-6.81391 138.682
-6.77498 138.678
-6.73622 138.678
-6.69754 138.681
-6.65885 138.683
-6.62042 138.692
-6.58231 138.71
-6.54354 138.71
-6.50452 138.703
-6.46567 138.701
-6.42681 138.699
-6.38708 138.673
-6.34752 138.651
-6.30757 138.619
-6.26968 138.643
-6.23107 138.647
-6.19379 138.689
-6.15509 138.691
-6.1167 138.703
-6.07762 138.694
-6.03862 138.688
-5.99932 138.672
-5.96003 138.657
-5.92163 138.668
-5.88308 138.675
-5.84445 138.679
-5.80575 138.682
-5.76712 138.686
-5.72842 138.689
-5.69021 138.706
-5.65221 138.73
-5.61364 138.737
-5.57492 138.74
-5.53641 138.748
-5.49789 138.757
-5.4593 138.764
-5.42078 138.773
-5.38212 138.777
-5.34345 138.782
-5.30512 138.797
-5.26671 138.811
-5.22816 138.82
-5.18948 138.824
-5.15061 138.822
-5.11205 138.831
-5.07426 138.866
-5.03626 138.895
-4.99755 138.899
-4.95879 138.902
-4.92045 138.919
-4.88217 138.939
-4.84369 138.952
-4.80521 138.966
-4.76685 138.983
-4.72817 138.99
-4.68932 138.99
-4.65076 139.001
-4.6126 139.028
-4.57391 139.034
-4.53545 139.05
-4.49704 139.068
-4.45856 139.083
-4.42035 139.11
-4.38174 139.121
-4.34324 139.136
-4.30479 139.154
-4.2666 139.183
-4.22796 139.194
-4.18964 139.218
-4.15084 139.223
-4.11245 139.245
-4.07374 139.254
-4.03554 139.285
-3.99767 139.331
-3.95929 139.355
-3.92055 139.364
-3.88219 139.391
-3.84353 139.404
-3.80516 139.431
-3.76682 139.46
-3.72809 139.471
-3.68987 139.506
-3.65154 139.537
-3.61329 139.573
-3.57484 139.599
-3.5362 139.617
-3.49782 139.648
-3.45947 139.681
-3.42106 139.712
-3.38268 139.746
-3.34398 139.764
-3.30574 139.806
-3.26711 139.828
-3.22909 139.884
-3.19022 139.895
-3.15172 139.926
-3.11331 139.964
-3.07446 139.977
-3.0363 140.031
-2.99782 140.066
-2.95923 140.097
-2.92071 140.133
-2.88185 140.149
-2.84377 140.213
-2.80556 140.271
-2.76665 140.287
-2.72819 140.332
-2.68994 140.392
-2.65133 140.43
-2.61274 140.47
-2.57406 140.506
-2.53544 140.546
-2.49708 140.607
-2.45847 140.652
-2.42012 140.716
-2.38184 140.788
-2.3431 140.829
-2.30458 140.887
-2.26618 140.957
-2.22735 140.995
-2.18853 141.035
-2.14978 141.083
-2.11152 141.173
