-4.03349 138.922
-3.99409 138.89
-3.95185 138.734
-3.90959 138.574
-3.86994 138.527
-3.83008 138.468
-3.62205 137.752
-3.5829 137.716
-3.54416 137.699
-3.50459 137.641
-3.46483 137.573
-3.38464 137.398
-3.34519 137.341
-3.30607 137.298
-3.1867 137.06
-3.1472 136.992
-3.1084 136.961
-3.0698 136.939
-3.03136 136.927
-2.99206 136.865
-2.91377 136.755
-2.87451 136.692
-2.83575 136.656
-2.79697 136.618
-2.75786 136.559
-2.71912 136.521
-2.68032 136.479
-2.64172 136.447
-2.60315 136.418
-2.56406 136.352
-2.52492 136.283
-2.48661 136.266
-2.44848 136.262
-2.41021 136.247
-2.37137 136.193
-2.33279 136.155
-2.29426 136.119
-2.256 136.102
-2.21736 136.056
-2.17915 136.041
-2.14043 135.987
-2.102 135.953
-2.06382 135.939
-2.0255 135.911
-1.98718 135.884
-1.94908 135.874
-1.91044 135.817
-1.87231 135.802
-1.83409 135.779
-1.79604 135.771
-1.75754 135.721
-1.71946 135.708
-1.6812 135.677
-1.64295 135.646
-1.60471 135.614
-1.56668 135.604
-1.52841 135.566
-1.49025 135.539
-1.4523 135.535
-1.41438 135.533
-1.37626 135.508
-1.33818 135.487
-1.30018 135.474
-1.26219 135.462
-1.22413 135.439
-1.18608 135.418
-1.14808 135.401
-1.11016 135.395
-1.07213 135.372
-1.03407 135.343
-0.996043 135.318
-0.958106 135.305
-0.920211 135.299
-0.882318 135.292
-0.84435 135.272
-0.806456 135.263
-0.768544 135.251
-0.730619 135.234
-0.692719 135.222
-0.654843 135.213
-0.616945 135.199
-0.579069 135.188
-0.541145 135.163
-0.503261 135.146
-0.465404 135.136
-0.427545 135.123
-0.389708 135.117
-0.351859 135.105
-0.314039 135.102
-0.276203 135.092
-0.238375 135.084
-0.200554 135.077
-0.162733 135.069
-0.124916 135.061
-0.0871028 135.052
-0.0492993 135.052
-0.0114947 135.05
0.0263108 135.042
0.064113 135.027
0.101909 135.014
0.139702 135.008
0.177494 135.006
0.215283 135.002
0.253071 134.998
0.290867 135.002
0.328662 135.004
0.36644 134.995
0.404222 134.991
0.442024 134.997
0.47981 134.995
0.517578 134.986
0.555377 134.991
0.593153 134.986
0.630887 134.97
0.668613 134.953
0.706385 134.951
0.744172 134.953
0.781968 134.957
0.819649 134.934
0.857461 134.942
0.895287 134.952
0.933138 134.967
0.970995 134.981
1.00871 134.969
1.04643 134.958
1.08421 134.958
1.12204 134.966
1.15983 134.968
1.19763 134.97
1.23547 134.978
1.27329 134.984
1.31109 134.986
1.34886 134.984
1.38662 134.982
1.4245 134.994
1.46229 134.994
1.5 134.986
1.53775 134.981
1.57555 134.983
1.61342 134.994
1.65126 135
1.68906 135.002
1.72686 135.004
1.76471 135.01
1.80251 135.012
1.84036 135.018
1.87832 135.034
1.91622 135.044
1.9541 135.053
1.99201 135.063
2.02992 135.073
2.06779 135.079
2.10573 135.091
2.14363 135.1
2.18146 135.101
2.21928 135.103
2.25719 135.112
2.29523 135.13
2.33331 135.151
2.3712 135.157
2.40907 135.161
2.447 135.169
2.4849 135.175
2.52283 135.183
2.56106 135.212
2.59913 135.229
2.6372 135.245
2.67521 135.257
2.71336 135.278
2.75139 135.29
2.78945 135.305
2.82739 135.311
2.8655 135.327
2.90344 135.333
2.94146 135.344
2.97973 135.368
3.01811 135.399
3.05615 135.41
3.09444 135.434
3.13271 135.457
3.17066 135.461
3.20902 135.488
3.24708 135.498
3.28508 135.505
3.32398 135.558
3.3621 135.571
3.40044 135.594
3.43849 135.602
3.47697 135.631
3.51537 135.656
3.55344 135.664
3.59199 135.695
3.63012 135.705
3.66917 135.759
3.70772 135.788
3.74588 135.799
3.78404 135.809
3.82275 135.844
3.86115 135.865
3.89994 135.903
3.9385 135.93
3.97713 135.959
4.01539 135.971
4.05404 136
4.09274 136.032
4.13157 136.067
4.1705 136.107
4.20966 136.155
4.24797 136.167
4.2867 136.196
4.32617 136.255
4.36509 136.29
4.40344 136.303
4.44287 136.357
4.48188 136.395
4.52087 136.431
4.55975 136.462
4.59887 136.502
4.63846 136.559
4.67757 136.596
4.79573 136.737
4.83543 136.794
4.87452 136.828
4.91362 136.861
5.07334 137.106
5.11266 137.144
5.15194 137.18
5.35394 137.536
5.39336 137.572
5.43285 137.61
