-24.8698 83.9006
-24.8434 83.8995
-11.3966 142.494
-11.3562 142.481
-11.3162 142.474
-11.011 142.016
-10.5901 141.575
-10.549 141.546
-10.2159 141.23
-10.1762 141.224
-10.1369 141.224
-9.97183 141.083
-9.93044 141.045
-9.88956 141.016
-9.84994 141.01
-9.80896 140.979
-9.76923 140.97
-9.72951 140.961
-9.68733 140.907
-9.6475 140.896
-9.60658 140.865
-9.56567 140.834
-9.52598 140.825
-9.48557 140.803
-9.44589 140.794
-9.40503 140.763
-9.36441 140.737
-9.32452 140.723
-9.28475 140.713
-9.24416 140.686
-9.20451 140.677
-9.16406 140.653
-9.12431 140.642
-9.0848 140.635
-9.04483 140.62
-9.00521 140.611
-8.96536 140.598
-8.92439 140.562
-8.88456 140.549
-8.84485 140.538
-8.80481 140.521
-8.76455 140.498
-8.72409 140.472
-8.68429 140.459
-8.64516 140.459
-8.60613 140.461
-8.56678 140.457
-8.52613 140.426
-8.48646 140.415
-8.44712 140.411
-8.40789 140.409
-8.36855 140.404
-8.329 140.396
-8.28904 140.378
-8.24929 140.365
-8.21006 140.363
-8.17022 140.347
-8.13069 140.339
-8.09147 140.337
-8.05246 140.339
-8.01294 140.33
-7.97312 140.315
-7.9333 140.3
-7.8938 140.291
-7.85459 140.289
-7.81568 140.293
-7.77637 140.289
-7.73716 140.287
-7.69805 140.287
-7.65866 140.281
-7.61945 140.279
-7.58025 140.277
-7.54066 140.266
-7.50146 140.264
-7.46226 140.262
-7.42287 140.255
-7.38339 140.246
-7.34429 140.246
-7.30518 140.247
-7.26599 140.245
-7.22688 140.245
-7.18814 140.254
-7.14975 140.272
-7.11091 140.279
-7.0718 140.279
-7.03197 140.261
-6.99224 140.246
-6.95445 140.279
-6.9156 140.286
-6.87596 140.273
-6.83624 140.258
-6.79644 140.24
-6.7575 140.245
-6.71856 140.249
-6.67945 140.249
-6.64042 140.252
-6.60115 140.247
-6.56187 140.243
-6.52259 140.239
-6.48332 140.235
-6.44535 140.266
-6.40663 140.277
-6.36784 140.286
-6.32911 140.297
-6.29015 140.302
-6.25149 140.316
-6.21315 140.338
-6.17472 140.358
-6.13589 140.367
-6.09697 140.374
-6.05798 140.379
-6.01907 140.386
-5.98015 140.392
-5.94092 140.39
-5.90192 140.395
-5.86344 140.415
-5.82465 140.426
-5.78586 140.438
-5.74713 140.451
-5.70826 140.46
-5.66952 140.474
-5.63049 140.479
-5.59175 140.492
-5.55299 140.506
-5.51451 140.528
-5.47609 140.553
-5.43725 140.564
-5.39806 140.564
-5.35907 140.571
-5.32075 140.6
-5.28202 140.616
-5.24328 140.632
-5.2044 140.643
-5.16545 140.652
-5.1274 140.693
-5.0885 140.704
-5.0494 140.709
-5.01043 140.718
-4.97227 140.756
-4.93347 140.772
-4.8946 140.785
-4.85579 140.801
-4.81739 140.833
-4.7785 140.846
-4.73978 140.866
-4.70153 140.905
-4.66249 140.914
-4.62374 140.934
-4.58551 140.975
-4.54662 140.991
-4.50779 141.009
-4.46951 141.049
-4.43054 141.063
-4.39156 141.076
-4.35335 141.121
-4.31469 141.149
-4.27628 141.187
-4.23726 141.201
-4.1984 141.221
-4.16016 141.268
-4.12122 141.286
-4.08237 141.309
-4.04336 141.325
-4.00526 141.381
-3.96628 141.4
-3.92804 141.452
-3.88903 141.47
-3.85026 141.499
-3.81153 141.531
-3.77292 141.57
-3.7344 141.613
-3.69618 141.671
-3.65691 141.681
-3.61796 141.706
-3.57941 141.751
-3.5407 141.79
-3.50185 141.821
-3.46311 141.86
-3.42387 141.874
-3.38562 141.94
-3.34738 142.008
-3.30848 142.042
-3.26961 142.079
-3.23084 142.122
-3.1921 142.167
-3.15414 142.259
-3.1149 142.279
-3.07609 142.325
-3.03691 142.35
-2.99936 142.473
-2.96006 142.494
-2.92094 142.526
-2.88187 142.563
-2.61308 143.173
-2.5739 143.217
-2.5346 143.254
