3.69283 151.309
3.73368 151.252
3.77397 151.166
3.81303 151.021
3.93196 150.688
3.97215 150.608
4.01235 150.531
4.05247 150.452
4.09267 150.377
4.13288 150.305
4.17344 150.25
4.21333 150.166
4.25329 150.086
4.29355 150.022
4.33429 149.98
4.37422 149.903
4.41474 149.854
4.45461 149.777
4.49526 149.735
4.53584 149.691
4.57574 149.619
4.61628 149.575
4.65625 149.508
4.69619 149.442
4.73739 149.427
4.77852 149.41
4.81816 149.334
4.85819 149.275
4.89928 149.258
4.93915 149.194
4.97945 149.147
5.01978 149.103
5.05971 149.044
5.1008 149.03
5.14155 149.003
5.18269 148.991
5.22254 148.932
5.26257 148.881
5.30347 148.861
5.3434 148.807
5.38427 148.788
5.42465 148.751
5.46529 148.724
5.50571 148.69
5.54669 148.676
5.58715 148.644
5.62746 148.607
5.66783 148.573
5.70876 148.559
5.7497 148.544
5.78928 148.486
5.83034 148.476
5.87071 148.445
5.91169 148.432
5.95227 148.408
5.99261 148.377
6.03325 148.355
6.07309 148.309
6.11378 148.289
6.1547 148.277
6.1945 148.231
6.23508 148.209
6.27598 148.197
6.31622 148.166
6.35718 148.156
6.39798 148.141
6.43885 148.129
6.4793 148.105
6.51956 148.076
6.56024 148.059
6.60066 148.035
6.64158 148.025
6.68267 148.021
6.72375 148.016
6.76431 147.997
6.80478 147.975
6.84558 147.963
6.88638 147.951
6.92691 147.932
6.96725 147.907
7.0074 147.878
7.04818 147.866
7.08912 147.859
7.13025 147.857
7.17138 147.855
7.21242 147.85
7.25298 147.833
7.29364 147.819
7.33447 147.809
7.37521 147.797
7.41613 147.79
7.45733 147.79
7.49825 147.783
7.53877 147.766
7.5787 147.735
7.6195 147.725
7.6606 147.723
7.70159 147.718
7.74218 147.703
7.78256 147.684
7.82354 147.679
7.86462 147.677
7.90539 147.668
7.94596 147.653
7.98672 147.644
8.02758 147.636
8.06803 147.62
8.10825 147.598
8.14931 147.596
8.19079 147.603
8.23195 147.603
8.27375 147.618
8.31492 147.618
8.3549 147.591
8.3953 147.574
8.437 147.587
8.47859 147.596
8.52008 147.604
8.56091 147.597
8.60196 147.594
8.64301 147.592
8.68451 147.599
8.7269 147.626
8.76897 147.646
8.81037 147.651
8.85177 147.655
8.89328 147.663
8.93503 147.675
8.97632 147.678
9.0175 147.678
9.05868 147.678
9.1002 147.685
9.1415 147.688
9.18268 147.688
9.22386 147.688
9.26503 147.688
9.30669 147.698
9.34823 147.705
9.38965 147.71
9.4312 147.717
9.47251 147.72
9.51394 147.725
9.55598 147.742
9.5989 147.776
9.64084 147.791
9.68254 147.8
9.72424 147.81
9.76582 147.818
9.80791 147.835
9.84925 147.837
9.89046 147.837
9.93218 147.847
9.97377 147.854
10.0161 147.876
10.0576 147.881
10.0998 147.898
10.1419 147.915
10.1839 147.93
10.2263 147.952
10.2677 147.955
10.3096 147.967
10.3521 147.991
10.3939 148.001
10.4366 148.028
10.4797 148.059
10.5216 148.072
10.5645 148.101
10.6064 148.113
10.6482 148.123
10.6898 148.128
10.7322 148.148
10.7754 148.182
10.8185 148.213
10.8599 148.216
10.9029 148.245
10.9447 148.255
10.9868 148.267
11.0316 148.328
11.0738 148.343
11.117 148.375
11.1602 148.407
11.2024 148.421
11.2446 148.436
11.2888 148.485
11.3294 148.473
11.3743 148.532
11.416 148.537
11.4579 148.547
11.5031 148.61
11.5475 148.659
11.5911 148.696
11.6334 148.711
11.6784 148.77
11.7205 148.78
11.764 148.814
11.8076 148.848
11.8516 148.89
11.8958 148.934
11.9399 148.976
11.9838 149.016
12.0276 149.052
12.0736 149.124
12.116 149.139
12.3388 149.375
12.3826 149.41
12.4264 149.445
12.4706 149.484
12.5149 149.526
12.6556 149.766
12.7016 149.833
