12.7362 120.883
12.7724 120.896
12.8065 120.883
12.7096 119.3
12.7438 119.293
12.9939 118.158
13.0171 118.027
13.046 117.962
13.0758 117.907
13.1052 117.85
13.1334 117.778
13.1626 117.719
13.192 117.661
13.2198 117.587
13.2489 117.526
13.2802 117.492
13.3116 117.458
13.3414 117.407
13.371 117.353
13.3967 117.257
13.426 117.202
13.4564 117.158
13.4888 117.138
13.5186 117.087
13.5489 117.044
13.5781 116.988
13.6096 116.958
13.6407 116.924
13.6705 116.876
13.7 116.824
13.7295 116.773
13.7623 116.758
13.792 116.71
13.8219 116.663
13.8536 116.636
13.8847 116.605
13.9152 116.565
13.9468 116.538
13.9775 116.501
14.0072 116.454
14.0385 116.425
14.0682 116.378
14.0993 116.346
14.1312 116.323
14.163 116.3
14.1947 116.275
14.2256 116.242
14.2561 116.205
14.2862 116.163
14.3191 116.152
14.3511 116.13
14.3825 116.104
14.414 116.077
14.4456 116.052
14.4757 116.013
14.5079 115.994
14.5385 115.96
14.5709 115.943
14.6026 115.92
14.6338 115.892
14.6645 115.859
14.6971 115.846
14.7298 115.833
14.7603 115.798
14.7923 115.778
14.8227 115.743
14.8553 115.73
14.887 115.707
14.9164 115.663
14.9485 115.644
14.9806 115.626
15.0126 115.608
15.0444 115.587
15.0769 115.574
15.1088 115.554
15.1406 115.534
15.1728 115.518
15.2045 115.497
15.2372 115.485
15.2694 115.469
15.301 115.447
15.3325 115.424
15.365 115.411
15.397 115.393
15.4296 115.382
15.4621 115.369
15.4947 115.357
15.5267 115.339
15.5593 115.328
15.5926 115.323
15.6251 115.31
15.6563 115.285
15.689 115.275
15.7223 115.271
15.7549 115.259
15.7873 115.246
15.8199 115.235
15.8529 115.227
15.8863 115.223
15.9168 115.192
15.9491 115.179
15.9819 115.169
16.0133 115.148
16.0453 115.132
16.0779 115.12
16.1109 115.114
16.142 115.089
16.174 115.073
16.2071 115.067
16.2406 115.065
16.2731 115.054
16.3055 115.041
16.3385 115.034
16.3708 115.021
16.4026 115.003
16.4347 114.989
16.4682 114.987
16.502 114.987
16.5355 114.986
16.5685 114.979
16.6021 114.978
16.6358 114.978
16.6694 114.976
16.7028 114.973
16.7356 114.965
16.7688 114.96
16.8003 114.94
16.8325 114.927
16.8649 114.916
16.8975 114.906
16.9297 114.893
16.9614 114.875
16.9902 114.833
17.0245 114.838
17.0591 114.846
17.0951 114.866
17.1324 114.897
17.1671 114.905
17.2001 114.899
17.2315 114.879
17.2644 114.873
17.2995 114.884
17.333 114.883
17.3654 114.871
17.3975 114.859
17.432 114.865
17.4659 114.867
17.4994 114.865
17.5326 114.86
17.5659 114.857
17.5996 114.857
17.6337 114.861
17.6676 114.862
17.7007 114.858
17.7332 114.848
17.7655 114.837
17.7992 114.837
17.8335 114.842
17.8672 114.842
17.9005 114.839
17.9336 114.834
17.9671 114.832
18.0014 114.837
18.0351 114.837
18.0692 114.841
18.1051 114.859
18.1394 114.864
18.1735 114.867
18.2074 114.869
18.2411 114.869
18.2742 114.864
18.3075 114.861
18.3418 114.866
18.3765 114.874
18.4114 114.884
18.4455 114.887
18.4794 114.889
18.514 114.896
18.5481 114.899
18.5822 114.902
18.6169 114.911
18.6523 114.924
18.687 114.932
18.7224 114.945
18.7565 114.949
18.7909 114.954
18.8252 114.959
18.8597 114.965
18.8933 114.964
18.9276 114.969
18.9632 114.984
18.9984 114.995
19.0327 115
19.0675 115.008
19.1032 115.023
19.1392 115.041
19.1746 115.054
19.2071 115.045
19.243 115.061
19.2793 115.081
19.3134 115.084
19.3478 115.089
19.3828 115.099
19.4194 115.121
19.4544 115.131
19.4933 115.17
19.5293 115.186
19.5639 115.193
19.5983 115.198
19.6347 115.218
19.6693 115.225
19.7055 115.243
19.7397 115.246
19.7768 115.271
19.8114 115.278
19.848 115.299
19.8849 115.322
19.9218 115.345
19.9558 115.347
19.9903 115.352
20.0269 115.373
20.0618 115.382
20.1006 115.418
20.1362 115.431
20.1738 115.459
20.2459 115.492
20.284 115.524
20.3235 115.565
20.3605 115.588
20.3948 115.592
20.4316 115.613
20.5784 115.696
20.6152 115.718
20.6507 115.729
20.6922 115.784
20.7328 115.832
20.7701 115.857
20.8098 115.898
20.8458 115.913
20.8858 115.957
20.9213 115.968
20.9608 116.008
