-34.449 124.983
-34.4121 124.973
-34.3674 124.928
-34.3314 124.922
-34.2949 124.915
-34.2506 124.871
-34.2134 124.86
-34.1731 124.835
-34.1316 124.804
-34.0866 124.757
-34.0495 124.746
-34.0088 124.718
-33.9716 124.707
-33.929 124.671
-33.8923 124.662
-33.8509 124.631
-33.8099 124.602
-33.7693 124.575
-33.7299 124.553
-33.6939 124.547
-33.6571 124.538
-33.6166 124.511
-33.5768 124.488
-33.5378 124.468
-33.5011 124.458
-33.4651 124.453
-33.4269 124.437
-33.3906 124.429
-33.3508 124.406
-33.3153 124.402
-33.279 124.395
-33.2385 124.368
-33.1992 124.346
-33.1633 124.34
-33.1236 124.317
-33.0846 124.297
-33.0484 124.29
-33.0113 124.279
-32.9724 124.259
-32.9373 124.257
-32.9021 124.255
-32.867 124.253
-32.8318 124.251
-32.7933 124.233
-32.757 124.226
-32.7181 124.206
-32.6815 124.197
-32.6415 124.172
-32.6049 124.163
-32.5698 124.161
-32.5346 124.159
-32.4991 124.155
-32.4629 124.148
-32.4285 124.15
-32.3926 124.144
-32.3571 124.141
-32.3212 124.135
-32.2853 124.13
-32.2458 124.106
-32.2103 124.103
-32.1733 124.092
-32.1367 124.083
-32.1008 124.077
-32.0679 124.086
-32.0353 124.097
-32.0005 124.097
-31.9632 124.084
-31.9266 124.075
-31.8918 124.075
-31.857 124.075
-31.8233 124.08
-31.7892 124.084
-31.7527 124.075
-31.7171 124.071
-31.6831 124.075
-31.6476 124.071
-31.6117 124.066
-31.5758 124.06
-31.5396 124.053
-31.5048 124.053
-31.4714 124.06
-31.4388 124.071
-31.4036 124.069
-31.3681 124.065
-31.3347 124.072
-31.301 124.078
-31.2673 124.083
-31.2332 124.087
-31.1976 124.083
-31.1621 124.079
-31.127 124.078
-31.0911 124.072
-31.0566 124.074
-31.0236 124.083
-30.9895 124.086
-30.956 124.094
-30.924 124.108
-30.891 124.117
-30.8572 124.122
-30.8234 124.128
-30.7935 124.153
-30.7583 124.151
-30.722 124.144
-30.6868 124.142
-30.6544 124.154
-30.6213 124.163
-30.5879 124.171
-30.5537 124.174
-30.5195 124.178
-30.4878 124.194
-30.4567 124.214
-30.425 124.23
-30.387 124.214
-30.3532 124.219
-30.3235 124.246
-30.2913 124.26
-30.2575 124.266
-30.2233 124.269
-30.1874 124.264
-30.1539 124.271
-30.1207 124.28
-30.0871 124.287
-30.0533 124.293
-30.0201 124.302
-29.9876 124.314
-29.9527 124.314
-29.9181 124.316
-29.8845 124.323
-29.853 124.341
-29.8195 124.349
-29.7866 124.359
-29.7537 124.37
-29.7208 124.381
-29.6892 124.399
-29.6584 124.421
-29.6254 124.432
-29.5922 124.441
-29.5603 124.457
-29.5287 124.475
-29.4961 124.488
-29.4621 124.493
-29.4281 124.498
-29.3962 124.515
-29.3659 124.54
-29.3339 124.556
-29.3033 124.58
-29.2696 124.587
-29.2367 124.598
-29.2047 124.614
-29.1746 124.641
-29.1433 124.661
-29.1123 124.683
-29.0789 124.692
-29.0465 124.707
-29.0148 124.725
-28.9831 124.743
-28.9507 124.758
-28.9203 124.783
-28.8866 124.79
-28.8542 124.805
-28.8234 124.828
-28.7939 124.859
-28.7608 124.87
-28.7287 124.887
-28.6979 124.91
-28.6644 124.919
-28.6336 124.943
-28.6028 124.967
-28.5696 124.978
-28.5404 125.01
-28.5099 125.036
-28.4767 125.047
-28.4474 125.08
-28.4195 125.12
-28.3902 125.153
-28.3589 125.175
-28.3251 125.182
-28.2948 125.209
-28.2651 125.24
-28.2316 125.249
-28.2006 125.273
-28.1709 125.304
-28.1409 125.334
-28.1102 125.359
-28.0799 125.387
-28.0504 125.42
-28.02 125.447
-27.9874 125.462
-27.9592 125.502
-27.9288 125.53
-27.8993 125.563
-27.8698 125.596
-27.84 125.627
-27.8134 125.677
-27.7835 125.708
-27.7533 125.737
-27.7228 125.765
-27.692 125.791
-27.6595 125.807
-27.6334 125.861
-27.6067 125.911
-27.5736 125.924
-27.5468 125.973
-27.5172 126.007
-27.4948 126.082
-27.4619 126.097
-27.4313 126.125
-27.4003 126.151
-27.3709 126.186
-27.3409 126.217
-27.3134 126.264
-27.2858 126.31
-27.263 126.384
-27.23 126.399
-27.2071 126.473
-27.1808 126.527
-27.1487 126.548
-27.1217 126.598
-27.0947 126.648
-27.0676 126.699
-27.0405 126.749
-27.0094 126.775
-26.9829 126.829
-26.9583 126.894
-26.8345 127.22
-26.8013 127.235
-26.7794 127.318
-26.754 127.38
-26.7273 127.434
-26.7059 127.521
-26.6857 127.615
-26.6595 127.673
-26.6337 127.734
-26.7161 130.452
-26.6905 130.518
-26.655 130.524
