-24.8704 83.9037
-24.8441 83.9025
20.2978 153.681
20.337 153.655
20.3726 153.595
20.4014 153.472
20.4303 153.351
20.4614 153.251
21.1761 152.532
21.4246 152.15
21.4581 152.079
21.4913 152.005
21.5279 151.962
21.568 151.949
21.6055 151.914
21.6374 151.83
21.6714 151.764
21.7117 151.754
21.7482 151.711
21.7809 151.635
21.8521 151.534
21.8927 151.526
21.9323 151.511
21.9693 151.473
22.0086 151.455
22.0424 151.39
22.0791 151.349
22.1189 151.336
22.152 151.266
22.1881 151.221
22.2211 151.15
22.2612 151.14
22.2957 151.082
22.3352 151.067
22.3726 151.034
22.4101 151.001
22.4501 150.991
22.4893 150.973
22.5267 150.94
22.5664 150.928
22.6041 150.897
22.6414 150.865
22.6781 150.827
22.7176 150.812
22.7524 150.759
22.7918 150.744
22.8294 150.714
22.87 150.708
22.9097 150.696
22.9478 150.67
22.9869 150.653
23.021 150.595
23.0595 150.572
23.0963 150.537
23.1341 150.51
23.1746 150.504
23.2124 150.477
23.2523 150.467
23.2919 150.454
23.3303 150.431
23.3701 150.421
23.4079 150.393
23.4474 150.381
23.4873 150.37
23.524 150.335
23.5617 150.308
23.6012 150.295
23.6405 150.28
23.6765 150.24
23.7189 150.25
23.7568 150.225
23.7975 150.222
23.8377 150.214
23.8746 150.182
23.9144 150.171
23.9549 150.166
23.9956 150.163
24.0347 150.148
24.0707 150.108
24.1098 150.093
24.1496 150.083
24.19 150.078
24.2304 150.072
24.2704 150.065
24.3082 150.04
24.3477 150.027
24.3867 150.012
24.4277 150.011
24.4691 150.014
24.5088 150.003
24.5466 149.978
24.5866 149.971
24.6302 149.99
24.4763 148.51
24.7122 149.989
24.7532 149.989
24.7988 150.023
24.8434 150.05
24.8857 150.06
24.928 150.069
24.9641 150.032
25.0011 150.002
25.0411 149.994
25.2967 151.595
25.3373 151.59
25.1568 149.939
25.1955 149.921
25.2354 149.914
25.2754 149.906
25.3154 149.898
25.356 149.895
25.397 149.895
25.4393 149.904
25.4816 149.914
25.5232 149.919
25.5645 149.921
25.6058 149.923
25.6468 149.923
25.6871 149.917
25.725 149.895
25.7653 149.889
25.8062 149.889
25.8478 149.894
25.8891 149.896
25.9294 149.891
25.97 149.888
26.0113 149.89
26.0523 149.89
26.0942 149.897
26.1362 149.904
26.1789 149.916
26.2202 149.918
26.2611 149.917
26.3031 149.924
26.3475 149.949
26.3881 149.946
26.4273 149.933
26.4704 149.948
26.5134 149.962
26.5561 149.974
26.5971 149.974
26.6387 149.978
26.6857 150.02
26.7298 150.042
26.7718 150.049
26.8121 150.044
26.8527 150.041
26.8944 150.045
26.9385 150.067
26.9798 150.069
27.0244 150.094
27.0671 150.106
27.1102 150.12
27.1516 150.122
27.1954 150.142
27.2371 150.146
27.2784 150.148
27.3201 150.153
27.3615 150.155
27.4039 150.165
27.4532 150.221
27.5007 150.265
27.5442 150.282
27.5903 150.317
27.6324 150.324
27.6782 150.355
27.7236 150.385
27.7646 150.384
27.806 150.386
27.851 150.413
27.8931 150.42
27.9393 150.455
27.9866 150.497
28.0306 150.516
28.0724 150.521
28.1157 150.535
28.1638 150.582
28.2093 150.611
28.2526 150.626
28.2996 150.665
28.3459 150.7
28.3893 150.714
28.4394 150.773
28.4823 150.786
28.6652 150.906
28.7166 150.973
28.7649 151.02
28.8084 151.034
28.8571 151.084
28.9006 151.098
28.9471 151.133
28.9909 151.15
29.0417 151.212
29.0913 151.267
29.1425 151.331
29.1907 151.376
29.2443 151.456
29.2929 151.503
29.3396 151.538
29.3863 151.572
29.4341 151.615
29.4852 151.677
29.535 151.732
29.8047 152.133
