-18.3904 164.185
-16.9903 162.461
-16.9423 162.419
-16.8949 162.383
-16.8467 162.338
-16.7029 162.209
-16.6578 162.202
-16.6098 162.157
-16.5643 162.143
-16.517 162.107
-16.4715 162.094
-16.4221 162.032
-16.3765 162.016
-16.3317 162.011
-16.2868 162.003
-16.2384 161.953
-16.195 161.965
-16.1448 161.892
-16.0997 161.881
-16.055 161.876
-16.0105 161.874
-15.9642 161.849
-15.9188 161.835
-15.8683 161.757
-15.8221 161.732
-15.7783 161.739
-15.733 161.725
-15.6852 161.681
-15.6401 161.67
-15.5961 161.673
-15.551 161.663
-15.5059 161.652
-15.4611 161.644
-15.4123 161.586
-15.3644 161.538
-15.3193 161.528
-15.2754 161.531
-15.2314 161.534
-15.1872 161.535
-15.1404 161.502
-15.095 161.486
-15.0503 161.48
-15.004 161.453
-14.9603 161.459
-14.9167 161.468
-14.8725 161.469
-14.8275 161.458
-14.7829 161.453
-14.7387 161.454
-14.6941 161.448
-14.6478 161.421
-14.6022 161.402
-14.5574 161.394
-14.513 161.392
-14.4703 161.412
-14.4263 161.415
-14.3819 161.413
-14.3371 161.405
-14.2927 161.403
-14.2477 161.392
-14.2017 161.367
-14.1583 161.379
-14.1125 161.357
-14.0669 161.338
-14.0222 161.33
-13.9778 161.328
-13.933 161.32
-13.8886 161.318
-13.8446 161.321
-13.8008 161.327
-13.7562 161.322
-13.7111 161.309
-13.6661 161.298
-13.621 161.285
-13.576 161.274
-13.532 161.277
-13.4878 161.278
-13.4378 161.191
-13.3925 161.175
-13.3464 161.148
-13.3122 161.297
-13.2686 161.306
-13.2268 161.343
-13.1826 161.343
-13.1372 161.327
-13.0938 161.339
-13.0512 161.364
-13.0095 161.404
-12.9658 161.413
-12.9216 161.414
-12.8785 161.431
-12.8358 161.457
-12.7929 161.477
-12.7481 161.469
-12.7033 161.461
-12.6587 161.456
-12.6167 161.493
-12.5744 161.525
-12.5315 161.548
-12.4888 161.573
-12.4452 161.585
-12.4015 161.594
-12.3575 161.6
-12.315 161.629
-12.272 161.652
-12.2284 161.664
-12.1846 161.673
-12.142 161.701
-12.0984 161.713
-12.0545 161.722
-12.0119 161.751
-11.9677 161.754
-11.9249 161.78
-11.881 161.789
-11.8397 161.84
-11.7957 161.846
-11.7515 161.849
-11.7074 161.856
-11.665 161.89
-11.6211 161.899
-11.5789 161.936
-11.5367 161.976
-11.4933 161.994
-11.4508 162.028
-11.4087 162.068
-11.3644 162.071
-11.3204 162.08
-11.2782 162.12
-11.2338 162.121
-11.1896 162.127
-11.1472 162.164
-11.1039 162.185
-11.0632 162.253
-11.0193 162.265
-10.9776 162.316
-10.9351 162.354
-10.8909 162.36
-10.8484 162.397
-10.8043 162.406
-10.7639 162.483
-10.7204 162.503
-10.6781 162.547
-10.6355 162.584
-10.5913 162.59
-10.5473 162.602
-10.5072 162.688
-10.4642 162.719
-10.4218 162.763
-10.3788 162.794
-10.336 162.829
-10.2913 162.829
-10.2496 162.887
-10.2055 162.899
-10.0431 163.226
-9.99926 163.244
-9.95468 163.247
-9.62039 163.747
-9.29141 164.402
-9.24695 164.414
