15.5678 160.507
15.6139 160.534
15.6579 160.534
15.7756 155.976
15.8126 155.902
15.8492 155.823
15.9984 155.546
16.035 155.47
16.069 155.362
16.1099 155.339
16.1462 155.26
16.1823 155.179
16.2234 155.158
16.2596 155.079
16.2937 154.975
16.3334 154.938
16.3748 154.922
16.4116 154.852
16.4506 154.807
16.4915 154.786
16.5287 154.721
16.5676 154.677
16.6054 154.619
16.6423 154.552
16.6814 154.51
16.7211 154.476
16.7604 154.437
16.8016 154.422
16.8407 154.38
16.8794 154.336
16.9173 154.281
16.9585 154.266
16.9975 154.224
17.036 154.177
17.0753 154.141
17.1138 154.094
17.1526 154.053
17.1924 154.022
17.2343 154.014
17.2756 154.001
17.3142 153.957
17.3535 153.921
17.393 153.887
17.4327 153.856
17.4745 153.848
17.5151 153.827
17.5552 153.802
17.5944 153.765
17.6348 153.742
17.676 153.729
17.7154 153.696
17.7536 153.649
17.7949 153.636
17.8361 153.623
17.8738 153.572
17.9138 153.546
17.9546 153.528
17.9967 153.525
18.0377 153.51
18.077 153.476
18.1162 153.443
18.1569 153.425
18.1969 153.399
18.2373 153.378
18.276 153.339
18.3174 153.329
18.359 153.321
18.4004 153.311
18.4423 153.306
18.4848 153.308
18.5262 153.298
18.5656 153.267
18.6055 153.241
18.6468 153.231
18.6864 153.203
18.7255 153.169
18.7656 153.146
18.8061 153.128
18.8467 153.11
18.8882 153.102
18.9308 153.105
18.9731 153.105
19.0141 153.092
19.0543 153.071
19.0961 153.066
19.1356 153.038
19.1756 153.015
19.2166 153.002
19.2568 152.981
19.2958 152.948
19.3367 152.935
19.3785 152.93
19.4212 152.935
19.4622 152.922
19.5003 152.881
19.5423 152.879
19.5837 152.871
19.6228 152.84
19.6624 152.814
19.7018 152.786
19.7445 152.791
19.7862 152.786
19.8324 152.824
19.8807 152.883
19.93 152.952
19.9731 152.96
20.0159 152.965
20.0584 152.967
20.102 152.98
20.1442 152.98
20.1832 152.949
20.2222 152.918
20.261 152.885
20.3029 152.882
20.3465 152.895
20.3882 152.89
20.4296 152.882
20.4724 152.887
20.516 152.9
20.5585 152.902
20.5996 152.892
20.6407 152.882
20.6827 152.879
20.7235 152.866
20.766 152.869
20.8104 152.889
20.854 152.902
20.8982 152.92
20.9435 152.948
20.9857 152.948
21.0273 152.942
21.0696 152.942
21.1121 152.945
21.1549 152.95
21.1971 152.95
21.2419 152.973
21.2852 152.983
21.3308 153.014
21.3737 153.019
21.4153 153.013
21.4576 153.013
21.5032 153.044
21.5446 153.036
21.5891 153.057
21.6325 153.067
21.6745 153.064
21.7135 153.036
21.7561 153.038
21.8015 153.066
21.8443 153.071
21.8898 153.099
21.9329 153.107
21.9763 153.117
22.025 153.174
22.072 153.214
22.1157 153.227
22.1583 153.23
22.1996 153.222
22.2455 153.253
22.2895 153.268
22.3357 153.301
22.3797 153.317
22.4256 153.347
22.4688 153.355
22.5138 153.378
22.5567 153.383
22.6008 153.398
22.647 153.432
22.6927 153.46
22.7365 153.473
22.7828 153.506
22.8257 153.511
22.8723 153.547
22.9192 153.585
22.9658 153.621
23.0094 153.632
23.0527 153.639
23.0996 153.678
23.15 153.745
23.1943 153.76
23.2369 153.763
23.2793 153.762
23.3257 153.796
23.3744 153.847
23.4221 153.891
23.4689 153.927
23.5191 153.992
23.5622 153.997
23.6062 154.01
23.654 154.054
23.705 154.123
24.4915 154.975
24.5437 155.051
24.5966 155.131
24.6492 155.21
24.862 155.54
