-19.6174 125.071
-19.5745 125.015
-19.1956 124.558
-19.1104 124.447
-19.0738 124.439
-18.7938 124.194
-18.7093 124.085
-18.6701 124.055
-18.6313 124.03
-18.5924 124.002
-18.5558 123.995
-18.3957 123.848
-18.3594 123.843
-18.3216 123.824
-18.2827 123.797
-18.2438 123.769
-18.2078 123.766
-18.1689 123.738
-17.7795 123.451
-17.7431 123.444
-17.7048 123.42
-17.6686 123.415
-17.6324 123.409
-17.592 123.367
-17.5556 123.36
-17.5197 123.357
-17.4787 123.309
-17.4446 123.322
-17.4086 123.319
-17.3729 123.317
-17.3353 123.299
-17.2973 123.277
-17.2605 123.266
-17.2196 123.219
-17.1853 123.23
-17.1469 123.204
-17.1094 123.186
-17.0742 123.19
-17.0393 123.196
-17.0025 123.185
-16.965 123.167
-16.9258 123.134
-16.8897 123.128
-16.8538 123.125
-16.8181 123.123
-16.7821 123.12
-16.7444 123.1
-16.7077 123.089
-16.6702 123.071
-16.6343 123.067
-16.5976 123.056
-16.5614 123.051
-16.5265 123.057
-16.491 123.057
-16.4516 123.02
-16.4151 123.011
-16.3774 122.991
-16.3413 122.986
-16.306 122.988
-16.2705 122.988
-16.2344 122.983
-16.1983 122.978
-16.1624 122.974
-16.1249 122.956
-16.0887 122.949
-16.0541 122.958
-16.0188 122.96
-15.9832 122.96
-15.9466 122.949
-15.9105 122.944
-15.8746 122.94
-15.8383 122.933
-15.8024 122.93
-15.7665 122.926
-15.7308 122.924
-15.6959 122.93
-15.6609 122.936
-15.6252 122.934
-15.5893 122.93
-15.5534 122.927
-15.5171 122.92
-15.4807 122.911
-15.4464 122.924
-15.4111 122.926
-15.3755 122.926
-15.3405 122.931
-15.3063 122.944
-15.2709 122.946
-15.2339 122.932
-15.1977 122.925
-15.1628 122.932
-15.1271 122.93
-15.0912 122.927
-15.0558 122.929
-15.0217 122.943
-14.9871 122.953
-14.9534 122.973
-14.9163 122.957
-14.88 122.949
-14.8438 122.942
-14.8094 122.955
-14.7748 122.964
-14.7394 122.966
-14.7049 122.977
-14.6693 122.978
-14.6346 122.987
-14.5983 122.98
-14.5643 122.996
-14.5294 123.004
-14.4937 123.002
-14.4584 123.006
-14.4233 123.011
-14.3871 123.004
-14.3512 123.001
-14.3164 123.01
-14.2813 123.016
-14.2473 123.032
-14.2135 123.052
-14.1789 123.063
-14.1452 123.084
-14.1111 123.1
-14.0764 123.111
-14.041 123.113
-14.0062 123.123
-13.9711 123.128
-13.9361 123.136
-13.903 123.163
-13.8695 123.187
-13.8353 123.204
-13.8005 123.213
-13.7655 123.221
-13.7309 123.234
-13.6956 123.237
-13.6617 123.258
-13.627 123.269
-13.592 123.276
-13.5572 123.285
-13.5236 123.309
-13.4901 123.335
-13.4559 123.352
-13.4226 123.38
-13.3862 123.372
-13.3507 123.374
-13.3172 123.4
-13.2839 123.428
-13.2502 123.452
-13.2152 123.461
-13.1809 123.478
-13.1457 123.484
-13.1106 123.491
-13.0771 123.519
-13.0431 123.539
-13.0083 123.55
-12.9747 123.576
-12.9417 123.609
-12.9068 123.621
-12.8725 123.637
-12.8384 123.658
-12.8036 123.671
-12.7698 123.695
-12.7381 123.745
-12.7031 123.754
-12.668 123.764
-12.6357 123.806
-12.6007 123.817
-12.5685 123.862
-12.5335 123.873
-12.4999 123.901
-12.4663 123.929
-12.4344 123.979
-12.3978 123.97
-12.3642 123.998
-12.3323 124.048
-12.2968 124.054
-12.2605 124.048
-12.2245 124.046
-12.1915 124.084
-12.1604 124.145
-12.1283 124.195
-12.0949 124.227
-12.0597 124.236
-12.0276 124.287
-11.9958 124.341
-11.9607 124.352
-11.2335 125.253
-11.1996 125.285
-11.1013 125.433
-11.0679 125.473
-10.2796 126.174
-10.247 126.233
-10.2071 126.18
