-24.87 83.9017
-24.8437 83.9005
-17.3943 155.538
-17.3514 155.531
-16.0649 153.321
-16.0197 153.281
-15.9766 153.266
-15.929 153.197
-15.8834 153.151
-15.3465 152.718
-15.3019 152.683
-15.2596 152.675
-15.2171 152.666
-15.1724 152.628
-15.1287 152.603
-15.0856 152.586
-15.0435 152.581
-14.9998 152.556
-14.9557 152.526
-14.913 152.514
-14.8686 152.478
-14.8259 152.466
-14.7821 152.439
-14.74 152.434
-14.6958 152.401
-14.6534 152.392
-14.6088 152.354
-14.5647 152.321
-14.5221 152.309
-14.4777 152.274
-14.4334 152.239
-14.3912 152.232
-14.3496 152.232
-14.3076 152.228
-14.2656 152.223
-14.2234 152.216
-14.1797 152.188
-14.136 152.161
-14.0936 152.151
-14.0518 152.149
-14.01 152.147
-13.968 152.142
-13.924 152.109
-13.882 152.105
-13.8402 152.103
-13.7981 152.095
-13.7563 152.093
-13.7112 152.046
-13.6692 152.041
-13.6274 152.039
-13.5851 152.029
-13.5432 152.024
-13.5017 152.027
-13.4596 152.02
-13.4189 152.033
-13.3755 152.008
-13.333 151.996
-13.2905 151.984
-13.2488 151.981
-13.2068 151.977
-13.164 151.959
-13.1222 151.957
-13.0806 151.958
-13.0383 151.948
-12.9954 151.928
-12.9538 151.928
-12.9129 151.939
-12.8713 151.939
-12.8292 151.932
-12.7867 151.92
-12.745 151.918
-12.7025 151.905
-12.6608 151.903
-12.6195 151.909
-12.5779 151.909
-12.5361 151.907
-12.4946 151.907
-12.7044 155.741
-12.4132 151.936
-12.3724 151.949
-12.3296 151.931
-12.2864 151.906
-12.2432 151.881
-12.2047 151.93
-12.1618 151.91
-12.1214 151.93
-12.0805 151.941
-12.0401 151.961
-11.9998 151.982
-11.9575 151.972
-11.9151 151.96
-11.873 151.953
-11.8308 151.943
-11.7882 151.928
-11.7463 151.923
-11.7065 151.954
-11.6672 151.992
-11.6258 151.995
-11.5846 152.003
-11.5434 152.011
-11.5025 152.024
-11.4615 152.034
-11.4205 152.045
-11.3791 152.05
-11.3373 152.048
-11.2961 152.056
-11.2558 152.079
-11.2154 152.099
-11.1738 152.102
-11.1329 152.115
-11.092 152.128
-11.0511 152.141
-11.01 152.152
-10.9692 152.167
-10.9288 152.19
-10.888 152.206
-10.8467 152.214
-10.8053 152.219
-10.7648 152.24
-10.7242 152.26
-10.6833 152.276
-10.6438 152.314
-10.6019 152.312
-10.5593 152.297
-10.5185 152.312
-10.4778 152.333
-10.4375 152.359
-10.3979 152.397
-10.3575 152.423
-10.316 152.428
-10.2745 152.434
-10.2344 152.464
-10.1931 152.472
-10.1531 152.506
-10.1133 152.544
-10.0725 152.562
-10.0322 152.59
-9.99146 152.611
-9.95166 152.649
-9.91051 152.662
-9.86963 152.681
-9.83005 152.724
-9.78967 152.752
-9.7481 152.758
-9.70769 152.786
-9.66779 152.825
-9.62723 152.851
-9.58679 152.879
-9.54634 152.907
-9.50549 152.928
-9.46501 152.956
-9.42502 152.995
-9.38414 153.016
-9.34425 153.057
-9.30509 153.113
-9.26392 153.129
-9.22423 153.175
-9.18439 153.219
-9.1449 153.271
-9.10368 153.286
-9.06258 153.304
-9.02365 153.369
-8.9824 153.384
-8.94198 153.418
-8.90214 153.465
-8.8636 153.539
-8.8236 153.583
-8.78358 153.627
-8.7432 153.663
-8.70303 153.705
-8.66307 153.752
-8.62287 153.793
-8.58403 153.865
-8.5439 153.91
-8.50271 153.93
-8.46392 154.006
-8.42498 154.078
-8.38465 154.12
-8.34453 154.166
-8.30584 154.247
-8.26545 154.289
-8.22516 154.333
-7.84111 155.267
-7.80093 155.322
-7.75935 155.344
-7.56863 156.984
-7.52656 157.003
-7.48325 156.99
-7.44015 156.982
