-8.81941 125.257
-8.78294 125.248
-8.74637 125.237
-8.41498 124.428
-8.37831 124.411
-8.02931 123.89
-7.98986 123.817
-7.95346 123.802
-7.91509 123.749
-7.87759 123.712
-7.84058 123.685
-7.76483 123.595
-7.72657 123.542
-7.68852 123.493
-7.61384 123.422
-7.57657 123.387
-7.53834 123.333
-7.50137 123.303
-7.4645 123.276
-7.42844 123.265
-7.39072 123.22
-7.35293 123.172
-7.31681 123.16
-7.2788 123.107
-7.24193 123.078
-7.20593 123.067
-7.16823 123.02
-7.13207 123.005
-7.09474 122.965
-7.0586 122.951
-7.02197 122.925
-6.98527 122.898
-6.94923 122.886
-6.91181 122.842
-6.87572 122.828
-6.83841 122.786
-6.80233 122.771
-6.76546 122.739
-6.72955 122.728
-6.69349 122.714
-6.6561 122.668
-6.62022 122.658
-6.58388 122.636
-6.54731 122.609
-6.51144 122.598
-6.47421 122.555
-6.43828 122.542
-6.40237 122.529
-6.3666 122.52
-6.33017 122.495
-6.29375 122.47
-6.25815 122.464
-6.22249 122.457
-6.18682 122.45
-6.15036 122.423
-6.11441 122.409
-6.07797 122.382
-6.04168 122.358
-6.00612 122.353
-5.97027 122.34
-5.93408 122.318
-5.89803 122.3
-5.86241 122.293
-5.82673 122.284
-5.7907 122.266
-5.75461 122.247
-5.71894 122.238
-5.68327 122.229
-5.64768 122.221
-5.61188 122.209
-5.57589 122.191
-5.54011 122.178
-5.5046 122.173
-5.46915 122.169
-5.43363 122.164
-5.39767 122.146
-5.36172 122.128
-5.32628 122.124
-5.29097 122.124
-5.25553 122.121
-5.21991 122.112
-5.18399 122.094
-5.14831 122.083
-5.11276 122.076
-5.07704 122.063
-5.04161 122.06
-5.00596 122.049
-4.97024 122.036
-4.93483 122.033
-4.89941 122.029
-4.864 122.026
-4.8287 122.026
-4.79335 122.024
-4.75794 122.02
-4.72241 122.013
-4.68695 122.008
-4.65165 122.008
-4.6163 122.006
-4.58079 121.999
-4.54538 121.995
-4.51003 121.993
-4.47458 121.988
-4.43918 121.984
-4.40383 121.983
-4.36843 121.979
-4.33324 121.983
-4.29794 121.983
-4.26265 121.983
-4.2274 121.984
-4.19195 121.979
-4.15655 121.975
-4.12116 121.972
-4.08586 121.972
-4.05066 121.975
-4.01546 121.979
-3.98016 121.979
-3.9449 121.981
-3.90969 121.984
-3.87448 121.988
-3.83955 122.002
-3.80447 122.011
-3.76938 122.02
-3.73402 122.018
-3.69862 122.015
-3.66309 122.006
-3.62747 121.993
-3.59233 122
-3.55719 122.008
-3.52196 122.011
-3.48673 122.015
-3.45138 122.013
-3.41606 122.013
-3.38099 122.024
-3.34579 122.029
-3.31054 122.033
-3.27534 122.038
-3.24025 122.049
-3.20527 122.065
-3.16986 122.061
-3.13445 122.058
-3.09938 122.07
-3.06427 122.081
-3.02901 122.085
-2.99374 122.088
-2.95851 122.094
-2.92334 122.103
-2.88824 122.115
-2.85303 122.122
-2.81796 122.137
-2.78281 122.148
-2.74765 122.158
-2.71252 122.171
-2.67735 122.182
-2.64215 122.191
-2.60697 122.202
-2.57188 122.218
-2.53666 122.227
-2.50141 122.234
-2.46618 122.243
-2.43118 122.266
-2.39603 122.281
-2.36072 122.286
-2.3255 122.297
-2.29041 122.317
-2.2551 122.322
-2.21999 122.342
-2.18475 122.353
-2.14965 122.374
-2.11434 122.382
-2.07918 122.4
-2.04394 122.412
-2.00891 122.441
-1.97384 122.468
-1.93848 122.474
-1.90301 122.472
-1.86783 122.492
-1.83272 122.519
-1.79741 122.53
-1.76221 122.551
-1.72706 122.577
-1.69184 122.598
-1.65646 122.606
-1.62125 122.629
-1.58609 122.658
-1.55093 122.689
-1.5155 122.694
-1.48019 122.712
-1.4448 122.723
-1.4096 122.754
-1.37434 122.779
-1.33904 122.803
-1.30357 122.808
-1.26832 122.839
-1.23306 122.87
-1.19774 122.895
-1.16226 122.903
-1.1269 122.926
-1.09142 122.935
-1.0562 122.979
-1.02073 122.992
-0.985497 123.039
-0.950132 123.07
-0.914728 123.097
-0.879323 123.126
-0.843916 123.157
-0.808495 123.188
-0.773059 123.219
-0.737629 123.254
-0.702144 123.281
-0.666636 123.307
-0.631143 123.338
-0.595619 123.365
-0.560188 123.416
-0.524648 123.448
-0.489086 123.477
-0.453593 123.528
-0.41796 123.546
-0.382427 123.598
-0.346814 123.631
-0.31118 123.662
-0.275526 123.691
-0.239912 123.743
-0.204282 123.798
-0.168623 123.851
-0.132879 123.869
-0.0971751 123.921
-0.0614499 123.974
-0.0256786 124.007
0.0100919 124.061
0.0458851 124.118
0.0817104 124.16
0.117553 124.221
0.153421 124.251
0.189309 124.297
0.225216 124.338
0.297177 124.508
0.33318 124.564
0.369149 124.578
0.477602 124.853
0.513659 124.87
0.549768 124.904
0.622538 125.133
0.96163 127.867
0.998234 127.846
1.03505 127.863
