-24.8702 83.9027
-24.8432 83.8985
13.363 132.833
13.4032 132.867
13.4417 132.882
13.4803 132.896
13.5189 132.91
13.5542 132.883
14.1724 130.915
14.2084 130.903
14.2444 130.891
14.2779 130.851
14.4673 130.479
14.4993 130.423
14.5312 130.366
14.563 130.308
14.5988 130.296
14.6306 130.239
14.666 130.223
14.6972 130.16
14.7266 130.077
14.7601 130.039
14.7965 130.035
14.8333 130.035
14.8653 129.982
14.8964 129.919
14.9303 129.887
14.9621 129.832
14.9938 129.777
15.0295 129.765
15.0649 129.751
15.0968 129.698
15.1306 129.666
15.1661 129.652
15.1983 129.603
15.2317 129.568
15.2642 129.523
15.3 129.513
15.3342 129.487
15.3696 129.474
15.4012 129.419
15.4325 129.362
15.4662 129.33
15.5015 129.317
15.5352 129.285
15.5705 129.272
15.603 129.228
15.6387 129.219
15.6746 129.211
15.7067 129.164
15.7405 129.135
15.7759 129.123
15.8104 129.101
15.8438 129.068
15.8783 129.046
15.9129 129.027
15.9482 129.013
15.9828 128.994
16.0152 128.951
16.0504 128.937
16.0856 128.923
16.1187 128.888
16.1538 128.875
16.1894 128.865
16.2242 128.847
16.258 128.82
16.2925 128.801
16.3269 128.779
16.3613 128.758
16.3962 128.742
16.4307 128.723
16.4649 128.699
16.4998 128.684
16.5343 128.664
16.5697 128.654
16.605 128.643
16.6395 128.623
16.6744 128.608
16.7098 128.598
16.7455 128.59
16.7809 128.58
16.8154 128.561
16.8496 128.54
16.884 128.52
16.9182 128.499
16.9529 128.481
16.9891 128.479
17.0255 128.479
17.0615 128.475
17.0965 128.462
17.1294 128.429
17.1638 128.409
17.1989 128.398
17.2343 128.388
17.2682 128.365
17.3032 128.351
17.3381 128.338
17.3739 128.332
17.4084 128.314
17.4431 128.299
17.4786 128.291
17.5142 128.283
17.5497 128.275
17.5848 128.264
17.6205 128.258
17.6556 128.246
17.6907 128.235
17.7243 128.209
17.761 128.213
17.799 128.229
17.8417 128.286
17.8801 128.306
17.9165 128.306
17.9516 128.294
17.9864 128.28
18.0194 128.249
18.0512 128.209
18.088 128.213
18.1241 128.211
18.2686 129.185
18.306 129.193
18.2292 128.176
18.265 128.172
18.3018 128.176
18.3381 128.176
18.3735 128.168
18.4079 128.15
18.4427 128.137
18.4803 128.148
18.5172 128.154
18.5535 128.154
18.5889 128.146
18.6248 128.142
18.6613 128.144
18.6987 128.154
18.7359 128.161
18.7719 128.159
18.8074 128.152
18.8419 128.136
18.8768 128.125
18.9135 128.128
18.9507 128.136
18.9875 128.14
19.0244 128.145
19.06 128.14
19.0954 128.132
19.1308 128.124
19.1673 128.126
19.2052 128.139
19.2423 128.147
19.2793 128.153
19.3154 128.151
19.353 128.162
19.3902 128.17
19.4292 128.193
19.4669 128.204
19.5037 128.208
19.5395 128.204
19.5755 128.202
19.613 128.212
19.6497 128.216
19.686 128.216
19.7225 128.217
19.7595 128.223
19.7989 128.248
19.8358 128.254
19.8719 128.252
19.9082 128.252
19.9457 128.261
19.9845 128.283
20.0227 128.298
20.0597 128.304
20.0967 128.309
20.134 128.317
20.1712 128.325
20.2092 128.338
20.2458 128.34
20.2828 128.346
20.322 128.369
20.36 128.382
20.3975 128.392
20.4362 128.411
20.4735 128.419
20.5103 128.423
20.5517 128.463
20.5892 128.473
20.626 128.476
20.6636 128.486
20.7031 128.511
20.7421 128.532
20.7804 128.548
20.82 128.573
20.8568 128.577
20.8961 128.6
20.9329 128.604
20.9703 128.611
21.0086 128.627
21.0479 128.65
21.0865 128.667
21.1289 128.714
21.1673 128.729
21.2069 128.754
21.2463 128.777
21.2834 128.783
21.3228 128.806
21.3625 128.832
21.4032 128.865
21.4419 128.882
21.4811 128.903
21.521 128.93
21.5625 128.969
21.6 128.977
21.6395 129
21.68 129.031
21.7221 129.074
21.7603 129.088
21.8012 129.121
21.8417 129.152
21.88 129.165
21.9227 129.212
21.9631 129.241
22.0034 129.27
22.0451 129.309
22.0887 129.362
22.1286 129.387
22.1675 129.405
22.2111 129.458
22.2494 129.471
22.2907 129.506
22.3347 129.561
22.3792 129.62
22.421 129.659
22.4611 129.684
22.6366 129.898
22.678 129.933
22.7187 129.963
22.7615 130.008
22.8131 130.116
22.8565 130.166
22.9011 130.223
22.9449 130.274
22.9906 130.339
23.0391 130.424
23.0794 130.45
23.294 130.934
23.3361 130.972
23.3757 130.991
