-29.2402 147.893
-29.1895 147.826
-29.1415 147.777
-29.0912 147.713
-29.0485 147.696
-29.0021 147.656
-28.9508 147.585
-28.9003 147.519
-28.8543 147.481
-28.8075 147.439
-28.7619 147.404
-28.7193 147.387
-28.67 147.328
-28.62 147.265
-28.5774 147.248
-28.5323 147.216
-28.4857 147.173
-28.4358 147.11
-28.3943 147.101
-28.3485 147.063
-28.3027 147.026
-28.2569 146.988
-28.2119 146.955
-28.1701 146.944
-28.1211 146.885
-28.0793 146.873
-28.0379 146.864
-27.989 146.806
-27.9433 146.768
-27.9016 146.757
-27.8613 146.755
-27.8171 146.727
-27.7722 146.694
-27.7305 146.682
-27.6891 146.673
-27.6418 146.624
-27.5997 146.61
-27.5581 146.599
-27.5114 146.554
-27.4701 146.545
-27.4274 146.527
-27.3844 146.506
-27.3417 146.487
-27.2997 146.473
-27.2581 146.462
-27.2171 146.455
-27.172 146.42
-27.1266 146.383
-27.0836 146.362
-27.043 146.357
-27.0025 146.353
-26.9619 146.348
-26.9217 146.346
-26.8787 146.325
-26.8368 146.312
-26.7928 146.284
-26.7516 146.275
-26.7086 146.254
-26.6674 146.245
-26.6265 146.238
-26.584 146.219
-26.5431 146.212
-26.5019 146.203
-26.4607 146.194
-26.4205 146.192
-26.3796 146.185
-26.3364 146.162
-26.2932 146.139
-26.2534 146.139
-26.2162 146.158
-26.1774 146.165
-26.1368 146.161
-26.0956 146.152
-26.0531 146.133
-26.0116 146.122
-25.9711 146.117
-25.9309 146.115
-25.8888 146.099
-25.8486 146.097
-25.8081 146.092
-25.7682 146.093
-25.7284 146.093
-25.6869 146.081
-25.6464 146.077
-25.6075 146.084
-25.5674 146.082
-25.5279 146.085
-25.4883 146.087
-25.4475 146.08
-25.4067 146.073
-25.3675 146.078
-25.3279 146.081
-25.2874 146.076
-25.2463 146.067
-25.2068 146.07
-25.1685 146.082
-25.1319 146.105
-25.0943 146.122
-25.0544 146.122
-25.0123 146.106
-24.9721 146.104
-24.9335 146.113
-24.8933 146.111
-24.8528 146.107
-24.8139 146.114
-24.7769 146.135
-24.7382 146.145
-24.7015 146.168
-24.6667 146.206
-24.6268 146.206
-24.5809 146.162
-24.5369 146.132
-24.5024 146.172
-24.465 146.191
-24.4232 146.177
-24.3743 146.109
-24.3406 146.156
-24.3054 146.191
-24.2639 146.18
-24.2259 146.194
-24.1888 146.215
-24.1504 146.227
-24.1108 146.23
-24.0718 146.237
-24.0334 146.249
-23.9956 146.266
-23.9551 146.261
-23.9143 146.254
-23.8746 146.257
-23.835 146.259
-23.7939 146.25
-23.753 146.243
-23.7131 146.244
-23.6765 146.27
-23.6372 146.275
-23.5975 146.277
-23.5588 146.287
-23.5252 146.336
-23.4864 146.346
-23.4483 146.36
-23.4107 146.379
-23.3737 146.403
-23.3353 146.414
-23.2983 146.438
-23.2622 146.469
-23.2252 146.493
-23.1881 146.516
-23.1487 146.521
-23.1105 146.535
-23.0729 146.554
-23.0338 146.562
-22.9937 146.562
-22.957 146.588
-22.9196 146.609
-22.8848 146.652
-22.8466 146.666
-22.8077 146.676
-22.7694 146.69
-22.7361 146.744
-22.6986 146.766
-22.6597 146.775
-22.62 146.778
-22.5816 146.792
-22.5456 146.826
-22.5104 146.866
-22.4741 146.897
-22.4378 146.928
-22.3991 146.94
-22.361 146.956
-22.326 146.999
-22.2873 147.011
-22.2484 147.021
-22.2131 147.061
-22.1769 147.094
-22.1411 147.13
-22.1023 147.142
-22.0662 147.175
-22.0297 147.206
-21.9943 147.247
-21.9589 147.287
-21.923 147.323
-21.8842 147.335
-21.8471 147.361
-21.8111 147.397
-21.7731 147.416
-21.7399 147.476
-21.7069 147.538
-21.6708 147.574
-21.632 147.586
-21.5953 147.617
-21.5578 147.641
-21.5198 147.66
-21.4845 147.703
-21.4519 147.77
-21.4133 147.784
-21.3782 147.83
-21.3426 147.871
-21.2781 148.012
-21.2424 148.053
-21.2037 148.067
-21.1702 148.127
-21.1377 148.197
-21.1058 148.271
-21.0681 148.295
-21.0345 148.355
-20.9986 148.396
-20.9628 148.437
-20.832 148.714
-20.795 148.746
-20.7582 148.78
-20.6978 148.966
-20.6594 148.985
-20.6271 149.06
-20.527 152.634
-20.4864 152.642
-20.448 152.67
