3.35622 158.217
3.39934 158.181
3.4429 158.173
3.56784 157.823
3.65074 157.582
3.69397 157.563
3.77807 157.401
4.36854 156.531
4.41164 156.52
4.45338 156.448
4.49568 156.403
4.53741 156.333
4.5804 156.32
4.62203 156.248
4.66487 156.229
4.7072 156.189
4.8326 156.008
4.87478 155.966
4.91622 155.894
4.95955 155.899
5.00274 155.899
5.04493 155.86
5.0871 155.82
5.13027 155.82
5.17317 155.809
5.21475 155.748
5.25623 155.685
5.29923 155.679
5.34231 155.677
5.38466 155.648
5.42678 155.61
5.46947 155.595
5.51245 155.589
5.55402 155.534
5.5963 155.505
5.6376 155.441
5.68009 155.42
5.72218 155.386
5.76502 155.378
5.80748 155.357
5.84992 155.335
5.89259 155.322
5.93462 155.288
5.97711 155.269
6.01944 155.246
6.06159 155.217
6.10413 155.201
6.1461 155.166
6.18912 155.167
6.23222 155.169
6.27491 155.159
6.31717 155.135
6.35976 155.122
6.40166 155.087
6.44294 155.035
6.48558 155.024
6.52839 155.019
6.5712 155.014
6.61401 155.008
6.65663 154.998
6.69952 154.995
6.74196 154.98
6.78393 154.951
6.82672 154.945
6.86922 154.932
6.91126 154.906
6.95365 154.89
6.52583 141.668
7.04002 154.903
7.08212 154.88
7.12488 154.874
7.16782 154.874
7.2098 154.848
7.25129 154.808
7.29363 154.793
7.33626 154.785
7.37888 154.777
7.42081 154.751
7.46263 154.722
7.50714 154.764
7.54935 154.745
7.59063 154.703
7.62904 154.588
7.67161 154.58
7.71376 154.562
7.73977 154.135
7.78326 154.153
7.83084 154.273
7.89261 154.745
7.93551 154.745
7.97767 154.727
8.02143 154.748
8.06207 154.693
8.10539 154.703
8.14785 154.693
8.19129 154.706
8.23528 154.732
8.27873 154.745
8.32264 154.769
8.36498 154.756
8.40788 154.756
8.45192 154.782
8.49551 154.798
8.53887 154.808
8.58144 154.8
8.62365 154.784
8.66621 154.777
8.71016 154.8
8.75366 154.813
8.79715 154.826
8.8403 154.832
8.88357 154.84
8.92685 154.847
8.97024 154.858
9.01413 154.879
9.05693 154.876
9.10009 154.882
9.1435 154.892
9.18667 154.897
9.23058 154.918
9.27488 154.947
9.31856 154.963
9.36175 154.968
9.40444 154.963
9.44699 154.955
9.49018 154.96
9.53362 154.971
9.57771 154.994
9.62078 154.997
9.66385 154.999
9.70862 155.036
9.75249 155.055
9.79544 155.055
9.83971 155.081
9.88346 155.097
9.92696 155.107
9.97019 155.113
10.0157 155.163
10.059 155.168
10.1042 155.213
10.1478 155.223
10.1925 155.257
10.2373 155.292
10.2809 155.302
10.3246 155.315
10.3693 155.347
10.4118 155.339
10.4551 155.344
10.5003 155.384
10.5456 155.426
10.5892 155.437
10.6792 155.511
10.7227 155.519
10.7677 155.553
10.811 155.558
10.8562 155.598
10.9017 155.64
10.9456 155.656
10.989 155.661
11.0333 155.682
11.0781 155.714
11.1238 155.759
11.1714 155.839
11.2156 155.857
11.2608 155.895
11.3046 155.905
11.3517 155.974
11.3968 156.009
11.4411 156.027
11.4848 156.038
11.5282 156.04
11.5732 156.072
11.9465 156.533
11.9909 156.552
12.466 157.222
12.5144 157.3
12.8089 157.824
