-16.6694 160.23
-16.1435 159.707
-15.8593 159.443
-15.8119 159.397
-15.7673 159.387
-15.72 159.343
-15.6726 159.297
-15.6265 159.267
-15.5811 159.246
-15.5359 159.227
-15.4892 159.189
-15.4442 159.173
-15.3984 159.146
-15.3517 159.109
-15.3061 159.084
-15.2588 159.038
-15.2131 159.011
-15.1684 158.998
-15.1235 158.982
-15.079 158.972
-15.0339 158.953
-14.9873 158.915
-14.9424 158.9
-14.8949 158.848
-14.8506 158.84
-14.806 158.827
-14.7599 158.795
-14.7134 158.757
-14.6698 158.758
-14.6262 158.758
-14.5814 158.742
-14.5351 158.707
-14.4903 158.691
-14.4449 158.667
-14.4009 158.662
-14.3571 158.66
-14.313 158.653
-14.265 158.593
-14.2204 158.58
-14.1764 158.575
-14.1323 158.567
-14.0867 158.54
-14.0426 158.533
-13.9988 158.531
-13.9539 158.512
-13.9088 158.491
-13.8631 158.461
-13.8187 158.451
-13.7744 158.44
-13.731 158.444
-13.6883 158.455
-13.6447 158.456
-13.6011 158.456
-13.5579 158.462
-13.5144 158.462
-13.4701 158.452
-13.4241 158.417
-13.3784 158.388
-13.3349 158.388
-13.2917 158.394
-13.2492 158.411
-13.2049 158.401
-13.1582 158.355
-13.1123 158.32
-13.0664 158.285
-13.0216 158.266
-12.9768 158.248
-12.9343 158.265
-12.8922 158.287
-12.849 158.293
-12.8049 158.285
-12.7619 158.294
-12.7166 158.267
-12.6736 158.276
-12.6288 158.257
-12.5849 158.252
-12.5422 158.266
-12.4992 158.275
-12.4544 158.256
-12.4129 158.289
-12.3716 158.325
-12.3144 158.111
-12.2488 157.761
-12.1891 157.505
-12.1393 157.402
-12.0946 157.381
-12.064 157.587
-12.0494 158.051
-12.0057 158.049
-11.9628 158.06
-11.9315 158.259
-11.8913 158.314
-11.8504 158.358
-11.8071 158.364
-11.7637 158.367
-11.7197 158.362
-11.6773 158.382
-11.6358 158.418
-11.593 158.432
-11.5499 158.44
-11.5067 158.449
-11.4639 158.463
-11.4221 158.494
-11.3789 158.502
-11.3357 158.511
-11.2927 158.522
-11.2502 158.542
-11.2091 158.586
-11.1663 158.603
-10.3046 144.215
-10.2608 144.156
-10.2192 144.138
-10.9946 158.656
-10.9518 158.673
-10.9089 158.687
-10.8666 158.713
-10.8231 158.716
-10.7801 158.73
-10.7373 158.747
-10.6942 158.758
-10.6514 158.775
-10.6101 158.819
-10.5668 158.828
-10.5233 158.834
-10.48 158.842
-10.4373 158.862
-10.3962 158.912
-10.3532 158.926
-10.3112 158.959
-10.2683 158.976
-10.2277 159.037
-10.1849 159.057
-10.1417 159.068
-10.1007 159.123
-10.0578 159.14
-10.0148 159.157
-9.97141 159.166
-9.9287 159.188
-9.88557 159.202
-9.8441 159.25
-9.80233 159.291
-9.7604 159.33
-9.71736 159.347
-9.67513 159.381
-9.63533 159.464
-9.59279 159.492
-9.5497 159.509
-9.50713 159.537
-9.46389 159.551
-9.42223 159.598
-9.38121 159.659
-9.33806 159.676
-9.29608 159.718
-9.25434 159.765
-9.21102 159.78
-9.16757 159.791
-9.12655 159.855
-9.0832 159.869
-9.0424 159.939
-8.71107 160.411
-8.67051 160.493
-8.62807 160.532
-8.58562 160.571
-8.33681 160.956
-8.29608 161.041
-8.25556 161.131
-8.21464 161.212
-7.63951 162.397
-7.59482 162.394
-7.54875 162.355
