11.7072 124.067
11.7451 124.094
11.6457 122.28
11.6815 122.285
12.0348 120.903
12.066 120.852
12.1251 120.711
12.1577 120.679
12.1878 120.616
12.2176 120.549
12.2475 120.484
12.278 120.427
12.3104 120.394
12.3429 120.362
12.372 120.289
12.4021 120.229
12.4332 120.18
12.4663 120.157
12.4951 120.082
12.5255 120.026
12.5574 119.989
12.5879 119.935
12.6191 119.89
12.6517 119.862
12.6837 119.827
12.7143 119.775
12.7451 119.726
12.7775 119.696
12.8093 119.66
12.8404 119.614
12.8726 119.583
12.9045 119.548
12.9353 119.502
12.9678 119.474
13.0004 119.448
13.034 119.434
13.065 119.389
13.0953 119.337
13.1271 119.302
13.1578 119.256
13.19 119.226
13.2239 119.216
13.255 119.174
13.2886 119.161
13.3195 119.117
13.3532 119.105
13.3843 119.064
13.4183 119.055
13.4493 119.014
13.4811 118.981
13.514 118.96
13.5457 118.928
13.5793 118.916
13.6117 118.89
13.6442 118.866
13.6759 118.833
13.7078 118.802
13.7404 118.78
13.7729 118.756
13.8054 118.732
13.8381 118.711
13.8715 118.698
13.9025 118.658
13.9357 118.643
13.9695 118.634
14.0011 118.602
14.0343 118.586
14.0678 118.574
14.1001 118.55
14.1312 118.513
14.1637 118.49
14.1972 118.478
14.2305 118.465
14.2624 118.437
14.2952 118.419
14.328 118.4
14.3611 118.384
14.3944 118.371
14.4266 118.347
14.4597 118.332
14.4931 118.32
14.5265 118.308
14.56 118.297
14.5936 118.287
14.6258 118.263
14.6581 118.241
14.6915 118.229
14.7245 118.214
14.7577 118.2
14.7907 118.185
14.824 118.173
14.8572 118.16
14.89 118.143
14.9233 118.131
14.9571 118.124
14.9906 118.114
15.0237 118.1
15.0565 118.083
15.0901 118.075
15.1239 118.068
15.1565 118.049
15.1896 118.036
15.2223 118.019
15.2557 118.009
15.29 118.007
15.3241 118.004
15.3572 117.99
15.3896 117.97
15.423 117.959
15.4571 117.956
15.4908 117.949
15.5244 117.941
15.5581 117.934
15.5911 117.921
15.6249 117.914
15.6589 117.911
15.6907 117.885
15.7234 117.868
15.7578 117.868
15.7938 117.884
15.8306 117.906
15.8659 117.914
15.8985 117.897
15.9329 117.898
15.9668 117.892
15.9994 117.876
16.0326 117.864
16.0668 117.862
16.1002 117.852
16.1333 117.84
16.1677 117.84
16.2023 117.842
16.2365 117.84
16.2702 117.834
16.3037 117.825
16.337 117.815
16.3708 117.81
16.4047 117.805
16.4385 117.8
16.4727 117.798
16.5067 117.795
16.541 117.793
16.5744 117.785
16.6084 117.782
16.6432 117.785
16.6791 117.799
16.7139 117.802
16.7469 117.79
16.7804 117.782
16.8144 117.779
16.8488 117.779
16.8836 117.782
16.9181 117.784
16.9525 117.784
16.9867 117.782
17.0207 117.779
17.0549 117.777
17.0895 117.779
17.1247 117.786
17.1604 117.798
17.1948 117.798
17.2294 117.8
17.2645 117.807
17.2997 117.814
17.3355 117.826
17.3705 117.831
17.4053 117.834
17.4398 117.836
17.4744 117.838
17.5092 117.841
17.5436 117.841
17.578 117.841
17.6134 117.85
17.6486 117.857
17.6852 117.876
17.7204 117.883
17.7558 117.891
17.7906 117.895
17.8254 117.898
17.8604 117.903
17.8952 117.907
17.9309 117.917
17.9677 117.938
18.0033 117.948
18.0384 117.953
18.073 117.955
18.1086 117.965
18.1435 117.969
18.1787 117.975
18.216 117.999
18.2527 118.018
18.2886 118.03
18.3238 118.037
18.3603 118.054
18.3966 118.07
18.4321 118.078
18.4674 118.085
18.5045 118.107
18.5402 118.118
18.5774 118.14
18.6127 118.147
18.6474 118.149
18.6861 118.183
18.7218 118.193
18.7592 118.217
18.7956 118.233
18.8307 118.238
18.8662 118.246
18.9024 118.26
18.9412 118.294
18.9767 118.303
19.0142 118.327
19.0517 118.351
19.0877 118.363
19.1274 118.404
19.1626 118.41
19.1999 118.432
19.2359 118.444
19.2731 118.465
19.3113 118.494
19.3493 118.521
19.3871 118.547
19.4252 118.575
19.4628 118.599
19.7271 118.773
