-32.2918 126.948
-31.1537 126.01
-31.0369 125.953
-30.9971 125.929
-30.9601 125.919
-30.9153 125.87
-30.8783 125.86
-30.8381 125.835
-30.7969 125.803
-30.7567 125.777
-30.7201 125.77
-30.6803 125.746
-30.6444 125.742
-30.6046 125.718
-30.5677 125.709
-30.5314 125.704
-30.4921 125.682
-30.4527 125.66
-30.4168 125.656
-30.3798 125.647
-30.3405 125.625
-30.3008 125.601
-30.2652 125.599
-30.2287 125.591
-30.189 125.568
-30.1521 125.558
-30.1131 125.538
-30.0772 125.534
-30.0379 125.512
-30.0007 125.501
-29.9611 125.478
-29.9259 125.477
-29.8907 125.477
-29.8545 125.472
-29.8187 125.468
-29.7798 125.448
-29.7408 125.428
-29.7047 125.422
-29.6685 125.417
-29.6326 125.413
-29.5954 125.402
-29.5603 125.402
-29.5241 125.397
-29.4872 125.387
-29.448 125.365
-29.4112 125.356
-29.3753 125.353
-29.3409 125.356
-29.3054 125.354
-29.2702 125.354
-29.234 125.349
-29.1982 125.345
-29.1604 125.33
-29.1249 125.329
-29.0894 125.327
-29.0545 125.329
-29.0194 125.329
-28.9829 125.321
-28.9467 125.316
-28.9089 125.301
-28.8734 125.299
-28.8376 125.296
-28.8011 125.288
-28.7653 125.284
-28.7308 125.288
-28.6963 125.292
-28.6614 125.294
-28.624 125.281
-28.5885 125.279
-28.5533 125.279
-28.5188 125.283
-28.4836 125.283
-28.4485 125.283
-28.4159 125.297
-28.3817 125.303
-28.3468 125.304
-28.3117 125.304
-28.2762 125.303
-28.241 125.303
-28.2058 125.303
-28.1725 125.313
-28.1386 125.321
-28.1038 125.323
-28.0689 125.324
-28.035 125.332
-28.0014 125.341
-27.9688 125.356
-27.9336 125.356
-27.8984 125.355
-27.8641 125.361
-27.828 125.355
-27.7921 125.352
-27.7576 125.355
-27.7236 125.363
-27.6897 125.37
-27.6564 125.381
-27.6237 125.396
-27.5907 125.409
-27.5564 125.414
-27.5231 125.425
-27.4901 125.438
-27.4567 125.449
-27.4205 125.443
-27.3866 125.451
-27.3542 125.467
-27.3242 125.498
-27.2934 125.524
-27.2578 125.522
-27.221 125.513
-27.1845 125.506
-27.1495 125.507
-27.1124 125.496
-27.0793 125.509
-27.0438 125.507
-27.0079 125.504
-26.9767 125.528
-26.9463 125.557
-26.9145 125.577
-26.8807 125.586
-26.8439 125.577
-26.8083 125.575
-26.7749 125.586
-26.743 125.607
-26.7123 125.634
-26.6804 125.654
-26.6469 125.665
-26.6128 125.673
-26.5772 125.671
-26.5434 125.68
-26.5109 125.697
-26.4759 125.698
-26.4408 125.7
-26.4092 125.722
-26.3775 125.744
-26.3452 125.763
-26.3138 125.787
-26.28 125.796
-26.247 125.811
-26.2135 125.822
-26.1824 125.848
-26.1512 125.873
-26.1207 125.903
-26.0871 125.914
-26.0533 125.923
-26.0206 125.94
-25.9867 125.949
-25.9546 125.969
-25.9216 125.984
-25.8916 126.017
-25.858 126.028
-25.8244 126.04
-25.7928 126.064
-25.761 126.086
-25.727 126.095
-25.6978 126.134
-25.6645 126.147
-25.6305 126.156
-25.5986 126.178
-25.5673 126.204
-25.5363 126.232
-25.5032 126.247
-25.4748 126.291
-25.4411 126.302
-25.4097 126.328
-25.3789 126.358
-25.3481 126.388
-25.317 126.416
-25.2859 126.444
-25.2519 126.453
-25.2172 126.458
-25.1887 126.503
-25.1549 126.514
-25.1267 126.561
-25.0964 126.594
-25.0652 126.622
-25.0308 126.63
-25.0028 126.678
-24.9689 126.689
-24.938 126.719
-24.9064 126.745
-24.8758 126.777
-24.8445 126.805
-24.8141 126.839
-24.7836 126.872
-24.7523 126.9
-24.7282 126.975
-24.6945 126.988
-24.6632 127.016
-24.6293 127.028
-24.6002 127.071
-24.5694 127.102
-24.5394 127.14
-24.5089 127.174
-24.4851 127.253
-24.4562 127.298
-24.4285 127.35
-24.3967 127.377
-24.3647 127.401
-24.3304 127.411
-24.2963 127.422
-24.2642 127.446
-24.2406 127.527
-24.2125 127.578
-24.1829 127.62
-24.1538 127.665
-24.1251 127.712
-24.0932 127.739
-24.0627 127.775
-24.04 127.863
-24.0109 127.909
-23.9781 127.93
-23.9515 127.992
-23.9226 128.04
-23.8959 128.102
-23.8675 128.154
-23.8339 128.169
-23.8052 128.218
-23.779 128.285
-23.7552 128.369
-23.6252 128.712
-23.5946 128.75
-23.5696 128.827
-23.6492 131.154
-23.6445 131.379
-23.6565 131.721
-23.6271 131.773
-23.5926 131.789
