-24.8728 83.9148
-24.8434 83.8995
17.1613 152.884
17.2008 152.859
17.2417 152.848
17.2397 152.365
17.274 152.284
17.2977 152.086
17.3222 151.899
17.7587 152.116
17.7946 152.055
18.378 157.818
17.8733 152.007
17.9655 151.663
18.003 151.62
18.3932 150.938
18.4301 150.893
18.4675 150.853
18.5049 150.813
18.5423 150.773
18.5794 150.73
18.6136 150.657
18.6469 150.578
18.6818 150.513
18.722 150.502
18.762 150.49
18.7971 150.427
18.8353 150.397
18.8748 150.38
18.9087 150.307
18.9479 150.287
18.9861 150.257
19.0263 150.247
19.0632 150.205
19.1005 150.167
19.1377 150.128
19.1755 150.095
19.2101 150.031
19.2491 150.011
19.287 149.978
19.3271 149.968
19.3641 149.928
19.4003 149.881
19.4347 149.817
19.4748 149.806
19.5153 149.801
19.5512 149.752
19.591 149.739
19.6305 149.724
19.6669 149.679
19.7048 149.65
19.7412 149.605
19.7783 149.568
19.8164 149.541
19.8556 149.523
19.8958 149.515
19.935 149.498
19.9752 149.49
20.0159 149.488
20.054 149.46
20.0907 149.421
20.1306 149.411
20.1705 149.401
20.2083 149.371
20.2461 149.341
20.2852 149.324
20.3248 149.311
20.3622 149.279
20.4005 149.254
20.4393 149.234
20.4761 149.197
20.5152 149.18
20.5545 149.165
20.5927 149.14
20.6333 149.137
20.6745 149.14
20.7145 149.132
20.7527 149.107
20.792 149.092
20.8312 149.077
20.8699 149.058
20.8682 148.679
20.9472 149.018
20.9845 148.986
21.0251 148.983
21.0665 148.988
21.1079 148.992
21.1477 148.982
21.1874 148.972
21.2258 148.95
21.2638 148.925
21.3016 148.898
21.3413 148.888
21.3793 148.863
21.4176 148.841
21.4612 148.865
21.5029 148.872
21.5403 148.843
21.5466 148.545
21.6205 148.83
21.6636 148.849
21.711 148.905
21.7601 148.976
21.8081 149.037
21.8656 149.178
21.9166 149.264
21.9497 149.197
22.1165 150.264
22.157 150.259
22.1884 150.177
22.2378 150.246
22.3001 150.424
22.3747 150.704
22.4335 150.851
22.4959 151.028
22.5461 151.103
22.8184 153.027
22.3547 148.823
22.3955 148.822
23.0765 154.129
23.1337 154.255
22.5161 148.807
22.5586 148.821
22.5985 148.814
23.4629 155.58
23.5311 155.792
23.5964 155.981
22.7647 148.837
22.8055 148.837
22.8462 148.836
22.887 148.836
22.9269 148.828
22.9665 148.818
23.007 148.816
23.0483 148.82
23.0906 148.832
23.1326 148.842
23.1743 148.849
23.2169 148.863
23.2592 148.875
23.2994 148.87
23.3402 148.869
23.3825 148.881
23.4233 148.881
23.4631 148.873
23.5049 148.88
23.5472 148.892
23.5907 148.914
23.6334 148.928
23.6742 148.928
23.714 148.92
23.7542 148.915
23.7978 148.937
23.842 148.963
23.885 148.98
23.928 148.997
23.9703 149.009
24.0149 149.038
24.0554 149.035
24.0937 149.015
24.1345 149.015
24.1819 149.066
24.225 149.083
24.2664 149.087
24.3075 149.09
24.3525 149.121
24.3946 149.131
24.4361 149.135
24.4846 149.194
24.5309 149.235
24.5749 149.259
24.6161 149.261
24.6573 149.263
24.6994 149.273
24.7442 149.302
24.7866 149.314
24.8291 149.326
24.8742 149.357
24.9183 149.382
24.9621 149.403
25.0043 149.413
25.0468 149.425
25.0917 149.454
25.1352 149.473
25.1804 149.505
25.2262 149.541
25.2721 149.578
25.3143 149.587
25.3589 149.614
25.4021 149.631
25.4504 149.685
25.4933 149.699
25.5356 149.709
25.5829 149.755
25.6265 149.775
25.6735 149.819
25.7236 149.885
25.7663 149.897
25.8157 149.958
25.8598 149.98
25.9021 149.99
25.952 150.053
25.9947 150.065
26.0446 150.129
26.0914 150.171
26.1404 150.228
26.1845 150.25
26.2363 150.326
26.2867 150.393
26.3302 150.41
26.3723 150.417
26.4196 150.461
26.5228 150.609
