2.8455 145.257
2.88591 145.243
2.92539 145.171
2.96487 145.1
3.00475 145.055
3.04464 145.013
3.08463 144.978
3.12398 144.905
3.16273 144.8
3.20253 144.757
3.24281 144.744
3.28224 144.683
3.32208 144.645
3.52038 144.426
3.56002 144.384
3.59965 144.342
3.63879 144.277
3.67898 144.265
3.71813 144.202
3.75825 144.189
3.79798 144.156
3.8372 144.1
3.87729 144.086
3.91688 144.049
3.95585 143.984
3.99595 143.973
4.03565 143.943
4.07574 143.931
4.1152 143.892
4.15412 143.829
4.19359 143.792
4.2337 143.783
4.27326 143.75
4.31286 143.72
4.35233 143.686
4.39235 143.674
4.43242 143.665
4.47158 143.619
4.51134 143.598
4.55093 143.57
4.59091 143.559
4.63018 143.52
4.67003 143.504
4.71011 143.497
4.74958 143.467
4.78916 143.442
4.82818 143.395
4.86817 143.386
4.90809 143.375
4.94782 143.357
4.98786 143.35
5.02764 143.334
5.06709 143.306
5.10653 143.278
5.14648 143.269
5.18649 143.263
5.2263 143.249
5.26571 143.221
5.3053 143.201
5.34516 143.189
5.38419 143.15
5.42403 143.139
5.464 143.132
5.50376 143.118
5.54316 143.093
5.58319 143.088
5.62315 143.082
5.66296 143.07
5.70277 143.059
5.74206 143.031
5.7817 143.015
5.82171 143.011
5.86187 143.011
5.9015 142.995
5.9412 142.981
5.98112 142.974
6.02103 142.968
6.0608 142.956
6.10048 142.943
6.14046 142.938
6.1806 142.938
6.22058 142.934
6.26032 142.922
6.29958 142.897
6.33939 142.888
6.37928 142.881
6.41924 142.877
6.45912 142.87
6.499 142.863
6.53862 142.849
6.57816 142.833
6.61786 142.822
6.65781 142.818
6.69783 142.815
6.73769 142.809
6.77703 142.788
6.81688 142.781
6.85681 142.777
6.89683 142.775
6.93605 142.752
6.97677 142.768
7.0167 142.763
7.05796 142.793
7.09699 142.766
7.13791 142.787
7.17783 142.782
7.21803 142.785
7.25823 142.787
7.29861 142.794
7.339 142.801
7.37902 142.799
7.41932 142.804
7.4599 142.815
7.5003 142.822
7.54118 142.841
7.58158 142.848
7.62171 142.848
7.66221 142.857
7.70253 142.862
7.74275 142.864
7.78258 142.857
7.8233 142.871
7.86372 142.878
7.90495 142.904
7.94579 142.92
7.98613 142.925
8.02616 142.922
8.0661 142.918
8.10613 142.916
8.14657 142.923
8.18702 142.93
8.22726 142.932
8.26834 142.953
8.30943 142.974
8.34937 142.969
8.38983 142.976
8.43052 142.988
8.47109 142.997
8.51265 143.027
8.55302 143.032
8.5934 143.037
8.63564 143.081
8.67625 143.09
8.71642 143.09
8.75681 143.095
8.79899 143.136
8.83996 143.153
8.88025 143.155
8.92033 143.153
8.96142 143.171
9.00184 143.176
9.04237 143.183
9.08417 143.215
9.12576 143.243
9.16654 143.255
9.20826 143.285
9.24883 143.292
9.29034 143.318
9.33091 143.325
9.37149 143.332
9.41243 143.346
9.45301 143.353
9.49384 143.364
9.536 143.401
9.57685 143.413
9.61965 143.462
9.66063 143.476
9.7026 143.508
9.74385 143.527
9.7856 143.555
9.82625 143.562
9.86802 143.59
9.91144 143.648
9.9521 143.655
9.9929 143.664
10.036 143.715
10.0786 143.757
10.1196 143.769
10.1633 143.832
10.2043 143.843
10.2453 143.855
10.2875 143.888
10.3312 143.948
10.3725 143.965
10.4161 144.023
10.457 144.032
10.5008 144.091
10.5423 144.112
10.5849 144.149
10.6276 144.189
10.6716 144.252
10.7142 144.29
10.8447 144.446
10.8853 144.449
10.928 144.486
10.9742 144.583
11.016 144.604
11.0601 144.665
11.6413 145.536
11.6847 145.578
12.1406 146.959
