-6.60533 135.601
-6.56431 135.54
-6.52531 135.529
-6.00177 134.924
-5.96225 134.894
-5.92237 134.854
-5.88169 134.791
-5.84118 134.732
-5.80225 134.717
-5.76179 134.659
-5.72316 134.652
-5.68447 134.644
-5.64593 134.64
-5.60646 134.609
-5.4864 134.462
-5.44776 134.453
-5.4083 134.42
-5.36968 134.412
-5.33031 134.38
-5.29029 134.328
-5.25162 134.317
-5.21295 134.307
-5.17377 134.28
-5.13381 134.228
-5.0944 134.192
-5.0559 134.186
-5.01734 134.178
-4.97802 134.144
-4.93885 134.115
-4.89975 134.088
-4.8606 134.059
-4.82115 134.019
-4.78246 134.005
-4.74401 133.999
-4.7055 133.99
-4.66735 133.995
-4.62943 134.007
-4.59052 133.985
-4.55138 133.953
-4.51232 133.924
-4.47378 133.914
-4.43429 133.868
-4.39571 133.856
-4.3573 133.849
-4.31879 133.839
-4.27952 133.8
-4.24113 133.793
-4.20268 133.785
-4.1643 133.779
-4.12544 133.754
-4.08649 133.725
-4.04766 133.7
-4.0098 133.715
-3.97159 133.715
-3.93282 133.692
-3.89451 133.688
-3.85611 133.68
-3.8178 133.676
-3.77931 133.664
-3.74034 133.631
-3.7019 133.62
-3.66324 133.6
-3.62495 133.596
-3.58681 133.598
-3.54857 133.596
-3.50984 133.571
-3.47121 133.55
-3.43307 133.553
-3.39501 133.559
-3.35674 133.555
-3.31826 133.541
-3.27999 133.536
-3.24181 133.537
-3.2035 133.531
-3.1652 133.524
-3.12698 133.523
-3.08864 133.514
-3.05015 133.498
-3.01178 133.488
-2.97345 133.479
-2.93524 133.477
-2.89721 133.486
-2.85893 133.48
-2.82039 133.459
-2.78211 133.453
-2.74398 133.455
-2.70591 133.462
-2.66771 133.46
-2.62923 133.441
-2.59083 133.427
-2.55263 133.425
-2.51449 133.427
-2.47614 133.415
-2.43788 133.409
-2.39984 133.417
-2.36146 133.403
-2.32342 133.411
-2.2854 133.422
-2.24729 133.426
-2.20932 133.441
-2.17149 133.466
-2.13342 133.474
-2.09524 133.474
-2.05706 133.474
-2.0189 133.477
-1.98082 133.485
-1.94279 133.498
-1.90467 133.504
-1.86648 133.504
-1.82829 133.504
-1.79015 133.509
-1.752 133.513
-1.71399 133.53
-1.67597 133.547
-1.63787 133.557
-1.59965 133.555
-1.56142 133.553
-1.52316 133.547
-1.48495 133.547
-1.4469 133.564
-1.40888 133.585
-1.37078 133.598
-1.3326 133.602
-1.29445 133.611
-1.2564 133.632
-1.21836 133.655
-1.18014 133.657
-1.14188 133.653
-1.10368 133.657
-1.06555 133.672
-1.02746 133.693
-0.989433 133.726
-0.951264 133.739
-0.913076 133.75
-0.874895 133.762
-0.836685 133.771
-0.798369 133.76
-0.76023 133.784
-0.722071 133.805
-0.683842 133.813
-0.645638 133.828
-0.607409 133.838
-0.569158 133.845
-0.530944 133.862
-0.492715 133.877
-0.454521 133.904
-0.416262 133.914
-0.378034 133.938
-0.339796 133.961
-0.301511 133.969
-0.263269 133.999
-0.225005 134.024
-0.186692 134.028
-0.14839 134.041
-0.110102 134.068
-0.0718052 134.1
-0.033478 134.113
0.00485111 134.132
0.0431933 134.14
0.0815362 134.166
0.119891 134.185
0.158262 134.235
0.196638 134.248
0.235042 134.292
0.273434 134.303
0.311827 134.309
0.350249 134.335
0.388693 134.366
0.427113 134.377
0.465585 134.411
0.504058 134.438
0.542549 134.468
0.581088 134.51
0.619628 134.546
0.658103 134.557
0.69672 134.607
0.735314 134.646
0.773918 134.682
0.812607 134.735
0.851155 134.749
0.889816 134.788
0.928464 134.82
0.967201 134.866
1.00579 134.881
1.0445 134.915
1.08333 134.97
1.12196 134.985
1.16071 135.019
1.19964 135.079
1.23825 135.087
1.43314 135.356
1.47204 135.39
1.51098 135.429
