-8.13544 138.255
-8.09304 138.171
-8.05398 138.158
-8.01383 138.122
-7.8487 137.873
-7.80924 137.85
-7.7693 137.816
-7.72659 137.719
-7.68718 137.696
-7.64702 137.655
-7.60773 137.634
-7.56515 137.538
-7.52543 137.506
-7.48693 137.502
-7.4476 137.479
-7.40653 137.415
-7.3664 137.372
-7.32675 137.34
-7.28702 137.306
-7.24821 137.294
-7.20609 137.202
-7.16704 137.183
-7.12827 137.17
-7.0895 137.158
-7.04933 137.111
-7.00832 137.043
-6.96958 137.03
-6.93111 137.024
-6.89179 136.997
-6.85231 136.965
-6.81301 136.937
-6.77431 136.925
-6.73495 136.895
-6.69544 136.861
-6.65685 136.85
-6.61695 136.806
-6.57846 136.798
-6.53981 136.785
-6.49972 136.734
-6.46109 136.722
-6.42103 136.671
-6.3825 136.66
-6.3435 136.637
-6.30499 136.627
-6.26663 136.62
-6.2275 136.593
-6.18915 136.586
-6.15004 136.559
-6.11155 136.548
-6.07269 136.527
-6.03414 136.515
-5.99581 136.508
-5.95764 136.506
-5.91896 136.489
-5.87962 136.454
-5.84102 136.439
-5.80157 136.399
-5.76314 136.388
-5.72471 136.378
-5.68643 136.371
-5.64822 136.367
-5.60897 136.331
-5.57042 136.317
-5.5323 136.314
-5.49397 136.306
-5.45564 136.298
-5.41732 136.289
-5.37833 136.26
-5.33982 136.245
-5.30106 136.222
-5.26269 136.211
-5.22446 136.205
-5.1863 136.201
-5.14808 136.194
-5.10973 136.184
-5.07163 136.182
-5.03317 136.167
-4.99514 136.167
-4.95662 136.15
-4.91842 136.144
-4.88034 136.142
-4.8422 136.138
-4.80394 136.129
-4.76586 136.127
-4.72796 136.131
-4.69 136.133
-4.65186 136.129
-4.61361 136.121
-4.57526 136.108
-4.5369 136.095
-4.49867 136.087
-4.46071 136.089
-4.42276 136.091
-4.38453 136.083
-4.34619 136.07
-4.30846 136.08
-4.27055 136.084
-4.23217 136.07
-4.19401 136.063
-4.15621 136.072
-4.11825 136.074
-4.08014 136.07
-4.04188 136.059
-4.00393 136.061
-3.96572 136.053
-3.92831 136.078
-3.89064 136.092
-3.8532 136.117
-3.81508 136.113
-3.77683 136.103
-3.73877 136.101
-3.7008 136.103
-3.66269 136.098
-3.62463 136.096
-3.58652 136.092
-3.54824 136.079
-3.51022 136.079
-3.4723 136.083
-3.43437 136.088
-3.3964 136.09
-3.35846 136.094
-3.32066 136.104
-3.28292 136.119
-3.24498 136.123
-3.2072 136.135
-3.16949 136.152
-3.13197 136.179
-3.0942 136.194
-3.05574 136.171
-3.01747 136.158
-2.97967 136.171
-2.94174 136.177
-2.90381 136.183
-2.86588 136.189
-2.82801 136.2
-2.78983 136.191
-2.75186 136.195
-2.71432 136.227
-2.67631 136.229
-2.63829 136.231
-2.60043 136.243
-2.56257 136.256
-2.52454 136.258
-2.48655 136.262
-2.44895 136.293
-2.41112 136.31
-2.37323 136.323
-2.33533 136.335
-2.29763 136.363
-2.25958 136.365
-2.22144 136.36
-2.18338 136.362
-2.14554 136.381
-2.10763 136.396
-2.06978 136.415
-2.03199 136.44
-1.99411 136.459
-1.9563 136.484
-1.91824 136.488
-1.88039 136.511
-1.84255 136.536
-1.80451 136.545
-1.76652 136.557
-1.72867 136.584
-1.69071 136.601
-1.65263 136.607
-1.61459 136.618
-1.57676 136.652
-1.53893 136.685
-1.501 136.71
-1.46292 136.721
-1.42508 136.759
-1.38716 136.788
-1.34913 136.807
-1.31105 136.822
-1.27308 136.849
-1.23508 136.877
-1.19697 136.889
-1.15882 136.898
-1.12093 136.944
-1.0828 136.957
-1.04477 136.986
-1.00677 137.024
-0.968686 137.05
-0.930502 137.06
-0.89242 137.09
-0.854336 137.121
-0.81614 137.134
-0.778147 137.189
-0.73994 137.204
-0.701888 137.255
-0.66366 137.269
-0.625571 137.32
-0.587337 137.339
-0.549226 137.394
-0.511003 137.424
-0.472714 137.437
-0.434563 137.498
-0.396332 137.541
-0.35812 137.598
-0.319873 137.652
-0.281471 137.641
-0.128191 137.839
-0.0897713 137.841
