5.71694 136.463
5.82871 136.319
5.86559 136.261
5.93855 136.123
5.976 136.085
6.01278 136.027
6.05005 135.984
6.08768 135.952
6.12619 135.945
6.16273 135.883
6.20009 135.845
6.23635 135.777
6.27367 135.738
6.31104 135.702
6.34863 135.672
6.3862 135.642
6.42376 135.612
6.461 135.574
6.49805 135.531
6.53461 135.476
6.57299 135.47
6.60943 135.412
6.64755 135.399
6.68501 135.37
6.72238 135.338
6.75956 135.302
6.79665 135.263
6.83397 135.232
6.87195 135.217
6.90857 135.168
6.94661 135.155
6.98319 135.106
7.02027 135.07
7.05828 135.058
7.09654 135.051
7.13306 135.003
7.17122 134.994
7.20937 134.986
7.24646 134.952
7.28371 134.922
7.31988 134.868
7.35809 134.861
7.39629 134.855
7.4344 134.846
7.47178 134.821
7.50988 134.813
7.54714 134.785
7.5831 134.728
7.61866 134.663
7.65549 134.627
7.69391 134.627
7.73243 134.629
7.77085 134.629
7.80917 134.627
7.84701 134.615
7.8834 134.57
7.92113 134.556
7.95885 134.541
7.99676 134.531
8.03437 134.514
8.07148 134.486
8.10897 134.467
8.14715 134.463
8.18492 134.451
8.22299 134.444
8.26066 134.43
8.29882 134.426
8.33709 134.424
8.37494 134.413
8.41238 134.394
8.44981 134.375
8.48785 134.369
8.52578 134.361
8.56351 134.348
8.60133 134.338
8.63861 134.317
8.67557 134.289
8.71337 134.279
8.75127 134.27
8.78906 134.26
8.82706 134.254
8.86516 134.25
8.90272 134.235
8.94038 134.222
8.97815 134.212
9.01645 134.212
9.05432 134.204
9.09007 134.155
9.1277 134.143
9.1661 134.145
9.20395 134.137
9.24167 134.126
9.27928 134.114
9.31608 134.086
9.35379 134.076
9.39194 134.074
9.43114 134.091
9.46907 134.084
9.50757 134.089
9.54643 134.099
9.58717 134.143
9.62663 134.164
9.66421 134.152
9.70214 134.145
9.73983 134.135
9.77739 134.122
9.81531 134.116
9.85323 134.11
9.89223 134.123
9.93148 134.139
9.9689 134.125
10.0062 134.108
10.0445 134.108
10.0832 134.116
10.1219 134.123
10.1607 134.131
10.1991 134.133
10.2371 134.129
10.2756 134.133
10.3149 134.15
10.3533 134.152
10.3917 134.154
10.4306 134.165
10.4695 134.175
10.5077 134.173
10.5457 134.169
10.584 134.169
10.6226 134.176
10.6621 134.195
10.7014 134.211
10.74 134.216
10.7785 134.22
10.8168 134.22
10.8554 134.224
10.894 134.23
10.933 134.241
10.9728 134.264
11.0116 134.272
11.0483 134.247
11.0876 134.264
11.1277 134.291
11.1661 134.293
11.2043 134.291
11.2427 134.294
11.2828 134.321
11.3217 134.329
11.3603 134.334
11.399 134.34
11.4388 134.363
11.4784 134.382
11.5174 134.392
11.5563 134.401
11.5959 134.42
11.6343 134.422
11.6737 134.437
11.714 134.466
11.7541 134.491
11.7928 134.498
11.8317 134.506
11.8701 134.506
11.9103 134.534
11.9492 134.542
11.989 134.563
12.0294 134.593
12.069 134.61
12.1088 134.631
12.1491 134.658
12.1881 134.666
12.2266 134.669
12.2657 134.679
12.306 134.707
12.3462 134.732
12.3866 134.759
12.4265 134.781
12.467 134.81
12.5083 134.85
12.5481 134.869
12.5874 134.882
12.6271 134.899
12.6665 134.914
12.7084 134.96
12.7476 134.971
12.7904 135.03
12.83 135.045
12.8697 135.062
12.9105 135.094
12.9505 135.115
12.9925 135.162
13.0321 135.176
13.0728 135.206
13.114 135.242
13.1552 135.278
13.1963 135.312
13.2374 135.346
13.2786 135.382
13.3198 135.417
13.3627 135.474
13.4042 135.512
13.446 135.555
13.4877 135.595
13.5311 135.657
13.573 135.7
13.6165 135.762
13.6581 135.8
13.6978 135.815
13.7381 135.837
13.7767 135.837
13.8196 135.89
13.8655 135.982
