-24.87 83.9017
-24.8439 83.9015
-6.45892 129.6
-6.42062 129.561
-6.3815 129.5
-6.34104 129.404
-6.301 129.318
-6.26258 129.273
-6.22283 129.193
-6.18461 129.152
-6.06772 128.967
-6.02792 128.881
-5.98895 128.817
-5.95101 128.78
-5.91259 128.73
-5.87468 128.693
-5.64381 128.364
-5.60692 128.352
-5.49319 128.227
-5.41696 128.128
-5.37955 128.1
-5.34235 128.076
-5.30497 128.048
-5.26647 127.984
-5.22894 127.95
-5.19173 127.925
-5.15502 127.915
-5.11759 127.882
-5.08029 127.854
-5.04294 127.823
-5.00555 127.79
-4.96752 127.737
-4.93081 127.725
-4.89381 127.704
-4.85723 127.696
-4.81915 127.639
-4.78144 127.593
-4.74432 127.566
-4.70766 127.555
-4.67118 127.549
-4.63347 127.501
-4.59678 127.488
-4.5596 127.457
-4.52255 127.431
-4.48594 127.419
-4.44842 127.375
-4.41177 127.362
-4.37539 127.358
-4.33859 127.339
-4.30196 127.326
-4.26503 127.301
-4.22861 127.295
-4.19114 127.25
-4.15454 127.236
-4.11779 127.217
-4.08091 127.193
-4.04389 127.162
-4.00737 127.151
-3.97061 127.13
-3.93415 127.12
-3.89778 127.115
-3.86123 127.101
-3.82473 127.09
-3.78788 127.064
-3.75153 127.058
-3.71513 127.05
-3.67799 127.01
-3.64175 127.009
-3.6052 126.993
-3.56878 126.984
-3.5322 126.967
-3.49567 126.952
-3.4594 126.948
-3.42321 126.948
-3.38673 126.935
-3.35014 126.916
-3.31371 126.904
-3.2769 126.874
-3.24022 126.849
-3.20401 126.848
-3.16776 126.844
-3.13144 126.836
-3.0952 126.832
-3.05907 126.834
-3.02265 126.821
-2.9863 126.812
-2.95003 126.806
-2.91363 126.793
-2.87733 126.785
-2.84103 126.778
-2.80477 126.772
-2.76842 126.761
-2.7322 126.757
-2.69598 126.753
-2.65954 126.736
-2.62314 126.721
-2.587 126.721
-2.55091 126.725
-2.51443 126.704
-2.47796 126.683
-2.44197 126.693
-2.40586 126.695
-2.36969 126.693
-2.33358 126.695
-2.29744 126.695
-2.2613 126.695
-2.22522 126.699
-2.18902 126.695
-2.1528 126.69
-2.11659 126.684
-2.08035 126.676
-2.04429 126.682
-2.00834 126.697
-1.97242 126.714
-1.93632 126.718
-1.90008 126.711
-1.86376 126.696
-1.82735 126.673
-1.79141 126.69
-1.75527 126.69
-1.71915 126.692
-1.68307 126.698
-1.64697 126.701
-1.61088 126.707
-1.57464 126.698
-1.53852 126.7
-1.50239 126.702
-1.46619 126.696
-1.43007 126.698
-1.39401 126.707
-1.3579 126.711
-1.3217 126.706
-1.28556 126.706
-1.24944 126.71
-1.2134 126.723
-1.17738 126.74
-1.1413 126.749
-1.10515 126.75
-1.06902 126.753
-1.03286 126.753
-0.996679 126.75
-0.960559 126.755
-0.924471 126.767
-0.888401 126.782
-0.852259 126.786
-0.816125 126.792
-0.779959 126.792
-0.743793 126.792
-0.707664 126.799
-0.671565 126.814
-0.63541 126.818
-0.599284 126.83
-0.563168 126.845
-0.527079 126.87
-0.490921 126.877
-0.454722 126.874
-0.418548 126.877
-0.38243 126.902
-0.346271 126.916
-0.310102 126.927
-0.27394 126.944
-0.237742 126.946
-0.201546 126.95
-0.165348 126.954
-0.129159 126.967
-0.0929839 127.001
-0.0567904 127.032
-0.0205721 127.04
0.0156522 127.038
0.0518757 127.038
0.0881015 127.049
0.124343 127.085
0.160584 127.095
0.196829 127.105
0.233093 127.128
0.269352 127.139
0.305632 127.16
0.341928 127.185
0.378204 127.194
0.414528 127.223
0.450855 127.248
0.487148 127.256
0.523438 127.261
0.559827 127.298
0.596188 127.321
0.63262 127.361
0.668933 127.365
0.705263 127.372
0.74171 127.407
0.778165 127.44
0.814599 127.464
0.851044 127.489
0.887441 127.503
0.923895 127.526
0.960231 127.526
0.996579 127.528
1.03297 127.537
1.06966 127.593
1.10633 127.641
1.14279 127.657
1.17952 127.708
1.21611 127.737
1.25256 127.747
1.28919 127.778
1.32593 127.822
1.36243 127.834
1.3989 127.841
1.43557 127.872
1.47244 127.924
1.50898 127.936
1.61945 128.057
1.65648 128.115
1.69326 128.146
1.73004 128.175
1.76684 128.204
1.80402 128.268
1.84115 128.324
1.87778 128.334
1.91485 128.382
1.95157 128.398
2.10098 128.656
2.13797 128.687
2.17468 128.695
2.21172 128.728
2.81648 129.849
