-9.44435 151.176
-8.55996 149.909
-8.51714 149.87
-8.47567 149.86
-8.43199 149.802
-8.39042 149.79
-8.34667 149.729
-8.17506 149.556
-8.13388 149.551
-8.00501 149.413
-7.96345 149.398
-7.92085 149.359
-7.87859 149.328
-7.83736 149.321
-7.79522 149.292
-7.7536 149.275
-7.71047 149.221
-7.66887 149.204
-7.62728 149.187
-7.5844 149.139
-7.54313 149.129
-7.50087 149.095
-7.45834 149.054
-7.41612 149.02
-7.37478 149.008
-7.33258 148.975
-7.29135 148.965
-7.24956 148.941
-7.2074 148.907
-7.16657 148.907
-7.12602 148.914
-7.08472 148.902
-7.04352 148.893
-7.0014 148.859
-6.95921 148.823
-6.91794 148.81
-6.87614 148.784
-6.83497 148.774
-6.79327 148.75
-6.75221 148.743
-6.71106 148.733
-6.66982 148.721
-6.62746 148.678
-6.5865 148.673
-6.54555 148.668
-6.50399 148.647
-6.46304 148.642
-6.42201 148.634
-6.38014 148.603
-6.33871 148.584
-6.29695 148.555
-6.2561 148.553
-6.21526 148.55
-6.17442 148.548
-6.1335 148.543
-6.09266 148.541
-6.05158 148.531
-6.0094 148.488
-5.96771 148.459
-5.92705 148.461
-5.88677 148.476
-5.84564 148.463
-5.80451 148.451
-5.76377 148.451
-5.72333 148.461
-5.68266 148.463
-5.6417 148.456
-5.60029 148.435
-5.5594 148.43
-5.5183 148.418
-5.47735 148.41
-5.43626 148.398
-5.39581 148.408
-5.35543 148.42
-5.31469 148.42
-5.27333 148.398
-5.23246 148.393
-5.192 148.403
-5.15134 148.405
-5.11067 148.408
-5.06987 148.405
-5.02927 148.41
-4.98919 148.434
-4.94818 148.424
-4.9066 148.393
-4.86568 148.386
-4.82482 148.381
-4.78466 148.403
-4.74348 148.386
-4.70312 148.4
-4.66184 148.379
-4.62147 148.393
-4.58086 148.398
-4.54006 148.395
-4.49927 148.393
-4.45836 148.386
-4.41762 148.385
-4.37695 148.388
-4.33645 148.397
-4.29622 148.419
-4.25576 148.431
-4.21513 148.436
-4.17444 148.438
-4.1338 148.443
-4.09311 148.445
-4.05237 148.445
-4.01172 148.45
-3.97119 148.459
-3.93091 148.481
-3.8903 148.488
-3.8496 148.491
-3.80884 148.49
-3.76813 148.493
-3.72752 148.5
-3.68711 148.517
-3.64668 148.534
-3.60596 148.536
-3.56534 148.543
-3.52494 148.562
-3.48472 148.591
-3.44404 148.596
-3.40348 148.608
-3.36288 148.617
-3.32222 148.624
-3.28183 148.646
-3.24138 148.665
-3.20101 148.689
-3.16025 148.692
-3.11945 148.692
-3.07889 148.706
-3.03857 148.735
-2.99796 148.747
-2.95711 148.744
-2.91676 148.773
-2.87652 148.809
-2.8358 148.817
-2.79501 148.819
-2.75429 148.826
-2.71389 148.855
-2.67356 148.889
-2.63324 148.925
-2.59253 148.934
-2.55181 148.944
-2.51146 148.98
-2.47102 149.012
-2.43054 149.04
-2.38982 149.052
-2.34907 149.062
-2.30865 149.098
-2.26816 149.13
-2.22741 149.142
-2.18701 149.183
-2.14622 149.192
-2.10545 149.204
-2.06487 149.233
-2.02408 149.245
-1.98383 149.306
-1.94308 149.323
-1.9025 149.357
-1.86176 149.376
-1.82132 149.427
-1.78075 149.466
-1.73999 149.488
-1.69925 149.512
-1.65842 149.529
-1.61788 149.577
-1.57715 149.606
-1.53667 149.667
-1.49596 149.704
-1.45522 149.738
-1.41429 149.75
-1.37377 149.815
-1.29231 149.903
-1.25151 149.94
-1.21052 149.952
-1.16989 150.02
-1.12923 150.086
-1.08821 150.101
-1.04732 150.137
-0.761267 150.534
