-9.37023 144.724
-9.32838 144.694
-9.28773 144.687
-8.6027 143.843
-8.56214 143.834
-8.52028 143.797
-8.47833 143.758
-8.22813 143.549
-8.18786 143.544
-8.02105 143.397
-7.97938 143.361
-7.93794 143.329
-7.89762 143.322
-7.8562 143.29
-7.81559 143.276
-7.7732 143.221
-7.73261 143.208
-7.69134 143.178
-7.65096 143.169
-7.61077 143.165
-7.56866 143.114
-7.5281 143.101
-7.48803 143.099
-7.44805 143.099
-7.40779 143.092
-7.36659 143.063
-7.32503 143.024
-7.28367 142.989
-7.24279 142.967
-7.20265 142.962
-7.16224 142.951
-7.1212 142.924
-7.08044 142.903
-7.03915 142.869
-6.99886 142.86
-6.95857 142.851
-6.91837 142.845
-6.87835 142.843
-6.83754 142.82
-6.79709 142.806
-6.75656 142.79
-6.7162 142.779
-6.67594 142.77
-6.63508 142.745
-6.59432 142.723
-6.55416 142.716
-6.51416 142.714
-6.47424 142.714
-6.43392 142.703
-6.39359 142.692
-6.35295 142.671
-6.31264 142.66
-6.27233 142.649
-6.23218 142.642
-6.19204 142.636
-6.15198 142.631
-6.11199 142.629
-6.07193 142.625
-6.03149 142.609
-5.99135 142.602
-5.9513 142.598
-5.91124 142.594
-5.87097 142.582
-5.83077 142.573
-5.79087 142.574
-5.75096 142.574
-5.71077 142.565
-5.67058 142.556
-5.63103 142.568
-5.59085 142.559
-5.55038 142.541
-5.51041 142.539
-5.47057 142.541
-5.43074 142.544
-5.3907 142.539
-5.35066 142.535
-5.31055 142.528
-5.27058 142.526
-5.23068 142.526
-5.19104 142.536
-5.15165 142.554
-5.11161 142.55
-5.07105 142.527
-5.03019 142.493
-4.99041 142.498
-4.95038 142.494
-4.91079 142.505
-4.68572 135.703
-4.64717 135.697
-4.79101 142.504
-4.75122 142.508
-4.71137 142.511
-4.67157 142.516
-4.63195 142.527
-4.59221 142.535
-4.55223 142.532
-4.51231 142.533
-4.4729 142.553
-4.4332 142.563
-4.39361 142.577
-4.35395 142.589
-4.31429 142.6
-4.27462 142.612
-4.23511 142.63
-4.19532 142.637
-4.15558 142.647
-4.11583 142.656
-4.07619 142.67
-4.03654 142.684
-3.99672 142.691
-3.95706 142.705
-3.91709 142.705
-3.87687 142.694
-3.83719 142.708
-3.79756 142.724
-3.75782 142.736
-3.71827 142.757
-3.67866 142.776
-3.6388 142.783
-3.59945 142.815
-3.55981 142.834
-3.52021 142.854
-3.4802 142.855
-3.44028 142.86
-3.40039 142.867
-3.3605 142.874
-3.32095 142.899
-3.28118 142.913
-3.24156 142.936
-3.20198 142.962
-3.16214 142.974
-3.1223 142.985
-3.08272 143.013
-3.04282 143.023
-3.00323 143.05
-2.96328 143.058
-2.92329 143.062
-2.88374 143.095
-2.84417 143.127
-2.80459 143.16
-2.76496 143.19
-2.72507 143.204
-2.68507 143.211
-2.64507 143.218
-2.60563 143.265
-2.56575 143.281
-2.52605 143.311
-2.48605 143.321
-2.44667 143.376
-2.40665 143.386
-2.36693 143.418
-2.32692 143.43
-2.28715 143.46
-2.24733 143.488
-2.20741 143.51
-2.16799 143.572
-2.12791 143.582
-2.04829 143.649
-1.96868 143.724
-1.92885 143.761
-1.88874 143.773
-1.84907 143.829
-1.80892 143.839
-1.76898 143.871
-1.64948 144.012
-1.56962 144.096
-1.52963 144.133
-1.48959 144.169
-1.44936 144.18
-1.40974 144.272
-1.36948 144.283
-1.32936 144.316
-1.28932 144.361
-1.2494 144.427
-1.20926 144.464
-1.12942 144.617
-1.08923 144.657
-1.04904 144.699
-1.00865 144.711
-0.767843 145.157
-0.727461 145.2
-0.445492 145.973
-0.40479 145.99
