31.1258 138.77
31.1696 138.799
31.1933 138.713
31.2165 138.625
31.2164 137.97
30.893 135.514
30.9186 135.445
30.946 135.386
30.9787 135.356
30.9951 135.236
31.0198 135.162
31.0468 135.101
31.073 135.036
31.0988 134.968
31.1238 134.897
31.1549 134.859
31.1817 134.798
31.2028 134.706
31.2285 134.639
31.2557 134.581
31.2912 134.568
31.3241 134.541
31.3551 134.503
31.3955 134.311
31.4263 134.274
31.4564 134.232
31.4838 134.176
31.5181 134.157
31.5466 134.107
31.5805 134.086
31.6063 134.022
31.6332 133.964
31.6686 133.951
31.6967 133.899
31.7224 133.835
31.7496 133.779
31.7814 133.748
31.8164 133.733
31.8482 133.702
31.8789 133.665
31.9126 133.644
31.9452 133.617
31.9738 133.57
32.0001 133.51
32.0323 133.481
32.0683 133.473
32.1004 133.444
32.1301 133.403
32.1568 133.345
32.1884 133.314
32.2189 133.277
32.2517 133.252
32.2846 133.228
32.3178 133.205
32.3498 133.176
32.3822 133.149
32.4181 133.141
32.4477 133.1
32.4792 133.069
32.51 133.034
32.538 132.985
32.5731 132.973
32.6042 132.94
32.6373 132.917
32.6696 132.891
32.7034 132.872
32.7349 132.841
32.7691 132.825
32.8049 132.817
32.8344 132.776
32.863 132.731
32.8976 132.717
32.9334 132.708
32.9668 132.688
32.9978 132.655
33.0327 132.643
33.0661 132.622
33.097 132.59
33.1296 132.565
33.1649 132.555
33.2014 132.551
33.2331 132.522
33.264 132.49
33.2961 132.463
33.3306 132.449
33.3639 132.429
33.3935 132.39
33.4276 132.374
33.4567 132.333
33.4908 132.317
33.5285 132.319
33.5658 132.319
33.601 132.308
33.6318 132.276
33.6654 132.257
33.7014 132.251
33.7366 132.241
33.7727 132.235
33.8087 132.229
33.8369 132.184
33.8701 132.164
33.904 132.148
33.9458 132.17
33.9822 132.166
34.017 132.154
34.0468 132.117
34.0799 132.097
34.1155 132.089
34.1531 132.091
34.1899 132.089
34.2254 132.081
34.2589 132.062
34.2912 132.038
34.323 132.012
34.3614 132.018
34.4019 132.034
34.4399 132.038
34.4701 132.003
34.5031 131.983
34.544 132.001
34.5841 132.016
34.6234 132.026
34.6635 132.04
34.6978 132.026
34.7304 132.003
34.76 131.967
34.7955 131.959
34.8284 131.939
34.8681 131.951
34.9104 131.975
34.9458 131.967
34.9792 131.949
35.0075 131.906
35.0425 131.896
35.0856 131.924
35.1219 131.92
35.1565 131.908
35.1933 131.906
35.2257 131.884
35.262 131.88
35.3034 131.9
35.3376 131.886
35.3717 131.872
35.408 131.868
35.4443 131.863
35.4832 131.872
35.5216 131.878
35.5592 131.88
35.5946 131.872
35.6309 131.867
35.6693 131.874
35.706 131.871
35.7384 131.849
35.7721 131.833
35.8113 131.843
35.8532 131.865
35.893 131.877
35.9296 131.875
35.9659 131.871
36.0035 131.873
36.0397 131.869
36.0777 131.873
36.1166 131.881
36.1516 131.871
36.1848 131.853
36.2249 131.867
36.2651 131.881
36.3018 131.879
36.3372 131.871
36.377 131.883
36.4202 131.912
36.4578 131.914
36.4954 131.916
36.5338 131.922
36.5785 131.956
36.6161 131.958
36.6532 131.958
36.6903 131.958
36.7288 131.964
36.7673 131.97
36.8098 131.995
36.8487 132.003
36.8863 132.005
36.9283 132.027
36.9708 132.051
37.0093 132.057
37.0434 132.043
37.0814 132.047
37.1231 132.068
37.1616 132.074
37.2037 132.096
37.2476 132.126
37.3627 132.143
37.4067 132.173
37.4502 132.201
37.4878 132.203
37.5245 132.201
37.6098 132.25
37.6497 132.262
37.6879 132.266
37.731 132.293
37.7691 132.297
37.8068 132.299
37.8495 132.323
37.8903 132.34
37.9381 132.386
38.2766 132.566
38.3199 132.592
38.3585 132.598
38.4009 132.621
38.4437 132.645
