-17.995 109.814
-17.8536 109.453
-17.8221 109.456
-17.7898 109.453
-17.4053 108.921
-17.3708 108.899
-17.1049 108.541
-17.0676 108.495
-17.0345 108.483
-16.9235 108.351
-16.889 108.327
-16.8546 108.304
-16.8177 108.26
-16.7823 108.229
-16.7481 108.207
-16.7138 108.185
-16.681 108.175
-16.6447 108.135
-16.612 108.126
-16.5754 108.084
-16.5407 108.057
-16.5043 108.016
-16.4699 107.993
-16.4356 107.97
-16.4015 107.948
-16.2665 107.873
-16.1934 107.787
-16.1607 107.777
-16.1273 107.761
-16.0952 107.756
-16.0614 107.736
-16.0283 107.722
-15.9906 107.669
-15.9586 107.664
-15.9251 107.647
-15.8908 107.622
-15.8568 107.6
-15.8246 107.594
-15.7923 107.587
-15.7588 107.569
-15.7253 107.552
-15.6915 107.531
-15.6578 107.511
-15.6251 107.501
-15.5912 107.479
-15.5591 107.473
-15.5236 107.437
-15.4871 107.392
-15.4548 107.384
-15.4235 107.386
-15.3933 107.397
-15.3602 107.383
-15.327 107.367
-15.2946 107.358
-15.2604 107.333
-15.2277 107.321
-15.1974 107.331
-15.1635 107.31
-15.1283 107.275
-15.0965 107.272
-15.0657 107.278
-15.0311 107.249
-14.9986 107.238
-14.9655 107.222
-14.9339 107.221
-14.9015 107.212
-14.8676 107.189
-14.8352 107.18
-14.8033 107.176
-14.7719 107.176
-14.7399 107.17
-14.7066 107.152
-14.6735 107.136
-14.6416 107.132
-14.61 107.13
-14.5783 107.127
-14.5466 107.124
-14.5148 107.121
-14.4827 107.114
-14.45 107.102
-14.417 107.086
-14.3845 107.076
-14.3528 107.073
-14.3214 107.073
-14.2901 107.074
-14.2571 107.058
-14.2239 107.041
-14.1923 107.04
-14.1609 107.039
-14.1298 107.042
-14.0995 107.054
-14.0687 107.059
-14.0369 107.055
-14.0041 107.042
-13.9721 107.036
-13.9404 107.033
-13.9087 107.03
-13.8769 107.025
-13.8448 107.018
-13.8132 107.017
-13.7824 107.022
-13.7504 107.016
-13.7188 107.015
-13.688 107.02
-13.6567 107.022
-13.6243 107.012
-13.5923 107.006
-13.5608 107.004
-13.5291 107.001
-13.4974 106.998
-13.4661 106.999
-13.4353 107.005
-13.4041 107.008
-13.3724 107.005
-13.3409 107.003
-13.31 107.009
-13.2787 107.01
-13.2472 107.009
-13.2165 107.016
-13.1856 107.021
-13.1539 107.018
-13.1237 107.031
-13.093 107.038
-13.0618 107.041
-13.0305 107.042
-13.0002 107.054
-12.9689 107.055
-12.937 107.051
-12.9052 107.046
-12.8732 107.04
-12.8422 107.045
-12.8109 107.046
-12.7799 107.05
-12.7494 107.06
-12.7194 107.076
-12.6886 107.083
-12.6578 107.09
-12.6262 107.088
-12.5939 107.078
-12.5618 107.071
-12.5314 107.082
-12.5008 107.092
-12.4704 107.104
-12.4392 107.106
-12.4083 107.112
-12.3784 107.129
-12.3488 107.149
-12.3173 107.149
-12.2857 107.148
-12.2551 107.158
-12.2242 107.163
-12.1936 107.173
-12.1639 107.193
-12.134 107.211
-12.1034 107.221
-12.0728 107.231
-12.0418 107.236
-12.0108 107.242
-11.9799 107.249
-11.9491 107.256
-11.9187 107.269
-11.8876 107.273
-11.8567 107.28
-11.8256 107.284
-11.7944 107.289
-11.764 107.302
-11.7337 107.316
-11.7044 107.342
-11.6733 107.346
-11.6423 107.352
-11.6117 107.363
-11.5821 107.386
-11.5517 107.399
-11.522 107.421
-11.4919 107.438
-11.461 107.446
-11.4294 107.445
-11.3981 107.448
-11.3676 107.461
-11.3377 107.481
-11.3074 107.495
-11.2786 107.53
-11.2481 107.543
-11.2171 107.55
-11.1862 107.557
-11.1548 107.56
-11.1247 107.577
-11.0942 107.592
-11.0649 107.619
-11.034 107.628
-11.0027 107.632
-10.9726 107.651
-10.9436 107.682
-10.9149 107.72
-10.884 107.729
-10.8534 107.742
-10.8228 107.755
-10.7938 107.788
-10.7635 107.805
-10.7323 107.811
-10.7023 107.831
-10.6723 107.853
-10.6413 107.862
-10.6128 107.902
-10.5828 107.924
-10.5527 107.944
-10.523 107.97
-10.4931 107.994
-10.4631 108.015
-10.4329 108.036
-10.4028 108.056
-10.3716 108.063
-10.3417 108.087
-10.312 108.114
-10.2824 108.142
-10.255 108.2
-10.2253 108.228
-10.1951 108.25
-10.1642 108.26
-10.1344 108.288
-10.1036 108.301
-10.0737 108.326
-10.0445 108.361
-10.0145 108.386
-9.9846 108.412
-9.95471 108.438
-9.92449 108.46
-9.89457 108.486
-9.86464 108.513
-9.83595 108.557
-9.80713 108.599
-9.48261 108.976
-9.45259 109.004
-9.42246 109.031
-9.39341 109.073
-9.07706 109.615
-9.04672 109.642
-9.01771 109.69
-8.98772 109.722
-8.95981 109.788
-8.79104 110.172
