-34.5666 144.686
-34.5255 144.68
-34.4791 144.645
-34.4264 144.578
-34.3805 144.545
-34.339 144.537
-34.2926 144.502
-34.2003 144.435
-34.1588 144.427
-33.9732 144.286
-33.9291 144.263
-33.8868 144.25
-33.8445 144.237
-33.8031 144.228
-33.7586 144.203
-33.7128 144.171
-33.6718 144.164
-33.6257 144.13
-33.5795 144.095
-33.5346 144.068
-33.4889 144.036
-33.448 144.029
-33.4075 144.025
-33.3635 144.003
-33.3226 143.996
-33.2761 143.959
-33.2356 143.955
-33.1951 143.951
-33.1499 143.922
-33.1094 143.917
-32.9376 143.848
-32.8972 143.844
-32.8575 143.844
-32.8166 143.838
-32.7711 143.806
-32.7268 143.781
-32.6847 143.767
-32.64 143.74
-32.6 143.738
-32.5608 143.741
-32.5207 143.739
-32.4752 143.707
-32.4348 143.703
-32.3994 143.727
-32.3589 143.723
-32.3151 143.7
-32.2755 143.701
-32.2313 143.676
-32.1917 143.677
-32.1508 143.67
-32.1112 143.671
-32.0691 143.657
-32.0295 143.658
-31.9886 143.652
-31.9474 143.643
-31.9028 143.616
-31.8628 143.614
-31.8301 143.654
-31.793 143.668
-31.755 143.678
-31.7145 143.674
-31.6708 143.652
-31.6307 143.65
-31.5915 143.653
-31.5511 143.649
-31.5098 143.64
-31.469 143.633
-31.4305 143.641
-31.3953 143.667
-31.3521 143.647
-31.312 143.645
-31.2736 143.653
-31.2327 143.646
-31.1915 143.637
-31.1538 143.65
-31.1158 143.659
-31.0757 143.658
-31.0364 143.661
-30.9972 143.663
-30.9547 143.648
-30.9103 143.62
-30.871 143.623
-30.8334 143.636
-30.7925 143.629
-30.7524 143.627
-30.7155 143.644
-30.6755 143.642
-30.6279 143.597
-30.5898 143.606
-30.5616 143.674
-30.5282 143.712
-30.4905 143.724
-30.45 143.72
-30.4087 143.711
-30.3694 143.714
-30.334 143.741
-30.2935 143.736
-30.2534 143.735
-30.2169 143.754
-30.1771 143.754
-30.1359 143.746
-30.0993 143.765
-30.0615 143.777
-30.0245 143.794
-29.9921 143.839
-29.9558 143.86
-29.918 143.872
-29.852 143.715
-29.8474 143.927
-29.8114 143.951
-29.7732 143.961
-29.735 143.971
-29.6971 143.983
-29.6573 143.984
-29.6194 143.996
-29.5819 144.01
-29.5452 144.03
-29.51 144.058
-29.4762 144.096
-29.4379 144.106
-29.4 144.118
-29.3617 144.128
-29.3226 144.134
-29.2892 144.174
-29.2513 144.186
-29.2141 144.203
-29.1784 144.229
-29.14 144.239
-29.1017 144.249
-29.0637 144.262
-29.0294 144.297
-28.9918 144.312
-28.9564 144.34
-28.9187 144.355
-28.8845 144.391
-28.8487 144.417
-28.8091 144.42
-28.771 144.432
-28.7378 144.475
-28.7005 144.492
-28.6613 144.497
-28.6273 144.536
-28.5925 144.569
-28.554 144.579
-28.5155 144.589
-28.4833 144.639
-28.4448 144.649
-28.4111 144.689
-28.377 144.728
-28.3421 144.761
-28.3036 144.771
-28.2647 144.779
-28.2298 144.812
-28.1956 144.851
-28.1577 144.865
-28.1261 144.92
-28.0919 144.958
-28.0533 144.968
-28.0234 145.035
-27.9884 145.069
-27.9505 145.084
-27.9212 145.155
-27.8862 145.189
-27.8511 145.222
-27.71 145.353
-27.6749 145.386
-27.6408 145.427
-27.6121 145.504
-27.5766 145.535
-27.5382 145.548
-27.5037 145.586
-27.2771 145.96
-27.2382 145.97
-26.1079 146.266
-26.0821 146.37
-26.0604 146.502
-26.054 146.743
-26.0686 147.132
-26.0444 147.249
-26.0102 147.296
-25.9644 147.26
