-24.8717 83.9097
-24.8432 83.8985
-9.79362 145.795
-9.74977 145.729
-9.53034 145.388
-9.48827 145.353
-9.44769 145.346
-9.40724 145.342
-9.36557 145.314
-9.32053 145.22
-9.27782 145.171
-9.23704 145.159
-9.1952 145.127
-9.06413 144.916
-9.0233 144.902
-8.98167 144.872
-8.93959 144.832
-8.85571 144.758
-8.7316 144.679
-8.68838 144.614
-8.44038 144.452
-8.39894 144.422
-8.35741 144.389
-8.19185 144.269
-8.15154 144.262
-8.11135 144.258
-8.07021 144.233
-8.02899 144.205
-7.98891 144.203
-7.94739 144.168
-7.90681 144.154
-7.86451 144.101
-7.82415 144.092
-7.7837 144.081
-7.74245 144.051
-7.7021 144.041
-7.66107 144.016
-7.62064 144.005
-7.57944 143.975
-7.53902 143.963
-7.49832 143.945
-7.45801 143.936
-7.4177 143.927
-7.37693 143.906
-7.33625 143.888
-7.29597 143.879
-7.25549 143.865
-7.21521 143.856
-7.17438 143.833
-7.13402 143.822
-7.09384 143.815
-7.05322 143.796
-7.01224 143.769
-6.97172 143.753
-6.93157 143.746
-6.89177 143.749
-6.85197 143.751
-6.812 143.749
-6.77176 143.74
-6.73136 143.726
-6.69104 143.715
-6.65099 143.71
-6.61035 143.69
-6.57005 143.678
-6.5295 143.66
-6.48938 143.653
-6.4496 143.656
-6.40989 143.66
-6.36978 143.654
-6.32958 143.645
-6.28963 143.643
-6.24985 143.645
-6.20982 143.641
-6.16987 143.638
-6.12992 143.636
-6.0899 143.632
-6.04995 143.63
-6.0097 143.618
-5.96968 143.614
-5.92982 143.614
-5.88996 143.614
-5.85024 143.619
-5.81075 143.631
-5.7708 143.628
-5.73049 143.615
-5.69012 143.599
-5.65025 143.599
-5.61082 143.613
-5.5711 143.618
-5.53116 143.616
-5.49143 143.62
-5.45219 143.641
-5.41253 143.648
-5.37217 143.632
-5.33181 143.616
-5.29127 143.593
-5.25093 143.577
-5.21167 143.598
-5.172 143.605
-5.13266 143.624
-5.09291 143.629
-5.05304 143.629
-5.01316 143.629
-4.97322 143.627
-4.93354 143.634
-4.8941 143.65
-4.85459 143.664
-4.81483 143.669
-4.77531 143.683
-4.73572 143.695
-4.69583 143.695
-4.65605 143.7
-4.61651 143.714
-4.57691 143.725
-4.53718 143.733
-4.49751 143.742
-4.458 143.758
-4.41826 143.765
-4.37846 143.77
-4.33893 143.786
-4.29929 143.798
-4.25948 143.803
-4.21994 143.819
-4.18022 143.829
-4.14051 143.838
-4.10084 143.85
-4.06137 143.871
-4.02164 143.88
-3.98195 143.892
-3.94211 143.897
-3.90246 143.911
-3.86295 143.932
-3.82339 143.95
-3.78382 143.969
-3.74409 143.981
-3.70455 144.002
-3.6651 144.028
-3.62544 144.044
-3.58555 144.049
-3.54579 144.06
-3.50607 144.074
-3.46648 144.095
-3.42666 144.105
-3.38705 144.126
-3.34735 144.142
-3.30751 144.152
-3.26788 144.173
-3.22827 144.196
-3.18862 144.217
-3.14887 144.234
-3.10932 144.262
-3.06979 144.292
-3.03041 144.332
-2.99085 144.362
-2.95094 144.372
-2.91132 144.4
-2.87155 144.418
-2.83231 144.472
-2.79243 144.486
-2.75252 144.498
-2.71301 144.538
-2.67318 144.557
-2.63388 144.613
-2.59406 144.634
-2.5541 144.646
-2.51468 144.697
-2.47473 144.711
-2.43467 144.719
-2.39526 144.775
-2.35562 144.815
-2.31586 144.848
-2.27586 144.862
-2.23616 144.902
-2.19671 144.963
-2.15694 145
-2.11714 145.036
-2.07705 145.048
-2.03756 145.113
-1.9977 145.149
-1.95788 145.189
-1.91802 145.226
-1.87811 145.262
-1.83829 145.307
-1.79869 145.377
-1.7588 145.42
-1.71889 145.462
-1.67917 145.529
-1.63926 145.576
-1.5992 145.609
-1.55917 145.647
-1.51941 145.72
-1.47938 145.763
-1.43955 145.834
-1.3997 145.908
-0.879281 146.969
-0.838715 146.989
