-10.6589 131.453
-10.6206 131.443
-10.5813 131.417
-10.5434 131.411
-10.5036 131.377
-10.4625 131.322
-10.1048 131.006
-10.0669 131
-9.9479 130.894
-9.90749 130.846
-9.86965 130.84
-9.83048 130.812
-9.79096 130.778
-9.7517 130.748
-9.71376 130.74
-9.67452 130.71
-9.63529 130.68
-9.59773 130.678
-9.56005 130.674
-9.52132 130.652
-9.48224 130.624
-9.44411 130.612
-9.40483 130.58
-9.36602 130.556
-9.32813 130.549
-9.28911 130.521
-9.2501 130.493
-9.21224 130.485
-9.17314 130.455
-9.13405 130.425
-9.09531 130.401
-9.05758 130.395
-9.01996 130.391
-8.98224 130.386
-8.94342 130.36
-8.90493 130.34
-8.86711 130.332
-8.82908 130.32
-8.79062 130.3
-8.75302 130.296
-8.71533 130.291
-8.67688 130.271
-8.63908 130.263
-8.60129 130.255
-8.56297 130.237
-8.52445 130.215
-8.48667 130.207
-8.44879 130.198
-8.41101 130.19
-8.37293 130.176
-8.33527 130.17
-8.2975 130.162
-8.25943 130.148
-8.22127 130.133
-8.18311 130.117
-8.14537 130.109
-8.10802 130.109
-8.07087 130.113
-8.03342 130.111
-7.99578 130.106
-7.95755 130.088
-7.91972 130.078
-7.88208 130.072
-7.84435 130.064
-7.80682 130.06
-7.76929 130.057
-7.73176 130.053
-7.69442 130.053
-7.6567 130.045
-7.61917 130.041
-7.58192 130.043
-7.54449 130.042
-7.5065 130.028
-7.46879 130.02
-7.43137 130.018
-7.39421 130.022
-7.35705 130.026
-7.31989 130.031
-7.28237 130.027
-7.2444 130.013
-7.20644 129.999
-7.16893 129.995
-7.13186 130.001
-7.09426 129.996
-7.05701 129.998
-7.0195 129.994
-6.98233 129.998
-6.94525 130.004
-6.90825 130.012
-6.87116 130.018
-6.83365 130.015
-6.79588 130.005
-6.75862 130.007
-6.72111 130.003
-6.68426 130.015
-6.6465 130.005
-6.60916 130.006
-6.57206 130.012
-6.53503 130.02
-6.49817 130.032
-6.46097 130.036
-6.42362 130.036
-6.38674 130.048
-6.34954 130.053
-6.31241 130.059
-6.27528 130.065
-6.23854 130.081
-6.20194 130.101
-6.16495 130.111
-6.12795 130.121
-6.0908 130.128
-6.05335 130.126
-6.01612 130.13
-5.97911 130.14
-5.94217 130.152
-5.90478 130.152
-5.8679 130.166
-5.83095 130.179
-5.79384 130.187
-5.75673 130.195
-5.72019 130.219
-5.68328 130.233
-5.64594 130.235
-5.60853 130.236
-5.57147 130.246
-5.53488 130.27
-5.49753 130.272
-5.46025 130.276
-5.42316 130.286
-5.38634 130.305
-5.34898 130.307
-5.31255 130.337
-5.27623 130.371
-5.23957 130.395
-5.20225 130.4
-5.16506 130.408
-5.12844 130.434
-5.0911 130.438
-5.05364 130.438
-5.01656 130.45
-4.98058 130.499
-4.94348 130.511
-4.90606 130.513
-4.86931 130.537
-4.83285 130.572
-4.79632 130.604
-4.75947 130.626
-4.7222 130.635
-4.68481 130.639
-4.64741 130.643
-4.61071 130.671
-4.57388 130.695
-4.53664 130.706
-4.46332 130.768
-4.42661 130.799
-4.38922 130.805
-4.35167 130.805
-4.31488 130.834
-4.27823 130.868
-4.24141 130.896
-4.20458 130.925
-4.16778 130.955
-4.1305 130.968
-4.09399 131.01
-4.0565 131.014
-4.01909 131.023
-3.90933 131.148
-3.87243 131.179
-3.83508 131.191
-3.79868 131.244
-3.76178 131.277
-3.72435 131.287
-3.68794 131.342
-3.54071 131.501
-3.50379 131.538
-3.4669 131.577
-3.4299 131.611
-3.20869 131.875
-3.17201 131.933
-3.13435 131.941
-2.0374 134.941
