-5.54206 136.613
-5.50374 136.607
-5.46623 136.626
-5.34308 135.15
-5.30286 135.074
-5.26074 134.935
-5.22042 134.852
-5.17969 134.755
-5.09725 134.525
-5.05692 134.436
-5.01719 134.366
-4.97657 134.266
-4.93697 134.198
-4.89776 134.143
-4.85881 134.096
-4.6223 133.695
-4.58258 133.614
-4.54261 133.522
-4.50413 133.484
-4.46631 133.469
-4.42769 133.425
-4.38909 133.38
-4.35013 133.321
-4.31179 133.284
-4.27356 133.252
-4.23483 133.199
-4.19689 133.177
-4.1583 133.128
-4.12024 133.1
-3.92695 132.825
-3.88904 132.799
-3.85156 132.791
-3.81409 132.783
-3.77589 132.742
-3.73779 132.706
-3.7003 132.696
-3.66169 132.635
-3.62359 132.597
-3.58578 132.571
-3.54837 132.563
-3.51053 132.535
-3.47232 132.488
-3.43477 132.472
-3.39684 132.438
-3.35897 132.406
-3.3212 132.378
-3.2834 132.348
-3.24554 132.314
-3.20784 132.287
-3.17059 132.283
-3.13287 132.255
-3.0954 132.239
-3.05759 132.205
-3.02002 132.183
-2.98276 132.177
-2.94506 132.147
-2.90781 132.141
-2.87027 132.119
-2.83261 132.089
-2.79482 132.051
-2.75728 132.027
-2.71989 132.011
-2.68204 131.967
-2.6449 131.965
-2.60779 131.965
-2.57059 131.958
-2.53336 131.95
-2.49588 131.926
-2.45866 131.918
-2.4215 131.914
-2.38401 131.888
-2.34651 131.86
-2.30934 131.854
-2.27203 131.838
-2.23458 131.812
-2.19742 131.806
-2.16024 131.798
-2.12314 131.796
-2.08593 131.786
-2.0485 131.758
-2.01124 131.742
-1.97412 131.738
-1.93697 131.73
-1.89974 131.716
-1.86252 131.702
-1.82532 131.69
-1.78823 131.686
-1.75109 131.678
-1.71397 131.672
-1.67682 131.662
-1.63965 131.65
-1.6025 131.64
-1.56536 131.63
-1.52822 131.62
-1.49117 131.618
-1.45413 131.618
-1.417 131.608
-1.37989 131.6
-1.34279 131.592
-1.30568 131.582
-1.26863 131.58
-1.23162 131.582
-1.19457 131.579
-1.15746 131.569
-1.12041 131.565
-1.08338 131.565
-1.0463 131.557
-1.00923 131.551
-0.972133 131.539
-0.935075 131.533
-0.89809 131.539
-0.861125 131.549
-0.82409 131.547
-0.786971 131.529
-0.749831 131.505
-0.712787 131.499
-0.675774 131.499
-0.638787 131.505
-0.601831 131.519
-0.564938 131.55
-0.527891 131.544
-0.490805 131.526
-0.453851 131.546
-0.416845 131.552
-0.379808 131.548
-0.342773 131.544
-0.305735 131.538
-0.268687 131.526
-0.231675 131.53
-0.194665 131.535
-0.157646 131.537
-0.120618 131.533
-0.0835905 131.527
-0.046572 131.529
-0.00955746 131.539
0.02746 131.553
0.0644858 131.553
0.101512 131.553
0.138539 131.556
0.175569 131.564
0.212602 131.57
0.249635 131.574
0.286668 131.576
0.323694 131.572
0.36073 131.576
0.397772 131.582
0.434808 131.583
0.471863 131.593
0.508908 131.597
0.545954 131.601
0.583032 131.615
0.620122 131.631
0.657232 131.65
0.694301 131.656
0.731365 131.66
0.768438 131.666
0.805531 131.676
0.842629 131.686
0.879816 131.714
0.916916 131.721
0.953989 131.723
0.991094 131.731
1.0282 131.739
1.06529 131.743
1.10252 131.769
1.13968 131.782
1.17684 131.796
1.21394 131.798
1.25115 131.818
1.28828 131.824
1.32542 131.832
1.36272 131.859
1.39989 131.869
1.43702 131.873
1.47423 131.887
1.51138 131.893
1.54853 131.899
1.58586 131.925
1.62344 131.976
1.66065 131.986
1.69806 132.016
1.73548 132.046
1.77269 132.054
1.81001 132.072
1.84727 132.084
1.88471 132.111
1.92194 132.119
1.95936 132.143
1.99678 132.167
2.03429 132.197
2.07155 132.205
2.10878 132.211
2.14654 132.259
2.18384 132.269
2.22143 132.3
2.25874 132.31
2.29653 132.356
2.33389 132.368
2.37177 132.418
2.40909 132.426
2.4467 132.454
2.55944 132.528
2.59709 132.556
2.63475 132.584
2.67243 132.612
2.71015 132.642
2.86142 132.779
3.66331 133.679
3.70178 133.726
3.74101 133.807
3.77922 133.84
3.81722 133.862
3.85559 133.901
3.89356 133.921
4.05178 134.271
