7.28397 150.821
7.62592 149.947
7.66571 149.9
7.70528 149.848
7.74583 149.821
7.78344 149.722
7.82304 149.673
7.86303 149.633
7.94089 149.505
7.97927 149.429
8.02031 149.416
8.05759 149.315
8.0962 149.246
8.13719 149.234
8.17585 149.168
8.21534 149.121
8.33324 148.972
8.37297 148.932
8.41269 148.893
8.45315 148.871
8.49162 148.805
8.53106 148.761
8.56959 148.697
8.60977 148.671
8.64893 148.622
8.68975 148.61
8.72967 148.578
8.76889 148.532
8.80843 148.493
8.8491 148.478
8.88804 148.427
8.92858 148.41
8.96737 148.356
9.00788 148.339
9.04745 148.303
9.08723 148.271
9.12783 148.256
9.16748 148.222
9.20723 148.191
9.2478 148.176
9.28741 148.142
9.32796 148.128
9.36706 148.084
9.40747 148.067
9.448 148.053
9.48718 148.011
9.52719 147.987
9.56659 147.951
9.60658 147.926
9.64706 147.912
9.68754 147.897
9.72763 147.876
9.76797 147.859
9.80829 147.842
9.84874 147.827
9.8888 147.806
9.92808 147.769
9.96837 147.752
10.0087 147.736
10.0493 147.726
10.0896 147.709
10.1295 147.685
10.1697 147.668
10.2102 147.656
10.2506 147.641
10.2908 147.625
10.3311 147.608
10.3721 147.605
10.4123 147.588
10.4521 147.564
10.4923 147.547
10.5332 147.543
10.5731 147.521
10.6137 147.511
10.6545 147.507
10.6954 147.502
10.7361 147.495
10.7766 147.483
10.8167 147.466
10.8574 147.459
10.898 147.449
10.938 147.43
10.9782 147.415
11.0183 147.398
11.0587 147.386
11.0988 147.37
11.1389 147.353
11.1797 147.348
11.2208 147.348
11.2618 147.346
11.3022 147.334
11.343 147.329
11.3838 147.324
11.4232 147.298
11.4633 147.281
11.5051 147.293
11.5462 147.293
11.5868 147.286
11.6283 147.293
11.6685 147.279
11.7082 147.257
11.7517 147.296
11.7934 147.305
11.8348 147.31
11.8744 147.286
11.915 147.279
11.9557 147.274
11.9968 147.274
12.0377 147.272
12.0776 147.253
12.1185 147.25
12.1605 147.265
12.2027 147.282
12.2442 147.289
12.2851 147.287
12.3257 147.279
12.3678 147.294
12.4091 147.299
12.4501 147.296
12.4905 147.287
12.5321 147.294
12.5739 147.306
12.6155 147.313
12.6571 147.321
12.6983 147.323
12.7399 147.33
12.7813 147.335
12.823 147.345
12.8646 147.352
12.906 147.357
12.9478 147.367
12.9901 147.384
13.0317 147.391
13.0733 147.398
13.114 147.394
13.1561 147.408
13.1974 147.411
13.2397 147.427
13.2823 147.449
13.3238 147.454
13.3645 147.449
13.4055 147.447
13.4471 147.454
13.491 147.493
13.5347 147.529
13.5777 147.556
13.6192 147.561
13.6605 147.563
13.7024 147.573
13.7458 147.604
13.7871 147.607
13.8282 147.607
13.8699 147.614
13.9137 147.65
13.9576 147.687
13.9991 147.692
14.0401 147.689
14.0832 147.716
14.1253 147.728
14.2125 147.794
14.2543 147.801
14.2982 147.837
14.3396 147.84
14.3811 147.845
14.4247 147.876
14.4687 147.913
14.5111 147.927
14.5541 147.952
14.5963 147.964
14.6399 147.995
14.6821 148.008
14.7256 148.037
14.7699 148.076
14.8167 148.146
14.8612 148.188
14.9034 148.2
14.9464 148.222
14.9884 148.232
15.0344 148.29
15.0764 148.3
15.121 148.341
15.1631 148.351
15.2097 148.417
15.2546 148.461
15.2992 148.503
15.3408 148.505
15.4294 148.578
15.5179 148.649
15.5633 148.698
15.6081 148.74
15.6525 148.777
15.6973 148.818
15.745 148.894
15.7903 148.941
15.8355 148.985
15.8831 149.059
15.9268 149.086
15.9711 149.12
