-4.13654 135.275
-3.34408 133.506
-3.3059 133.47
-3.26734 133.413
-3.22916 133.374
-3.1906 133.315
-3.15195 133.25
-3.11345 133.192
-3.07592 133.183
-3.03746 133.125
-2.99988 133.112
-2.96146 133.054
-2.92299 132.991
-2.88502 132.955
-2.84752 132.944
-2.77133 132.854
-2.73348 132.821
-2.69535 132.771
-2.65784 132.757
-2.6201 132.728
-2.58228 132.694
-2.54416 132.64
-2.50671 132.627
-2.46869 132.577
-2.43057 132.519
-2.39284 132.485
-2.35544 132.472
-2.3181 132.464
-2.28045 132.434
-2.24257 132.386
-2.20512 132.368
-2.16722 132.316
-2.12976 132.296
-2.09255 132.294
-2.05531 132.289
-2.01798 132.277
-1.98045 132.249
-1.94315 132.239
-1.90557 132.205
-1.86773 132.147
-1.83021 132.115
-1.79279 132.091
-1.75554 132.081
-1.71808 132.051
-1.68075 132.033
-1.64323 131.995
-1.60583 131.967
-1.56863 131.959
-1.53123 131.929
-1.49404 131.921
-1.45694 131.92
-1.41983 131.92
-1.38252 131.896
-1.34531 131.884
-1.308 131.858
-1.27063 131.824
-1.23329 131.792
-1.19617 131.786
-1.15908 131.784
-1.12196 131.778
-1.08476 131.76
-1.04755 131.74
-1.01042 131.73
-0.973317 131.724
-0.936254 131.724
-0.89912 131.712
-0.861888 131.682
-0.824692 131.656
-0.78756 131.64
-0.750465 131.63
-0.713452 131.636
-0.676426 131.64
-0.63932 131.626
-0.602237 131.616
-0.565197 131.616
-0.528136 131.61
-0.491028 131.59
-0.453968 131.582
-0.416905 131.572
-0.37987 131.57
-0.34283 131.566
-0.305764 131.55
-0.268674 131.52
-0.231625 131.504
-0.1946 131.498
-0.157577 131.492
-0.12056 131.488
-0.0835466 131.486
-0.0465358 131.485
-0.00952261 131.481
0.027488 131.479
0.0644987 131.471
0.101505 131.455
0.138508 131.449
0.175509 131.447
0.212509 131.443
0.24951 131.443
0.286511 131.443
0.323512 131.443
0.360507 131.439
0.397507 131.439
0.434499 131.435
0.471521 131.444
0.508497 131.434
0.545458 131.42
0.582378 131.395
0.619317 131.379
0.65627 131.369
0.693377 131.402
0.730529 131.444
0.767554 131.45
0.804513 131.44
0.841504 131.437
0.878541 131.445
0.915463 131.429
0.952419 131.421
0.989414 131.421
1.0264 131.419
1.06344 131.427
1.10054 131.445
1.13756 131.447
1.17457 131.448
1.21158 131.45
1.24857 131.448
1.28556 131.446
1.32253 131.442
1.35951 131.44
1.39659 131.45
1.43367 131.46
1.47077 131.471
1.50784 131.479
1.5449 131.485
1.58195 131.489
1.61905 131.499
1.65613 131.507
1.6932 131.512
1.73023 131.514
1.76725 131.514
1.80442 131.53
1.84163 131.548
1.87874 131.555
1.91582 131.561
1.95291 131.567
1.99003 131.575
2.0271 131.579
2.06427 131.591
2.10144 131.602
2.13857 131.61
2.17573 131.62
2.21289 131.63
2.25005 131.64
2.2873 131.656
2.32461 131.675
2.36176 131.683
2.39892 131.691
2.43617 131.705
2.47356 131.729
2.51076 131.738
2.54791 131.744
2.58512 131.754
2.6223 131.762
2.65967 131.782
2.6972 131.811
2.73453 131.827
2.77186 131.843
2.80904 131.849
2.84618 131.853
2.88337 131.859
2.92092 131.886
2.95879 131.932
2.99613 131.946
3.03366 131.97
3.0709 131.978
3.10812 131.984
3.14577 132.013
3.18366 132.055
3.22101 132.067
3.25836 132.079
3.29594 132.103
3.33342 132.121
3.37083 132.134
3.40817 132.144
3.44619 132.188
3.48366 132.204
3.52139 132.232
3.55904 132.256
3.59641 132.266
3.63413 132.292
3.67202 132.326
3.70985 132.356
3.74777 132.389
3.78566 132.421
3.82348 132.449
3.86141 132.481
3.89934 132.513
3.93729 132.545
3.97525 132.577
4.01318 132.607
4.0507 132.619
4.08918 132.672
4.12676 132.685
4.16469 132.714
4.20273 132.746
4.24079 132.778
4.3184 132.9
4.35646 132.931
4.39412 132.945
4.43272 132.995
4.47029 133.005
4.50977 133.088
4.54742 133.1
4.70204 133.293
4.85792 133.52
4.89695 133.577
4.93555 133.617
4.97393 133.65
5.0125 133.688
5.09274 133.87
5.13138 133.908
5.25095 134.141
5.29125 134.231
5.32989 134.265
5.41131 134.466
