-11.4543 130.997
-11.4143 130.961
-11.3741 130.921
-11.3323 130.858
-11.2908 130.8
-11.2494 130.742
-11.2095 130.706
-11.1696 130.67
-11.1285 130.616
-11.0885 130.578
-11.0486 130.54
-11.0073 130.482
-10.9656 130.418
-10.9259 130.382
-10.8862 130.348
-10.8485 130.342
-10.8094 130.316
-10.7699 130.283
-10.4882 129.968
-10.4491 129.938
-10.4113 129.931
-10.3721 129.901
-10.333 129.871
-10.2924 129.82
-10.2546 129.81
-10.2151 129.774
-10.1749 129.727
-10.137 129.717
-10.0993 129.709
-10.0604 129.681
-10.0212 129.65
-9.98195 129.616
-9.94438 129.61
-9.90549 129.583
-9.86516 129.531
-9.82629 129.504
-9.7884 129.492
-9.74991 129.47
-9.71203 129.459
-9.67321 129.431
-9.63475 129.41
-9.59723 129.404
-9.55973 129.398
-9.52094 129.37
-9.48193 129.339
-9.44282 129.305
-9.40441 129.284
-9.36682 129.276
-9.33037 129.288
-9.29278 129.28
-9.2553 129.275
-9.21613 129.239
-9.17608 129.188
-9.13874 129.184
-9.10173 129.186
-9.06428 129.18
-9.02594 129.159
-8.98795 129.143
-8.94985 129.126
-8.91252 129.122
-8.8752 129.118
-8.83755 129.108
-8.80055 129.111
-8.76344 129.111
-8.72515 129.089
-8.68656 129.062
-8.64819 129.038
-8.6113 129.042
-8.57315 129.023
-8.53522 129.007
-8.49772 128.999
-8.46011 128.99
-8.4222 128.974
-8.38449 128.962
-8.3471 128.957
-8.31053 128.967
-8.27345 128.967
-8.23575 128.955
-8.19766 128.936
-8.16028 128.93
-8.1229 128.924
-8.08523 128.912
-8.04786 128.907
-8.01078 128.907
-7.97341 128.901
-7.93546 128.883
-7.8979 128.874
-7.86025 128.862
-7.82232 128.844
-7.78477 128.835
-7.74752 128.831
-7.71055 128.833
-7.67377 128.839
-7.63689 128.843
-7.59972 128.841
-7.56238 128.836
-7.52531 128.836
-7.48861 128.844
-7.45208 128.856
-7.41474 128.85
-7.37703 128.836
-7.33987 128.835
-7.30244 128.827
-7.26537 128.827
-7.22847 128.831
-7.19122 128.827
-7.15389 128.822
-7.11769 128.841
-7.08009 128.83
-7.04241 128.816
-7.00517 128.812
-6.96861 128.824
-6.93111 128.815
-6.89378 128.809
-6.85663 128.807
-6.81972 128.811
-6.78349 128.831
-6.74682 128.841
-6.71057 128.861
-6.67373 128.867
-6.63648 128.863
-6.59988 128.875
-6.56271 128.873
-6.52505 128.859
-6.48829 128.868
-6.45215 128.891
-6.41648 128.927
-6.37969 128.935
-6.34266 128.937
-6.30594 128.947
-6.26953 128.965
-6.23272 128.973
-6.19568 128.975
-6.15879 128.981
-6.1216 128.979
-6.08433 128.975
-6.04758 128.986
-6.0112 129.005
-5.97467 129.021
-5.93768 129.025
-5.90084 129.033
-5.86393 129.039
-5.82715 129.049
-5.79094 129.075
-5.75416 129.085
-5.71736 129.095
-5.68035 129.099
-5.64348 129.107
-5.60709 129.129
-5.57021 129.137
-5.5338 129.159
-5.49745 129.183
-5.46001 129.175
-5.42297 129.179
-5.3864 129.197
-5.34949 129.205
-5.31356 129.243
-5.27683 129.257
-5.2399 129.265
-5.20297 129.273
-5.16699 129.311
-5.13011 129.321
-5.09372 129.347
-5.05689 129.359
-5.02054 129.387
-4.98375 129.401
-4.94776 129.441
-4.91101 129.457
-4.8745 129.481
-4.83744 129.487
-4.80097 129.513
-4.76454 129.541
-4.72752 129.549
-4.69101 129.575
-4.65462 129.605
-4.61746 129.609
-4.58104 129.639
-4.54466 129.671
-4.50821 129.701
-4.47113 129.709
-4.43461 129.737
-4.39801 129.763
-4.36103 129.775
-4.32528 129.833
-4.28875 129.863
-4.25152 129.867
-4.21492 129.895
-4.17846 129.929
-4.14147 129.943
-4.10535 129.991
-4.06813 129.997
-4.03152 130.027
-3.9955 130.081
-3.9584 130.094
-3.92249 130.154
-3.88581 130.184
-3.84854 130.19
-3.81175 130.216
-3.26417 130.892
-3.22679 130.902
-3.18941 130.912
-3.15274 130.959
