-24.87 83.9017
-24.8432 83.8985
-11.5196 146.965
-11.4766 146.927
-11.0567 146.019
-11.014 145.979
-10.9712 145.939
-10.0681 144.931
-10.0259 144.894
-9.9844 144.868
-9.94379 144.859
-9.8576 144.75
-9.81563 144.715
-9.77379 144.682
-9.73323 144.673
-9.64937 144.604
-9.60884 144.595
-9.56694 144.56
-9.5253 144.53
-9.48466 144.518
-9.44244 144.477
-9.40072 144.444
-9.35962 144.423
-9.31901 144.412
-9.27709 144.375
-9.23674 144.368
-9.1965 144.364
-9.15509 144.336
-9.11345 144.304
-9.07147 144.264
-9.0301 144.237
-8.98989 144.232
-8.94854 144.205
-8.908 144.193
-8.86769 144.186
-8.82625 144.156
-8.78573 144.145
-8.74555 144.141
-8.70526 144.134
-8.66419 144.111
-8.62424 144.111
-8.5833 144.09
-8.5428 144.079
-8.50209 144.063
-8.45997 144.017
-8.42004 144.017
-8.38022 144.019
-8.33964 144.006
-8.298 143.969
-8.25659 143.937
-8.21583 143.918
-8.17571 143.914
-8.13527 143.902
-8.09495 143.893
-8.05525 143.898
-8.01555 143.903
-7.97533 143.896
-7.9346 143.878
-7.89439 143.871
-7.85408 143.862
-7.81368 143.851
-7.77298 143.832
-7.73338 143.84
-7.69318 143.833
-7.65319 143.831
-7.61319 143.829
-7.5731 143.824
-7.53281 143.815
-7.49253 143.806
-7.45245 143.801
-7.41227 143.795
-7.37228 143.793
-7.33229 143.79
-7.29231 143.788
-7.25232 143.786
-7.21206 143.777
-7.17161 143.763
-7.13154 143.759
-7.09156 143.757
-7.05204 143.766
-7.01233 143.771
-6.97217 143.764
-6.93219 143.762
-6.89257 143.769
-6.85294 143.777
-6.81287 143.772
-6.77307 143.775
-6.73326 143.777
-6.69328 143.775
-6.6539 143.789
-6.61357 143.778
-6.57343 143.771
-6.53303 143.757
-6.4928 143.748
-6.45366 143.769
-6.4136 143.765
-6.37338 143.755
-6.33283 143.737
-6.2927 143.73
-6.25362 143.754
-6.21389 143.758
-6.17447 143.773
-6.13512 143.789
-6.09545 143.796
-6.05563 143.799
-6.01619 143.813
-5.97636 143.815
-5.93668 143.822
-5.89714 143.834
-5.85798 143.857
-5.81851 143.871
-5.77874 143.876
-5.73896 143.881
-5.69955 143.897
-5.65991 143.907
-5.62041 143.921
-5.58069 143.928
-5.54097 143.935
-5.50131 143.944
-5.46214 143.97
-5.42254 143.982
-5.38266 143.984
-5.34346 144.01
-5.30391 144.024
-5.26456 144.045
-5.22493 144.057
-5.18496 144.057
-5.14505 144.06
-5.10535 144.069
-5.06589 144.088
-5.02617 144.097
-4.98645 144.107
-4.94717 144.132
-4.908 144.163
-4.86825 144.172
-4.82837 144.177
-4.78856 144.184
-4.74917 144.208
-4.71001 144.24
-4.67035 144.254
-4.63087 144.275
-4.59096 144.28
-4.55117 144.29
-4.51195 144.322
-4.4722 144.334
-4.4329 144.365
-4.39365 144.397
-4.35399 144.414
-4.3152 144.468
-4.27552 144.484
-4.23561 144.491
-4.19596 144.51
-4.15657 144.541
-4.11675 144.552
-4.0775 144.59
-4.03823 144.627
-3.99884 144.66
-3.95892 144.67
-3.91936 144.696
-3.87993 144.728
-3.84 144.738
-3.80064 144.775
-3.76127 144.813
-3.72183 144.848
-3.68257 144.893
-3.64352 144.949
-3.60348 144.957
-3.56347 144.966
-3.52406 145.006
-3.48493 145.063
-3.44494 145.074
-3.4049 145.084
-3.36581 145.145
-3.32622 145.18
-3.28627 145.197
-3.24732 145.27
-3.20818 145.334
-3.16798 145.339
-3.12831 145.374
-3.08918 145.443
-3.04958 145.485
-3.00997 145.528
-2.97026 145.566
-2.93054 145.603
-2.8118 145.753
-2.69304 145.914
-2.65321 145.955
-2.61387 146.031
-2.57486 146.133
-2.53529 146.197
-2.49514 146.221
-2.45567 146.297
-2.41614 146.371
-2.37652 146.44
-2.33696 146.517
-2.29707 146.569
