-2.12594 110.351
-2.09352 110.34
-2.02728 110.223
-1.99483 110.208
-1.96266 110.212
-1.92856 110.078
-1.89613 110.061
-1.53588 109.522
-1.50389 109.529
-1.47157 109.507
-1.43906 109.465
-1.40689 109.454
-1.37443 109.416
-1.34194 109.371
-1.30982 109.363
-1.27759 109.343
-1.24548 109.335
-1.21328 109.316
-1.18068 109.252
-1.14843 109.223
-1.11631 109.21
-1.08395 109.167
-1.05164 109.127
-1.01953 109.11
-0.987599 109.118
-0.955421 109.091
-0.890879 109.005
-0.858783 108.984
-0.826688 108.962
-0.794566 108.934
-0.762597 108.929
-0.730555 108.911
-0.666423 108.863
-0.634378 108.839
-0.602293 108.805
-0.570278 108.783
-0.538299 108.766
-0.506223 108.725
-0.474241 108.703
-0.442264 108.679
-0.410302 108.657
-0.378398 108.65
-0.346479 108.636
-0.314588 108.63
-0.282699 108.624
-0.250781 108.605
-0.218835 108.568
-0.186941 108.551
-0.155058 108.534
-0.123206 108.534
-0.0913466 108.528
-0.0594648 108.498
-0.0276142 108.489
0.00423233 108.48
0.0360793 108.458
0.0679162 108.437
0.0997444 108.422
0.131562 108.396
0.163359 108.355
0.195161 108.343
0.226961 108.334
0.258771 108.337
0.290591 108.346
0.322397 108.344
0.354127 108.303
0.385904 108.293
0.417701 108.293
0.44949 108.29
0.481245 108.275
0.513019 108.269
0.544796 108.265
0.57652 108.246
0.608224 108.224
0.639976 108.216
0.671748 108.215
0.703482 108.204
0.73519 108.19
0.766857 108.168
0.798595 108.162
0.83033 108.156
0.86207 108.151
0.8938 108.146
0.92558 108.148
0.957387 108.156
0.989076 108.144
1.02073 108.128
1.05248 108.126
1.08423 108.125
1.11585 108.107
1.14743 108.084
1.17905 108.068
1.21075 108.062
1.24248 108.06
1.27416 108.053
1.30587 108.05
1.33763 108.051
1.36931 108.045
1.40102 108.042
1.43276 108.042
1.46445 108.038
1.49616 108.035
1.52785 108.031
1.55957 108.029
1.59127 108.026
1.62298 108.025
1.65472 108.025
1.68645 108.024
1.71811 108.019
1.74974 108.01
1.78147 108.01
1.81323 108.013
1.84492 108.01
1.87655 108.002
1.90822 107.998
1.93983 107.989
1.97169 107.999
2.00324 107.986
2.03504 107.992
2.06688 108.001
2.09854 107.996
2.13029 107.998
2.16195 107.993
2.19352 107.983
2.22546 107.997
2.2572 107.999
2.28883 107.993
2.32046 107.987
2.35211 107.983
2.38387 107.985
2.41574 107.994
2.44758 108.001
2.4794 108.007
2.5113 108.017
2.54297 108.014
2.5747 108.014
2.60642 108.014
2.63814 108.014
2.66995 108.019
2.70189 108.03
2.7337 108.035
2.7654 108.033
2.79707 108.03
2.82896 108.039
2.86098 108.053
2.89277 108.056
2.92447 108.055
2.95626 108.058
2.98811 108.063
3.01999 108.071
3.05188 108.078
3.08377 108.085
3.11547 108.084
3.14721 108.084
3.17901 108.086
3.21094 108.095
3.2429 108.105
3.27491 108.117
3.30698 108.132
3.33896 108.142
3.37067 108.14
3.40256 108.146
3.43455 108.156
3.46647 108.163
3.49844 108.172
3.53047 108.184
3.56248 108.194
3.59438 108.2
3.62632 108.207
3.65867 108.23
3.69081 108.245
3.72288 108.257
3.75499 108.27
3.78696 108.277
3.819 108.287
3.85089 108.292
3.88291 108.3
3.9148 108.305
3.94654 108.303
3.97824 108.3
4.01043 108.315
4.04352 108.362
4.0763 108.397
4.10831 108.404
4.14015 108.406
4.17204 108.409
4.20439 108.428
4.23654 108.439
4.26887 108.457
4.30111 108.472
4.33306 108.476
4.36545 108.495
4.39772 108.51
4.43053 108.542
4.46277 108.555
4.4957 108.59
4.52777 108.598
4.5603 108.62
4.59285 108.642
4.62498 108.651
4.65778 108.68
4.68993 108.689
4.72208 108.698
4.75447 108.714
4.78663 108.723
4.81914 108.742
4.85235 108.781
4.88502 108.805
4.91721 108.814
4.95031 108.849
4.98261 108.861
5.01517 108.88
5.0479 108.904
5.08064 108.927
5.11407 108.97
5.14688 108.995
5.17955 109.016
5.21159 109.019
5.24443 109.044
5.27783 109.084
5.31016 109.094
5.34293 109.117
5.37582 109.142
5.40872 109.167
5.44225 109.208
5.47512 109.232
5.50811 109.259
5.54238 109.318
5.57489 109.332
5.60775 109.354
5.6408 109.381
5.67527 109.443
5.70906 109.488
5.74239 109.52
5.77545 109.546
5.80839 109.568
5.84153 109.595
6.04449 109.849
6.0771 109.861
6.11105 109.904
6.14522 109.952
6.17934 109.999
6.21348 110.045
6.24759 110.09
6.5265 110.569
6.56021 110.601
6.59421 110.639
