-24.8702 83.9027
-24.8434 83.8995
-10.7776 168.445
-10.7303 168.407
-10.6844 168.395
-10.6367 168.348
-10.5393 168.212
-10.4921 168.174
-10.4451 168.139
-10.2128 168.013
-9.79292 167.738
-9.74598 167.7
-9.70045 167.692
-9.65368 167.656
-9.55893 167.56
-9.51344 167.551
-9.46821 167.549
-9.42313 167.549
-9.37669 167.52
-9.32947 167.473
-9.28213 167.423
-9.23548 167.388
-9.19135 167.409
-9.14629 167.409
-9.09992 167.38
-9.05473 167.378
-9.00929 167.369
-8.96385 167.361
-8.91828 167.349
-8.87221 167.326
-8.82716 167.326
-8.78186 167.321
-8.73518 167.283
-8.68926 167.263
-8.6441 167.26
-8.59795 167.234
-8.5528 167.231
-8.5063 167.196
-8.45981 167.161
-8.41467 167.159
-8.37061 167.183
-8.32582 167.189
-8.28008 167.172
-8.23447 167.157
-8.18956 167.16
-8.14418 167.152
-8.09858 167.138
-8.05321 167.129
-8.00738 167.109
-7.96191 167.097
-7.91655 167.089
-7.8712 167.08
-7.82596 167.075
-7.78128 167.084
-7.73637 167.087
-7.69114 167.082
-7.64612 167.082
-7.6011 167.082
-7.55597 167.08
-7.51106 167.083
-7.46604 167.083
-7.42048 167.069
-7.37546 167.069
-7.33055 167.072
-7.28573 167.079
-7.24227 167.123
-7.19754 167.132
-7.1522 167.124
-7.10604 167.091
-7.06141 167.104
-7.01597 167.092
-6.97004 167.066
-6.92571 167.087
-6.88147 167.111
-6.83613 167.102
-6.79071 167.091
-6.74538 167.082
-6.70034 167.082
-6.6556 167.091
-6.61094 167.104
-6.56637 167.118
-6.52151 167.125
-6.47618 167.116
-6.43132 167.122
-6.38691 167.143
-6.34159 167.135
-6.29635 167.129
-6.25148 167.135
-6.20741 167.168
-6.16332 167.2
-6.1186 167.212
-6.0737 167.219
-6.0288 167.225
-5.98381 167.228
-5.93865 167.225
-5.89365 167.229
-5.8495 167.261
-5.80491 167.279
-5.7599 167.282
-5.71489 167.286
-5.6702 167.301
-5.626 167.333
-5.58145 167.354
-5.53738 167.393
-5.49321 167.428
-5.44925 167.473
-5.40536 167.52
-5.36067 167.538
-5.31598 167.556
-5.27173 167.592
-5.22709 167.613
-5.18155 167.598
-5.13623 167.593
-5.09098 167.59
-5.04654 167.62
-5.00187 167.641
-4.95705 167.656
-4.91208 167.665
-4.86731 167.683
-4.82267 167.707
-4.77789 167.725
-4.73371 167.769
-4.6889 167.787
-4.64516 167.853
-4.6004 167.874
-4.55628 167.924
-4.51188 167.963
-4.46707 167.984
-4.42251 168.017
-4.37731 168.02
-4.33197 168.018
-4.28664 168.015
-4.24229 168.06
-4.19804 168.11
-4.06592 168.301
-4.02117 168.331
-3.97617 168.349
-3.93162 168.391
-3.8866 168.409
-3.84208 168.454
-3.79747 168.496
-3.75264 168.526
-3.7073 168.529
-3.66223 168.547
-3.61852 168.643
-3.57398 168.694
-3.26266 169.118
-2.99509 169.503
-2.95085 169.6
-2.90594 169.651
-2.86093 169.697
