-35.4039 130.871
-34.8364 129.922
-34.7979 129.912
-34.6884 129.739
-34.6491 129.725
-34.6011 129.67
-34.268 129.297
-34.2255 129.268
-34.1876 129.26
-34.1448 129.229
-34.0971 129.174
-33.9618 129.048
-33.9252 129.046
-33.8816 129.011
-33.8393 128.982
-33.7974 128.955
-33.7547 128.924
-33.5829 128.795
-33.5455 128.789
-33.407 128.644
-33.3696 128.638
-33.3326 128.635
-33.2925 128.616
-33.2519 128.594
-33.2193 128.612
-33.0486 128.485
-33.001 128.429
-32.9641 128.425
-32.9275 128.424
-32.8898 128.416
-32.8494 128.395
-32.8132 128.395
-32.7767 128.394
-32.7339 128.361
-32.6833 128.29
-32.6507 128.307
-32.6154 128.311
-32.5781 128.306
-32.5369 128.281
-32.4996 128.275
-32.4627 128.272
-32.4219 128.249
-31.9875 128.064
-31.9522 128.068
-31.921 128.094
-31.8845 128.092
-31.8484 128.092
-31.8081 128.071
-31.7712 128.068
-31.734 128.062
-31.6983 128.065
-31.6621 128.065
-31.6253 128.061
-31.5854 128.042
-31.5531 128.062
-31.5158 128.056
-31.4789 128.053
-31.4402 128.04
-31.4022 128.03
-31.3609 128.003
-31.3255 128.008
-31.2875 127.998
-31.2492 127.987
-31.2124 127.983
-31.1792 127.999
-31.1431 127.999
-31.1025 127.976
-31.0649 127.969
-31.0285 127.967
-30.9935 127.973
-30.9585 127.979
-30.9223 127.98
-30.8855 127.976
-30.8497 127.978
-30.8132 127.977
-30.776 127.971
-30.7388 127.966
-30.7005 127.954
-30.6633 127.949
-30.6272 127.949
-30.5925 127.957
-30.5604 127.979
-30.5239 127.977
-30.4834 127.954
-30.4469 127.952
-30.4162 127.982
-30.3837 128.001
-30.3454 127.99
-30.3089 127.988
-30.2763 128.008
-30.2424 128.02
-30.2066 128.022
-30.1701 128.021
-30.1318 128.009
-30.0967 128.015
-30.0602 128.014
-30.0226 128.006
-29.9846 127.997
-29.9539 128.026
-29.9241 128.061
-29.8926 128.087
-29.8617 128.116
-29.8227 128.101
-29.783 128.082
-29.7472 128.084
-29.7106 128.082
-29.6794 128.11
-29.6446 128.118
-29.6081 128.116
-29.5701 128.107
-29.5361 128.119
-29.5031 128.136
-29.4647 128.125
-29.4275 128.119
-29.3945 128.137
-29.3635 128.167
-29.3308 128.186
-29.2956 128.192
-29.2573 128.181
-29.2187 128.168
-29.1814 128.162
-29.1452 128.162
-29.1093 128.165
-29.0766 128.184
-29.0425 128.196
-29.0187 128.266
-28.9898 128.307
-28.9587 128.337
-28.9273 128.364
-28.8889 128.353
-28.8527 128.353
-28.8171 128.357
-28.7822 128.366
-28.7497 128.387
-28.7189 128.419
-28.6882 128.45
-28.6539 128.462
-28.6217 128.486
-28.5878 128.5
-28.5549 128.519
-28.521 128.533
-28.4908 128.569
-28.4562 128.579
-28.424 128.602
-28.39 128.616
-28.3544 128.62
-28.3218 128.642
-28.2874 128.654
-28.2596 128.703
-28.2259 128.719
-28.1929 128.739
-28.1569 128.741
-28.1212 128.745
-28.0902 128.777
-28.0585 128.805
-28.0241 128.817
-27.9921 128.842
-27.9631 128.886
-27.9294 128.902
-27.8983 128.933
-27.8666 128.961
-27.8325 128.975
-27.8037 129.02
-27.7692 129.032
-27.7345 129.043
-27.7057 129.088
-27.6712 129.1
-27.639 129.126
-27.6039 129.134
-27.5717 129.16
-27.5405 129.192
-27.5133 129.247
-27.4781 129.255
-27.4468 129.287
-27.4159 129.321
-27.385 129.354
-27.3537 129.386
-27.3221 129.416
-27.2901 129.444
-27.2588 129.476
-26.6499 130.241
-26.615 130.253
-26.4165 130.624
-25.4528 130.604
-25.4288 130.689
-25.4063 130.783
-25.3989 130.976
-25.3988 131.218
-25.3753 131.307
