31.071 155.4
31.1005 155.319
31.1095 155.109
31.119 154.902
31.1434 154.79
30.7456 151.269
30.7758 151.198
30.8093 151.148
30.8371 151.062
30.9402 150.673
30.9683 150.591
31.0061 150.568
31.0308 150.466
31.0702 150.453
31.09 150.321
31.1179 150.239
31.1515 150.191
31.1896 150.171
31.2199 150.104
31.2535 150.056
31.2821 149.979
31.3397 149.828
31.3736 149.783
31.4129 149.771
31.4426 149.701
31.4736 149.639
31.5119 149.622
31.5428 149.56
31.5766 149.515
31.61 149.468
31.64 149.401
31.6754 149.367
31.7133 149.347
31.7474 149.305
31.7777 149.24
31.811 149.194
31.8496 149.179
31.8808 149.119
31.9161 149.085
31.9542 149.067
31.9853 149.008
32.0239 148.993
32.0575 148.949
32.091 148.905
32.1262 148.87
32.1635 148.848
32.2003 148.823
32.2384 148.806
32.2723 148.764
32.3053 148.718
32.3451 148.71
32.3764 148.654
32.4093 148.607
32.4431 148.565
32.4778 148.529
32.5132 148.497
32.5533 148.492
32.5913 148.474
32.6289 148.455
32.6651 148.428
32.6959 148.369
32.7295 148.327
32.7666 148.305
32.8028 148.278
32.8373 148.242
32.8829 148.268
32.923 148.263
32.9578 148.229
32.994 148.202
33.0289 148.168
33.0646 148.138
33.1029 148.124
33.142 148.114
33.179 148.092
33.2185 148.084
33.2568 148.069
33.2946 148.052
33.3289 148.016
33.3636 147.981
33.4019 147.967
33.4422 147.964
33.4818 147.957
33.5165 147.922
33.5538 147.903
33.5928 147.893
33.6301 147.873
33.6665 147.849
33.7038 147.829
33.7428 147.82
33.7827 147.815
33.8208 147.8
33.8554 147.766
33.8922 147.744
33.9299 147.727
33.9697 147.722
34.0083 147.709
34.0419 147.67
34.0831 147.673
34.126 147.685
34.165 147.675
34.2035 147.662
34.2455 147.67
34.2831 147.652
34.3189 147.626
34.3507 147.577
34.378 147.505
34.4097 147.456
34.4504 147.456
34.4919 147.46
34.5362 147.48
34.5849 147.523
34.6283 147.537
34.669 147.537
34.7096 147.537
34.7498 147.534
34.7878 147.52
34.8262 147.507
34.8659 147.502
34.907 147.504
34.9486 147.509
34.9911 147.519
35.0326 147.523
35.0733 147.523
35.1089 147.496
35.1473 147.484
35.1874 147.481
35.2281 147.481
35.2682 147.479
35.3075 147.471
35.3486 147.473
35.3887 147.471
35.4275 147.461
35.4686 147.463
35.5106 147.47
35.5507 147.468
35.5895 147.458
35.6315 147.465
35.6739 147.474
35.7122 147.462
35.7528 147.462
35.7962 147.476
35.8373 147.478
35.8774 147.476
35.9213 147.492
35.9623 147.494
36.0034 147.497
36.0449 147.501
36.0841 147.494
36.1252 147.496
36.1653 147.493
36.2054 147.491
36.2464 147.493
36.2884 147.5
36.3304 147.507
36.3714 147.509
36.413 147.514
36.4564 147.528
36.5036 147.562
36.538 147.53
36.5809 147.542
36.6244 147.556
36.6759 147.611
36.7179 147.618
36.7565 147.608
36.7904 147.574
36.8319 147.579
36.8773 147.603
36.9202 147.615
36.9647 147.634
37.0028 147.622
37.0438 147.624
37.0873 147.638
37.1385 147.691
37.1824 147.708
37.2283 147.734
37.2684 147.731
37.3153 147.762
37.3568 147.767
37.3978 147.769
37.4447 147.8
37.4892 147.82
37.5351 147.846
38.1743 148.191
38.2159 148.196
38.2635 148.23
38.3061 148.239
38.3552 148.28
38.4078 148.338
38.449 148.34
38.4906 148.345
38.5317 148.347
38.5799 148.383
38.6296 148.427
38.6843 148.495
38.7285 148.512
38.7757 148.543
