6.97147 124.939
7.00488 124.878
7.03809 124.813
7.09998 124.582
7.13351 124.527
7.16868 124.508
7.20066 124.419
7.23101 124.295
7.26528 124.258
7.29953 124.221
7.36456 124.074
7.39763 124.013
7.43084 123.956
7.46403 123.899
7.49833 123.866
7.53174 123.815
7.56486 123.758
7.59902 123.723
7.6321 123.666
7.66471 123.6
7.69792 123.547
7.7311 123.494
7.76516 123.459
7.79948 123.43
7.83369 123.399
7.86707 123.351
7.90088 123.313
7.93376 123.256
7.96791 123.225
8.00112 123.176
8.03477 123.136
8.06756 123.08
8.1008 123.032
8.13562 123.016
8.16995 122.991
8.20333 122.947
8.23764 122.922
8.27155 122.889
8.30632 122.873
8.34059 122.847
8.37447 122.815
8.40785 122.773
8.44247 122.755
8.4765 122.726
8.50983 122.684
8.54373 122.654
8.57753 122.621
8.6116 122.594
8.64656 122.583
8.68011 122.547
8.71445 122.525
8.74788 122.487
8.7825 122.471
8.81742 122.46
8.85131 122.431
8.8855 122.408
8.91865 122.367
8.95343 122.354
8.98811 122.34
9.02194 122.311
9.05691 122.302
9.09156 122.287
9.12484 122.25
9.15916 122.23
9.1923 122.19
9.22702 122.178
9.26184 122.167
9.29569 122.14
9.33061 122.131
9.36519 122.117
9.39869 122.084
9.43326 122.07
9.46772 122.054
9.5015 122.027
9.53627 122.016
9.57114 122.007
9.60546 121.989
9.6401 121.977
9.67406 121.953
9.70824 121.934
9.74309 121.925
9.77804 121.918
9.81253 121.903
9.84702 121.889
9.88128 121.871
9.91576 121.857
9.95011 121.841
9.98503 121.834
10.0194 121.818
10.0539 121.805
10.0885 121.793
10.1227 121.775
10.1576 121.768
10.1921 121.755
10.2266 121.741
10.2606 121.721
10.2957 121.718
10.3307 121.712
10.3655 121.704
10.4001 121.693
10.4348 121.682
10.4691 121.668
10.5044 121.666
10.5398 121.668
10.575 121.666
10.6094 121.652
10.6442 121.645
10.6787 121.632
10.7122 121.606
10.747 121.599
10.7824 121.599
10.8174 121.595
10.8521 121.586
10.8872 121.583
10.9226 121.585
10.9578 121.583
10.9921 121.569
11.027 121.561
11.0625 121.565
11.098 121.567
11.1333 121.567
11.1681 121.56
11.2025 121.547
11.2369 121.535
11.2712 121.521
11.3062 121.517
11.3411 121.512
11.3755 121.5
11.412 121.516
11.4465 121.505
11.4809 121.493
11.5167 121.5
11.5524 121.505
11.5873 121.5
11.6221 121.493
11.6571 121.489
11.6929 121.496
11.7299 121.518
11.7661 121.53
11.802 121.538
11.8374 121.539
11.8724 121.536
11.9069 121.525
11.9403 121.5
11.9752 121.495
12.0102 121.492
12.0463 121.502
12.0829 121.518
12.1187 121.526
12.1542 121.527
12.1895 121.528
12.2248 121.528
12.2604 121.531
12.2961 121.537
12.3315 121.538
12.3677 121.549
12.4034 121.555
12.4389 121.556
12.4745 121.56
12.5102 121.566
12.5467 121.58
12.5826 121.587
12.6179 121.587
12.653 121.585
12.6881 121.582
12.7234 121.582
12.7591 121.587
12.7956 121.602
12.8312 121.605
12.8671 121.613
12.9042 121.634
12.9399 121.638
12.9755 121.641
13.0111 121.645
13.0473 121.656
13.0857 121.692
13.1213 121.695
13.1568 121.697
13.1924 121.701
13.2287 121.711
13.2669 121.745
13.3027 121.751
13.3387 121.758
13.3745 121.764
13.4103 121.769
13.4471 121.785
13.4841 121.805
13.5204 121.816
13.5564 121.823
13.5933 121.841
13.6307 121.864
13.6669 121.873
13.7043 121.897
13.7416 121.918
13.7778 121.927
13.8153 121.951
13.8516 121.961
13.8892 121.987
13.9258 121.999
13.9629 122.019
13.9995 122.032
14.0358 122.043
14.0719 122.05
14.1098 122.077
14.1476 122.104
14.185 122.125
14.2214 122.136
14.2592 122.161
14.2974 122.192
14.3348 122.214
14.3713 122.225
14.4092 122.252
14.447 122.277
14.4846 122.3
14.5208 122.308
14.5591 122.338
14.5979 122.375
14.6361 122.403
14.675 122.44
14.7117 122.452
14.7497 122.479
14.7882 122.51
14.8262 122.537
14.8664 122.586
14.9028 122.595
14.9432 122.646
14.9799 122.659
15.0201 122.708
15.0588 122.74
15.1357 122.8
15.1741 122.829
15.2127 122.86
15.2515 122.893
15.2922 122.946
15.4514 123.117
15.4883 123.13
15.5285 123.175
15.5672 123.206
15.6059 123.238
16.2399 124.203
16.2847 124.29
16.3274 124.357
