-24.8724 83.9128
-24.8437 83.9005
13.8115 147.812
13.8503 147.785
13.8903 147.775
13.9287 147.744
14.1753 147.244
14.2135 147.213
14.2532 147.201
14.2927 147.186
14.4545 146.663
14.4918 146.623
14.5294 146.587
14.7405 146.193
15.1349 145.595
15.1746 145.587
15.5821 145.178
15.6214 145.169
15.6589 145.138
15.6958 145.1
15.7304 145.037
15.7695 145.025
15.8083 145.011
15.8439 144.959
15.8832 144.95
15.92 144.912
15.9565 144.872
15.9935 144.837
16.0325 144.825
16.069 144.785
16.1061 144.752
16.1439 144.726
16.1833 144.719
16.2231 144.716
16.2606 144.688
16.2972 144.651
16.3339 144.613
16.373 144.604
16.4105 144.575
16.4475 144.543
16.4864 144.531
16.5257 144.524
16.5627 144.491
16.5992 144.453
16.6364 144.423
16.6759 144.418
16.7135 144.392
16.7526 144.383
16.7918 144.376
16.8309 144.366
16.8695 144.352
16.9088 144.345
16.9472 144.328
16.9841 144.296
17.0218 144.272
17.0599 144.254
17.0976 144.23
17.1355 144.209
17.1737 144.19
17.2129 144.183
17.2512 144.167
17.2906 144.162
17.3294 144.15
17.3666 144.122
17.4056 144.113
17.4448 144.105
17.4844 144.103
17.5236 144.096
17.5628 144.089
17.6013 144.075
17.6411 144.074
17.6803 144.067
17.7174 144.039
17.7547 144.014
17.7937 144.004
17.8323 143.992
17.8722 143.992
17.9122 143.994
17.9504 143.978
17.9891 143.966
18.0278 143.954
18.0639 143.917
18.1035 143.915
18.1447 143.928
18.1852 143.935
18.2234 143.919
18.2627 143.914
18.3046 143.934
18.3454 143.944
18.3922 144.013
18.4387 144.078
18.4814 144.105
18.507 143.966
18.543 143.929
18.5785 143.887
18.6178 143.882
18.6571 143.877
18.6969 143.877
18.7369 143.879
18.7765 143.877
18.8158 143.872
18.8549 143.865
18.8947 143.864
18.9342 143.862
18.9742 143.864
19.0138 143.862
19.0528 143.854
19.0921 143.85
19.1324 143.854
19.1724 143.856
19.2122 143.856
19.2525 143.86
19.2935 143.872
19.3342 143.881
19.375 143.89
19.415 143.892
19.4543 143.887
19.4916 143.864
19.5301 143.852
19.5702 143.854
19.6122 143.875
19.6535 143.888
19.6948 143.902
19.7356 143.911
19.7754 143.911
19.8149 143.908
19.8544 143.906
19.8947 143.91
19.9381 143.942
19.9786 143.949
20.0194 143.958
20.0605 143.97
20.1008 143.974
20.1421 143.988
20.184 144.006
20.2241 144.008
20.2641 144.01
20.3047 144.017
20.3453 144.024
20.3848 144.021
20.4254 144.028
20.4696 144.067
20.51 144.071
20.5532 144.101
20.5967 144.134
20.6376 144.143
20.6777 144.145
20.7201 144.168
20.761 144.177
20.803 144.195
20.8471 144.232
20.8877 144.239
20.9283 144.246
20.97 144.262
21.0128 144.287
21.0559 144.315
21.0969 144.324
21.1383 144.337
21.1809 144.36
21.2235 144.383
21.265 144.397
21.3062 144.409
21.3523 144.462
21.3952 144.487
21.4378 144.51
21.4802 144.531
21.5212 144.54
21.5649 144.572
21.6062 144.584
21.6472 144.593
21.6941 144.651
21.7362 144.669
21.7803 144.704
21.8236 144.732
21.8671 144.762
21.9116 144.799
21.9557 144.834
22.0002 144.871
22.0424 144.89
22.0894 144.948
22.1311 144.962
22.175 144.994
22.219 145.027
22.2633 145.062
22.3084 145.104
22.3538 145.148
22.3987 145.187
22.4462 145.248
22.4943 145.314
22.5367 145.332
22.5808 145.365
22.6249 145.398
22.6711 145.447
22.7207 145.524
22.7684 145.585
22.8129 145.62
22.8557 145.641
22.9055 145.719
22.9577 145.815
23.0035 145.86
23.0528 145.933
23.148 146.051
