-29.2409 132.429
-29.1983 132.395
-29.1515 132.337
-29.102 132.263
-29.0546 132.202
-29.0041 132.122
-28.9612 132.086
-28.9211 132.067
-28.8756 132.015
-28.829 131.957
-28.6863 131.767
-28.6474 131.753
-28.6067 131.73
-28.5647 131.698
-28.4797 131.629
-28.4337 131.573
-28.3914 131.54
-28.3458 131.487
-28.3076 131.477
-28.2653 131.443
-28.2191 131.386
-28.1806 131.374
-28.1357 131.325
-28.0936 131.291
-28.0521 131.262
-28.0113 131.236
-27.9731 131.227
-27.935 131.217
-27.8892 131.162
-27.8472 131.128
-27.8058 131.099
-27.768 131.091
-27.7273 131.066
-27.6892 131.056
-27.6484 131.03
-27.6074 131.003
-27.5657 130.971
-27.5251 130.946
-27.4867 130.934
-27.446 130.909
-27.4051 130.881
-27.3673 130.874
-27.3267 130.848
-27.2861 130.823
-27.2471 130.807
-27.2068 130.784
-27.1688 130.774
-27.1289 130.752
-27.0918 130.748
-27.0538 130.739
-27.0107 130.698
-26.9727 130.688
-26.9347 130.678
-26.8923 130.641
-26.8549 130.635
-26.8176 130.629
-26.7771 130.604
-26.7388 130.592
-26.7021 130.59
-26.6654 130.588
-26.6275 130.579
-26.5851 130.542
-26.5469 130.53
-26.5102 130.528
-26.4729 130.522
-26.4334 130.503
-26.397 130.503
-26.3616 130.509
-26.3236 130.499
-26.2845 130.481
-26.2475 130.478
-26.2111 130.478
-26.1738 130.472
-26.1356 130.46
-26.0964 130.443
-26.0595 130.439
-26.0212 130.427
-25.9837 130.419
-25.9461 130.412
-25.9097 130.412
-25.8733 130.412
-25.8345 130.396
-25.7969 130.388
-25.76 130.384
-25.7236 130.385
-25.6869 130.383
-25.6497 130.377
-25.6121 130.369
-25.5754 130.367
-25.54 130.373
-25.5045 130.379
-25.4672 130.373
-25.4282 130.356
-25.3909 130.35
-25.3548 130.352
-25.3196 130.36
-25.2848 130.369
-25.249 130.373
-25.2123 130.372
-25.1756 130.37
-25.1393 130.37
-25.1029 130.37
-25.0668 130.372
-25.0298 130.368
-24.9923 130.36
-24.9574 130.37
-24.9225 130.38
-24.8852 130.374
-24.8473 130.364
-24.8121 130.372
-24.7772 130.382
-24.7414 130.386
-24.7067 130.398
-24.6765 130.439
-24.6418 130.45
-24.6013 130.423
-24.3003 128.647
-24.264 128.645
-24.4941 130.437
-24.4557 130.423
-24.4199 130.427
-24.3861 130.445
-24.3542 130.476
-24.3201 130.492
-24.2837 130.492
-24.2447 130.474
-24.2074 130.468
-24.1733 130.484
-24.1385 130.496
-24.101 130.488
-24.0645 130.488
-24.0295 130.498
-23.9953 130.514
-23.9606 130.525
-23.925 130.531
-23.8897 130.539
-23.8546 130.549
-23.8182 130.549
-23.7817 130.549
-23.7464 130.557
-23.7108 130.563
-23.6754 130.571
-23.6404 130.581
-23.6056 130.592
-23.5699 130.598
-23.5354 130.612
-23.5012 130.628
-23.4666 130.642
-23.4318 130.653
-23.3998 130.685
-23.3638 130.689
-23.3276 130.691
-23.2927 130.702
-23.2576 130.712
-23.2241 130.734
-23.1901 130.752
-23.1552 130.763
-23.1201 130.773
-23.0857 130.789
-23.0522 130.811
-23.0184 130.83
-22.9837 130.844
-22.9477 130.848
-22.9145 130.872
-22.882 130.901
-22.8462 130.907
-22.8105 130.913
-22.7758 130.927
-22.7449 130.968
-22.7102 130.982
-22.676 131
-22.6416 131.016
-22.6088 131.043
-22.5738 131.055
-22.5409 131.083
-22.5059 131.094
-22.4711 131.108
-22.4356 131.116
-22.4022 131.14
-22.3698 131.171
-22.3371 131.201
-22.3039 131.227
-22.2686 131.237
-22.2356 131.264
-22.2024 131.29
-22.1692 131.316
-22.1341 131.328
-22.1013 131.357
-22.0694 131.393
-22.0369 131.425
-22.0033 131.448
-21.9687 131.464
-21.9369 131.502
-21.9015 131.512
-21.869 131.544
-21.8366 131.577
-21.8041 131.609
-21.7717 131.643
-21.7396 131.679
-21.7062 131.704
-21.6707 131.714
-21.6406 131.766
-21.6077 131.796
-21.5725 131.808
-21.5421 131.857
-21.5071 131.871
-21.3144 132.093
-21.2846 132.149
-21.2493 132.161
-21.2197 132.219
-21.1869 132.251
-21.1545 132.287
-21.1252 132.347
-21.093 132.385
-21.0627 132.437
-21.0302 132.473
-20.9973 132.505
-20.9643 132.537
-20.9349 132.597
-20.9026 132.635
-20.8699 132.669
-20.8401 132.728
-20.8146 132.82
-20.7818 132.854
-20.7462 132.867
-20.7161 132.923
-20.6835 132.959
-20.4529 133.503
-20.4172 133.516
-20.217 136.551
-20.1823 136.578
-20.1452 136.584
