-11.6636 156.716
-11.6197 156.705
-10.8842 155.943
-10.7935 155.864
-10.7499 155.854
-10.705 155.822
-10.6596 155.78
-10.6158 155.768
-10.5704 155.725
-10.5254 155.689
-10.4804 155.655
-10.435 155.61
-10.3899 155.573
-10.3462 155.56
-10.3011 155.521
-10.2572 155.506
-10.2117 155.458
-10.1683 155.451
-10.1246 155.438
-10.0811 155.428
-10.0365 155.399
-9.99275 155.384
-9.94799 155.35
-9.90475 155.345
-9.86028 155.316
-9.81597 155.29
-9.77234 155.277
-9.72858 155.262
-9.6839 155.228
-9.63962 155.202
-9.59616 155.191
-9.55098 155.147
-9.5053 155.092
-9.46278 155.1
-9.42051 155.114
-9.37603 155.083
-9.33209 155.062
-9.28879 155.054
-9.24576 155.052
-9.20196 155.034
-9.15893 155.032
-9.11539 155.019
-9.07123 154.993
-9.02722 154.97
-8.9837 154.957
-8.94069 154.954
-8.89767 154.952
-8.85441 154.945
-8.81006 154.913
-8.76464 154.859
-8.72129 154.848
-8.6777 154.833
-8.63495 154.836
-8.59231 154.842
-8.54932 154.839
-8.50633 154.837
-8.46346 154.837
-8.42047 154.835
-8.37782 154.841
-8.33518 154.846
-8.29161 154.831
-8.24772 154.808
-8.20485 154.808
-8.16186 154.806
-8.11899 154.806
-8.07612 154.806
-8.0327 154.794
-7.98895 154.773
-7.9451 154.75
-7.90191 154.742
-7.85862 154.732
-7.81533 154.722
-7.77269 154.727
-7.73015 154.736
-7.68665 154.72
-7.64306 154.702
-7.59979 154.692
-7.55392 154.616
-7.51171 154.632
-7.46959 154.651
-7.42756 154.672
-7.38329 154.636
-7.34216 154.681
-7.2978 154.642
-7.25645 154.681
-7.21499 154.718
-7.1739 154.766
-7.13142 154.777
-7.08932 154.798
-7.04741 154.825
-7.00558 154.854
-6.96288 154.86
-6.91998 154.86
-6.87709 154.86
-6.83457 154.871
-6.7926 154.898
-6.74997 154.906
-6.70679 154.899
-6.66397 154.902
-6.62161 154.918
-6.57933 154.936
-6.5365 154.939
-6.49358 154.94
-6.4512 154.956
-6.40854 154.964
-6.36614 154.98
-6.32408 155.007
-6.28175 155.026
-6.23933 155.042
-6.19698 155.06
-6.15395 155.058
-6.10999 155.027
-6.06663 155.014
-6.02452 155.041
-5.9833 155.096
-5.94149 155.134
-5.89967 155.171
-5.85677 155.174
-5.81403 155.182
-5.77153 155.198
-5.73021 155.254
-5.68769 155.27
-5.64461 155.268
-5.60052 155.231
-5.55722 155.221
-5.5153 155.258
-5.47457 155.338
-5.4329 155.386
-5.3901 155.394
-5.34714 155.397
-5.30499 155.429
-5.26297 155.466
-5.22006 155.472
-5.17723 155.48
-5.13596 155.546
-5.09338 155.565
-5.05143 155.608
-5.00925 155.643
-4.96692 155.672
-4.92389 155.675
-4.88119 155.691
-4.8393 155.739
-4.79719 155.78
-4.75512 155.822
-4.54298 155.973
-4.50006 155.984
-4.45788 156.027
-4.41575 156.072
-4.3728 156.083
-4.33057 156.126
-4.28897 156.198
-4.24605 156.212
-4.20358 156.247
-4.1611 156.282
-4.0347 156.44
-3.99276 156.505
-3.94968 156.516
-3.90797 156.594
-3.86493 156.607
-3.8222 156.637
-3.78025 156.707
